9431.089484  
9397.732607  
9364.026335  
9362.200975  
9358.174257  
9307.381886  
9311.055913  
9311.332318  
9365.051437  
9397.797178  
9371.840806  
9395.306244  
9421.251514  
9386.722556  
9406.942139  
9395.727694  
9396.686567  
9380.577604  
9400.056859  
9406.190941  
9422.908348  
9417.021619  
9379.046371  
9350.912065  
9358.985043  
9362.288281  
9343.612211  
9340.817907  
9358.495408  
9318.890427  
9337.451424  
9364.967796  
9376.614692  
9377.291596  
9373.795398  
9354.840889  
9358.919757  
9392.79952  
9399.574671  
9385.646677  
9363.263109  
9380.533162  
9389.19066  
9371.872153  
9379.336656  
9365.876419  
9353.822768  
9359.218116  
9357.242667  
9388.481158  
9360.382464  
9349.698726  
9381.540898  
9389.840342  
9365.511345  
9317.621142  
9313.494714  
9334.920415  
9391.729828  
9418.692718  
9411.016493  
9407.503207  
9400.130794  
9357.874348  
9345.829191  
9381.442074  
9385.073547  
9385.977606  
9365.218042  
9369.952895  
9354.223994  
9366.064176  
9369.043856  
9352.715285  
9352.713846  
9346.588868  
9371.783743  
9391.90624  
9391.970821  
9403.389561  
9375.787896  
9359.668897  
9370.854705  
9367.109795  
9379.677487  
9381.320796  
9348.047019  
9385.581459  
9389.429693  
9395.831143  
9375.02061  
9367.885449  
9396.191747  
9402.196104  
9408.999776  
9379.69406  
9334.084766  
9315.661517  
9296.566125  
9368.865365  
9390.165664  
9399.40475  
9398.176005  
9357.708368  
9351.994301  
9383.594893  
9429.950324  
9437.816757  
9439.991857  
9403.421179  
9361.495961  
9374.516686  
9391.164056  
9390.214741  
9375.342633  
9367.447566  
9312.452121  
9315.76924  
9324.880425  
9338.974499  
9373.355548  
9364.119821  
9368.311287  
9402.993839  
9385.098381  
9352.228368  
9314.570968  
9327.600735  
9334.286974  
9332.758605  
9322.741159  
9361.994421  
9360.732514  
9353.177147  
9350.187248  
9340.772259  
9334.008018  
9370.416406  
9354.369335  
9351.77699  
9346.412572  
9366.154474  
9382.06447  
9393.399311  
9404.874373  
9436.545521  
9426.558341  
9391.63306  
9394.688954  
9394.118207  
9398.512717  
9376.81015  
9350.699556  
9367.43045  
9368.871508  
9392.85495  
9359.719302  
9338.256446  
9321.211778  
9340.785204  
9379.425609  
9395.525417  
9374.542289  
9395.323514  
9377.356039  
9324.724277  
9332.413352  
9368.486613  
9379.689481  
9399.137896  
9423.543113  
9421.760965  
9408.257857  
9392.363332  
9403.369772  
9410.516417  
9424.068775  
9394.923923  
9360.25239  
9339.929506  
9338.145791  
9344.979409  
9341.287263  
9350.325124  
9382.144343  
9374.892726  
9338.8003  
9357.496781  
9421.239279  
9369.210322  
9331.447549  
9380.053625  
9370.530411  
9340.798978  
9376.014659  
9430.026789  
9406.536395  
9392.541024  
9406.5787  
9414.934803  
9419.591495  
9397.940427  
9418.870975  
9411.085044  
9358.257105  
9336.49179  
9380.967226  
9394.870299  
9382.514633  
9395.078701  
9376.37098  
9377.681205  
9363.837557  
9407.478601  
9408.429881  
9372.22106  
9344.745247  
9341.9966  
9337.479236  
9300.687216  
9320.475607  
9319.579352  
9369.994663  
9394.593724  
9392.113864  
9335.778172  
9316.997243  
9323.326477  
9352.278343  
9380.608891  
9380.430937  
9385.577917  
9375.956398  
9376.984044  
9381.704678  
9387.567702  
9402.661959  
9380.351323  
9372.216317  
9370.395263  
9356.170865  
9352.631732  
9363.787609  
9389.570716  
9378.677773  
9401.55497  
9404.033698  
9411.693238  
9377.140616  
9369.871021  
9384.143489  
9419.509386  
9418.597041  
9385.91262  
9334.863028  
9326.104432  
9327.784093  
9328.465911  
9348.125073  
9348.347021  
9364.403714  
9354.557467  
9361.123335  
9370.993113  
9363.761734  
9332.170368  
9338.92889  
9365.599188  
9388.495613  
9429.963497  
9372.614653  
9346.688121  
9352.875086  
9370.548285  
9374.925543  
9403.656899  
9411.332837  
9407.424277  
9377.620446  
9368.370019  
9371.607709  
9353.235334  
9348.326165  
9358.638356  
9369.047691  
9333.30255  
9313.832534  
9345.540692  
9373.456552  
9374.377961  
9392.980861  
9414.437455  
9403.524457  
9426.920706  
9417.451515  
9401.148559  
9385.163974  
9388.202708  
9361.987392  
9373.896764  
9384.941694  
9371.442026  
9352.200043  
9362.997652  
9378.147916  
9408.437751  
9389.595063  
9393.395538  
9379.878313  
9358.977349  
9338.940304  
9357.096933  
9349.236997  
9362.49317  
9377.884511  
9360.306618  
9360.02679  
9352.02934  
9351.990933  
9296.843126  
9352.087355  
9398.409433  
9387.90355  
9362.764231  
9393.985583  
9396.276651  
9389.187847  
9354.461557  
9363.481713  
9388.966559  
9413.111235  
9393.505309  
9418.263207  
9404.033709  
9388.366899  
9372.45017  
9399.924318  
9399.274099  
9371.319289  
9369.87171  
9399.171476  
9371.690041  
9438.50826  
9408.140002  
9391.067495  
9371.156793  
9385.580034  
9407.046395  
9405.730445  
9373.04853  
9344.850554  
9342.199705  
9362.913224  
9374.292331  
9371.226055  
9361.048903  
9363.859495  
9373.654465  
9371.691976  
9366.661918  
9331.315771  
9323.228213  
9372.728837  
9388.839468  
9365.260116  
9384.725157  
9395.262367  
9397.334573  
9340.545894  
9307.786464  
9343.269814  
9374.221279  
9371.110298  
9330.014248  
9344.568786  
9364.249696  
9355.58991  
9376.051041  
9405.778477  
9400.338519  
9415.13586  
9406.114082  
9383.968071  
9391.302006  
9377.49889  
9320.299763  
9305.560396  
9360.739977  
9379.190192  
9387.857214  
9370.235155  
9365.950827  
9383.129385  
9394.716919  
9388.387327  
9357.029643  
9394.110297  
9383.768872  
9376.13649  
9377.905458  
9365.675597  
9337.001564  
9378.933961  
9363.074035  
9409.082391  
9397.674881  
9377.314935  
9376.109839  
9378.173408  
9372.344736  
9403.545592  
9423.415578  
9378.462706  
9332.299296  
9337.650534  
9336.746729  
9362.673614  
9377.266683  
9397.935723  
9407.072101  
9387.716472  
9364.504123  
9381.576509  
9351.334064  
9332.497654  
9368.469547  
9380.139073  
9386.24232  
9389.079862  
9374.499955  
9374.987291  
9368.598646  
9368.526849  
9375.928351  
9355.344439  
9375.633099  
9373.144428  
9364.823921  
9352.081247  
9345.7308  
9341.929403  
9334.245022  
9365.601368  
9382.295846  
9373.928844  
9353.932934  
9363.128963  
9369.701428  
9363.12735  
9348.035744  
9356.581783  
9376.504147  
9397.977174  
9395.822563  
9403.709924  
9383.353222  
9402.044939  
9411.509768  
9428.756952  
9421.899323  
9401.993226  
9392.470241  
9389.74247  
9369.391961  
9352.236733  
9346.76239  
9339.803955  
9345.311474  
9367.113067  
9391.88266  
9413.71261  
9397.012973  
9371.720027  
9377.925208  
9374.226329  
9396.852056  
9400.503653  
9394.681708  
9419.407481  
9408.430904  
9394.062305  
9381.223709  
9369.686064  
9358.542218  
9311.882258  
9317.169585  
9339.791689  
9368.949642  
9361.151229  
9379.202776  
9412.068406  
9427.890836  
9378.294601  
9313.276511  
9311.787067  
9333.979052  
9346.997924  
9386.470065  
9360.251629  
9339.624386  
9343.679153  
9384.957386  
9426.682049  
9397.684541  
9369.505253  
9368.989382  
9366.778616  
9377.872989  
9386.716496  
9383.798152  
9383.548751  
9357.6654  
9340.707941  
9355.129708  
9361.807619  
9357.628035  
9368.470213  
9396.812017  
9407.428612  
9425.043203  
9360.743664  
9367.625186  
9353.778014  
9372.69899  
9396.879484  
9398.61452  
9386.302727  
9344.022046  
9332.6619  
9337.684131  
9396.450843  
9399.689199  
9375.630294  
9364.364486  
9381.061639  
9360.294296  
9364.092921  
9373.267192  
9381.777279  
9384.106219  
9362.193689  
9409.911669  
9403.858569  
9391.929837  
9370.530517  
9376.517664  
9380.139206  
9373.975162  
9403.216981  
9415.625476  
9412.874832  
9411.507362  
9472.514252  
9462.810268  
9425.856001  
9377.507274  
9313.054391  
9288.959722  
9297.160328  
9304.939637  
9353.098573  
9363.68647  
9349.694298  
9335.546485  
9322.130939  
9312.707222  
9322.581823  
9345.31215  
9385.129112  
9353.783732  
9373.187367  
9379.569074  
9378.553129  
9388.935417  
9399.171837  
9389.690986  
9377.176293  
9378.938629  
9362.969686  
9363.839346  
9369.931998  
9362.133758  
9345.271511  
9313.80225  
9350.016391  
9364.966526  
9399.634339  
9387.818225  
9369.776623  
9360.15592  
9397.953959  
9383.82731  
9361.566046  
9402.569463  
9407.505703  
9397.033749  
9371.221102  
9380.0061  
9392.837771  
9419.650709  
9427.390564  
9427.713793  
9378.09728  
9304.86371  
9299.666311  
9334.374403  
9334.951147  
9383.640032  
9394.209066  
9403.921531  
9402.00776  
9392.82184  
9418.778932  
9405.852739  
9405.482576  
9383.005018  
9412.962255  
9431.258138  
9421.521642  
9409.656895  
9365.57158  
9381.34081  
9348.693882  
9352.207495  
9340.086491  
9355.98421  
9380.106351  
9403.843096  
9385.879359  
9392.429271  
9358.49532  
9375.325761  
9353.202348  
9352.951035  
9376.124546  
9337.561222  
9281.402481  
9300.050563  
9329.391536  
9323.900312  
9313.215085  
9308.9564  
9293.89769  
9348.210776  
9366.003881  
9347.441948  
9362.231996  
9397.735381  
9395.005685  
9361.810712  
9396.218296  
9370.538421  
9433.66106  
9380.49283  
9382.243052  
9402.572813  
9404.135473  
9408.947003  
9380.410736  
9354.235518  
9340.285577  
9374.758414  
9377.366759  
9360.604552  
9397.94921  
9403.619429  
9399.923699  
9383.844815  
9405.926945  
9433.37023  
9395.123245  
9385.186981  
9408.094586  
9429.368001  
9452.499267  
9423.617399  
9393.061628  
9357.623966  
9401.614442  
9436.418354  
9439.120028  
9393.766008  
9365.628833  
9345.648365  
9337.762043  
9339.571866  
9387.355357  
9407.611122  
9419.329545  
9386.329144  
9368.598454  
9360.192124  
9357.204448  
9330.538785  
9299.770004  
9346.180274  
9361.641426  
9355.685264  
9389.812835  
9359.065059  
9348.210526  
9337.626623  
9369.824582  
9367.476851  
9383.115852  
9390.591951  
9391.531222  
9343.239435  
9348.243219  
9355.772088  
9385.782862  
9366.482483  
9370.301806  
9358.457187  
9377.853496  
9387.17511  
9393.413661  
9404.84557  
9426.480667  
9409.142761  
9395.383388  
9409.389996  
9427.821144  
9385.040231  
9350.40878  
9351.112129  
9351.019928  
9335.684585  
9341.052926  
9365.029423  
9351.824386  
9332.320277  
9364.22822  
9349.300093  
9358.806318  
9390.682608  
9380.018042  
9371.403667  
9347.470135  
9367.110121  
9344.034414  
9379.353436  
9399.597009  
9372.818411  
9352.840829  
9356.772184  
9395.189016  
9433.610393  
9433.791229  
9400.516266  
9368.949555  
9328.106116  
9354.548328  
9357.613777  
9341.940466  
9312.922794  
9310.133179  
9332.267484  
9323.901284  
9333.801022  
9353.898602  
9378.514653  
9370.527575  
9375.983507  
9377.299595  
9359.757487  
9368.244606  
9335.281319  
9324.073443  
9337.905741  
9333.771341  
9329.194788  
9338.057837  
9372.94503  
9380.873482  
9399.669077  
9433.583496  
9433.992764  
9439.236444  
9404.477572  
9408.05242  
9375.472003  
9389.675499  
9400.707214  
9401.768514  
9420.802423  
9435.651377  
9431.007199  
9430.01158  
9401.879359  
9372.997281  
9391.22232  
9391.987949  
9377.822453  
9393.097245  
9402.944786  
9378.286844  
9392.419522  
9412.543835  
9419.81157  
9397.973748  
9378.943541  
9365.240498  
9384.07661  
9359.889434  
9372.679716  
9379.87609  
9369.898713  
9373.714917  
9364.088878  
9399.964629  
9394.327516  
9355.023323  
9324.670247  
9334.532818  
9361.725856  
9359.012641  
9369.429045  
9366.899298  
9335.835651  
9342.826214  
9394.645497  
9410.941009  
9403.846879  
9390.888936  
9360.645706  
9353.88866  
9336.680421  
9361.235148  
9386.938912  
9374.032521  
9371.001173  
9394.33102  
9360.018979  
9324.62969  
9382.520886  
9378.588784  
9387.56571  
9369.176198  
9367.251894  
9353.96951  
9359.014097  
9362.0505  
9348.356829  
9365.231444  
9371.014611  
9366.316318  
9368.183364  
9370.073732  
9384.183435  
9401.360566  
9416.476025  
9399.457872  
9349.300823  
9347.648894  
9372.935883  
9394.968622  
9354.476433  
9315.773484  
9323.163553  
9348.133776  
9358.501202  
9372.224234  
9371.134853  
9389.257885  
9370.842967  
9369.091278  
9412.342309  
9410.965871  
9372.592108  
9365.784292  
9307.494336  
9334.779909  
9333.403549  
9361.623854  
9368.986011  
9349.348144  
9370.25196  
9433.296017  
9449.148289  
9433.479667  
9410.166615  
9382.392433  
9393.010764  
9380.01761  
9365.783225  
9366.032511  
9362.831937  
9362.214193  
9370.408253  
9386.001321  
9402.170063  
9382.556059  
9379.772322  
9390.847446  
9380.980984  
9361.134352  
9376.102945  
9364.045119  
9369.70586  
9387.285125  
9406.086954  
9398.050738  
9384.55166  
9411.420906  
9405.491935  
9413.385656  
9394.915568  
9390.860959  
9405.289299  
9406.019579  
9390.385917  
9377.777177  
9353.124173  
9342.056216  
9323.72889  
9349.59516  
9363.742752  
9385.769885  
9392.337402  
9357.655727  
9356.045551  
9368.665654  
9356.9429  
9356.115909  
9379.423762  
9337.591951  
9344.419011  
9394.917  
9414.869477  
9385.190426  
9360.161623  
9374.992164  
9396.377867  
9431.487444  
9412.718271  
9402.672279  
9382.62451  
9368.551651  
9401.383971  
9432.947407  
9422.275326  
9373.526822  
9306.017886  
9278.152021  
9288.945503  
9306.421612  
9299.256538  
9351.705158  
9312.877218  
9275.844845  
9296.867544  
9303.545981  
9315.444142  
9372.170319  
9417.661364  
9364.166278  
9318.52015  
9381.70192  
9432.213222  
9407.864668  
9349.571245  
9326.885745  
9344.921965  
9351.9999  
9413.810131  
9443.703292  
9431.464796  
9392.597002  
9343.951129  
9341.315548  
9333.519236  
9351.956759  
9363.915525  
9369.025682  
9373.560556  
9393.09041  
9470.279291  
9492.287726  
9449.183961  
9395.924955  
9360.504905  
9333.499208  
9303.50385  
9311.186133  
9377.613423  
9400.12184  
9424.112011  
9429.975033  
9404.222212  
9399.659162  
9411.529621  
9402.982116  
9352.241483  
9296.800641  
9424.411979  
9422.897217  
9409.823646  
9373.163226  
9353.966907  
9355.52641  
9322.292504  
9320.265789  
9353.762297  
9375.598668  
9341.426898  
9325.020583  
9328.63632  
9351.909216  
9391.790169  
9369.70127  
9393.309126  
9368.048035  
9372.824189  
9288.939163  
9311.259314  
9363.130973  
9364.425258  
9376.006262  
9374.476392  
9356.076627  
9360.995539  
9365.164693  
9409.640635  
9391.946486  
9377.241472  
9363.283518  
9414.087216  
9416.270599  
9408.752492  
9404.606597  
9401.263226  
9363.785616  
9356.796091  
9379.916033  
9408.967625  
9379.658822  
9412.729789  
9440.051664  
9441.744838  
9418.820816  
9345.531389  
9278.780948  
9315.162615  
9389.951011  
9397.777989  
9406.437532  
9425.68494  
9427.926311  
9419.299531  
9411.429685  
9402.997101  
9404.551065  
9395.361121  
9392.613848  
9381.785292  
9396.858295  
9401.424407  
9438.311087  
9437.540911  
9400.44377  
9350.69374  
9311.614448  
9352.531019  
9362.421439  
9351.298017  
9363.145081  
9353.141099  
9376.036552  
9392.842217  
9361.953578  
9318.356339  
9331.037953  
9348.887962  
9352.068183  
9364.304875  
9404.454056  
9375.412537  
9378.800155  
9356.609121  
9376.805884  
9364.724671  
9337.924025  
9317.062361  
9345.825635  
9372.789595  
9381.771143  
9396.054522  
9399.704322  
9382.15511  
9415.108448  
9392.337349  
9395.035901  
9383.666073  
9327.8667  
9316.269978  
9340.163408  
9375.994211  
9356.849236  
9329.561955  
9321.144688  
9341.750129  
9374.272566  
9385.663122  
9375.795932  
9375.874127  
9340.185219  
9349.096331  
9357.0464  
9389.993578  
9379.935875  
9406.599235  
9385.435604  
9378.233937  
9381.146123  
9349.199315  
9366.024953  
9375.996129  
9397.914697  
9397.285747  
9386.827256  
9376.900151  
9387.415252  
9363.866856  
9363.447673  
9391.46991  
9384.140871  
9392.681815  
9430.872287  
9397.989836  
9352.967829  
9357.905656  
9367.592786  
9367.243205  
9328.06447  
9276.802693  
9293.859242  
9327.814999  
9369.280309  
9390.9488  
9365.655614  
9353.56107  
9352.783423  
9370.110431  
9366.322524  
9421.886362  
9434.689538  
9420.875834  
9396.781943  
9401.991361  
9399.58322  
9374.543232  
9385.735565  
9349.746079  
9349.688964  
9353.159519  
9368.453321  
9371.692796  
9365.135911  
9388.17518  
9380.736936  
9390.993792  
9378.060424  
9389.118039  
9391.33487  
9392.797042  
9376.870832  
9404.255145  
9381.557581  
9411.22791  
9377.882378  
9355.28878  
9341.015951  
9352.123756  
9366.931783  
9404.929414  
9429.681753  
9429.225572  
9386.229386  
9369.185255  
9350.820487  
9323.313858  
9364.396376  
9377.525159  
9375.053243  
9382.896436  
9364.390722  
9390.513036  
9370.705714  
9364.221831  
9354.610521  
9351.048419  
9339.614297  
9373.623611  
9411.66407  
9434.949734  
9432.966537  
9379.321771  
9338.527299  
9371.367419  
9366.173611  
9378.600119  
9382.241499  
9372.456099  
9381.951385  
9379.725512  
9348.757674  
9350.894847  
9377.135523  
9369.468313  
9375.506549  
9383.7022  
9366.69109  
9362.168702  
9336.276512  
9339.917851  
9356.656099  
9366.587303  
9362.375626  
9347.998556  
9367.522418  
9388.986837  
9439.579396  
9405.52645  
9352.210363  
9343.406244  
9368.272503  
9375.103458  
9382.980291  
9406.160304  
9396.196041  
9390.036964  
9376.575799  
9391.139708  
9390.742837  
9381.197429  
9401.986289  
9418.364489  
9422.75914  
9406.891633  
9358.469584  
9304.286345  
9310.454754  
9352.798038  
9368.95656  
9338.564938  
9338.439189  
9359.43182  
9378.991795  
9349.345326  
9359.311486  
9384.239732  
9386.980261  
9366.334341  
9350.383018  
9348.136655  
9350.076949  
9380.769965  
9403.100693  
9399.063329  
9388.48679  
9383.014017  
9401.810248  
9372.598728  
9381.617677  
9380.089871  
9400.410163  
9420.792602  
9418.009767  
9430.181133  
9413.771577  
9385.560928  
9351.39186  
9377.650201  
9393.480081  
9390.167313  
9370.830878  
9350.080996  
9347.276108  
9364.549505  
9354.785034  
9336.011315  
9355.970497  
9377.654687  
9402.343746  
9370.351858  
9379.106789  
9380.11583  
9406.696677  
9392.103886  
9369.798362  
9365.8716  
9359.020362  
9348.435243  
9361.087034  
9359.524024  
9369.023183  
9365.276197  
9363.360757  
9373.370918  
9378.374984  
9371.136623  
9359.787292  
9368.660107  
9376.335103  
9392.946497  
9398.076388  
9403.721181  
9357.981533  
9321.421872  
9357.596701  
9371.437584  
9357.681724  
9402.200435  
9378.443913  
9361.073933  
9371.947594  
9391.408967  
9383.92782  
9390.640841  
9407.866847  
9407.840357  
9418.607  
9396.050375  
9380.478364  
9349.823949  
9278.691087  
9286.277977  
9224.037811  
9291.997158  
9408.238852  
9375.800939  
9292.336978  
9377.650824  
9312.331303  
9317.045846  
9362.07925  
9352.856318  
9367.114223  
9369.797639  
9379.482827  
9401.910963  
9392.104766  
9399.215822  
9396.164698  
9386.500859  
9414.821215  
9408.525075  
9363.785811  
9348.411255  
9379.019491  
9367.579236  
9360.925641  
9369.79582  
9373.885831  
9370.419838  
9328.268256  
9348.654095  
9372.034331  
9345.793612  
9350.32292  
9372.376694  
9357.266764  
9307.191845  
9306.062844  
9323.991464  
9362.918465  
9414.919244  
9395.622145  
9398.096226  
9355.08012  
9364.044869  
9390.565275  
9435.036011  
9423.829882  
9424.717908  
9422.791754  
9409.795079  
9389.158335  
9393.552291  
9374.530382  
9343.726566  
9355.593326  
9328.392437  
9363.481714  
9380.202365  
9363.369639  
9380.674095  
9383.121346  
9381.494183  
9358.136265  
9369.229399  
9383.483665  
9384.782874  
9354.645197  
9388.461395  
9394.753303  
9430.838842  
9420.517188  
9427.840099  
9439.54159  
9434.149878  
9410.437432  
9410.02631  
9422.222775  
9420.485013  
9367.402808  
9386.534542  
9377.77832  
9385.125758  
9390.861697  
9395.334625  
9386.507019  
9337.896821  
9365.61725  
9394.118784  
9441.60698  
9422.201619  
9402.530173  
9419.478207  
9376.630051  
9357.377915  
9321.609644  
9339.07751  
9334.057663  
9341.123435  
9378.705717  
9387.919557  
9377.246095  
9367.800061  
9416.089973  
9399.474428  
9384.595136  
9349.446186  
9339.93572  
9334.764183  
9354.382516  
9381.758611  
9360.955773  
9362.068151  
9342.100843  
9350.285029  
9363.128839  
9376.011121  
9361.113211  
9372.348498  
9389.901494  
9379.122026  
9354.840955  
9370.991291  
9359.858029  
9382.227382  
9393.777606  
9459.9244  
9427.47406  
9419.407277  
9421.837195  
9426.163674  
9376.308423  
9328.975575  
9334.053739  
9356.35763  
9362.731855  
9369.89173  
9371.520334  
9400.904481  
9374.640377  
9380.947899  
9373.984379  
9358.736959  
9354.845609  
9367.652692  
9354.515975  
9350.836535  
9395.333768  
9433.321154  
9415.723222  
9353.774772  
9274.782632  
9307.150131  
9325.801299  
9326.695227  
9315.093345  
9334.584751  
9336.259953  
9354.067024  
9360.799878  
9329.519702  
9345.551945  
9357.531918  
9358.987448  
9414.600159  
9390.705559  
9412.175931  
9396.270098  
9398.701249  
9437.158232  
9415.590068  
9406.437086  
9416.638863  
9390.703223  
9377.298938  
9356.717332  
9360.132521  
9354.155842  
9365.24361  
9398.217462  
9401.01078  
9428.507791  
9406.305714  
9399.862416  
9385.024992  
9369.626366  
9366.340863  
9377.260774  
9376.571983  
9337.90203  
9373.816519  
9315.455997  
9290.520607  
9323.289458  
9330.524003  
9337.59395  
9373.67169  
9402.685944  
9392.856835  
9379.554838  
9342.687689  
9361.858911  
9342.561869  
9342.59283  
9359.423311  
9387.936424  
9385.323781  
9359.040395  
9339.970859  
9342.18111  
9381.678174  
9389.5751  
9418.89477  
9419.011491  
9389.720438  
9401.725329  
9400.442808  
9448.370045  
9458.005132  
9387.480026  
9376.727639  
9380.28296  
9355.78796  
9365.56443  
9338.455415  
9346.365436  
9309.676962  
9347.874467  
9382.24674  
9395.928809  
9353.500547  
9348.423401  
9321.817155  
9328.376486  
9342.354747  
9372.493476  
9405.343188  
9395.402203  
9369.599104  
9357.566889  
9349.996013  
9395.116595  
9420.543852  
9408.074521  
9392.597165  
9413.944749  
9409.900375  
9415.432368  
9378.703244  
9359.171767  
9349.615836  
9369.347255  
9355.771059  
9358.885054  
9360.011859  
9360.739727  
9379.911468  
9371.111856  
9359.694837  
9374.982586  
9380.561788  
9402.580013  
9384.114705  
9384.089783  
9386.215475  
9360.184771  
9364.42455  
9384.04315  
9371.552485  
9370.418819  
9393.225717  
9399.29203  
9381.735705  
9346.233315  
9317.198196  
9311.456341  
9345.757862  
9383.093985  
9392.265715  
9359.135292  
9349.585466  
9344.363088  
9370.303745  
9397.131292  
9420.938647  
9416.913438  
9396.9308  
9352.553289  
9337.647269  
9366.415582  
9361.776885  
9365.709966  
9329.360381  
9335.437527  
9321.768793  
9348.378747  
9377.634277  
9368.62883  
9366.484672  
9397.489571  
9399.690665  
9374.157626  
9387.276166  
9380.679565  
9394.519262  
9390.110748  
9353.577887  
9351.831738  
9375.252114  
9374.373083  
9353.46814  
9343.071074  
9346.954434  
9348.494632  
9380.894321  
9385.613332  
9400.366374  
9379.735359  
9387.686478  
9391.899067  
9379.537238  
9370.258046  
9348.822242  
9345.2605  
9351.628747  
9408.187075  
9402.964644  
9355.82422  
9349.838279  
9361.409965  
9386.669773  
9403.683992  
9391.122271  
9377.112211  
9399.588743  
9424.664573  
9414.516934  
9375.618319  
9359.503171  
9369.440745  
9392.492114  
9407.699495  
9351.113115  
9329.885137  
9363.161111  
9371.980242  
9349.613933  
9354.052837  
9358.900191  
