10054.10735  
9891.229788  
9922.183757  
9942.826882  
9910.459072  
9903.105539  
9806.318845  
9912.925356  
9906.240165  
9926.748781  
9926.134657  
9909.163886  
9936.7509  
9896.405514  
9899.494854  
9896.438989  
9918.565196  
9902.115457  
9966.279948  
9951.898779  
9942.043396  
9926.844376  
9958.72307  
9900.168222  
9871.24564  
9935.602079  
9901.702611  
9910.316895  
9902.820978  
9931.892926  
9862.057179  
9875.023325  
9916.266245  
9984.422948  
9766.481543  
9903.073578  
9879.406401  
9947.746105  
9930.922438  
9932.532848  
9919.515985  
9911.437189  
9942.516937  
9978.838255  
9950.492876  
9944.321325  
9909.768883  
9894.965863  
9910.420849  
9924.668194  
9934.943959  
9951.943038  
9892.823733  
9955.512726  
9849.813745  
9941.160815  
9893.661892  
9943.741111  
9922.665111  
9930.185348  
9969.299065  
9966.803095  
9942.91463  
9930.274079  
9923.768845  
9907.461527  
9947.533899  
9907.496303  
9927.109596  
9848.796924  
9874.816712  
9914.267103  
9961.251218  
9933.431886  
9916.174325  
9963.92276  
9888.92528  
9944.115066  
9928.430066  
9908.644154  
9921.717199  
9887.708253  
9870.901111  
9910.410756  
9890.949012  
9915.665774  
9958.971362  
9908.926496  
9942.034256  
9895.264292  
9922.460978  
9936.280523  
9946.87188  
9905.569461  
9917.987466  
9956.416501  
9918.208092  
9896.746136  
9900.933175  
9960.404204  
9931.840621  
9963.6257  
9915.429392  
9946.657373  
9904.955351  
9927.160531  
9935.969214  
9962.767583  
9939.046683  
9930.159978  
9942.054384  
9920.957682  
9920.268571  
9905.545685  
9906.863157  
9925.596138  
9898.339892  
9914.381159  
9862.646524  
9836.738177  
9890.407316  
9889.367008  
9907.772598  
9925.089494  
9931.967689  
9929.840574  
9946.756902  
9911.909001  
9880.340807  
9859.21964  
9823.158992  
9877.829871  
9897.379795  
9901.425671  
9848.699298  
9905.307457  
9884.534933  
9869.294507  
9909.191167  
9863.342714  
9869.771181  
9918.443957  
9927.255747  
9955.389543  
9907.323906  
9939.952682  
9921.872884  
9911.47878  
9909.559085  
9940.513206  
9906.912797  
9918.798991  
9879.634531  
9999.120381  
9957.38729  
9910.476798  
9927.28385  
9836.457312  
9834.398953  
9878.464345  
9898.190125  
9895.746129  
9939.901968  
9875.696262  
9891.397763  
9897.883507  
9891.328487  
9905.748349  
9919.873114  
9984.465738  
9977.724781  
9994.025965  
9959.835525  
9930.344216  
9909.198747  
9922.198875  
9961.341409  
9881.459156  
9945.573127  
9918.041924  
9911.427203  
9887.561731  
9912.705274  
9892.902797  
9931.746444  
9942.31826  
9920.581332  
9911.141072  
9934.596744  
9956.537613  
9921.030939  
9980.420672  
9924.329811  
9916.630657  
9924.267366  
9936.449617  
9932.185516  
9922.598191  
9931.709644  
9945.507282  
9970.696011  
9946.376812  
9911.757027  
9968.948076  
9908.85423  
9914.353335  
9896.525675  
9894.679086  
9906.507434  
9939.343813  
9929.328967  
9940.003317  
9899.629508  
9933.593762  
9896.019264  
9966.96907  
9932.240097  
9877.098973  
9876.63178  
9876.455215  
9876.351909  
9908.189162  
9880.112833  
9937.928896  
9901.330398  
9868.585376  
9935.596592  
9910.914493  
9906.40632  
9918.720081  
9929.535242  
9943.66633  
9939.116646  
9900.687731  
9909.800859  
9892.228355  
9885.246051  
9884.319344  
9886.410165  
9901.60605  
9935.551723  
9868.535657  
9953.485244  
9927.000648  
9928.045451  
9936.703882  
9922.839111  
9928.382159  
9926.397387  
9923.975395  
9913.71144  
9926.010598  
9919.014483  
9940.396035  
9910.218626  
9823.614444  
9851.403849  
9884.530839  
9921.414767  
9948.544078  
9935.457002  
9954.306624  
9944.394158  
9942.067591  
9918.127334  
9901.110175  
9922.525163  
9912.237013  
9922.198055  
9955.023348  
9925.054252  
9902.875841  
9915.365721  
9924.556179  
9907.134674  
9916.880217  
9917.060344  
9890.578482  
9929.23804  
9909.536674  
9911.390516  
9924.866928  
9907.938768  
9905.033082  
9859.444556  
9854.638788  
9879.685134  
9883.315995  
9959.772892  
9915.436615  
9921.70607  
9901.895246  
9896.956804  
9943.146986  
9980.797167  
9983.824145  
9951.84432  
9921.149192  
9907.561296  
9964.712975  
9954.403752  
9939.581529  
9920.917676  
9919.228613  
9935.286042  
9945.708089  
9937.711793  
9934.71052  
9918.559904  
9913.213526  
9906.30106  
9906.18112  
9881.934374  
9885.728438  
9886.809597  
9914.371402  
9894.160882  
9874.090267  
9903.841067  
9971.218262  
9834.297589  
9979.947425  
9930.387201  
9972.948816  
9968.826155  
9933.53954  
9922.226925  
9909.371644  
9906.594361  
9925.998876  
9888.03892  
9915.842359  
9906.804924  
9877.534394  
9943.489815  
9886.902525  
9902.848358  
9931.403083  
9886.320195  
9964.325321  
9909.639566  
9969.778944  
9868.45437  
9890.028506  
9911.408091  
9921.383641  
9939.629668  
9930.746187  
9892.152151  
9926.273304  
9966.027544  
9921.471686  
9886.160093  
9899.008856  
9897.04425  
9938.206459  
9946.823716  
9931.507366  
9930.904691  
9890.954182  
9925.829733  
9883.531162  
9912.620524  
9904.857865  
9895.823831  
9910.165941  
9951.041961  
9917.305743  
9936.51399  
9931.408303  
9877.064343  
9926.24411  
9915.288176  
9896.979807  
9883.649206  
9905.724705  
9885.835199  
9970.588933  
9925.989293  
9899.44419  
9902.097204  
9924.532759  
9901.142782  
9950.207863  
9914.307053  
9893.407335  
9937.231919  
9904.083054  
9922.59331  
9942.452346  
9914.997686  
9910.905091  
9894.005505  
9929.989711  
9936.371233  
9894.783248  
9926.88559  
9886.979705  
9913.773704  
9930.041061  
9941.925237  
9939.808413  
9897.995666  
9952.643675  
9903.002111  
9901.430757  
9937.277569  
9913.056633  
9896.939364  
9927.493855  
9943.946596  
9929.433024  
9911.682421  
9889.814811  
9919.380343  
9899.820903  
9889.240994  
9910.066322  
9889.660862  
9940.391191  
9927.544267  
9916.50146  
9943.579848  
9926.888832  
9924.687076  
9914.099254  
9919.319906  
9954.304883  
9904.720118  
9921.419808  
9939.268659  
9929.393025  
9897.425825  
9866.864123  
9883.740937  
9897.024187  
9929.467153  
9947.458509  
9915.13597  
9877.424546  
9931.563  
9884.761154  
9906.107998  
9964.222872  
9907.675957  
9888.743167  
9868.087061  
9936.614282  
9911.146851  
9910.607516  
9924.550786  
9914.123511  
9995.482161  
9912.606033  
9943.302482  
9935.274333  
9899.145072  
9899.642525  
9914.142609  
9890.380308  
9888.961262  
9944.498825  
9933.083845  
9907.334535  
9894.473159  
9909.57026  
9919.093431  
9924.986112  
9916.415047  
9911.374318  
9976.998905  
9942.710439  
9935.430726  
9917.089871  
9913.726423  
9921.190034  
9942.545919  
9951.906399  
9943.566247  
9938.381313  
9908.851541  
9904.734923  
9915.825831  
9897.808198  
9853.301678  
9885.028785  
9890.402328  
9869.803999  
9919.946803  
9932.601358  
9941.992058  
9865.280462  
9905.800301  
9897.752914  
9912.542741  
9878.617332  
9837.383938  
9957.852675  
9957.949955  
9954.970804  
9867.817024  
9906.084526  
9889.630153  
9920.460693  
9903.269118  
9898.361216  
9962.508566  
9904.454337  
9929.473024  
9924.181086  
9939.692006  
9970.285428  
9928.674814  
9922.760745  
9942.400692  
9908.901111  
9889.086219  
9914.443691  
9882.93407  
9949.005432  
9963.807971  
9901.879723  
9920.643853  
9870.638853  
9910.697829  
9930.992791  
9934.548508  
9907.148729  
9905.554668  
9906.916477  
9922.968789  
9892.268975  
9909.75028  
9901.710914  
9901.194309  
9947.051651  
9959.385986  
9916.151343  
9952.951623  
9930.753011  
9920.089748  
9891.857809  
9959.570625  
9946.455501  
9923.429483  
9943.554427  
9931.642455  
9939.993841  
9940.100759  
9946.39793  
9935.197301  
9910.641085  
9940.996959  
9935.37035  
9948.404763  
9961.022479  
9894.816763  
9855.616343  
9866.861813  
9890.375765  
9907.378306  
9905.370001  
9882.899387  
9884.983192  
9918.820694  
9909.279726  
9887.089672  
9984.354704  
9890.044534  
9871.131703  
9857.958528  
9871.391738  
9894.675733  
9918.74818  
9892.561461  
9904.108923  
9890.648841  
9916.14844  
9893.395206  
9902.51428  
9902.799899  
9862.231418  
9908.347974  
9912.617992  
9896.592191  
9932.226362  
9891.869762  
9917.391631  
9921.871055  
9886.596191  
10019.76288  
9914.092918  
9912.641744  
9933.9943  
9915.232591  
9921.664562  
9918.632865  
9932.757515  
9914.414263  
9906.850875  
9899.027398  
9936.053079  
9943.156839  
9916.132123  
9920.924597  
9915.052672  
9893.908875  
9925.397886  
9892.421976  
9882.237103  
9937.190542  
9926.724773  
9920.938283  
9900.061399  
9945.593591  
9915.604071  
9925.479961  
9912.121011  
9964.906721  
10008.11685  
9934.053082  
9921.888491  
9911.601034  
9917.326424  
9932.406194  
9956.079652  
9934.689863  
9933.382926  
9913.608365  
9942.814421  
9887.274751  
9864.380052  
9911.44395  
9890.521074  
9923.015172  
9945.657383  
9949.542527  
9903.035421  
9924.523749  
9914.787897  
9852.168629  
9888.106467  
9883.710984  
9880.218361  
9914.29557  
9946.14531  
9922.403676  
9902.541817  
9929.023767  
9936.311228  
9934.63617  
9937.628189  
9965.123968  
9957.917664  
9953.268971  
9915.507948  
9984.106834  
9932.134945  
9912.285008  
9924.716744  
9887.952785  
9896.31259  
9913.645371  
9886.481072  
9917.460482  
9921.543168  
9938.629013  
9893.222446  
9939.625236  
9961.694372  
9944.363522  
9921.260796  
9908.574958  
9887.039774  
9932.89441  
9905.454848  
9920.948729  
9922.874752  
9923.896428  
9998.955718  
9961.927641  
9912.531512  
9875.385325  
9907.658367  
9883.979071  
9849.110743  
9886.406351  
9918.652787  
9938.068747  
9934.804315  
9857.732878  
9882.707602  
9898.07926  
9894.065541  
9894.642277  
9915.934975  
9897.778555  
9905.314618  
9942.054095  
9944.987523  
9911.192092  
9894.467209  
9898.596474  
9918.140661  
9911.576424  
9938.568548  
9961.623421  
9896.869732  
9896.137812  
9889.037366  
9944.017679  
9893.753937  
9925.223591  
9946.787598  
9924.027713  
9899.852691  
9932.719232  
9963.635954  
9919.523661  
9944.873025  
9931.823968  
9936.092693  
9921.097965  
9909.867532  
9896.170521  
9931.43828  
9908.119914  
9899.023104  
9929.014147  
9945.461269  
9924.427043  
9863.442547  
9957.084395  
9933.471647  
9911.437536  
9890.877352  
9905.172551  
9959.79869  
9917.118943  
9888.627078  
9897.177856  
9878.012688  
9913.964447  
9954.146947  
9960.691851  
9906.89662  
9923.238476  
9898.791891  
9916.677865  
9916.470081  
9906.259662  
9905.566045  
9890.998512  
9912.341535  
10039.01723  
9910.687587  
9887.279453  
9886.874482  
9917.056249  
9912.961105  
9938.043602  
9929.656528  
9950.41434  
9952.512835  
9885.480377  
9958.458435  
9935.438296  
9926.888495  
9880.189396  
9886.462946  
9905.682168  
9890.747233  
9901.976508  
9906.726432  
9921.643121  
9896.067344  
9914.424776  
9965.813895  
9900.852657  
9948.215222  
9932.787423  
9885.406082  
9886.984791  
9922.996136  
9932.039953  
9891.224076  
9917.838117  
9921.73147  
9933.148095  
9959.661094  
9934.229558  
9896.551271  
9907.946826  
9891.695572  
9942.564073  
9930.153482  
9919.925407  
9889.363005  
9887.407615  
9902.992699  
9908.955351  
9913.423261  
9936.678685  
9877.493792  
9930.969025  
9925.78627  
9929.415529  
9956.275783  
9952.716754  
9895.452894  
9877.089828  
9926.133374  
9928.829258  
9902.47694  
9927.874264  
9907.12776  
9949.043931  
9923.155363  
9977.504588  
9940.067565  
9930.540117  
9903.171348  
9895.055184  
9908.49626  
9906.85196  
9912.258486  
9918.162742  
9899.369024  
9870.763252  
9857.378603  
9862.646512  
9845.91058  
9880.665193  
9915.524023  
9902.33737  
9894.814602  
9896.707226  
9972.079959  
9932.845101  
9952.134484  
9946.302501  
9925.496286  
9912.086645  
9945.046531  
9929.057866  
9939.275471  
9915.783778  
9896.825024  
9922.251655  
9957.306479  
9901.617565  
9950.85202  
9944.191495  
9900.274939  
9957.323853  
9898.945421  
9919.133267  
9943.027156  
9936.521543  
9872.104679  
9893.490994  
9906.591653  
9910.423902  
9936.072405  
9918.15621  
9877.587693  
9909.550343  
9957.705494  
9906.912086  
9917.45908  
9980.681561  
9962.731571  
9883.512628  
9902.252636  
9923.610755  
9921.76685  
9942.816537  
9915.748198  
9937.76273  
9935.622006  
9926.020305  
9933.196102  
9895.588422  
9943.922049  
9917.042584  
9873.747591  
9898.292583  
9883.277798  
9862.24336  
9904.116636  
9940.659596  
9919.937167  
9911.29298  
9919.15026  
9958.204055  
9905.529501  
9933.985036  
9917.300246  
9889.089288  
9906.529111  
9912.795709  
9946.006517  
9942.168723  
9927.379938  
9911.672253  
9914.575823  
9922.72884  
9939.237143  
9902.30149  
9891.193778  
9952.951722  
9939.297478  
9915.696847  
9898.611827  
9942.470049  
9856.576758  
9870.014173  
9939.651281  
9892.42957  
9972.779597  
9954.194275  
9899.575273  
9922.427308  
9910.738107  
9888.231568  
9917.340329  
9885.365884  
9947.15104  
9969.566276  
9870.27525  
9910.305847  
9915.90742  
9917.00978  
9878.864408  
9895.341148  
9948.72556  
9916.129144  
9928.818911  
9883.0634  
9864.916412  
9914.823539  
9945.703514  
9935.367013  
9907.733795  
9901.175494  
9931.942317  
9934.988505  
9869.696069  
9954.424359  
9943.093799  
9937.702824  
9953.232631  
9884.657705  
9896.856155  
9933.324677  
9921.747428  
9903.894269  
9884.577966  
9919.537302  
9881.012801  
9950.413351  
9915.643547  
9892.477899  
9914.061748  
9882.266587  
9910.361367  
9959.634062  
9965.465654  
9948.441907  
9944.129683  
9898.763964  
9893.428043  
9894.898118  
9944.616212  
9940.602468  
9919.800587  
9902.540233  
9942.749753  
9971.270399  
9957.682214  
9922.015144  
9932.880888  
9898.467103  
9892.888669  
9906.44687  
9877.133932  
9933.009762  
9958.581405  
9951.521165  
9966.368159  
9913.628777  
9913.574228  
9919.246889  
9876.309241  
9758.32527  
9880.383382  
9947.77644  
9942.495396  
9910.706175  
9913.465581  
9908.352158  
9901.091761  
9882.445055  
9911.482533  
9939.10214  
9948.434792  
9908.158654  
9915.593784  
9853.242907  
9941.506594  
9968.290306  
9941.941959  
9944.337072  
9930.729641  
9934.279987  
9904.942551  
9894.787453  
9878.416561  
9897.365302  
9929.262  
9899.507097  
9884.437535  
9894.294042  
9947.844825  
9912.092994  
9932.063685  
9896.573644  
9931.395406  
9945.078593  
9934.606794  
9950.268519  
9926.547937  
9889.657265  
9921.572443  
9915.01254  
9932.668208  
9930.420187  
9898.71643  
9946.178407  
9970.171021  
9926.609898  
9939.485505  
9886.26787  
9890.842795  
9911.295039  
9892.113009  
9904.913193  
9904.066698  
9924.425925  
9906.56274  
9882.921106  
9912.941557  
9914.716186  
9898.682828  
9906.743772  
9902.477071  
9917.650466  
9926.223615  
9939.375187  
9902.552094  
9951.089237  
9920.247572  
9915.013827  
9859.007713  
9872.180868  
9910.432866  
9922.189178  
9878.451704  
9946.58543  
9889.006789  
9912.53246  
9885.084225  
9918.055168  
9889.830666  
9901.234206  
9913.625701  
9882.447493  
9945.728994  
9934.239227  
9919.361899  
9899.731648  
9895.446873  
9918.948321  
9942.79576  
9916.850747  
9922.924145  
9958.218173  
9919.899573  
9922.84916  
9994.412085  
9958.179232  
9895.027109  
9982.655715  
9857.555926  
9932.429573  
9867.15966  
9876.491398  
9836.056669  
9935.037879  
9913.079481  
9943.710372  
9884.324251  
9906.660349  
9922.990593  
9978.683795  
9939.75094  
9944.18602  
9939.037735  
9922.259438  
9909.465164  
9892.639355  
9894.466201  
9925.660589  
9940.1221  
9931.622001  
9885.564453  
9888.386817  
9933.234624  
9874.071245  
9908.086985  
9946.811044  
9960.928291  
9894.612349  
9967.122854  
9909.308651  
9940.074897  
9940.907571  
9886.78006  
9965.286222  
9960.987847  
9952.533146  
9908.067431  
9912.828704  
9887.803967  
9905.252759  
9873.950102  
9893.191971  
9865.463239  
9884.798335  
9903.001828  
9893.06019  
9945.965193  
9888.438958  
9892.33036  
9900.505372  
9905.430302  
9921.968709  
10003.98422  
9927.570765  
9939.575703  
9937.605079  
9905.126279  
9897.843395  
9934.464668  
9877.633088  
9945.0475  
9898.961998  
9908.425723  
9925.290256  
9952.72789  
9940.040527  
9945.124695  
9904.214092  
9920.052721  
9928.934264  
9941.904626  
9969.258879  
9868.675922  
9900.32426  
9936.751453  
9949.182201  
9946.273077  
9923.576326  
9955.571018  
9907.370537  
9914.092112  
9916.724668  
9941.766016  
9971.667925  
9971.560423  
9883.773462  
9888.638969  
9902.295847  
9883.711028  
9884.656924  
9867.931723  
9922.20379  
9903.305792  
9938.005053  
9902.613398  
9918.587613  
9883.38276  
9923.710538  
9824.406281  
9945.428489  
9955.337486  
9946.199544  
9937.06531  
9839.257434  
9946.245833  
9947.822446  
9963.930592  
9899.121984  
9949.843683  
9907.493313  
9965.992261  
9899.380793  
9874.549382  
9895.128866  
9878.410679  
9941.58297  
9918.256239  
9941.606762  
9910.095977  
9915.388953  
9880.346786  
9892.434989  
9931.984106  
9941.347443  
9901.03079  
9929.921423  
9941.03698  
9919.451269  
9923.604558  
9933.713531  
9942.577458  
9928.963095  
9921.699009  
9920.722257  
9972.814001  
9979.87027  
9928.926899  
9909.4943  
9936.058401  
9900.582324  
9920.944784  
9927.308454  
9938.532292  
9866.43043  
9899.645845  
9898.730001  
9931.223869  
9938.939997  
9925.940525  
9904.142598  
9914.431717  
9896.501599  
9884.248057  
9915.519447  
9886.621521  
9874.879984  
9887.846898  
9906.019693  
9898.719519  
9923.669763  
9912.481062  
9902.838344  
9909.248035  
9913.033098  
9934.468074  
9927.359757  
9944.511779  
9941.271499  
9947.006729  
9867.513674  
9948.426724  
9913.672438  
9900.429465  
9897.078001  
9976.426621  
9960.61493  
9986.798646  
9970.190546  
9962.25597  
9907.180847  
9951.38828  
9918.059282  
9920.467261  
9922.80882  
9887.492979  
9916.331847  
9881.117439  
9911.423726  
9931.675919  
9927.680563  
9945.890128  
9920.676454  
9902.255613  
9881.518947  
9906.746263  
9908.136932  
9913.463998  
9906.924899  
9903.453903  
9867.942345  
9914.764603  
9859.927203  
9892.45185  
9916.924553  
9921.766718  
9917.869911  
9916.109768  
9894.773436  
9902.816521  
9901.636261  
9899.318424  
9915.334105  
9922.838292  
9937.970887  
9886.923509  
9916.434052  
9917.417341  
9922.284616  
9912.420513  
9913.397526  
9925.544941  
9914.529885  
9922.346066  
9935.048572  
9910.012733  
9933.894566  
9919.871962  
9945.589176  
9947.054566  
9927.389961  
9887.640557  
9849.77323  
9817.090844  
9806.960789  
9957.886322  
9920.725291  
9932.857111  
9930.827062  
9938.751557  
9885.809715  
9964.866087  
9918.532937  
9884.443133  
9940.223095  
9848.195812  
9887.690161  
9906.847313  
9909.971837  
9909.762688  
9918.244402  
9936.995698  
9945.469733  
9898.463806  
9966.633514  
9922.594206  
9909.727285  
9891.446705  
9919.700208  
9937.831568  
9905.661116  
9951.246542  
9896.645517  
9896.140908  
9932.893273  
9948.752449  
9941.562623  
9904.998436  
9910.055707  
9890.363505  
9889.585124  
9940.308673  
9794.686963  
9928.587152  
9917.383132  
9945.748607  
9961.815365  
9920.850233  
9911.847067  
9882.493155  
9879.025077  
9898.169032  
9910.903739  
9890.155231  
9921.35774  
9943.407468  
9900.025566  
9913.016521  
9895.508471  
9890.067506  
9925.970282  
9899.057452  
9889.800545  
9911.023571  
9973.880831  
9968.274648  
9950.38799  
9932.061315  
9930.182883  
9920.444537  
9943.036148  
9932.658995  
9971.010085  
9900.406993  
9916.085859  
9885.171463  
9936.760244  
9939.030935  
9931.88851  
9949.561204  
9913.65726  
9961.661315  
9948.668724  
9930.136106  
9934.990933  
9916.9803  
9932.765696  
9953.614973  
9970.043799  
9927.063678  
9921.215324  
9934.07696  
9897.941848  
9886.139014  
9898.799318  
9877.587659  
9907.598094  
9917.669546  
9945.934802  
9893.925201  
9919.445331  
9874.001845  
9796.605789  
9916.046363  
9917.363881  
9918.084775  
9903.032075  
9898.643662  
9950.532165  
9962.86929  
9893.70753  
9860.53407  
9892.411753  
9876.973805  
9908.117032  
9914.928278  
9993.290898  
9979.980889  
9960.875278  
9882.92291  
9895.703467  
9910.736597  
9935.371971  
9885.216523  
9896.782513  
9966.153949  
9933.614331  
9925.055984  
9926.057931  
9952.037281  
9936.00191  
9908.566601  
9931.168834  
10015.36587  
10018.61298  
9976.416858  
9959.15433  
9905.876449  
9884.213118  
9924.12314  
9908.356259  
9932.100787  
9952.989242  
9905.290715  
9913.006755  
9933.239799  
9894.486258  
9896.635134  
9884.109095  
9899.916661  
9895.494719  
9931.695814  
9906.113491  
9953.704932  
9948.164013  
9848.421435  
9892.320982  
9882.533246  
9918.207045  
9885.677488  
9908.085493  
9895.645419  
9915.499978  
9917.086691  
9941.790697  
9911.568517  
9961.722221  
9926.655042  
9950.61029  
9889.816905  
9919.972045  
9893.924245  
9907.286137  
9949.972682  
9946.530388  
9884.164214  
9927.190538  
9906.218869  
9855.861881  
9913.290266  
9907.465957  
9926.048234  
9858.123064  
9914.170831  
9936.455307  
9933.42022  
9932.931812  
9912.748039  
9884.669705  
9923.784507  
9887.880923  
9925.97598  
10005.24514  
9965.258771  
9871.185866  
9900.669555  
9891.637365  
9920.295627  
9926.564715  
9895.856811  
9935.058833  
9982.176351  
9940.039343  
9921.344596  
9896.967882  
9913.933519  
9931.854891  
9917.369684  
9927.424864  
9881.29919  
9942.193286  
9911.637531  
9915.076583  
9923.162301  
9927.200558  
9934.368417  
9937.358668  
9917.849722  
9917.403059  
9928.865929  
9909.398962  
9956.18753  
9953.772471  
9906.976539  
9932.572629  
9897.471941  
9873.580103  
9893.872817  
9934.588662  
9888.184426  
9893.429256  
9898.852804  
9906.683638  
9899.821456  
9918.795224  
9889.187625  
9900.249026  
9900.61747  
9957.806338  
9918.341652  
9920.343173  
9943.509338  
9873.413299  
9916.816745  
9901.863901  
9871.197745  
9921.365232  
9872.260858  
9924.976351  
9911.692849  
9920.42494  
9948.895111  
9931.860405  
9918.531063  
9922.716877  
9940.586601  
9941.074555  
9949.963409  
9933.947931  
9920.069815  
9926.311013  
9933.792974  
9879.974801  
9897.317295  
9923.166393  
9921.688518  
9964.78983  
9933.348652  
9894.708571  
9936.758294  
9877.034496  
9901.130534  
9839.580564  
9906.919496  
9901.157807  
9902.794323  
9898.368267  
9913.021318  
9876.673917  
9917.73796  
9891.100641  
9937.297995  
9916.327243  
9947.809423  
9873.652536  
9927.113771  
9874.479506  
9938.737031  
9917.281548  
9952.572317  
9953.482131  
9944.667763  
9910.861607  
9902.952077  
9891.353724  
9902.171061  
9924.3972  
9934.059634  
9897.782385  
9927.817659  
9914.121087  
9900.413743  
9957.173857  
9911.360451  
9924.359453  
9893.569878  
9915.981321  
9939.700467  
9893.04385  
9927.740074  
9935.20681  
9901.074345  
9898.639161  
9898.426503  
9827.003322  
9908.910052  
9859.634762  
9954.967956  
9930.694858  
9911.2574  
9960.087658  
9959.243793  
9957.168916  
9918.466834  
9949.836018  
9907.623946  
9908.024566  
9938.416189  
9890.225011  
9940.808046  
9953.569246  
9932.793386  
9885.834958  
9885.225127  
9929.223005  
9923.640979  
9895.570553  
9920.050547  
9876.338236  
9912.678526  
9922.643254  
9904.749583  
9907.988481  
9891.647431  
9917.700551  
9874.954864  
9909.10944  
9899.162653  
9946.918476  
10019.7824  
9942.210374  
9881.09402  
