8869.5401  
8742.173469  
8686.042989  
8712.288805  
8796.350328  
8815.901367  
8781.793342  
8704.414625  
8641.980489  
8696.422702  
8715.198737  
8693.216736  
8847.93514  
8743.206963  
8619.332594  
8613.228265  
8751.605611  
8659.218519  
8629.568827  
8704.228977  
8740.514404  
8792.203335  
8772.056749  
8750.772312  
8732.655212  
8724.09179  
8691.461439  
8757.383253  
8727.836222  
8674.627787  
8674.185187  
8707.335008  
8638.897807  
8777.971775  
8707.479743  
8749.171794  
8682.935683  
8658.225355  
8764.529154  
8711.404555  
8691.483297  
8714.038662  
8712.48211  
8701.126295  
8734.747559  
8700.107517  
8712.58252  
8702.983812  
8592.893134  
8660.653408  
8691.444085  
8717.885111  
8711.040595  
8714.792867  
8712.423509  
8709.809591  
8737.056078  
8621.073825  
8666.529249  
8709.379483  
8756.224881  
8783.628852  
8703.413106  
8660.932705  
8770.340237  
8709.743849  
8698.251526  
8784.502455  
8750.168877  
8647.602783  
8630.572062  
8727.176114  
8644.009854  
8741.587646  
8674.615872  
8665.333577  
8760.780619  
8709.053094  
8695.511054  
8784.607971  
8660.411065  
8665.03146  
8708.049845  
8692.947164  
8754.458421  
8695.12698  
8686.684272  
8683.780104  
8720.272942  
8777.416355  
8732.207716  
8698.41472  
8712.412944  
8709.324504  
8670.497525  
8757.792555  
8700.476461  
8727.444763  
8742.379401  
8693.260037  
8710.563612  
8778.526971  
8749.522637  
8715.767158  
8677.177402  
8655.990133  
8634.990682  
8843.094923  
8751.402134  
8859.752577  
8771.693298  
8814.032613  
8736.250549  
8769.982307  
8761.057434  
8885.704007  
8725.757128  
8704.473999  
8670.54012  
8648.603149  
8707.703132  
8634.985758  
8753.382745  
8675.575412  
8755.820407  
8724.214342  
8778.579929  
8750.982815  
8679.460076  
8712.074015  
8687.521403  
8714.714105  
8668.626417  
8730.590318  
8649.636705  
8721.651489  
8675.445028  
8740.506076  
8708.769294  
8677.553338  
8777.042643  
8715.269694  
8672.031542  
8678.307841  
8664.887668  
8683.151408  
8705.246494  
8729.472202  
8714.4312  
8709.733012  
8737.687737  
8742.629395  
8765.716695  
8856.570177  
8758.294617  
8789.495382  
8805.817112  
8776.041436  
8710.536194  
8641.876404  
8696.267436  
8731.357347  
8725.990872  
8723.353461  
8716.667881  
8657.289273  
8745.033678  
8711.24273  
8698.381599  
8762.818597  
8962.222093  
8778.036628  
8770.166375  
8687.634569  
8681.338548  
8757.285014  
8662.763462  
8689.279704  
8680.212775  
8744.951538  
8645.91116  
8694.701728  
8684.994798  
8754.951409  
8732.801941  
8719.480794  
8672.331326  
8738.465054  
8756.245056  
8744.965407  
8807.282925  
8919.621792  
8700.142829  
8713.875448  
8644.950487  
8700.184753  
8685.608209  
8703.995511  
8714.192973  
8750.910129  
8745.872403  
8664.312859  
8898.61948  
8765.380819  
8703.110602  
8741.026862  
8654.693427  
8688.9933  
8733.639147  
8744.88307  
8709.96917  
8718.262546  
8699.419108  
8652.900018  
8677.038839  
8817.469808  
8751.017042  
8817.645521  
8723.770847  
8736.78068  
8699.586473  
8721.956136  
8717.802151  
8718.619141  
8711.349406  
8815.968513  
8807.995748  
8741.436686  
8642.373962  
8744.196465  
8716.155321  
8729.561951  
8690.575046  
8706.598456  
8702.21365  
8736.402459  
8716.337958  
8775.494486  
8728.254089  
8685.809943  
8771.515896  
8776.217604  
8703.391608  
8695.109707  
8651.22149  
8702.209208  
8750.990546  
8736.141819  
8774.501784  
8765.37049  
8653.886047  
8717.35218  
8700.082682  
8756.614434  
8768.194017  
8682.780368  
8643.583476  
8656.075209  
8772.169393  
8707.091661  
8758.235385  
8724.533983  
8692.586724  
8690.881368  
8738.501587  
8712.089667  
8742.734029  
8703.846076  
8695.916056  
8751.264391  
8760.345378  
8721.585965  
8731.767429  
8738.361789  
8693.023953  
8652.401659  
8669.808322  
8722.103828  
8722.473701  
8696.522847  
8786.201396  
8745.527018  
8666.150241  
8661.80643  
8690.045186  
8747.289463  
8763.898512  
8750.261495  
8742.096958  
8672.02202  
8694.694587  
8733.211826  
8678.513312  
8660.60477  
8773.20482  
8785.260783  
8827.074883  
8783.1985  
8837.766859  
8703.024692  
8739.64251  
8733.657525  
8727.188694  
8797.851664  
8752.188612  
8719.435805  
8759.820475  
8736.849637  
8773.961277  
8800.247599  
8769.536058  
8727.237461  
8724.120897  
8646.786438  
8715.786255  
8733.828389  
8768.625746  
8699.049072  
8665.795871  
8835.063782  
8690.348945  
8669.422594  
8707.405301  
8686.590908  
8702.121263  
8737.8011  
8747.279399  
8713.038622  
8727.699829  
8736.525221  
8763.27322  
8741.481493  
8684.018643  
8712.711073  
8765.278415  
8689.137573  
8727.378879  
8706.335151  
8766.764933  
8776.100566  
8767.530891  
8742.664937  
8724.532722  
8710.149706  
8739.889594  
8693.597561  
8701.531759  
8677.905884  
8733.310004  
8785.494975  
8759.674506  
8744.75885  
8746.294203  
8689.330051  
8693.269518  
8730.451667  
8668.027825  
8671.913242  
8826.60614  
8763.990621  
8712.915317  
8673.934726  
8689.443875  
8675.18356  
8720.837375  
8660.092367  
8730.879978  
8750.430779  
8756.402859  
8736.538812  
8676.848572  
8661.607056  
8679.672153  
8705.309597  
8733.4831  
8780.768968  
8649.861104  
8663.131198  
8729.534349  
8696.51473  
8742.534783  
8699.796861  
8730.674011  
8753.301453  
8673.84944  
8707.218146  
8668.311252  
8722.109626  
8717.875149  
8704.916531  
8693.811279  
8660.577081  
8682.180481  
8674.803691  
8769.562873  
8650.236803  
8705.022257  
8640.467061  
8633.698473  
8614.786764  
8697.798611  
8745.772475  
8770.473701  
8816.588399  
8785.824415  
8788.588406  
8674.648241  
8709.146281  
8745.022203  
8674.980476  
8704.692518  
8757.13522  
8728.466743  
8772.778564  
8773.650669  
8706.201436  
8715.181688  
8720.482585  
8735.672628  
8737.262044  
8739.21854  
8751.001411  
8759.912462  
8750.139377  
8722.028707  
8725.416341  
8672.779236  
8706.688775  
8690.879395  
8780.973809  
8768.257582  
8728.128106  
8765.132534  
8782.437168  
8710.937303  
8706.287252  
8753.145684  
8736.051134  
8738.590549  
8739.23154  
8693.312039  
8733.306586  
8686.859728  
8719.205377  
8709.580146  
8659.902161  
8685.692281  
8691.357829  
8717.175096  
8782.1022  
8778.123223  
8692.060479  
8842.392992  
8748.408061  
8711.518155  
8765.118734  
8717.291924  
8722.684387  
8720.654148  
8659.316399  
8775.357469  
8733.402147  
8750.334507  
8707.810669  
8754.417528  
8730.222805  
8783.03066  
8736.724175  
8754.050157  
8769.940138  
8837.103604  
8698.915405  
8721.029778  
8848.774726  
8734.847866  
8726.357442  
8766.250604  
8743.449002  
8684.856669  
8728.922763  
8730.682081  
8715.847073  
8708.81208  
8741.743951  
8762.604282  
8685.143921  
8704.748711  
8731.269796  
8730.736545  
8705.257867  
8734.648492  
8698.718574  
8716.41824  
8733.595344  
8721.687636  
8691.333611  
8716.051975  
8714.621236  
8750.996148  
8731.604553  
8729.157152  
8604.718865  
8638.053555  
8727.360413  
8747.540405  
8836.706882  
8756.41472  
8678.642924  
8739.787075  
8738.789327  
8767.680454  
8696.348572  
8727.655789  
8718.737637  
8640.986233  
8730.633986  
8739.26928  
8701.087192  
8779.802083  
8726.29836  
8719.038696  
8698.015211  
8707.609531  
8779.339878  
8683.467977  
8650.485426  
8769.826389  
8709.108398  
8783.877631  
8676.14504  
8680.169352  
8742.031141  
8737.139045  
8776.306824  
8710.017877  
8709.11948  
8719.732144  
8732.076165  
8724.385064  
8750.078484  
8688.961351  
8695.424174  
8726.292223  
8726.319926  
8727.414218  
8924.526428  
8730.1718  
8606.065362  
8669.582886  
8759.489997  
8699.027066  
8674.758213  
8674.342638  
8692.99549  
8806.758904  
8865.462409  
8758.25767  
8710.781053  
8679.223857  
8745.678107  
8793.675056  
8766.335347  
8719.618605  
8757.822103  
8659.456163  
8675.378547  
8689.550395  
8819.978597  
8796.869622  
8707.616408  
8683.794217  
8680.01747  
8616.550598  
8684.590875  
8731.357849  
8720.005046  
8673.329617  
8689.563287  
8701.897115  
8738.197896  
8841.324476  
8816.706862  
8760.854791  
8768.303236  
8724.289049  
8719.485413  
8645.85591  
8686.757914  
8684.095235  
8743.470161  
8990.539537  
8750.829841  
8646.298265  
8722.231242  
8648.406155  
8737.699978  
8684.814392  
8784.160516  
8728.716058  
8713.010383  
8774.670295  
8687.526537  
8794.871412  
8742.084364  
8646.749593  
8614.593153  
8683.391181  
8684.255486  
8725.247213  
8725.061686  
8686.398648  
8689.165609  
8689.799533  
8774.38052  
8734.410536  
8683.13878  
8677.505358  
8627.322645  
8773.504476  
8790.9839  
8808.238152  
8761.69888  
8725.821906  
8721.719916  
8758.684618  
8725.042433  
8753.178236  
8748.405836  
8704.87085  
8762.440097  
8706.95109  
8724.848687  
8676.442552  
8684.507853  
8682.738017  
8730.98822  
8733.67117  
8690.75415  
8715.820679  
8661.766045  
8719.689589  
8717.28382  
8710.042474  
8751.929708  
8697.899685  
8701.544393  
8704.041551  
8756.293152  
8795.236348  
8685.289354  
8720.707472  
8702.794834  
8736.573853  
8685.399075  
8677.663879  
8709.255948  
8727.54853  
8726.975172  
8747.223931  
8726.439684  
8754.710171  
8725.980489  
8623.786092  
8619.983209  
8669.593092  
8736.120388  
8693.812541  
8710.202657  
8774.393053  
8704.478685  
8940.436605  
8882.150696  
8821.210951  
8758.168152  
8834.676297  
8779.401252  
8773.155911  
8773.27733  
8707.183085  
8729.429918  
8761.889282  
8713.03658  
8828.609233  
8779.906338  
8762.590285  
8743.570204  
8719.132229  
8728.735942  
8788.685384  
8722.279975  
8772.20695  
8674.856832  
8646.511671  
8705.309584  
8711.138407  
8624.809062  
8634.749722  
8587.691413  
8612.659322  
8624.752801  
8717.470968  
8728.344204  
8683.866055  
8633.861681  
8683.761882  
8635.01178  
8777.39565  
8768.582262  
8746.120904  
8714.316759  
8715.663086  
8727.904392  
8761.480292  
8745.521172  
8691.696574  
8687.302687  
8682.054572  
8651.219503  
8722.722453  
8728.371385  
8746.265734  
8741.115573  
8761.748142  
8762.30447  
8750.347907  
8766.279351  
8690.936863  
8742.920363  
8705.399712  
8657.14251  
8789.035685  
8852.846856  
8787.317356  
8725.497064  
8711.682902  
8693.860691  
8692.59139  
8693.477037  
8706.199253  
8767.645915  
8643.853902  
8609.307685  
8712.453871  
8728.642456  
8804.344686  
8712.763692  
8715.761013  
8727.080553  
8723.241869  
8695.508165  
8703.166192  
8699.467516  
8731.114685  
8759.540853  
8955.354011  
8765.803297  
8671.479424  
8669.308526  
8645.641629  
8679.624763  
8647.205933  
8729.127964  
8676.628072  
8701.066406  
8793.10532  
8758.220601  
8792.415005  
8759.259616  
8754.458096  
8747.33648  
8647.08528  
8741.559333  
8727.667623  
8722.956577  
8665.185608  
8686.424683  
8698.517219  
8784.276686  
8721.888251  
8718.189914  
8749.824497  
8753.061673  
8711.075019  
8660.053419  
8640.092631  
8739.154738  
8700.11655  
8681.729506  
8763.332248  
8867.099637  
8798.032654  
8801.331163  
8748.473918  
8805.067498  
8747.377163  
8739.883925  
8762.547906  
8730.965346  
8716.983527  
8741.71892  
8729.393636  
8774.818075  
8770.209018  
8806.087613  
8738.382121  
8712.436096  
8627.510701  
8699.409776  
8669.456421  
8684.49056  
8720.742533  
8748.619269  
8744.445455  
8744.991862  
8699.081353  
8681.698073  
8651.680779  
8817.823296  
8748.537523  
8748.666538  
8687.188958  
8663.694946  
8664.935289  
8734.690091  
8732.639418  
8730.009766  
8735.912082  
8779.698534  
8716.760729  
8712.948547  
8702.648973  
8662.703295  
8711.077786  
8695.111735  
8729.079508  
8621.154405  
8643.46856  
8702.696079  
8711.021071  
8764.276408  
8734.469021  
8763.189263  
8737.359836  
8760.451959  
8740.887729  
8706.503357  
8805.618578  
8744.176534  
8831.411363  
8837.730177  
8687.759928  
8723.261631  
8756.620504  
8665.55565  
8694.828837  
8721.417921  
8744.309625  
8760.562927  
8763.042691  
8661.468167  
8752.230591  
8777.09927  
8724.785177  
8731.572211  
8660.31661  
8732.504964  
8714.62403  
8669.303087  
8685.552728  
8728.622226  
8928.18023  
8596.179538  
8667.423286  
8651.529487  
8729.319438  
8745.152859  
8680.211616  
8760.521735  
8766.632548  
8700.695916  
8803.004144  
8768.185696  
8759.417453  
8724.674269  
8796.25788  
8700.337552  
8738.980747  
8653.662469  
8631.356886  
8697.660712  
8725.273743  
8709.584079  
8764.465502  
8735.362013  
8691.87892  
8881.659885  
8663.469482  
8703.826653  
8695.107015  
8708.764018  
8659.800591  
8725.37989  
8669.972093  
8716.22796  
8736.632372  
8727.548577  
8757.892938  
8686.47998  
8748.42412  
8655.684408  
8797.01452  
8801.140564  
8745.410007  
8715.473402  
8687.412618  
8725.401855  
8691.76926  
8716.086521  
8807.307061  
8951.092129  
8707.238417  
8607.608419  
8676.341003  
8702.954163  
8740.536675  
8733.473952  
8708.070231  
8810.475098  
8817.508653  
8718.570869  
8720.07529  
8697.008911  
8679.475125  
8651.572021  
8692.006009  
8801.61436  
8749.100003  
8737.127719  
8684.067613  
8603.18297  
8624.324212  
8743.241442  
8803.873806  
8695.633063  
8695.523275  
8775.0511  
8647.760973  
8699.149896  
8778.138692  
8708.311503  
8759.898187  
8794.350844  
8713.964579  
8718.581794  
8733.262783  
8771.551744  
8838.533664  
8685.711724  
8636.710571  
8726.315715  
8772.078749  
8690.781359  
8635.063924  
8622.367072  
8634.997281  
8697.17865  
8704.680291  
8732.350606  
8769.296271  
8713.999959  
8714.262329  
8696.126105  
8689.258369  
8730.202108  
8762.68866  
8757.250631  
8603.245463  
8653.786268  
8633.245056  
8749.164435  
8759.286201  
8780.897217  
8800.612366  
8754.507568  
8653.504422  
8672.98407  
8753.389255  
8778.063219  
8711.593655  
8799.161696  
8691.718282  
8733.314039  
8798.936252  
8672.982775  
8843.09786  
8931.218323  
8777.822598  
8705.70402  
8867.832553  
8771.189901  
8783.706211  
8809.020983  
8783.084208  
8655.073805  
8705.025241  
8677.443719  
8659.221714  
8672.797146  
8628.373562  
8742.382182  
8754.944824  
8739.523227  
8809.603116  
8768.305467  
8770.091431  
8720.391025  
8815.020237  
8697.134501  
8768.013801  
8920.137655  
8675.487474  
8614.36672  
8614.468194  
8677.02238  
8674.065274  
8644.481588  
8636.351325  
8692.915988  
8637.75628  
8732.153395  
8708.816366  
8679.222853  
8772.013746  
8715.945536  
8729.604777  
8832.253432  
8702.964166  
8638.061605  
8633.818637  
8715.358561  
8732.712321  
8729.428691  
8744.343831  
8757.134054  
8730.57567  
8706.075833  
8751.028314  
8834.387716  
8773.461466  
8699.620985  
8702.140578  
8692.155104  
8682.142897  
8704.110162  
8710.265496  
8769.958198  
8753.767069  
8665.538574  
8718.660631  
8767.638468  
8800.677402  
8770.755073  
8802.213928  
8767.075216  
8706.66173  
8760.020074  
8729.943278  
8782.688334  
8705.201748  
8618.552755  
8691.924866  
8687.792135  
8677.185364  
8714.191596  
8680.655145  
8698.277059  
8664.03892  
8636.780389  
8650.078139  
8613.493313  
8699.503228  
8707.551263  
8724.902188  
8726.303738  
8726.289463  
8707.283115  
8643.765605  
8776.265191  
8617.241523  
8562.168789  
8674.325033  
8945.982673  
8736.343513  
8730.251397  
8761.614068  
8751.714647  
8711.525974  
8722.429796  
8707.198588  
8731.222331  
8693.122043  
8696.790548  
8715.081285  
8673.299364  
8919.654934  
8598.676025  
8672.982998  
8764.326043  
8713.845567  
8762.704766  
8786.029799  
8772.422648  
8825.369629  
8797.336731  
8809.642944  
8733.845927  
8752.810913  
8753.360202  
8773.693183  
8783.002096  
8689.432583  
8736.021606  
8766.342095  
8814.540561  
8818.689867  
8756.146966  
8730.571581  
8644.942688  
8556.638089  
8622.708408  
8635.445611  
8777.481384  
8666.078376  
8636.806959  
8612.02162  
8671.535333  
8627.236918  
8695.802877  
8722.943644  
8759.306722  
8730.412292  
8693.162157  
8670.155023  
8722.612759  
8678.914022  
8728.705892  
8729.704203  
8747.934401  
8693.368456  
8746.103339  
8760.984823  
8799.004673  
8728.513679  
8731.950487  
8718.181485  
8702.991428  
8732.680298  
8717.228658  
8837.355394  
8779.249349  
8689.053819  
8739.266127  
8748.983622  
8673.441135  
8727.616292  
8738.520304  
8765.472765  
8723.869107  
8796.692247  
8997.072632  
8733.49825  
8711.613146  
8728.554118  
8764.416612  
8689.471002  
8623.682543  
8674.067702  
8795.612881  
8815.708774  
8806.616394  
8718.341431  
8653.37932  
8654.993239  
8697.828071  
8717.365024  
8760.759243  
8665.330248  
8715.735819  
8754.518521  
8741.59061  
8738.237006  
8759.51629  
8671.965929  
8653.910773  
8723.393521  
8788.657403  
8808.010783  
8768.212226  
8690.200094  
8759.848362  
8698.274441  
8783.982931  
8669.22326  
8816.434401  
8860.397773  
8681.55835  
8730.539035  
8697.581407  
8674.115011  
8616.461982  
8607.378065  
8738.933858  
8757.515503  
8669.704915  
8691.372911  
8707.037089  
8713.624512  
8719.09061  
8779.474162  
8782.366564  
8689.968845  
8668.142463  
8676.014398  
8785.157186  
8716.368693  
8693.326925  
8686.140218  
8675.767707  
8745.943766  
8786.616163  
8744.725708  
8776.135769  
8699.151754  
8661.243388  
8730.821486  
8705.00805  
8777.316745  
8839.651008  
8878.012499  
8691.07803  
8724.38878  
8857.645806  
8669.811171  
8677.977614  
8700.211745  
8749.065857  
8741.083313  
8749.012872  
8732.069451  
8656.353875  
8694.058384  
8715.968777  
8783.433153  
8742.139018  
8769.483398  
8699.062609  
8715.831767  
8754.60475  
8688.104024  
8723.524909  
8742.876133  
8736.630758  
8720.185316  
8736.381239  
8827.92806  
8653.571398  
8707.862583  
8670.410163  
8732.59885  
8682.230604  
8698.739488  
8741.592651  
8712.06252  
8745.709703  
8706.354316  
8685.773071  
8721.261658  
8731.118049  
8749.870945  
8698.628588  
8750.046705  
8640.834181  
8647.235589  
8653.188416  
8767.278904  
8710.080363  
8735.658413  
8684.513977  
8940.368361  
8748.086914  
8685.63579  
8765.309509  
8716.972588  
8693.899651  
8676.453681  
8785.848918  
8757.084154  
8750.907552  
8748.089044  
8705.826545  
8670.805461  
8717.355509  
8753.748603  
8720.355476  
8716.830065  
8700.155253  
8649.84337  
8710.377957  
8764.608392  
8691.785577  
8674.595968  
8712.086656  
8679.142402  
8870.308099  
8790.482788  
8599.520867  
8666.836188  
8703.051114  
8730.356832  
8682.333171  
8721.5625  
8702.33313  
8695.779019  
8783.708761  
8757.617866  
8783.175144  
8734.816399  
8744.475511  
8553.009488  
8601.321526  
8816.268589  
8808.571303  
8840.184658  
8880.121568  
9032.63326  
8694.823866  
8702.3864  
8683.894253  
8609.55995  
8698.501485  
8634.606235  
8621.804511  
8701.403456  
8661.07171  
8615.805284  
8784.575541  
8760.962775  
8781.04069  
8794.572767  
8708.934889  
8775.644402  
8786.015889  
8755.778524  
8726.472168  
8723.048808  
8738.364692  
8750.214118  
8625.613078  
8741.485955  
8670.338738  
8705.683011  
8732.762153  
8704.515761  
8684.59219  
8723.855774  
8735.960341  
8780.993117  
8702.768792  
8698.611586  
8777.389682  
8710.66605  
8708.774204  
8700.191305  
8667.12106  
8710.52046  
8685.544284  
8736.382589  
8739.142388  
8782.351827  
8785.734063  
8726.500515  
8742.397108  
8704.289876  
8618.585225  
8700.138631  
8677.051351  
8662.220249  
8781.172892  
8694.862535  
8689.811415  
8745.02263  
8729.643161  
8727.701484  
8805.203817  
8707.156928  
8717.084154  
8693.661574  
8700.914381  
8697.485406  
8666.544651  
8653.401455  
8705.052741  
8655.280443  
8674.41409  
8753.682753  
8778.208666  
8750.731106  
8733.84375  
8768.811313  
8726.726318  
8693.312215  
8759.574226  
8724.055013  
8731.544128  
8793.300198  
8731.547499  
8717.153029  
8807.073527  
8736.131382  
8682.196404  
8712.260396  
8643.781989  
8738.594408  
8790.495741  
8688.014635  
8707.270684  
8704.44947  
8605.0802  
8720.698513  
8738.097283  
8823.475342  
8719.4304  
8739.278795  
8728.950799  
8781.623562  
8663.298618  
8778.326369  
8743.135539  
8765.338033  
8778.506422  
8785.061951  
8721.193624  
8725.852573  
8655.762302  
8687.491916  
8679.741482  
8686.956753  
8781.050612  
8774.444519  
8902.036906  
8725.870497  
8660.347114  
8729.598633  
8850.683601  
8828.223538  
8711.65604  
8744.088142  
8703.675286  
8770.143853  
8798.346809  
8713.95933  
8730.346456  
8740.07314  
8719.612725  
8730.368252  
8672.001634  
8746.837368  
8704.861803  
8682.063043  
8756.512668  
8739.388848  
8742.669128  
8736.010627  
8603.123183  
8698.859551  
8639.3235  
8712.854207  
8838.58235  
8672.50651  
8662.750536  
8713.143955  
8614.430535  
8670.416328  
8683.586602  
8651.670356  
8679.638923  
8694.031616  
8689.389181  
8689.535814  
8667.015889  
8763.091227  
8896.537957  
8798.162916  
8693.779466  
8734.569031  
8612.944268  
8667.83119  
8725.992255  
8786.410136  
8786.325982  
8767.696235  
8674.435859  
8691.554443  
8704.373637  
8731.800476  
8768.168084  
8803.826463  
8643.247437  
8658.488736  
8719.026876  
8709.660665  
8731.214701  
8685.196655  
8742.100552  
8743.033698  
8725.77754  
8742.030986  
8734.546434  
8778.228644  
8731.218635  
8696.070475  
8756.564806  
8755.81149  
8607.987481  
8686.720289  
8737.325731  
8700.48917  
8737.243469  
8662.014669  
8693.891391  
8695.510573  
8738.334479  
8740.059116  
8711.480184  
8732.894287  
8688.516791  
8667.140978  
8641.994337  
8685.397854  
8959.618496  
8805.431831  
8843.5338  
8731.634637  
8628.404263  
8679.264113  
8656.441196  
8858.446079  
8747.308757  
8757.412265  
8787.515795  
8730.119263  
8800.78243  
8719.576077  
8714.739522  
8688.796414  
8895.889879  
8734.991882  
8702.701274  
8761.462321  
8747.937819  
8692.96559  
8688.810228  
8635.281399  
8652.192023  
8710.837653  
8726.565125  
8719.082506  
8725.310052  
8713.442491  
8653.261759  
8754.282627  
8731.886895  
8707.958856  
8816.909478  
8759.381632  
8758.982076  
8706.415812  
8710.29263  
8723.350159  
8737.93733  
8729.188978  
8768.03913  
8723.713338  
8784.118598  
8785.724453  
8698.560798  
8768.259454  
8726.293708  
8803.575907  
8833.165168  
8719.027615  
8759.105435  
8756.71755  
8756.332601  
8714.333137  
8707.109219  
8688.369303  
8615.207024  
8703.426927  
8704.930203  
8711.851162  
8667.092299  
8688.889981  
8686.808228  
8648.086867  
8751.801778  
8706.495687  
8646.494798  
8699.999254  
8648.331862  
8720.751044  
8697.401496  
8734.329468  
8670.734009  
8669.512004  
8666.4548  
8734.614122  
8695.124519  
8749.807515  
8595.006327  
8710.241184  
8737.591885  
8865.464288  
8742.922594  
8642.471815  
8664.996012  
8728.32173  
8749.067885  
8681.14879  
8673.999546  
8679.344035  
8684.401143  
8800.431315  
8782.056152  
8683.759521  
8762.983568  
8734.412869  
8746.868557  
8843.055901  
8771.294359  
8534.810547  
8594.995802  
8724.133226  
8730.498854  
8618.710232  
8687.548245  
8706.091526  
8773.407532  
8713.424425  
8775.059021  
8621.955098  
8611.950738  
8644.169847  
8768.021267  
8736.752062  
8724.343499  
8734.523709  
8714.058092  
8725.768087  
8744.765381  
8747.464444  
8700.912326  
8741.464227  
8716.373338  
8747.88642  
8641.887288  
8656.445923  
8625.383287  
8704.906582  
8803.429477  
8720.311896  
8814.874491  
8713.684096  
8729.695577  
8906.395772  
8775.100925  
