9893.992441  
9893.806116  
9873.158366  
9974.874313  
9934.578378  
9962.897805  
9906.747378  
9922.612793  
10065.84223  
10206.05852  
10020.45643  
9969.864547  
9926.078722  
9909.0861  
10069.97777  
10024.09386  
10067.98029  
9994.396756  
9999.030056  
10186.24826  
9982.014251  
9971.289352  
9929.485677  
9996.439164  
9993.746166  
9940.554525  
9937.956868  
9867.916287  
9925.504955  
9856.413448  
10004.98222  
9969.431604  
10043.84037  
9939.847078  
9804.362938  
9888.693974  
9994.479854  
10027.27342  
9958.629648  
9979.389847  
10046.8155  
10014.77389  
10014.35959  
10035.36042  
9958.615578  
9940.893862  
9914.230234  
9883.620063  
10052.05487  
10059.90224  
9951.243363  
9931.024703  
10034.66258  
10038.42303  
10112.35418  
10061.83491  
9964.299515  
10030.70417  
10102.32628  
9972.77058  
10105.49277  
9925.271611  
9846.827727  
9873.938675  
9907.079915  
9942.921115  
9970.344491  
9953.016547  
9894.585232  
9890.332646  
10020.18736  
10005.69155  
10090.02989  
9951.806677  
9889.354745  
9957.100441  
10041.09813  
9999.942871  
9833.932183  
9897.059444  
9924.751827  
9936.637912  
9978.5068  
10008.1867  
9916.183033  
9934.800926  
9996.703975  
10080.87815  
10092.20944  
10085.33077  
9878.872631  
9993.204246  
9993.479872  
9977.68665  
10110.47971  
10109.10243  
9964.132035  
9896.863336  
9951.633066  
9989.466164  
10071.51606  
10069.04867  
10027.77919  
9993.045953  
9950.879575  
10045.946  
10275.16421  
10197.81243  
9900.214753  
9956.575883  
9922.218895  
9959.837999  
9895.444264  
9940.351544  
9935.428006  
9798.730794  
9882.187247  
9881.868508  
9883.111382  
9922.744719  
10032.45493  
10103.58925  
10072.47711  
10041.39775  
10024.14762  
10031.60232  
9986.840676  
9953.636484  
9965.251411  
9985.478425  
9947.949834  
10061.74667  
10058.79338  
9945.84809  
9936.935059  
10007.46249  
9939.874783  
9996.154478  
9977.592954  
9947.851544  
9910.272352  
9915.225749  
9993.096571  
10021.72833  
10036.36256  
10174.28906  
10119.84274  
9983.568233  
9975.426306  
10022.9822  
9965.708207  
10021.3771  
9914.6216  
9839.261773  
9983.653176  
9969.757668  
9892.028519  
9861.451913  
9898.293168  
9966.613064  
10115.8083  
10094.05762  
9962.398492  
9902.456037  
9885.493689  
9903.183033  
9933.112449  
10024.46723  
9976.052192  
9962.513274  
9763.720884  
9957.438006  
9927.242242  
10074.13263  
10042.46669  
9995.58015  
10115.93179  
10007.98362  
9959.900011  
9970.026819  
10011.76874  
9970.689544  
9932.960503  
9940.238028  
10017.74202  
9983.501899  
9971.920284  
9940.374638  
10051.04065  
10028.19206  
9891.65889  
9914.374078  
9910.191714  
9970.060529  
10029.57218  
10161.04919  
10154.97081  
10008.11196  
9986.876175  
10009.71002  
10049.31033  
10018.25188  
9814.554199  
9966.266348  
9943.101309  
9900.555176  
9921.782082  
9956.784089  
9963.872504  
9975.42513  
9929.606084  
9984.636032  
9924.345215  
10102.61943  
10189.29398  
10047.00002  
9892.081868  
9919.53002  
9870.799588  
9918.352738  
9846.134169  
9991.900083  
9995.154894  
10007.21304  
9988.330603  
9733.20884  
9918.898329  
9856.47857  
9941.214663  
10124.31963  
10016.13035  
10003.58382  
10017.50354  
10038.93274  
9926.054145  
9966.659144  
10016.78706  
9966.918493  
9982.732675  
9981.873535  
9973.440502  
9811.629648  
9998.713759  
10058.74942  
10003.48143  
10018.90198  
9999.945023  
9980.917028  
9945.361762  
9978.337583  
9964.077818  
10120.17271  
10167.40166  
9944.59337  
9967.968967  
9900.368001  
9880.137099  
10020.36516  
10169.71615  
10071.79622  
9909.747541  
9872.68929  
9915.476526  
9925.475893  
9941.932147  
9871.16645  
9821.704011  
9947.181333  
9937.532588  
9932.641457  
10020.91945  
9855.289695  
9870.077818  
9878.281377  
10012.33442  
10032.86153  
10098.65151  
10019.94741  
9918.284288  
9906.299407  
9912.794488  
9966.034234  
9951.455566  
10008.98638  
9971.597801  
9922.104583  
9982.301722  
9790.043547  
10033.8725  
10127.73843  
10025.23615  
9926.12878  
9947.110279  
10130.18359  
10155.10854  
9918.5625  
9906.862684  
9884.478353  
9904.954319  
9994.849085  
10125.75213  
9968.892542  
9805.150644  
9834.851544  
10004.86733  
10076.58771  
10080.18417  
9971.919831  
9830.657208  
9887.964771  
9808.251646  
9948.972421  
9914.075738  
9919.047219  
9973.111889  
9930.134874  
9909.944734  
9930.44571  
9976.097023  
10123.49215  
10049.09802  
10205.65766  
10157.67271  
10106.27564  
10040.93743  
10058.60239  
9946.867206  
9927.223253  
9951.839084  
10061.32831  
9872.043186  
10023.25007  
10046.67531  
9968.148908  
10011.81254  
9927.729854  
9985.501085  
10000.58317  
10041.13876  
10019.44423  
9923.955729  
10125.06315  
9992.091001  
10041.0466  
9974.603009  
9995.902054  
10002.92464  
10056.27261  
9944.568576  
9937.374819  
9920.013455  
9835.087511  
9924.635634  
9884.468153  
9999.902597  
9990.936397  
10042.58427  
10022.76058  
10005.99192  
9880.306225  
10053.43092  
9974.139847  
9925.186198  
10025.45027  
10054.74512  
10033.8767  
10067.04525  
9972.662399  
9886.335178  
9867.263943  
9979.095034  
10039.29413  
10064.39509  
10021.35748  
9802.74962  
9851.555682  
9949.994104  
10150.69401  
10037.27063  
9914.902977  
9903.165111  
9895.619394  
9924.750271  
10036.64992  
9947.431152  
9890.537236  
9899.014992  
9895.674787  
9946.379612  
9967.542661  
9984.751302  
9940.343334  
9924.609375  
9960.773293  
9988.076624  
9980.974049  
10031.43509  
10018.92754  
10075.63046  
10142.94155  
10128.23132  
9865.103317  
9962.940466  
9986.220378  
9943.63227  
9991.502478  
10068.86639  
10037.97132  
9974.890372  
9884.435438  
10057.05246  
10041.72255  
10003.21454  
9876.531521  
9828.472909  
9955.779839  
10007.03971  
9993.268392  
9932.506076  
9950.338505  
9956.623571  
10005.1686  
9869.985641  
9824.883753  
9901.397371  
10020.4741  
10052.98119  
10013.73215  
9894.343117  
10043.84266  
10005.63524  
9993.796712  
9911.395743  
9930.13312  
9995.180574  
10053.30425  
10044.93471  
9907.574779  
9796.832104  
9869.144694  
9903.883988  
10004.27004  
10029.67936  
9984.845269  
9905.611545  
9929.084455  
9988.048177  
10016.92808  
9979.440177  
9838.336824  
9906.347928  
9989.35442  
10024.71902  
10024.8021  
10096.97848  
9936.868562  
9929.560402  
10027.97512  
10052.38585  
10147.99957  
10038.36183  
10045.47164  
10010.39173  
9976.929036  
9923.994376  
10041.0383  
9989.592593  
9943.913484  
9957.607458  
9931.121076  
9937.534234  
10074.22251  
10075.36527  
9913.715115  
9881.479112  
10009.97515  
10089.2768  
10007.98211  
10043.3397  
10043.47803  
9965.963397  
9984.613516  
9911.619321  
9943.342376  
9953.133536  
9935.564001  
9952.679199  
9950.492206  
9915.748101  
9879.391945  
9979.89379  
9978.191786  
9982.887225  
9916.697953  
9942.436849  
10025.20065  
9870.83771  
10134.90111  
10062.28982  
9850.459708  
9822.618689  
10002.02514  
10140.18001  
10140.04217  
9935.571578  
9900.204861  
9990.020309  
9935.793041  
10031.69607  
9994.141638  
9965.461227  
9950.619412  
9977.04286  
9977.359484  
10036.01244  
9891.346734  
9948.468461  
10029.37265  
9967.065737  
10117.12854  
9999.691822  
9881.723307  
9931.314345  
9861.024758  
9943.857838  
10103.37833  
10087.23277  
9907.447573  
9849.553186  
9948.114529  
10020.42924  
10021.81073  
9847.735786  
9812.064978  
9953.710485  
9970.662363  
10104.5608  
9981.486889  
10028.43117  
9988.124494  
9945.121148  
10012.90267  
10086.67104  
10013.07823  
9916.374729  
9741.355306  
9853.517849  
10073.52731  
10134.10163  
9926.519495  
10030.35402  
10018.63627  
10191.54684  
10199.35626  
9874.546115  
9869.332538  
9860.029369  
9891.164207  
9935.631492  
9962.952402  
10048.08923  
9856.666956  
9903.94222  
9837.777832  
9880.769477  
9984.381854  
9893.295555  
10030.02125  
9912.790907  
9911.159957  
9894.71327  
9952.868056  
9959.287272  
10036.42542  
10016.98853  
9948.275264  
9985.33733  
10082.01646  
10082.72229  
9972.997414  
9836.865759  
9834.350767  
9914.745099  
9997.277977  
10056.08109  
10052.82881  
9979.722837  
10025.68772  
9939.599537  
9950.624494  
9884.72696  
9961.312771  
10006.85046  
10136.22356  
9976.051053  
9851.948966  
9973.517162  
9990.926649  
10003.44918  
10007.41896  
10034.89359  
9989.128346  
9889.566822  
9867.923268  
9923.859013  
10041.60001  
10093.6883  
10123.16381  
9958.970812  
9937.982657  
9998.895218  
9927.895671  
10036.57013  
9959.888726  
10003.61697  
9976.501194  
9957.85319  
10201.07013  
10079.95215  
10023.80476  
9904.155689  
9906.560673  
9924.811198  
10041.8108  
10030.34201  
10014.24723  
9893.563314  
9920.263147  
9936.741229  
9958.702673  
9951.101798  
9920.442907  
9870.847819  
9930.583279  
9970.731192  
9892.376537  
9883.762316  
9833.271502  
9918.984755  
9920.158818  
9928.712203  
9955.896936  
9970.92683  
9922.703016  
9935.498192  
9951.423105  
9928.079879  
9817.778103  
9834.495913  
9865.140354  
9977.223217  
9821.005751  
10184.48249  
10110.26505  
10132.67716  
10057.71593  
10182.94965  
10164.00977  
10061.77633  
9939.387026  
9816.599718  
9819.973181  
9965.320855  
10117.96824  
10011.04433  
9988.9494  
9837.65587  
9924.945674  
9958.601997  
10023.74971  
10019.61476  
9899.485514  
10141.369  
10091.7772  
10061.40513  
10074.40676  
10087.93124  
10069.80534  
10093.93811  
10116.63675  
10094.92643  
9963.888039  
9932.081416  
9905.09299  
9902.975116  
9994.880552  
10000.39744  
9933.556189  
9990.884928  
9919.649957  
9912.816786  
9941.152235  
10036.07556  
9842.378653  
9962.016746  
9938.456706  
10010.23347  
10024.6686  
10051.78067  
10037.31519  
9955.108362  
10024.32784  
9961.458171  
9970.925962  
9974.726002  
9946.642072  
9935.637062  
9874.721246  
9945.517488  
9919.61122  
10008.96202  
9969.022099  
9933.553349  
9887.724031  
9921.530961  
10021.61599  
9956.395309  
10160.74049  
10123.61393  
10038.18723  
9925.191623  
9942.857114  
10007.78154  
9973.765082  
9976.823278  
9894.464464  
9962.787417  
9870.59923  
9944.927752  
10038.18434  
10073.40639  
9806.206434  
10015.15616  
10000.04847  
9998.854565  
10045.67381  
10077.92542  
9982.71611  
9866.964229  
9935.439652  
9982.815629  
10079.16786  
10030.99477  
9984.95043  
9927.968985  
9874.808829  
9980.201823  
9969.492603  
9987.525445  
9984.79022  
9905.202944  
9893.022027  
9918.794036  
9935.359248  
9922.397588  
9834.859158  
9888.263527  
9952.129485  
9968.542824  
9935.116048  
10001.21676  
10053.75644  
10108.70226  
10086.8431  
10028.15882  
9950.413592  
9928.999674  
9902.892325  
9948.203903  
9908.347475  
9891.864023  
9965.771828  
9940.222276  
9965.082954  
9910.579644  
10051.90151  
10056.86637  
10016.68305  
9873.094311  
9962.077944  
9957.845992  
9938.356952  
9966.998499  
10092.94238  
10048.63536  
10049.86683  
10126.28328  
10066.33818  
10176.16243  
10030.54134  
9860.150517  
9931.073387  
9936.994683  
9975.679796  
10028.15245  
9994.61178  
9965.622287  
9915.368725  
10136.05689  
10090.63352  
9980.769242  
9915.988173  
9875.856047  
9721.50774  
10052.55149  
10078.91933  
10087.76801  
9975.732603  
10037.34892  
10042.44687  
10025.2366  
10033.52062  
9895.07581  
9867.531865  
10084.65034  
10036.46842  
10065.64562  
9946.731409  
10012.625  
9909.590965  
9970.922472  
9944.169325  
9984.728389  
9976.233706  
10012.77998  
10085.87287  
10064.06973  
9927.559353  
9963.647823  
9859.854854  
9878.814453  
9993.490542  
9985.788321  
9806.807147  
9800.131529  
9916.149107  
10060.70654  
10228.65596  
10040.10102  
9851.315267  
9930.244466  
9991.541269  
9882.769784  
10006.8554  
9993.826497  
9973.791757  
9879.692347  
9891.054434  
9886.074273  
9923.304507  
9908.709744  
10037.68231  
10001.48727  
9864.738281  
10023.21689  
10032.967  
9988.728787  
9943.89426  
9832.867676  
9852.510218  
9898.652127  
9945.695638  
9970.649613  
10011.5972  
10055.24025  
9973.157371  
9850.31411  
10104.93634  
9981.152886  
9978.153447  
9909.199617  
9981.242857  
10076.55921  
9934.368689  
10045.68699  
10011.89424  
9930.630534  
9988.48065  
10218.75919  
10114.713  
10012.41023  
9910.51378  
9955.460359  
10067.79767  
10029.26279  
9946.876555  
9921.508898  
9948.727828  
9876.378056  
10044.90187  
10008.73094  
9940.185384  
9920.259946  
9881.576389  
10003.99233  
9814.100966  
10049.01756  
9983.688657  
9931.311397  
9892.146629  
9984.416269  
10083.35681  
10036.16887  
9993.512153  
10024.65799  
9853.009277  
9943.631926  
10003.99906  
10009.56389  
10117.76978  
9998.641113  
9975.723579  
9935.169904  
9911.786603  
10011.75186  
9991.724139  
9874.976472  
10020.51995  
9911.058449  
10003.29279  
9990.285247  
9913.405454  
9993.660916  
9948.191569  
9893.15663  
9918.50217  
9944.975025  
9918.643645  
10071.72219  
9973.482133  
9932.230849  
9904.200521  
9940.815809  
9990.769676  
10079.50286  
10141.53121  
10026.42546  
9971.588071  
9861.095685  
10061.8184  
10172.13288  
10092.82614  
9985.559625  
9837.732711  
9930.330367  
9987.8193  
10047.65289  
10067.34154  
10024.7381  
9903.439996  
9934.175293  
10036.48054  
10002.26201  
10002.58984  
10013.25694  
10013.02465  
9890.88321  
9869.932436  
10173.31438  
10044.07342  
9866.87113  
9951.057491  
9819.195367  
9903.355089  
9922.69345  
10079.30194  
10140.86502  
9984.126393  
9917.67372  
9831.899504  
9866.091815  
9899.936071  
9875.505733  
9954.570909  
9893.250778  
9861.120931  
9958.061487  
10217.78183  
10246.165  
9972.233362  
9885.962619  
9897.186795  
9931.88236  
9975.270652  
9986.181008  
10100.86386  
10043.57527  
9841.013979  
9983.060402  
9948.907136  
9884.097982  
9990.051016  
9953.226273  
9869.821416  
10043.23128  
9939.785102  
10197.08901  
9868.17627  
9904.913918  
9990.319336  
9930.610352  
9780.391529  
9894.567347  
9949.716128  
10014.72416  
9987.813187  
9973.566316  
9958.561542  
9955.118453  
10093.2066  
10112.91479  
10026.63878  
9895.934172  
9978.678349  
9972.991934  
10094.73528  
9912.803621  
9964.604239  
9916.142831  
9677.42173  
9989.417933  
9970.488589  
9991.465748  
10031.90254  
9894.766583  
9977.557292  
9984.392343  
10079.72779  
9960.069969  
9974.637135  
10037.27875  
9841.023655  
9913.019441  
9985.061578  
10124.93956  
10051.7139  
9862.055122  
10028.71618  
10141.56246  
10050.10702  
10000.54436  
9960.808232  
9979.107476  
9911.205096  
9948.538267  
10049.57928  
10047.42565  
10004.73866  
9914.674244  
9877.161748  
9875.080078  
9935.088885  
10008.98193  
10101.87131  
10063.59389  
10002.80977  
9993.901295  
9971.204662  
10144.04398  
10112.44654  
9993.505462  
9878.359122  
10006.94578  
9947.880208  
9927.119249  
9970.885344  
9970.121311  
9956.562048  
9981.335359  
9976.915889  
10021.95294  
9947.902326  
9817.704897  
9829.428349  
9914.196361  
9926.026783  
9945.267144  
10181.86346  
10043.24456  
10033.04382  
9914.361202  
9943.138184  
10107.56691  
10041.79413  
10094.37225  
10141.4758  
9962.895074  
9914.624349  
10075.33482  
10154.0009  
10015.53362  
9831.073947  
9962.444173  
9908.291576  
9911.179235  
9897.754087  
9945.8293  
9940.716833  
9982.707718  
9910.256818  
9842.651096  
9858.555266  
10049.66591  
9964.495388  
9779.746799  
10065.2215  
9930.209943  
9974.594998  
9930.719998  
9898.197862  
9896.763111  
9974.559534  
9994.401801  
9947.754051  
9840.500977  
9910.154894  
9914.204698  
9913.550528  
9924.926306  
9969.938061  
9969.594094  
10082.56433  
9963.76935  
9880.30514  
9834.483851  
9968.481391  
9901.717665  
9939.168945  
10323.44918  
10168.96734  
9972.358489  
9990.996202  
9989.970992  
10117.85883  
10151.8725  
9987.851526  
9934.980885  
10042.20034  
9929.702221  
9920.074164  
9946.094274  
9902.856825  
9873.438947  
9921.671911  
9974.39218  
10001.10031  
9972.028103  
10116.16768  
10052.39185  
10139.1747  
10018.69224  
9936.195819  
9927.334346  
10026.92723  
9908.702528  
9961.826045  
9961.48584  
9951.345143  
9892.263383  
10082.75864  
10100.80653  
10023.70179  
9977.497052  
9958.722946  
9960.796531  
9899.310529  
10022.48604  
9873.337348  
9882.884096  
9810.08355  
9970.388256  
9976.553132  
10027.54367  
10045.25575  
10025.48289  
10111.85095  
10127.75351  
10096.02224  
9919.835359  
9866.191949  
9830.883626  
9909.74443  
9975.568685  
9986.737721  
9928.472674  
9935.056749  
9930.212511  
10030.67775  
9994.248915  
9924.793258  
9877.747758  
10000.97313  
10011.88755  
9946.578234  
10166.99913  
10055.50962  
9935.03588  
9883.500181  
9883.702836  
10003.36393  
9980.951063  
10134.86028  
10064.67003  
10008.80729  
9841.475984  
9925.392542  
9957.976237  
9823.122613  
10036.03284  
9987.353009  
10172.74609  
10091.53536  
9939.924099  
9870.813856  
9951.956651  
9990.145508  
9958.435041  
10023.95667  
9977.45128  
9951.821307  
9871.06429  
9980.790618  
10161.42513  
10031.99656  
9862.260453  
9889.660572  
9973.161675  
9977.548683  
10243.14012  
10190.80226  
9862.751067  
9888.62793  
9935.971481  
9994.148799  
10100.18135  
9996.432798  
9900.092032  
9923.29447  
9830.063043  
9974.561325  
9960.211878  
9893.026186  
9984.257577  
10057.17267  
10196.47953  
9954.134946  
9828.673955  
9875.476128  
9870.056062  
9891.960956  
10004.4075  
9986.519115  
9953.941786  
9878.417697  
9901.534053  
9828.826461  
9950.632451  
9982.575105  
9930.386755  
9935.960811  
10079.66106  
10034.33207  
10035.46671  
10068.9135  
9945.196958  
9940.352883  
10066.25796  
10009.62883  
9965.085449  
9988.075105  
9973.25633  
10008.95942  
10049.44231  
10080.91638  
10081.58257  
10055.57809  
10023.15213  
10027.94958  
9945.719889  
9991.608326  
9970.983001  
9908.507614  
10038.32679  
10146.25156  
9983.073079  
9831.570077  
9910.084075  
9886.517904  
9872.661675  
10066.00298  
9940.49906  
10012.36498  
9923.727322  
9887.089193  
9907.250543  
9976.575702  
10022.17802  
9938.14719  
9847.156521  
9958.249259  
9957.622233  
10033.48571  
9866.320837  
9917.443739  
9887.416667  
9996.986509  
9994.455404  
10040.96795  
9987.839229  
9889.330603  
9912.343352  
9958.819589  
9873.250344  
9917.609212  
9941.225676  
9898.718443  
9967.798846  
9936.002948  
9946.757686  
10066.40437  
10036.39059  
10069.19466  
10124.9205  
9985.748011  
9948.963704  
9870.97092  
9873.47593  
9860.587818  
9878.652235  
10191.98293  
10103.09201  
10041.76432  
9922.693649  
9822.964066  
9702.935872  
9775.76964  
9954.020001  
9908.042914  
9941.442781  
9946.301939  
10011.96381  
10130.84317  
10035.68461  
10079.62609  
10026.84283  
10142.80834  
10069.29944  
10041.76848  
9961.045428  
10013.55516  
9970.191008  
9935.822103  
9953.27577  
9916.241374  
9911.051053  
9918.358634  
9879.765806  
9982.115198  
10129.69698  
10058.86863  
9831.652868  
9858.69855  
9958.752188  
9880.717231  
9954.735514  
10037.92755  
9836.719582  
9965.306261  
10113.92835  
10000.97615  
9929.409776  
9924.997721  
9994.987522  
10109.37699  
9958.041305  
10056.97168  
9943.132722  
9938.87972  
9967.625145  
9959.45676  
10013.81369  
10012.93953  
10089.84751  
10005.07632  
10053.23721  
9935.080494  
10015.01883  
10007.24886  
10031.83648  
10115.97117  
10028.16063  
10078.06756  
10125.53668  
10087.85843  
9965.79579  
10071.6299  
9959.71875  
9880.918077  
9987.401458  
9964.237956  
9952.083351  
10010.18097  
10035.79188  
10088.97544  
9947.940104  
10006.37426  
9993.954753  
9854.119593  
9939.678783  
9959.364891  
10048.77054  
10048.35726  
10108.26534  
10045.98548  
9973.572519  
9994.017904  
9989.671803  
9934.502713  
9958.264721  
9934.297815  
10085.7273  
9889.100532  
10011.21103  
9675.330205  
9752.04456  
9909.419777  
10069.36335  
10117.70649  
10080.09096  
9927.966471  
9889.003599  
9985.24273  
10099.12836  
10050.80418  
10012.20866  
9882.402814  
9835.245226  
9958.477087  
9894.326136  
10022.07001  
9990.119538  
9962.013708  
9928.673846  
9912.437645  
9850.660373  
10071.66005  
10019.72363  
10019.69971  
9890.00387  
9916.678223  
9857.241066  
10048.48763  
9973.638925  
9860.769567  
9935.253581  
10070.06655  
10085.99837  
10102.84413  
9908.109574  
9966.555773  
9947.980433  
9900.692347  
10019.44913  
10030.61856  
9911.19779  
9999.126971  
9949.857747  
9938.433955  
10025.2551  
9942.972946  
9921.175582  
9894.570927  
9937.932653  
9883.635796  
10052.53695  
10067.80961  
9956.690357  
9953.35413  
9937.533257  
9788.9037  
9908.234465  
9958.770526  
10007.75429  
9906.906648  
9880.557473  
9905.566045  
10009.72488  
10057.97537  
10084.51646  
10088.53939  
10082.61784  
9837.01633  
10016.67674  
9945.680953  
10021.87106  
9912.163068  
10223.11263  
10062.8065  
9876.695475  
9928.927843  
9935.813874  
9940.070728  
9972.098145  
9989.104474  
9968.238589  
9895.71365  
9788.852177  
10174.59972  
10114.24418  
9913.512533  
9908.740126  
9964.846408  
9983.52644  
9975.296785  
9933.174533  
9934.238263  
10043.54026  
9945.06731  
9920.829499  
9990.758572  
9997.7534  
10010.33708  
10010.46651  
10012.63278  
10073.8395  
10021.55809  
9823.223054  
9818.455494  
9938.880335  
9995.943775  
10040.68934  
9997.051288  
9986.610243  
9956.614475  
9942.344112  
9997.239981  
10008.98087  
9988.941605  
10098.35167  
9898.583333  
9995.130968  
9912.25689  
9946.74868  
10024.60041  
10059.26743  
10088.0901  
10133.47128  
9964.795103  
10051.79709  
9874.245352  
9906.737232  
9885.481319  
9963.725441  
9818.200629  
9960.599175  
9908.324779  
10099.89674  
9835.071723  
9924.514992  
9819.336317  
9949.709256  
9926.449508  
10142.74347  
10079.43817  
9928.746238  
9936.058431  
9961.186487  
10019.02792  
10009.23155  
9997.883536  
10075.98343  
10057.06416  
10065.91692  
9943.416866  
9898.540437  
10020.22732  
9998.051053  
10058.25846  
10114.99345  
10068.92079  
9915.385037  
9889.893392  
9988.006167  
10034.89014  
10057.8367  
9919.264287  
9919.627387  
9989.897895  
9999.999711  
9825.622956  
10048.70443  
9931.374891  
9878.79673  
9934.843045  
9920.037797  
10156.00763  
10062.39746  
9999.183485  
9975.60489  
9906.335793  
9891.970595  
10002.10044  
9936.972674  
10041.49803  
10000.36457  
9922.62661  
9899.199327  
9889.832067  
9927.282245  
9933.223452  
9984.882505  
10085.91377  
10014.46759  
10003.98349  
9954.918294  
9947.672833  
9942.780997  
9959.857187  
10039.94282  
10007.75694  
9974.325177  
9951.692238  
9767.541775  
10026.82283  
9976.083225  
10112.57981  
10024.2013  
9975.482422  
9927.849501  
10070.52738  
10071.84984  
10052.38285  
9933.085992  
9958.813802  
9962.679507  
9862.377333  
9851.148781  
9944.691026  
9673.098579  
9967.164388  
9984.703053  
10207.75373  
9966.824056  
9937.84583  
10041.05259  
10097.9262  
10164.44998  
10043.73264  
9870.878346  
9777.289135  
9904.995587  
10111.18989  
10131.07852  
10015.32303  
9834.537381  
9829.600514  
9845.592683  
9974.579825  
10072.46466  
9947.041142  
9853.554597  
9979.703234  
10019.24555  
9979.334997  
9884.326805  
9937.010724  
10085.04123  
10070.72237  
9989.817057  
9797.094365  
9836.490017  
9937.506782  
10157.67701  
10126.91301  
10061.77937  
9924.064182  
