5987.730762  
5994.67036  
5985.273795  
5978.452396  
6005.683821  
5991.386045  
5970.343809  
5984.367022  
6009.634781  
5993.009791  
5989.643079  
5961.653456  
5999.064853  
5983.933513  
5998.111163  
5986.661193  
5997.632031  
6009.46391  
6006.286287  
6009.800555  
6006.774078  
5993.10977  
5992.979202  
5984.920687  
5987.564139  
5970.43484  
5985.100262  
5984.57495  
5996.130608  
5973.539793  
6001.487014  
5994.045362  
5983.009116  
6033.600974  
5976.23534  
5951.806202  
5975.362117  
5962.497446  
5986.332388  
5999.396506  
5987.023852  
6002.970583  
5995.57764  
6001.565887  
5986.122183  
5973.424324  
5957.998909  
5965.877827  
5981.942692  
5983.393225  
5959.086194  
5972.830198  
5956.775238  
6000.498726  
5954.629682  
5992.396322  
5966.242218  
5972.744853  
5995.290744  
5993.04142  
5996.594637  
6002.247055  
5958.943743  
5975.203641  
5976.00475  
5966.745681  
5984.13068  
5973.307654  
6001.907276  
5963.863712  
5985.44505  
5961.374034  
5951.900914  
5979.934959  
6005.095594  
5952.068983  
5992.740768  
5984.820967  
5992.305853  
5969.966343  
5998.756589  
5987.689859  
5978.089851  
5971.870141  
5976.318996  
6000.140379  
5990.921677  
5971.591842  
5984.395862  
5991.241268  
5983.382098  
5986.948413  
5977.015945  
5986.819451  
5973.25584  
6001.023185  
5983.669289  
5983.80495  
6015.189807  
6015.017734  
5990.497711  
5990.139512  
5989.617145  
5984.967233  
5971.064318  
6005.625836  
6021.611584  
6020.124898  
6020.739577  
6016.923017  
5993.882687  
6017.397146  
5996.174887  
6020.897219  
5975.996441  
5987.956872  
6013.730561  
5989.958246  
5980.409935  
5992.111984  
5992.563574  
6007.547767  
6006.335682  
6005.117523  
6000.376475  
6001.411144  
5978.180722  
5980.711582  
5994.887458  
5993.430418  
5971.613887  
6007.628381  
5994.386035  
5995.876785  
6001.405798  
5971.570701  
5981.924671  
5988.106132  
5983.634552  
5974.115034  
5951.078805  
6004.29981  
5983.174758  
5999.839483  
5995.782625  
6010.323089  
5991.263201  
6013.540795  
6004.260319  
5997.174093  
5988.625279  
5997.100832  
5999.571028  
6011.020336  
5996.191589  
5974.393676  
5992.292669  
5949.39339  
5975.25131  
5981.243901  
6003.481366  
5987.869179  
5983.93136  
5998.154434  
5960.968399  
5990.214127  
5993.633358  
5995.183377  
6018.629008  
5967.201142  
6027.442961  
5987.443913  
5981.424686  
5982.37537  
5988.48068  
6002.139662  
6002.656446  
5968.9997  
5973.813068  
5985.108134  
5972.491918  
5979.486511  
5981.334908  
5994.423832  
5985.134908  
5963.070157  
5993.442965  
6001.006053  
5992.295591  
6013.578398  
6013.139534  
5990.323326  
5989.711614  
5980.928039  
5962.793212  
6008.268646  
5988.364052  
6010.597081  
6013.596987  
6022.0494  
6021.834887  
6003.55088  
5989.152895  
6015.662815  
5990.32852  
5978.856892  
5995.970002  
6001.055632  
5999.428077  
6000.760663  
5983.312029  
5992.178354  
6008.086309  
6000.596956  
5986.677035  
6016.585445  
5984.697938  
5971.743299  
5986.710161  
5969.094562  
5986.839083  
5986.873976  
5987.009252  
5988.897628  
5989.30533  
5977.289905  
5983.6658  
5996.300781  
5959.280512  
5994.617927  
5972.601138  
5986.846958  
5981.92558  
5968.627436  
5954.693713  
6012.065783  
5976.114367  
5990.020142  
5996.389225  
5971.532407  
5971.593199  
5995.849982  
5987.448404  
6001.322968  
5992.286387  
6018.498783  
6005.710728  
6010.497183  
5978.897906  
5981.484757  
5997.216015  
6017.212858  
5994.391118  
5997.573864  
5974.951898  
5973.462779  
5985.739693  
5978.396597  
6014.547105  
5989.28309  
5971.623263  
5987.242154  
5999.06286  
5999.423104  
6001.918994  
5977.711855  
5983.218325  
5963.919269  
6012.874787  
5990.158184  
5992.377778  
5986.630185  
5968.45639  
5972.882917  
5994.947887  
5994.119484  
5994.133234  
5986.946776  
6001.505336  
6017.391418  
5993.374299  
5976.423571  
5996.717226  
5981.391443  
5983.224333  
5983.314353  
5994.429565  
5967.720714  
5987.338176  
6020.188693  
5970.106239  
5993.555324  
5972.781994  
5998.335555  
6005.000764  
6022.275534  
5986.432328  
5983.806427  
5993.309653  
5986.576637  
5976.856034  
5972.595879  
5986.754676  
6008.136989  
6003.323915  
6010.734181  
5997.331159  
6006.536322  
5961.617868  
5960.124783  
5974.911774  
5988.714601  
5970.672417  
5958.442649  
5988.279995  
5987.382485  
5986.762869  
5973.262433  
5980.30213  
5982.093395  
5924.228007  
5998.650589  
6018.459323  
6019.649112  
6010.473407  
6028.875813  
6001.389454  
5988.017898  
6004.617506  
6003.107651  
5992.173647  
6004.445215  
5997.012117  
5975.792676  
5998.93817  
5994.746831  
6006.346997  
5999.804949  
5988.356201  
6038.878396  
6010.866451  
6005.230962  
5955.801007  
5990.962731  
5986.380876  
5988.945573  
5991.901985  
5985.728568  
5980.548947  
5998.085607  
5984.808749  
5988.151393  
5955.316305  
5974.423409  
5988.145878  
5985.418886  
6014.290815  
5989.12463  
5987.574628  
5989.699759  
5996.802467  
5972.607877  
5996.011537  
5981.470531  
5984.562975  
5994.623748  
6015.568792  
6007.271255  
5989.488695  
5987.922424  
5997.135743  
5976.66675  
5995.376316  
5988.329444  
5982.655682  
5994.683219  
6000.766632  
6024.389899  
5984.533646  
6000.172664  
5992.469383  
5986.821946  
5991.763744  
6003.708526  
5979.975199  
5982.412929  
5965.804386  
5987.481959  
5968.898053  
5988.678304  
5991.920284  
5982.072789  
5996.737874  
5985.071897  
6021.634484  
5994.445904  
5975.416748  
5981.375725  
6014.465586  
6001.595304  
5992.533566  
5995.260493  
5993.669351  
5992.862648  
5994.070575  
5985.248686  
5996.724745  
5988.141988  
5968.132946  
5977.722782  
6003.291922  
5977.510591  
5973.955276  
6001.792059  
5986.903042  
5969.377514  
5974.544238  
5982.663051  
5986.576575  
5989.764838  
5972.512739  
5978.708363  
5969.183088  
5977.408127  
5988.152413  
5997.337261  
5994.281629  
6001.499665  
6012.735822  
5996.56886  
6005.825365  
5990.169841  
5983.009044  
5988.53587  
5972.780623  
6014.154061  
6004.204231  
5984.593235  
5985.712027  
5958.205183  
5976.180152  
6007.885455  
5986.081996  
5990.663839  
5999.918421  
6001.485028  
6008.786455  
5997.68043  
5992.466697  
5987.205318  
6013.750227  
5976.738537  
5941.193877  
6003.11743  
5994.28077  
5996.57268  
5994.54501  
5987.329178  
6003.737827  
5995.035945  
5977.701326  
6007.535068  
5997.29301  
5970.22383  
6011.92651  
6029.381933  
5977.829461  
5982.317366  
6005.949388  
6000.140154  
5974.543449  
5999.574033  
5996.454253  
5975.736002  
5967.805736  
6003.182885  
6022.052688  
6008.480062  
6000.561322  
5991.918614  
5984.330417  
5977.996451  
5993.172819  
5967.467013  
5959.479278  
5974.431398  
5978.59489  
5996.356395  
5981.572907  
6001.717748  
6017.412288  
5996.979608  
5975.035029  
5978.172826  
5998.941743  
5995.609229  
5986.199459  
6006.917351  
5988.210501  
5966.811438  
5966.296504  
5989.694289  
5993.986654  
5986.470255  
5994.252799  
5981.388022  
5968.242782  
5988.696653  
5989.883359  
5975.909998  
5994.002363  
6000.643006  
5987.657912  
5993.48295  
5986.848641  
6001.175488  
5992.05697  
5999.142528  
5988.931145  
6012.758274  
5994.763745  
5982.923912  
5988.296392  
5963.323964  
5985.587955  
5993.734427  
5993.019017  
5984.9057  
5990.371933  
5998.440804  
6014.226154  
6001.728138  
5984.234134  
5984.185487  
5995.782221  
5996.338171  
6005.944864  
5999.43826  
6012.364755  
6000.36197  
5979.088487  
5981.726989  
5996.685131  
5997.366292  
5951.408182  
5967.855423  
6000.073234  
5979.223755  
5989.87288  
6007.024587  
6006.333797  
6013.69168  
6023.606403  
5990.998252  
5984.963127  
5985.596857  
5975.478723  
5967.240635  
5951.85553  
5993.513241  
5991.134059  
5962.664172  
5971.198727  
5951.175568  
5975.068509  
5989.125007  
5982.867217  
5971.775648  
5979.745624  
5963.101085  
5967.523313  
5988.770991  
5978.628436  
5990.160956  
6006.950709  
6010.06653  
5993.34776  
5998.815581  
6023.896379  
5987.175794  
5979.980265  
5989.081574  
5991.946998  
6002.793259  
5999.144283  
6024.184286  
5999.854293  
6024.925943  
5984.881748  
5993.625316  
5981.015458  
6004.719272  
5989.84515  
6019.367824  
5973.05435  
5990.034193  
6017.225661  
6014.111032  
6009.930253  
6007.330425  
6010.103886  
6001.53631  
5986.104486  
5997.568695  
5987.632531  
5987.537528  
5991.104203  
5977.30505  
6002.617206  
5989.443407  
5981.323334  
5972.737165  
6000.566538  
5973.040107  
6000.682186  
5988.534178  
6000.094704  
6012.1153  
5990.107978  
6003.775133  
5989.941276  
5960.202169  
5969.876807  
5979.749259  
5985.847873  
5959.659494  
5971.709093  
5985.952341  
5977.631856  
5976.576079  
5998.319651  
5983.545735  
5987.531059  
5988.565764  
5997.079384  
5966.988325  
5985.331615  
5964.959837  
5961.395945  
5975.544299  
5977.90162  
5989.01963  
5972.438996  
5986.290757  
5978.394798  
5977.937164  
5978.821686  
5997.757215  
5985.110955  
6027.224288  
6011.96041  
5987.299822  
6024.130154  
6018.713778  
6016.768171  
6025.056868  
5980.39678  
5983.29861  
5994.103249  
5951.304008  
5958.496798  
5957.018111  
5986.345569  
5994.729236  
5963.714731  
5961.099274  
5978.255726  
5970.490176  
5997.098154  
6002.59133  
6022.32204  
6037.217875  
5992.558925  
5989.572423  
5990.99986  
5991.411715  
6001.61338  
5991.323245  
6029.732786  
6046.51983  
6036.237408  
5970.399998  
5982.771574  
5990.361529  
5983.61949  
5990.506281  
5964.583223  
5995.592288  
5995.286271  
5976.458815  
5949.261023  
5955.430815  
5980.392793  
5995.163898  
5967.455012  
5986.27775  
5975.155651  
5980.710935  
6009.69874  
5991.028179  
6004.387995  
5994.454747  
5994.827377  
6000.876623  
5982.285969  
6005.789259  
5994.454319  
5987.691977  
5992.916346  
5990.874242  
5986.142649  
5981.883862  
5976.551137  
5964.970296  
5978.538679  
5997.176492  
5982.452494  
5992.87544  
6000.853223  
5995.81195  
5988.651018  
5989.084283  
5974.911659  
5995.585561  
5985.315862  
5985.892025  
5991.883039  
5991.022157  
5996.906509  
6023.363388  
6010.11961  
5998.270372  
6030.804034  
5970.990668  
5983.7469  
5984.294423  
5990.618476  
5984.470292  
5984.552768  
5982.175626  
5954.511359  
6002.111714  
6004.235274  
6018.672832  
5991.95595  
5989.759841  
5993.358411  
5993.418935  
5983.066698  
5983.54691  
5976.326239  
5985.312071  
5976.306622  
5991.569265  
5984.834225  
5991.26828  
5977.805251  
5970.669496  
5982.918845  
5985.373656  
6020.858046  
6024.053015  
6011.301854  
5987.173926  
6009.804937  
5983.42155  
5959.674876  
5988.59914  
5957.824788  
6003.280532  
5962.435404  
5977.741003  
5977.750634  
5966.543554  
5984.112851  
5969.707719  
5998.403169  
5988.468399  
5991.254782  
5995.010312  
5997.884961  
5985.688621  
5998.78631  
6002.322351  
5992.392075  
6005.951328  
5994.556235  
5994.914751  
6000.308827  
6001.894294  
5991.662144  
5993.807607  
5998.873256  
5967.838414  
5979.184026  
5987.493808  
5981.596496  
5977.861712  
6002.524685  
6012.382017  
5992.224916  
5996.1944  
5987.554757  
5962.93354  
6026.817506  
6018.234646  
5970.921052  
5974.660597  
5988.313806  
5991.80567  
5980.408271  
5988.893042  
5974.989692  
5993.524342  
6000.098654  
6003.200381  
6000.072217  
5992.648104  
5988.071928  
5982.141751  
5994.489391  
5966.104599  
5993.028149  
5983.085591  
5985.054165  
5982.795462  
5957.193976  
5988.617171  
5992.126932  
5985.637309  
5984.546887  
5987.149714  
5997.367138  
5989.426726  
6000.713713  
5966.35261  
6005.429727  
6034.840721  
5976.846083  
5981.459522  
5979.822191  
5995.754071  
5987.411625  
6038.265754  
6015.644625  
5996.919395  
5993.715946  
5991.335536  
5969.778423  
6038.876605  
5988.857112  
5981.012795  
6000.282953  
5979.339411  
5986.518001  
5971.831673  
5956.389422  
5973.476956  
5969.683906  
5947.350677  
5986.044162  
6012.511816  
6013.988376  
6018.823205  
5986.555247  
6004.515637  
5989.726974  
6003.93568  
5968.493831  
6002.9538  
5973.048904  
5988.118397  
5975.687827  
5978.996646  
5962.486503  
5998.840943  
5998.616367  
6000.067951  
6022.507871  
6013.887762  
5985.752873  
5983.731513  
6005.283643  
6008.896821  
6009.611291  
5991.650679  
5984.334814  
5931.339317  
5976.412497  
5989.066145  
5982.934774  
5978.619596  
5976.11301  
6000.916546  
5999.68754  
5992.265442  
5975.364711  
5977.243093  
5970.523686  
5975.648235  
6009.803764  
6000.068337  
5967.979076  
5995.934738  
5979.997078  
5980.646258  
5990.672541  
5992.20648  
5996.238711  
5982.09072  
5992.709138  
5982.355309  
5977.942698  
5994.536592  
5977.294811  
5989.664804  
5966.58768  
5983.971358  
6001.755493  
5977.193197  
6005.184555  
5985.498469  
5972.798654  
5999.300457  
5984.387546  
6015.381905  
5984.893651  
5942.119149  
6002.078599  
5989.330406  
5974.880674  
5984.929992  
5981.502218  
6015.140698  
5993.50052  
6015.037382  
5990.027211  
6005.662303  
5977.33658  
6010.442131  
6015.871608  
5999.344816  
6012.773438  
6000.064406  
5978.861118  
6021.112567  
6016.17656  
6002.076208  
6006.938742  
6001.619281  
6004.124042  
6017.734116  
5993.61194  
5995.690208  
6006.697938  
6004.099494  
5986.729068  
5993.253066  
5964.18657  
6012.893059  
5964.338055  
5947.566745  
5921.973602  
5966.169122  
5979.709773  
6006.685877  
5986.795386  
5992.042379  
5961.038879  
5990.792731  
5978.48764  
5985.457173  
5958.856455  
6014.9307  
5980.095191  
6025.477381  
5978.275792  
6040.65657  
6000.380539  
6000.949495  
5987.714139  
5972.834946  
5987.793819  
5993.858495  
5988.503208  
5985.230746  
6008.967219  
5996.734611  
6004.473984  
5977.699382  
5978.220924  
6003.535185  
6002.451311  
5975.45047  
6042.565992  
6040.944902  
6016.756208  
5993.330528  
5972.763297  
5936.294204  
5931.13383  
5965.669847  
5963.220698  
5957.610135  
5970.412838  
5978.415644  
5950.7504  
5954.431312  
5970.021092  
6003.041347  
6006.93494  
6009.654203  
5991.214741  
5989.106557  
5999.833103  
5995.265871  
6008.064679  
5989.447797  
5980.614273  
5948.321781  
5997.156727  
5978.621181  
5970.707919  
5985.081432  
5973.259701  
6012.045462  
5999.326901  
6001.723488  
6014.629829  
5984.764384  
5993.941095  
6015.683924  
6007.327212  
5984.613732  
6002.171477  
6022.734372  
5995.897134  
5997.546664  
5999.663256  
5989.912759  
5999.979836  
5984.327892  
5981.553196  
5999.405018  
5997.883738  
6024.38124  
6009.703743  
5971.769653  
5974.954596  
5975.221703  
5973.839004  
5956.92685  
5974.576813  
6012.925513  
5993.976075  
5988.754056  
5956.957403  
6008.261935  
6013.078471  
6015.247889  
5987.213898  
5971.510067  
5973.398608  
5987.526617  
5996.799539  
5978.007099  
5994.442331  
5979.927432  
6039.319834  
5973.775099  
5999.133009  
5993.327843  
6007.035767  
5975.665966  
5984.873804  
5931.56927  
6000.929887  
6013.186079  
5993.686623  
5981.841214  
5982.847812  
5996.277977  
6004.840549  
6001.333288  
5996.901219  
6017.950285  
6004.231493  
6004.041942  
6023.993734  
6033.152637  
6018.623649  
5978.361534  
5987.573725  
5950.788151  
5966.528997  
5963.61348  
5982.923627  
5971.787345  
5981.388872  
5988.74319  
6019.060983  
6004.752307  
6019.4727  
5988.40594  
5945.169842  
6002.680004  
5971.699221  
5978.871537  
5956.707767  
5955.303313  
5981.473966  
6001.100645  
5994.054445  
5968.625851  
5983.098679  
5987.089456  
5967.236282  
5970.082761  
5985.305969  
5961.848962  
5983.995701  
5984.842105  
5957.137632  
5958.08766  
5978.13085  
5997.634286  
6000.288378  
6039.445862  
6038.630452  
6016.704639  
6014.365484  
5992.674093  
5999.945503  
6021.196428  
6007.048032  
5987.194986  
6018.853282  
6008.421738  
5972.50224  
5974.704318  
5982.073458  
5986.512242  
5985.810695  
5988.238782  
5982.109365  
5989.27454  
5989.219205  
5991.84643  
5985.347369  
5991.245638  
5983.363526  
5979.326583  
5981.007968  
6001.428492  
5987.693608  
5991.447256  
5980.138706  
6004.369733  
5969.15209  
6024.383803  
5990.197226  
5999.642217  
5985.738057  
5991.00192  
6013.149446  
5974.269182  
5989.538564  
6015.273664  
6009.547746  
5978.880608  
6004.458739  
5990.498178  
5954.960787  
6004.779342  
5994.499525  
5994.877515  
5997.054363  
6012.582154  
6004.572869  
5952.115539  
5969.088825  
5961.39138  
5983.842291  
5997.630887  
5986.12915  
5990.896476  
5990.572834  
5977.652548  
5971.907546  
5980.767051  
5976.393736  
5986.466618  
6001.558179  
5977.29371  
6024.166915  
6011.050524  
5996.400642  
5995.807488  
5964.283824  
5993.852036  
5982.17163  
6020.968471  
5996.364804  
5952.150005  
5994.614271  
5991.900311  
5977.168013  
5978.625007  
5971.440426  
6005.888161  
6002.333996  
5990.212578  
5986.395822  
5977.075109  
5994.421057  
5972.698802  
6007.549925  
6030.29259  
6020.967345  
6006.549142  
5987.330331  
5980.271883  
6000.16906  
5997.93381  
5997.659152  
5950.695681  
5992.97079  
6004.321312  
6030.234317  
6012.115894  
5978.444761  
5974.404269  
5982.099802  
5981.979703  
6007.882533  
6004.550249  
5993.457137  
5973.784885  
6025.094368  
5971.729673  
5976.513467  
5998.338453  
5978.117292  
5980.505924  
6003.538504  
5989.463643  
5968.515865  
5982.703371  
5956.586666  
5981.90505  
5989.054387  
5990.834286  
6010.639855  
5983.260093  
5968.840744  
5974.279749  
5985.92983  
5992.930803  
5990.401681  
5982.106992  
5990.145625  
5988.879209  
5972.913099  
5926.431735  
6025.99525  
5982.715486  
6014.916419  
5974.799017  
5981.43458  
5995.303856  
6009.47283  
6024.768493  
6004.682228  
5990.9866  
6006.126298  
5993.50705  
5969.026833  
5973.117669  
5977.848532  
5999.11293  
5995.739369  
5947.493929  
5986.316313  
5988.494838  
6007.553082  
5992.791502  
5986.868449  
6004.052372  
5984.636102  
5983.161915  
5978.655199  
5978.082801  
5969.147539  
5980.898601  
6007.672124  
5999.014516  
5992.749367  
6015.942534  
5985.193694  
5974.590576  
5980.461585  
5987.407303  
5962.759143  
5992.064502  
5986.091996  
6002.054556  
5992.023978  
6028.750633  
6016.640138  
5990.634726  
5970.446484  
5980.071306  
5956.914266  
5977.740027  
6004.308162  
5982.323355  
5990.487595  
5994.698321  
6011.307191  
5979.639255  
6015.012812  
6023.923481  
6027.441179  
5987.533603  
5999.328008  
5968.25936  
5981.314571  
5966.343632  
5996.95122  
6040.063036  
6058.117039  
6024.178575  
6000.560527  
5955.909403  
5955.049805  
5954.992354  
5964.436744  
5936.196639  
5956.930692  
5959.21372  
5976.66544  
5974.813059  
5995.010887  
6001.34764  
6008.338657  
5993.443426  
5988.800774  
6007.824739  
6028.92725  
6024.403604  
6017.515845  
5986.883682  
6000.333095  
6008.110151  
5979.839787  
5961.469719  
5990.142835  
6006.565497  
6000.181005  
6005.340886  
5980.356629  
5973.454049  
5976.190425  
5983.535111  
5973.761598  
5945.775865  
6019.810013  
5993.785635  
5980.108811  
5988.605501  
5996.440404  
5973.543609  
6007.969876  
6009.232108  
6008.521372  
6021.040022  
5963.68245  
5976.598503  
5995.361971  
6009.464718  
5996.987836  
5984.696197  
5990.55451  
5981.64542  
5991.910942  
6002.183186  
6001.116842  
5975.606441  
6010.77803  
5961.457729  
5993.380138  
5971.431596  
5996.555026  
5961.206642  
6007.589671  
5991.552061  
5978.063389  
5958.839852  
5983.020459  
5983.607769  
5991.969252  
5985.132331  
6010.554566  
6020.810007  
6007.523748  
6024.204119  
6011.911817  
5999.661954  
6000.178417  
5995.3233  
6002.262031  
6018.767593  
6014.095173  
5991.466511  
5992.989393  
5988.208508  
5956.880367  
5976.714709  
5955.405949  
5978.083721  
5976.399727  
5991.56186  
5996.693369  
5977.831264  
5981.285508  
6002.942979  
5977.052695  
5995.834325  
6001.807979  
5997.488363  
5989.521873  
6013.951236  
6010.290498  
5991.171674  
5955.013517  
5960.881839  
5974.978649  
5970.753631  
5967.760407  
6013.337686  
6018.978222  
5982.447959  
5958.961429  
5986.27276  
5980.160785  
6004.265465  
5994.896462  
5973.71347  
5909.9527  
6012.304836  
5933.26654  
5972.065408  
5974.524171  
5995.286525  
6025.404276  
5998.838836  
6018.46407  
6018.963118  
5990.186104  
5974.315073  
5982.355852  
5982.958802  
5987.636941  
5983.897225  
5987.122897  
5995.437942  
5990.862661  
5984.754421  
6000.396992  
5992.286128  
6002.662426  
5989.550882  
5992.528465  
5990.623156  
6003.19313  
5987.576103  
5983.90187  
6007.255348  
5945.894973  
6010.087091  
5963.778476  
6006.054438  
5991.722071  
5965.836288  
5972.751971  
5967.964386  
6006.578295  
6011.04763  
6015.911317  
6027.061352  
5947.93611  
5995.857673  
5994.813534  
5992.357131  
5994.121413  
5997.634312  
6012.829786  
6002.591337  
5971.867893  
5990.903983  
5981.692105  
5968.880771  
5964.063995  
5991.432193  
5997.845086  
5918.164202  
5988.207307  
5990.772076  
5987.575686  
5993.96311  
6000.571716  
5977.639487  
5983.159801  
5979.326987  
5973.895856  
5994.822564  
6016.66954  
6017.392883  
6007.287469  
5979.323013  
6006.603029  
5992.157004  
5988.994655  
5993.113147  
5983.294252  
6004.059351  
5989.20976  
5979.160036  
5967.027178  
5991.796982  
6025.686229  
6002.30316  
6008.06552  
5999.361161  
6000.099616  
5999.519809  
6011.596804  
5999.610983  
6014.794081  
5958.97424  
5991.684899  
5974.038661  
6004.28965  
5977.145929  
6002.117479  
5992.834566  
6027.181015  
6005.023068  
6008.627174  
6006.148286  
5985.454539  
5991.014355  
5962.72979  
5977.316752  
5967.328748  
5948.692443  
5959.857905  
5969.077142  
5966.528786  
5953.808482  
5956.458936  
5969.570648  
5983.008202  
5960.71278  
6001.226233  
6004.082478  
5991.779283  
5978.96343  
6021.095559  
5981.008579  
6022.435463  
6000.870255  
5996.549568  
6003.942065  
6015.127025  
6006.931514  
6000.288847  
5998.54748  
6014.318781  
5982.33493  
5979.227641  
5998.20124  
6007.648273  
5990.371798  
6007.44964  
6005.037261  
6017.929097  
5996.529946  
5956.953039  
6026.151486  
5965.553864  
5982.423465  
5993.593898  
5974.404777  
5974.822879  
5994.91575  
5997.512018  
5978.137964  
5986.196807  
5980.937559  
5978.484167  
5990.491536  
5993.121525  
5979.748116  
6005.543026  
6010.569691  
5966.038498  
5986.926359  
6001.690739  
5993.006932  
6009.661904  
6011.072809  
5993.794412  
6007.221673  
5966.277599  
5995.07493  
5991.474191  
5998.14328  
6006.364158  
5981.632886  
6017.411439  
5996.173124  
5975.57633  
5993.453758  
5952.368517  
5976.941959  
6003.739792  
5997.950587  
5977.036888  
5991.869895  
6020.743693  
5988.866556  
5967.26622  
5972.538069  
5993.522989  
5982.624684  
5961.072251  
6003.777687  
5934.925241  
5990.074786  
5969.690479  
5972.157692  
5992.484543  
5977.256306  
6009.63826  
5980.527977  
6018.797966  
6016.246934  
6006.048775  
5996.202624  
5993.84473  
5972.559703  
6037.245828  
5985.035985  
6002.354617  
5967.842992  
6006.187535  
5982.430794  
6002.743373  
5990.887001  
5993.65861  
6033.368146  
5987.83062  
6003.419484  
5982.60892  
5983.076933  
5987.483685  
5955.901053  
5986.206689  
5979.366819  
5998.263288  
6002.643742  
6033.348191  
5927.688821  
5996.706349  
5969.510102  
