5861.105389  
5879.414182  
5859.095576  
5856.227685  
5882.925806  
5867.786853  
5850.276322  
5862.562195  
5880.778344  
5868.116459  
5866.382755  
5838.860185  
5890.78309  
5863.591192  
5874.17094  
5864.401124  
5876.455885  
5892.404972  
5881.973149  
5888.970748  
5881.626835  
5868.19933  
5875.3317  
5867.679405  
5868.275429  
5846.85111  
5860.435473  
5864.194316  
5872.927112  
5849.230584  
5879.177044  
5872.620849  
5855.065022  
5926.285966  
5848.801101  
5828.797992  
5851.173849  
5836.008042  
5859.013153  
5871.4784  
5861.232721  
5879.909261  
5869.135467  
5874.827793  
5858.809797  
5846.249412  
5829.301986  
5842.699846  
5858.247143  
5858.538251  
5834.693899  
5847.616167  
5830.141992  
5889.47847  
5829.311732  
5875.054946  
5842.314062  
5844.158424  
5866.65523  
5871.551707  
5871.293308  
5879.803608  
5837.474772  
5850.532985  
5855.954539  
5844.834903  
5860.875868  
5852.073796  
5892.6374  
5842.007031  
5864.154059  
5840.967965  
5831.438941  
5857.025366  
5886.439861  
5833.857665  
5871.985372  
5862.746775  
5866.053109  
5850.85189  
5873.125641  
5862.475666  
5853.559907  
5843.661576  
5847.951266  
5871.578036  
5868.083336  
5851.577678  
5857.570089  
5867.763965  
5861.521729  
5860.128199  
5854.57072  
5860.914541  
5850.315857  
5877.578183  
5862.466377  
5858.718749  
5894.162707  
5886.632705  
5867.340749  
5866.56554  
5860.918909  
5862.681976  
5840.605042  
5883.725567  
5895.49426  
5895.527091  
5891.657836  
5889.183881  
5862.461865  
5894.011673  
5873.010716  
5895.041959  
5855.251975  
5877.633255  
5888.615257  
5863.797126  
5857.253619  
5869.311239  
5867.724051  
5885.769588  
5885.081798  
5877.322241  
5875.620658  
5872.676334  
5852.05187  
5859.211393  
5869.418405  
5871.031702  
5856.189271  
5883.889756  
5870.688883  
5872.298009  
5876.668113  
5854.096445  
5859.990378  
5865.757676  
5859.287162  
5851.353912  
5838.287275  
5881.037197  
5863.180869  
5875.158697  
5872.665974  
5890.911493  
5862.194908  
5892.294763  
5874.612548  
5873.636652  
5865.213817  
5872.068681  
5872.308261  
5900.713459  
5874.60019  
5849.288986  
5870.92031  
5830.620756  
5857.150591  
5854.424088  
5879.855769  
5862.567399  
5870.064013  
5877.087465  
5837.254517  
5866.403948  
5871.438552  
5871.403283  
5891.270307  
5844.577612  
5924.259903  
5869.444386  
5861.076205  
5861.112451  
5865.842059  
5881.261549  
5880.684782  
5849.37141  
5852.14256  
5858.30955  
5847.261732  
5858.741668  
5854.384469  
5867.618531  
5864.851551  
5836.927181  
5870.751678  
5877.456677  
5872.380636  
5883.630548  
5887.931138  
5881.847868  
5871.289379  
5860.163364  
5843.252218  
5885.579482  
5863.481866  
5886.988948  
5887.051806  
5896.271045  
5896.734247  
5876.87354  
5875.428249  
5888.768446  
5863.238369  
5856.118387  
5868.258671  
5875.9218  
5875.11063  
5880.433769  
5861.809472  
5865.120838  
5886.790597  
5879.818922  
5860.361001  
5890.671192  
5859.643767  
5854.301369  
5865.672857  
5852.590889  
5869.805317  
5866.744282  
5860.660436  
5871.11306  
5868.760686  
5859.395129  
5862.990484  
5876.955606  
5839.301498  
5873.81143  
5850.284397  
5864.295641  
5860.263127  
5846.587445  
5831.39674  
5892.448898  
5850.009756  
5869.124376  
5876.609669  
5847.91957  
5864.121657  
5869.990534  
5865.709737  
5881.802485  
5866.658296  
5893.573781  
5883.262715  
5883.653657  
5854.804772  
5865.148064  
5876.929501  
5894.520602  
5873.19368  
5879.060394  
5854.780609  
5853.251455  
5866.509075  
5851.854158  
5893.268592  
5863.062499  
5846.667421  
5860.379297  
5871.909399  
5871.128203  
5879.191189  
5852.94455  
5858.511918  
5838.570965  
5900.524648  
5868.391815  
5872.886914  
5868.21585  
5844.579602  
5851.366783  
5874.710994  
5869.643676  
5867.472085  
5861.515288  
5879.414321  
5892.490488  
5871.242347  
5857.933763  
5874.54276  
5854.974787  
5860.462807  
5860.214713  
5876.905098  
5849.61853  
5868.482224  
5897.576546  
5850.43769  
5871.363524  
5852.183651  
5871.237438  
5879.749977  
5906.327709  
5868.602875  
5860.280796  
5878.742756  
5865.067025  
5858.442885  
5856.26907  
5860.796749  
5887.801797  
5881.084571  
5887.689501  
5874.518509  
5887.113071  
5844.579073  
5843.764928  
5857.095096  
5869.361258  
5854.965134  
5840.549714  
5872.126157  
5869.456513  
5868.086764  
5855.785887  
5856.337654  
5879.512746  
5789.13168  
5875.005033  
5890.564687  
5890.418365  
5885.017985  
5895.887044  
5880.728907  
5863.141376  
5879.089806  
5877.110163  
5866.849879  
5871.886948  
5865.915476  
5846.676339  
5872.764465  
5866.818767  
5879.927892  
5868.994269  
5860.358781  
5938.992031  
5879.593079  
5882.399281  
5838.300943  
5867.658701  
5868.769427  
5862.433445  
5868.963701  
5860.752049  
5861.490599  
5882.480354  
5866.449783  
5866.980856  
5835.611829  
5853.541115  
5860.533394  
5862.742502  
5884.785353  
5865.2211  
5883.601957  
5863.377173  
5872.641644  
5849.262266  
5875.291799  
5857.916831  
5860.116994  
5871.794999  
5895.077874  
5886.3387  
5864.504224  
5862.720821  
5870.19321  
5851.637147  
5865.580637  
5863.759161  
5858.431535  
5872.582199  
5875.990956  
5903.069664  
5862.499212  
5874.183981  
5873.327729  
5862.964665  
5864.169045  
5875.872121  
5854.769427  
5858.553611  
5842.58826  
5867.102361  
5844.208967  
5864.874374  
5866.371636  
5855.712818  
5876.707324  
5864.369625  
5899.156472  
5873.717709  
5846.028766  
5855.523079  
5886.671877  
5874.280387  
5865.026867  
5870.059042  
5868.483361  
5889.001372  
5875.59213  
5866.224531  
5876.947199  
5865.249404  
5849.188499  
5856.247871  
5877.940965  
5853.080281  
5853.394116  
5881.21628  
5866.644344  
5850.648271  
5850.31236  
5865.131317  
5864.474848  
5867.639724  
5854.500174  
5861.465478  
5848.753503  
5857.731774  
5868.882604  
5878.397694  
5870.085436  
5893.40715  
5883.346441  
5876.382297  
5879.878654  
5866.841243  
5865.276162  
5872.131065  
5853.438984  
5892.270096  
5884.399032  
5862.102584  
5866.897525  
5842.531094  
5852.225635  
5887.318016  
5865.938917  
5868.076823  
5873.601794  
5882.036697  
5885.009787  
5872.780988  
5867.31667  
5865.377479  
5887.660515  
5850.602414  
5834.912259  
5877.01494  
5865.61572  
5874.452494  
5870.399488  
5868.305249  
5878.188521  
5875.406381  
5854.245885  
5878.241957  
5874.876738  
5850.613521  
5890.28677  
5905.427464  
5856.391989  
5861.412378  
5883.18894  
5872.69568  
5867.713088  
5877.191124  
5868.613882  
5855.79272  
5850.82121  
5880.433342  
5895.28003  
5884.571327  
5880.932093  
5862.453482  
5858.01072  
5854.550701  
5872.15068  
5848.077094  
5836.25828  
5853.419166  
5854.514114  
5870.802961  
5855.647592  
5873.020445  
5886.248327  
5876.0076  
5854.985146  
5852.835054  
5872.910272  
5880.30835  
5869.369119  
5885.860134  
5864.922452  
5847.601536  
5846.267762  
5863.371208  
5871.819598  
5864.256359  
5874.941805  
5860.83844  
5848.028891  
5866.571302  
5867.22995  
5851.854194  
5870.200424  
5876.691766  
5868.888395  
5873.538247  
5864.552322  
5875.99854  
5863.627174  
5873.846494  
5866.353689  
5895.782808  
5866.374925  
5858.154091  
5865.831332  
5845.851439  
5861.884159  
5865.199391  
5872.231459  
5857.673947  
5866.130594  
5871.998724  
5892.505742  
5880.697727  
5860.044894  
5865.519896  
5874.117093  
5871.928656  
5882.882714  
5875.836756  
5885.536125  
5876.590439  
5859.894191  
5857.159161  
5869.62603  
5877.94291  
5829.951967  
5870.516332  
5878.768727  
5861.683174  
5869.57415  
5886.889664  
5885.030782  
5893.020694  
5902.639401  
5866.55344  
5863.382108  
5867.549514  
5854.702493  
5847.301568  
5833.974322  
5869.353611  
5867.735135  
5842.946672  
5853.908892  
5832.809579  
5850.822222  
5869.791881  
5859.386805  
5863.165411  
5857.354056  
5836.716269  
5847.975135  
5863.69558  
5855.485907  
5864.662285  
5881.768764  
5891.551246  
5867.091242  
5875.082489  
5898.757209  
5861.66236  
5858.299578  
5871.100332  
5869.820761  
5877.213764  
5869.651541  
5895.873549  
5878.659653  
5902.358795  
5858.758283  
5870.544725  
5879.698086  
5886.583197  
5866.505153  
5898.394768  
5849.293441  
5868.261164  
5895.910738  
5887.477034  
5886.845093  
5878.064673  
5887.980331  
5874.358807  
5867.701586  
5878.737205  
5862.681482  
5866.72598  
5861.120256  
5852.927741  
5879.472049  
5870.509073  
5859.920018  
5854.72504  
5876.545724  
5853.834872  
5873.646733  
5870.693153  
5872.741382  
5891.229896  
5867.658172  
5882.342468  
5872.640371  
5842.855594  
5849.381545  
5860.217217  
5865.40584  
5835.550245  
5853.701043  
5864.120267  
5851.28159  
5855.328188  
5875.402888  
5869.077482  
5868.718684  
5866.893355  
5876.26725  
5842.11953  
5864.971835  
5843.852391  
5841.949131  
5858.358624  
5861.021629  
5862.678922  
5849.040595  
5865.304494  
5857.672069  
5854.428836  
5852.690035  
5877.314395  
5858.074998  
5897.884942  
5884.961871  
5861.114479  
5898.460838  
5890.7252  
5878.549546  
5896.884487  
5876.858671  
5856.148014  
5870.899046  
5827.554145  
5838.235761  
5839.51839  
5860.534625  
5871.227097  
5845.961089  
5843.291095  
5860.348071  
5847.672844  
5875.633321  
5875.707975  
5921.161861  
5907.635513  
5874.553993  
5869.260656  
5874.945893  
5868.690678  
5880.960121  
5867.991614  
5909.127487  
5920.969479  
5914.729846  
5840.05553  
5863.006907  
5870.203083  
5860.038422  
5873.818949  
5846.13621  
5873.280576  
5875.003639  
5851.567503  
5828.368153  
5834.821403  
5859.563623  
5871.020631  
5843.258671  
5860.308875  
5853.265464  
5858.215513  
5883.052253  
5866.387374  
5879.040463  
5868.725886  
5868.981215  
5870.440325  
5856.596157  
5877.931757  
5870.86592  
5865.957181  
5868.727327  
5866.709558  
5862.569633  
5859.414179  
5852.357155  
5843.867575  
5852.696393  
5876.82574  
5852.823892  
5869.192088  
5881.952216  
5871.429277  
5862.963101  
5869.935656  
5854.986721  
5873.69383  
5861.540757  
5870.288563  
5867.234715  
5867.815053  
5878.242912  
5894.517606  
5880.382401  
5876.286547  
5907.116251  
5846.287288  
5865.955484  
5861.773926  
5868.499766  
5864.46225  
5867.228191  
5860.676135  
5834.476436  
5877.898437  
5878.465478  
5893.640256  
5866.832139  
5869.703626  
5871.571021  
5867.767358  
5860.64841  
5861.779393  
5856.127285  
5862.512459  
5855.94622  
5870.655364  
5884.405294  
5872.887478  
5859.531131  
5844.229968  
5859.989403  
5864.002225  
5897.948337  
5900.855154  
5889.665869  
5862.418364  
5883.040385  
5861.649416  
5836.18539  
5866.280084  
5839.124804  
5881.076858  
5839.156413  
5861.881447  
5854.978693  
5842.283019  
5860.837831  
5848.180771  
5872.9518  
5863.592864  
5871.759271  
5867.94645  
5873.292442  
5859.585485  
5869.873694  
5882.639238  
5868.468505  
5877.447355  
5873.228335  
5875.079613  
5872.832253  
5873.708319  
5876.777441  
5874.786238  
5882.594552  
5847.164699  
5855.83434  
5864.144804  
5861.61116  
5853.866082  
5885.279574  
5891.052628  
5870.203511  
5876.074023  
5864.46809  
5843.014725  
5904.742669  
5895.025644  
5850.099643  
5855.223993  
5860.551311  
5871.154006  
5856.528368  
5871.179906  
5849.7593  
5874.113549  
5875.549921  
5881.613783  
5870.825327  
5870.29074  
5865.512866  
5867.101766  
5876.197987  
5847.204415  
5871.868998  
5862.475936  
5862.986921  
5870.364886  
5836.839436  
5864.863176  
5870.177103  
5864.649508  
5866.672142  
5862.450045  
5868.857104  
5867.43871  
5878.890492  
5844.317287  
5874.433638  
5900.170812  
5846.811612  
5854.136584  
5857.740273  
5872.272928  
5865.32281  
5910.319688  
5888.047232  
5871.729124  
5865.961845  
5864.399303  
5876.359771  
5915.372904  
5866.670316  
5859.376105  
5879.686945  
5854.414581  
5858.826845  
5852.613142  
5834.816771  
5854.366935  
5847.544068  
5829.387783  
5863.673299  
5889.92026  
5892.856473  
5892.913465  
5859.112898  
5881.275916  
5865.224738  
5883.865823  
5847.009071  
5883.327095  
5884.405019  
5857.611877  
5850.458558  
5856.286804  
5839.56285  
5874.670675  
5872.064876  
5872.874928  
5895.582426  
5889.871327  
5863.150871  
5865.950809  
5885.124465  
5886.511779  
5889.490762  
5871.510141  
5863.84798  
5807.221211  
5856.034787  
5867.419581  
5859.863201  
5854.757074  
5852.594055  
5874.46015  
5866.983052  
5885.982812  
5852.678193  
5853.403766  
5849.405626  
5852.652561  
5885.140761  
5877.989361  
5841.865913  
5871.457237  
5854.237923  
5861.053345  
5868.900385  
5870.168146  
5874.39439  
5860.676385  
5869.897842  
5861.647041  
5856.053962  
5867.271613  
5854.985384  
5863.834439  
5842.094522  
5862.880998  
5876.386741  
5882.260638  
5882.672536  
5861.286541  
5855.239224  
5874.673357  
5857.095784  
5891.292367  
5860.034903  
5853.697989  
5878.298984  
5866.462475  
5853.08675  
5862.581293  
5855.061857  
5892.23534  
5864.824282  
5889.09469  
5868.831146  
5879.228171  
5856.968812  
5885.767346  
5888.636257  
5876.205783  
5894.457535  
5872.688402  
5851.822024  
5897.350165  
5896.312812  
5875.997595  
5879.161172  
5872.760523  
5878.726537  
5893.449759  
5868.736536  
5872.86211  
5883.24438  
5874.195214  
5862.295197  
5870.453775  
5871.981538  
5885.199852  
5845.132344  
5829.304237  
5803.829293  
5845.179247  
5857.530188  
5879.159414  
5862.07551  
5869.594068  
5839.660414  
5873.348277  
5850.699823  
5863.950908  
5833.519973  
5886.964885  
5851.780675  
5904.085453  
5853.939952  
5911.340358  
5870.127332  
5875.024492  
5866.389782  
5853.896143  
5866.936437  
5868.170982  
5862.844701  
5863.739399  
5880.538656  
5872.132002  
5878.549485  
5853.747455  
5853.866963  
5878.397606  
5883.013672  
5845.553084  
5945.293685  
5924.181453  
5897.533509  
5875.626592  
5857.588005  
5823.112278  
5816.930327  
5848.164283  
5851.040737  
5835.53243  
5850.037261  
5862.91675  
5830.210941  
5835.811521  
5850.385622  
5885.151623  
5882.850222  
5879.472567  
5874.791863  
5863.438422  
5883.786189  
5873.284149  
5891.033663  
5866.219967  
5862.706689  
5868.773867  
5867.628181  
5857.782988  
5846.911682  
5864.356877  
5846.92491  
5882.896311  
5870.236183  
5871.556211  
5884.473859  
5855.933418  
5869.136359  
5885.071317  
5879.706309  
5857.940048  
5868.405795  
5900.739563  
5874.892044  
5872.327569  
5874.513685  
5863.904677  
5869.180803  
5860.344762  
5862.34506  
5880.009739  
5873.125765  
5894.026699  
5884.116475  
5855.038994  
5855.831942  
5856.209328  
5855.806373  
5840.834819  
5853.501627  
5884.100126  
5868.302973  
5872.021588  
5833.846838  
5875.18943  
5887.813465  
5890.964644  
5868.50088  
5852.097859  
5853.288666  
5864.705369  
5870.643916  
5855.427204  
5867.882835  
5855.953638  
5907.200433  
5844.795143  
5868.834151  
5870.788298  
5881.000342  
5854.273218  
5860.757711  
5839.610519  
5873.403581  
5882.240878  
5864.319632  
5855.285513  
5857.000869  
5870.517338  
5875.282666  
5881.684755  
5870.190322  
5893.564147  
5881.178489  
5882.606845  
5888.308591  
5899.014348  
5889.99186  
5885.191752  
5868.356645  
5834.350543  
5849.786238  
5847.850874  
5863.198899  
5850.175949  
5864.50072  
5864.986321  
5886.735967  
5873.295769  
5891.96208  
5866.608651  
5857.900497  
5878.526179  
5851.410538  
5861.651091  
5837.279618  
5839.537578  
5863.547927  
5879.475064  
5877.729097  
5850.181052  
5862.956328  
5868.445564  
5848.771507  
5853.499966  
5859.29024  
5846.583863  
5862.946256  
5866.575192  
5837.841067  
5837.625637  
5855.08496  
5876.154149  
5873.615305  
5901.388992  
5906.895828  
5887.056007  
5886.657788  
5870.35673  
5879.301724  
5891.542946  
5886.772822  
5858.227677  
5893.790877  
5882.138374  
5853.02073  
5854.78233  
5858.514481  
5862.635157  
5861.543718  
5868.054685  
5862.786622  
5866.637658  
5865.492581  
5872.688573  
5870.831534  
5871.456601  
5861.655744  
5858.383512  
5858.286992  
5875.558669  
5864.379069  
5865.857833  
5859.50814  
5879.648099  
5870.469941  
5897.261932  
5865.748959  
5872.099065  
5857.977391  
5868.829822  
5887.235088  
5854.522224  
5863.283189  
5888.358732  
5884.80951  
5887.511319  
5876.862589  
5861.789366  
5831.013156  
5883.031457  
5869.900819  
5874.455594  
5872.450174  
5889.75318  
5883.266126  
5833.778646  
5848.060039  
5843.758256  
5862.298924  
5872.998433  
5862.885609  
5871.053371  
5867.136665  
5858.324569  
5848.523245  
5861.614503  
5855.607121  
5867.048607  
5880.797161  
5851.705948  
5900.921424  
5885.565738  
5871.50086  
5867.884223  
5837.100647  
5869.128004  
5856.729708  
5890.838162  
5872.728328  
5862.976732  
5874.452911  
5872.753733  
5857.718579  
5849.901485  
5848.661064  
5882.286913  
5880.542789  
5864.941457  
5862.617571  
5852.782846  
5866.390251  
5848.443415  
5877.009792  
5897.463628  
5893.728704  
5881.958165  
5865.343102  
5853.577442  
5875.076945  
5873.859436  
5876.848574  
5827.813022  
5869.734244  
5884.00397  
5898.606542  
5886.208743  
5852.470919  
5854.272687  
5866.823613  
5862.737001  
5882.496655  
5885.692972  
5875.615016  
5892.743268  
5905.739568  
5845.597242  
5853.097994  
5877.350188  
5857.943464  
5851.484688  
5880.772739  
5866.979988  
5845.247935  
5861.586182  
5840.399471  
5864.778407  
5869.085783  
5864.736265  
5889.622424  
5858.619174  
5847.580986  
5853.692242  
5862.346234  
5868.403723  
5866.932732  
5857.800746  
5862.194595  
5864.31169  
5851.291034  
5837.645734  
5902.067099  
5861.347891  
5891.777992  
5850.380228  
5860.609841  
5865.726849  
5884.226739  
5898.734638  
5877.270713  
5866.851484  
5881.335027  
5869.590923  
5843.950195  
5849.62052  
5852.154854  
5871.16965  
5870.293002  
5826.419528  
5856.548129  
5863.910949  
5878.899444  
5867.076633  
5864.670528  
5880.543145  
5893.865428  
5865.834095  
5855.231359  
5854.371774  
5848.405229  
5862.497594  
5881.848635  
5873.209088  
5871.149985  
5890.095485  
5858.615974  
5853.448691  
5855.689042  
5861.962781  
5837.545007  
5869.878439  
5863.435881  
5876.651837  
5867.517595  
5901.947097  
5890.9148  
5872.597135  
5846.485329  
5848.790573  
5840.193257  
5867.240724  
5880.693253  
5859.539405  
5865.5339  
5870.932667  
5882.511152  
5853.089122  
5888.347214  
5894.580665  
5896.7362  
5859.179422  
5871.539188  
5845.884763  
5859.387294  
5847.681611  
5867.454033  
5910.543982  
5935.225125  
5901.560054  
5881.527169  
5839.70549  
5868.215261  
5842.632251  
5850.488332  
5819.739447  
5843.111231  
5839.190536  
5857.160981  
5850.887255  
5875.502192  
5876.902316  
5882.954  
5860.507134  
5861.280241  
5882.715946  
5908.615206  
5898.00763  
5890.862704  
5867.584029  
5875.503701  
5878.207858  
5854.246824  
5838.308951  
5868.925149  
5881.945554  
5877.475706  
5878.204056  
5857.889091  
5846.144906  
5851.666422  
5859.834617  
5849.385563  
5835.110333  
5887.69689  
5870.061829  
5853.923714  
5868.637182  
5874.865337  
5847.898836  
5879.87454  
5884.826826  
5886.191686  
5896.357529  
5844.848676  
5858.516249  
5875.965438  
5888.125484  
5876.528629  
5868.123858  
5868.494868  
5861.927814  
5870.67371  
5878.262529  
5875.672759  
5852.765996  
5887.837308  
5838.791533  
5866.159208  
5852.123613  
5873.849724  
5845.715766  
5882.945851  
5869.204014  
5854.793613  
5835.88386  
5865.542106  
5859.747461  
5868.367452  
5864.95459  
5885.454018  
5893.489571  
5888.978979  
5898.879267  
5887.784071  
5873.670883  
5878.93946  
5872.322046  
5876.525885  
5896.100668  
5891.087387  
5871.76662  
5870.442917  
5865.587934  
5832.79451  
5857.830429  
5839.480286  
5856.855197  
5864.498422  
5869.8219  
5877.972461  
5855.113041  
5864.688539  
5883.679197  
5855.764447  
5874.744168  
5876.601112  
5877.437104  
5867.841582  
5885.972764  
5888.493769  
5877.295643  
5843.287081  
5847.471161  
5855.309757  
5852.191893  
5843.727055  
5889.420857  
5896.626856  
5854.837317  
5836.434638  
5863.105343  
5860.536017  
5881.271552  
5867.570754  
5856.618669  
5823.679983  
5900.401605  
5815.222586  
5859.535889  
5854.542697  
5881.356937  
5904.646588  
5879.678142  
5890.484473  
5895.631072  
5865.127153  
5848.355721  
5861.564359  
5861.986978  
5866.176693  
5858.378527  
5868.606565  
5865.396676  
5864.140658  
5857.674711  
5878.246918  
5864.209013  
5881.435822  
5871.671424  
5869.090186  
5865.986187  
5878.646067  
5858.44745  
5858.649006  
5879.941324  
5824.89211  
5883.496044  
5842.885519  
5882.381085  
5866.943243  
5844.870941  
5847.118446  
5843.547224  
5882.929349  
5888.713834  
5889.449  
5898.077469  
5861.645892  
5878.541502  
5876.575029  
5872.930834  
5870.151138  
5871.963253  
5884.088227  
5881.164881  
5852.159354  
5869.321965  
5860.473685  
5846.329161  
5841.365099  
5865.63451  
5871.875096  
5833.780634  
5869.279979  
5859.731943  
5855.05803  
5861.48589  
5872.041728  
5853.214915  
5856.26332  
5854.251418  
5848.643838  
5877.243578  
5898.474679  
5891.782603  
5887.130883  
5847.929867  
5875.672497  
5864.209866  
5860.075022  
5867.445543  
5858.628087  
5878.94799  
5863.950253  
5851.617957  
5843.130218  
5865.157485  
5897.577214  
5880.473818  
5879.334578  
5876.226972  
5876.334814  
5875.945798  
5884.021628  
5875.335778  
5891.637362  
5878.991197  
5867.490381  
5859.27277  
5880.33162  
5850.332771  
5876.912429  
5869.818079  
5906.695052  
5880.767337  
5888.736173  
5884.626161  
5862.956804  
5869.877321  
5845.266687  
5857.574876  
5846.372603  
5862.084838  
5837.369665  
5842.193419  
5842.486424  
5833.413665  
5835.057376  
5848.668757  
5859.178516  
5834.051234  
5879.473971  
5881.166007  
5868.438714  
5852.396239  
5901.468316  
5859.154724  
5901.464258  
5877.231529  
5869.194294  
5880.823879  
5890.740331  
5879.833372  
5876.763887  
5871.030761  
5892.808884  
5856.732268  
5855.760225  
5869.673865  
5889.061281  
5862.221264  
5883.978155  
5880.37867  
5891.122839  
5870.976922  
5869.615838  
5904.568086  
5842.043819  
5861.277978  
5870.514782  
5856.23268  
5851.013104  
5873.858911  
5864.313236  
5854.971621  
5863.140695  
5854.132431  
5857.702111  
5865.037471  
5869.608411  
5854.163608  
5878.243142  
5887.171166  
5836.572307  
5858.94999  
5876.189907  
5867.455449  
5881.940873  
5882.067947  
5867.245025  
5877.773217  
5844.909132  
5867.172579  
5866.525278  
5872.891299  
5881.155801  
5854.986696  
5890.567311  
5870.523083  
5878.767228  
5874.759838  
5831.885382  
5856.393176  
5883.154035  
5879.226312  
5853.462483  
5871.162315  
5896.330639  
5863.536148  
5844.046016  
5851.825513  
5870.951442  
5862.23436  
5841.827749  
5879.11369  
5818.788928  
5867.133547  
5847.862061  
5854.058046  
5869.787578  
5849.922894  
5885.65933  
5853.44252  
5892.460052  
5891.720833  
5886.052082  
5875.006246  
5868.279641  
5845.076174  
5909.339768  
5856.64724  
5875.890327  
5848.621932  
5883.690514  
5859.031255  
5880.589047  
5870.424917  
5873.614022  
5908.26075  
5865.854069  
5877.781201  
5866.804595  
5863.040932  
5867.480265  
5832.718299  
5862.203352  
5860.629385  
5873.313626  
5878.780626  
5899.807916  
5834.944842  
5865.276771  
5847.401574  
