9675.18002  
9610.631845  
9609.996766  
9651.691116  
9637.893936  
9630.446972  
9580.534865  
9672.122764  
9614.874874  
9632.339705  
9626.523792  
9656.486523  
9620.06832  
9630.801326  
9633.501207  
9661.080332  
9637.411611  
9568.132595  
9636.191174  
9570.335208  
9574.251633  
9645.283907  
9666.693999  
9628.646623  
9592.104316  
9668.792471  
9622.721723  
9620.211873  
9657.782017  
9665.337994  
9713.266248  
9577.387678  
9617.408041  
9605.886112  
9623.028337  
9542.999423  
9571.847305  
9648.844543  
9681.809746  
9662.473839  
9597.407534  
9669.817079  
9668.006992  
9624.741338  
9586.277677  
9588.97589  
9630.849666  
9581.483872  
9605.755832  
9567.080534  
9586.856903  
9643.390003  
9602.928917  
9584.297727  
9575.696572  
9638.765112  
9617.462471  
9621.523748  
9596.53843  
9652.242549  
9692.155535  
9696.531558  
9668.348781  
9639.106339  
9641.119269  
9685.454664  
9615.99273  
9653.770177  
9576.915671  
9501.84296  
9505.18127  
9509.681301  
9589.749687  
9638.670637  
9605.341206  
9515.547794  
9627.042225  
9614.066532  
9568.490505  
9553.355775  
9592.242197  
9678.222877  
9610.530112  
9611.306163  
9606.715111  
9613.832548  
9590.587746  
9575.646681  
9562.232323  
9621.178234  
9601.297808  
9583.18449  
9643.49  
9662.790464  
9660.090968  
9627.379512  
9661.836737  
9678.027119  
9717.34128  
9686.139069  
9657.11308  
9651.697782  
9695.94459  
9684.910291  
9672.237193  
9581.71772  
9588.602548  
9525.706695  
9602.266771  
9636.766054  
9646.345297  
9625.389555  
9624.785246  
9615.009421  
9573.612773  
9635.68756  
9637.348518  
9632.216517  
9643.209862  
9585.993486  
9588.946821  
9600.996299  
9668.20053  
9662.773938  
9730.870132  
9660.495461  
9683.726343  
9614.279621  
9668.991873  
9627.194421  
9624.03356  
9664.829225  
9698.110871  
9676.752095  
9679.003791  
9726.655644  
9646.41589  
9669.699503  
9617.510975  
9574.883598  
9596.604516  
9606.767869  
9596.177312  
9636.926553  
9683.214467  
9684.362256  
9742.861216  
9673.966086  
9654.020241  
9643.195994  
9595.385454  
9645.797576  
9661.654644  
9641.60909  
9553.873365  
9617.685113  
9663.806143  
9688.261323  
9646.895243  
9612.846499  
9649.744841  
9573.391653  
9615.38675  
9595.066068  
9601.283526  
9655.35435  
9684.128843  
9640.250541  
9556.235958  
9587.480377  
9537.564051  
9514.023548  
9557.035885  
9630.890393  
9650.000765  
9633.056149  
9654.508441  
9667.714813  
9689.067798  
9636.672118  
9599.252144  
9651.088372  
9657.740261  
9679.783457  
9644.894599  
9626.276929  
9583.568136  
9628.346526  
9628.607982  
9672.400659  
9674.727909  
9671.591625  
9656.019575  
9636.235872  
9646.829468  
9586.186935  
9627.097293  
9601.635064  
9637.516672  
9654.873887  
9679.414989  
9721.452294  
9648.372899  
9634.499825  
9605.176305  
9585.555305  
9655.429945  
9646.116684  
9703.684576  
9622.405554  
9661.05944  
9625.331062  
9676.902056  
9628.171891  
9610.003189  
9665.250827  
9638.270066  
9620.083496  
9621.636216  
9645.578852  
9662.522801  
9579.928597  
9584.884318  
9597.473176  
9642.752714  
9586.055219  
9561.124447  
9572.982129  
9595.385833  
9623.563201  
9606.978443  
9575.238527  
9536.012136  
9552.100628  
9479.18661  
9718.911359  
9690.306139  
9680.803195  
9700.366172  
9551.546546  
9500.3077  
9514.936604  
9500.17251  
9521.32711  
9531.44728  
9501.689938  
9560.993273  
9584.011726  
9619.612367  
9603.87016  
9620.790126  
9624.050734  
9672.740895  
9695.499115  
9647.103395  
9666.500188  
9675.135516  
9697.726531  
9668.538722  
9707.380471  
9680.262358  
9658.348015  
9703.367539  
9688.846734  
9696.520152  
9711.43304  
9706.68556  
9629.567494  
9627.106396  
9630.859377  
9620.936707  
9680.151406  
9648.677163  
9626.849662  
9543.109271  
9644.265509  
9625.582577  
9666.720783  
9698.27057  
9633.654071  
9682.731965  
9673.390672  
9643.324729  
9631.676642  
9633.256652  
9651.990765  
9630.740041  
9659.078124  
9609.387755  
9620.045133  
9631.484538  
9593.282553  
9577.812938  
9542.349143  
9558.475779  
9633.342329  
9677.562959  
9685.141523  
9626.332007  
9636.394732  
9597.106693  
9627.688041  
9680.299019  
9630.556766  
9634.322153  
9593.941974  
9595.850634  
9641.39093  
9624.310452  
9678.898217  
9700.746665  
9715.361172  
9694.712452  
9673.056591  
9621.691135  
9637.242147  
9637.562778  
9715.836865  
9690.038579  
9695.655546  
9725.074107  
9752.728829  
9700.243769  
9817.996862  
9759.697599  
9633.363425  
9732.64689  
9632.482278  
9542.614121  
9528.550092  
9427.774363  
9449.830479  
9459.557524  
9489.485948  
9559.484783  
9559.149863  
9593.537453  
9610.475354  
9585.244327  
9543.392382  
9553.591393  
9574.526285  
9603.380965  
9643.464025  
9650.801857  
9656.954027  
9604.236872  
9621.897715  
9640.47858  
9690.286744  
9359.023848  
9602.480235  
9953.540262  
9419.056843  
9932.665145  
9847.1049  
9723.333918  
9646.875757  
9673.550603  
9724.771725  
9686.984644  
9581.803017  
9653.505044  
9680.62838  
9571.767456  
9563.26713  
9485.839927  
9468.784189  
9489.937988  
9474.514978  
9524.316418  
9568.632809  
9637.359941  
9618.235261  
9590.235688  
9662.774612  
9706.917539  
9665.564256  
9618.742106  
9654.950314  
9685.852556  
9669.635682  
9579.034034  
9560.992063  
9658.193966  
9673.991869  
9602.623772  
9604.406657  
9640.922766  
9778.474962  
9765.580966  
9682.701565  
9672.482226  
9623.530389  
9620.492706  
9614.441336  
9693.676369  
9594.905471  
9598.787346  
9616.786041  
9691.763878  
9594.728525  
9550.155244  
9620.128021  
9565.686874  
9571.633648  
9551.923958  
9548.142849  
9583.693424  
9589.684313  
9592.842617  
9621.040032  
9594.294909  
9541.153916  
9552.411726  
9587.727559  
9582.7031  
9616.353465  
9625.275095  
9728.239138  
9843.231563  
9739.317736  
9648.71774  
9677.046452  
9592.569343  
9497.325004  
9459.072044  
9470.32986  
9460.444702  
9450.877038  
9452.27793  
9518.808747  
9585.915188  
9496.628564  
9576.235996  
9508.472483  
9566.24529  
9580.348625  
9659.571211  
9724.314274  
9625.558924  
9674.156922  
9646.235317  
9552.781485  
9740.239541  
9790.858794  
9753.9202  
9727.671295  
9638.130216  
9530.544191  
9583.038112  
9681.801572  
9678.493057  
9648.076297  
9578.01901  
9590.453694  
9682.412552  
9713.700643  
9748.780412  
9723.251542  
9656.258913  
9639.218628  
9618.92146  
9607.139174  
9612.06395  
9665.000136  
9700.578562  
9637.889809  
9649.371168  
9628.401855  
9682.176729  
9658.963508  
9618.810452  
9696.817371  
9684.877468  
9664.19173  
9644.267963  
9718.902422  
9685.464211  
9652.418036  
9658.33707  
9694.84785  
9666.798357  
9657.332743  
9713.608143  
9640.714542  
9638.853935  
9617.767176  
9661.339835  
9732.949425  
9674.433367  
9634.560832  
9661.163487  
9666.789561  
9587.750214  
9552.878784  
9561.855136  
9585.140293  
9603.856014  
9636.221426  
9676.02607  
9660.945216  
9679.28033  
9615.656893  
9597.520134  
9581.145671  
9636.673334  
9677.227398  
9674.61858  
9709.047862  
9699.802251  
9622.424796  
9607.504204  
9575.18547  
9598.497871  
9608.441165  
9663.875255  
9653.493856  
9611.842355  
9632.68892  
9650.919971  
9618.879612  
9593.062062  
9626.6953  
9662.496015  
9678.932464  
9669.947627  
9616.002945  
9606.611773  
9693.321414  
9686.849286  
9707.479496  
9645.240944  
9644.23277  
9667.122051  
9628.562953  
9648.744562  
9605.355718  
9590.80118  
9577.8454  
9602.539999  
9597.139579  
9558.004417  
9511.185934  
9519.567863  
9513.11382  
9562.990976  
9570.556069  
9618.679561  
9571.232071  
9537.058545  
9570.820693  
9612.684651  
9658.386052  
9590.823566  
9632.364663  
9631.423965  
9559.12241  
9586.04311  
9597.156057  
9590.496694  
9517.927897  
9521.054013  
9569.014749  
9581.486252  
9679.418517  
9638.214701  
9688.346189  
9671.689402  
9667.891556  
9646.414538  
9672.729161  
9683.660134  
9682.794536  
9700.09475  
9702.628259  
9718.776219  
9816.246248  
9762.924164  
9669.120218  
9597.219399  
9591.228212  
9612.60229  
9629.9686  
9757.981056  
9749.842046  
9768.782939  
9702.796993  
9670.27744  
9545.225269  
9607.430265  
9591.265774  
9545.478334  
9604.433817  
9620.169962  
9551.2022  
9546.30949  
9644.382955  
9679.523825  
9614.997113  
9596.592036  
9554.729457  
9589.18599  
9620.375455  
9642.266306  
9669.606786  
9624.644988  
9623.990486  
9679.507542  
9725.004616  
9720.753353  
9702.767492  
9630.579881  
9619.181514  
9653.339998  
9624.243584  
9746.221897  
9758.696099  
9742.32672  
9698.802718  
9715.682415  
9612.684039  
9583.01766  
9462.244381  
9490.158027  
9570.467002  
9606.496433  
9609.814387  
9576.776503  
9539.838399  
9635.849248  
9509.299252  
9508.935162  
9588.229874  
9584.550615  
9633.245589  
9659.582631  
9643.802714  
9558.110127  
9568.642687  
9645.25388  
9611.444454  
9338.140663  
9658.830436  
9629.571406  
9638.641881  
9638.452056  
9630.635763  
9614.269474  
9646.348548  
9582.842944  
9664.314188  
9699.340795  
9647.685608  
9646.556735  
9634.804258  
9648.419664  
9599.020028  
9658.886655  
9692.596665  
9644.073913  
9660.246618  
9621.11094  
9585.36424  
9600.648521  
9592.406409  
9542.282045  
9465.650321  
9632.433522  
9608.625826  
9598.567591  
9592.816083  
9649.637669  
9707.853979  
9765.242895  
9759.06575  
9788.603864  
9785.867672  
9738.882841  
9646.642981  
9595.204629  
9702.193914  
9618.998587  
9673.087009  
9545.683579  
9674.906795  
9632.631802  
9579.961157  
9655.132239  
9691.854851  
9719.034974  
9650.852911  
9664.628062  
9516.34459  
9585.922313  
9667.181106  
9728.359756  
9708.577287  
9652.113313  
9733.262323  
9673.392263  
9570.25481  
9610.540583  
9681.719828  
9654.78537  
9788.620094  
9691.068238  
9613.763297  
9628.970838  
9640.541959  
9633.944139  
9638.676119  
9690.1929  
9701.447022  
9671.323293  
9598.405544  
9527.130039  
9632.359162  
9422.017261  
9433.577278  
9656.526823  
9607.670204  
9721.877608  
9707.250673  
9526.992145  
9586.46443  
9510.616636  
9240.541142  
9451.16046  
9432.013215  
9446.154936  
9484.819208  
9469.198927  
9479.721503  
9575.068492  
9596.844935  
9593.268382  
9656.435322  
9695.925392  
9730.731359  
9701.21509  
9676.844822  
9738.273965  
9717.17318  
9700.448838  
9704.661181  
9670.958673  
9748.919909  
9780.947599  
9726.881575  
9703.067588  
9707.966018  
9683.031584  
9676.111397  
9710.524923  
9694.052636  
9712.221393  
9623.445681  
9644.631993  
9649.587061  
9661.078496  
9700.807774  
9667.291592  
9693.155668  
9677.992308  
9716.111813  
9684.001361  
9628.870922  
9626.454248  
9632.17793  
9563.445448  
9518.549994  
9553.62458  
9566.175464  
9602.421256  
9591.760108  
9598.526749  
9520.260915  
9548.70138  
9543.443295  
9548.7895  
9567.33944  
9604.644076  
9605.828365  
9547.800062  
9555.80242  
9598.695771  
9668.287983  
9602.735616  
9667.113163  
9570.493125  
9594.252347  
9508.712104  
9578.209672  
9622.069333  
9622.867129  
9631.206186  
9628.211892  
9665.5749  
9738.31905  
9683.947909  
9719.735864  
9675.197828  
9637.404656  
9617.290567  
9618.280677  
9541.443859  
9498.281697  
9581.75053  
9537.83657  
9600.547954  
9585.911965  
9594.508553  
9586.76134  
9588.765787  
9623.928246  
9573.204025  
9636.281565  
9618.338289  
9568.689519  
9617.305332  
9636.620493  
9709.240541  
9735.049763  
9692.712432  
9678.573008  
9698.097303  
9738.190373  
9696.438225  
9722.020813  
9598.885536  
9662.976021  
9674.786147  
9650.564687  
9576.238668  
9679.550779  
9693.882  
9662.604037  
9686.744411  
9703.393382  
9746.435244  
9744.925664  
9602.428264  
9602.223789  
9613.603919  
9613.921134  
9537.041992  
9596.791739  
9612.406355  
9547.723494  
9704.256247  
9622.350775  
9613.733926  
9446.091231  
9587.523091  
9607.675768  
9531.878496  
9710.559001  
9662.577356  
9629.441464  
9633.4409  
9623.219826  
9586.920534  
9591.820191  
9695.342056  
9694.591587  
9666.792477  
9649.336899  
9655.41046  
9579.496142  
9642.35668  
9648.497267  
9579.123768  
9629.25225  
9640.703467  
9767.419212  
9713.928081  
9574.773994  
9652.399248  
9610.909394  
9597.501269  
9538.604534  
9421.722269  
9421.408586  
9410.315109  
9427.937307  
9488.065775  
9527.851515  
9423.010934  
9572.015892  
9615.070044  
9626.415764  
9647.010613  
9572.111665  
9607.049127  
9669.416205  
9710.864995  
9745.910326  
9696.069793  
9718.155501  
9648.059475  
9673.660806  
9711.190716  
9736.928319  
9725.878033  
9696.365677  
9690.403381  
9708.718501  
9573.523885  
9585.142858  
9527.249987  
9624.237156  
9616.631724  
9555.028066  
9585.515111  
9676.741481  
9723.537593  
9632.073672  
9472.58814  
9655.134162  
9508.983827  
9739.608904  
9689.015027  
9596.267207  
9619.127872  
9643.620099  
9667.481368  
9537.625116  
9824.78846  
9747.582883  
9702.483212  
9659.31526  
9564.902782  
9728.754077  
9684.078186  
9660.575418  
9649.056273  
9600.869943  
9632.954157  
9580.406441  
9580.219945  
9579.957544  
9641.416527  
9647.149351  
9625.314042  
9663.266654  
9718.479625  
9584.935752  
9506.066403  
9772.607368  
9881.331946  
9781.15119  
9761.286459  
9714.195536  
9633.070174  
9665.88204  
9639.114202  
9555.008075  
9526.536511  
9533.387845  
9558.950895  
9560.396032  
9476.1869  
9593.988492  
9556.514016  
9620.328025  
9620.621802  
9635.396001  
9697.852329  
9627.5333  
9594.826804  
9621.177644  
9563.332742  
9601.781229  
9554.162237  
9507.273102  
9688.714345  
9700.60743  
9695.65165  
9521.970712  
9602.926088  
9580.017437  
9580.073386  
9600.539779  
9638.125803  
9685.230872  
9702.172203  
9672.759914  
9594.818487  
9622.414027  
9539.685946  
9633.503543  
9543.408414  
9691.083693  
9657.25821  
9651.985832  
9680.2438  
9669.024241  
9667.581371  
9585.827152  
9633.998157  
9625.119078  
9612.265252  
9608.035254  
9630.563172  
9594.479609  
9591.994933  
9627.756773  
9607.085983  
9635.989733  
9677.899757  
9669.573842  
9606.222479  
9632.536959  
9599.287739  
9522.022066  
9531.004753  
9544.765289  
9524.901276  
9542.275131  
9572.428804  
9602.961183  
9631.16151  
9572.748781  
9555.975028  
9627.200396  
9628.180187  
9675.412083  
9599.686827  
9542.528427  
9630.177594  
9555.609438  
9605.673894  
9680.729295  
9594.7065  
9622.218702  
9608.193906  
9707.046655  
9680.726335  
9637.112548  
9667.939167  
9583.339089  
9591.169592  
9626.202569  
9544.515155  
9608.544701  
9576.116482  
9611.718153  
9632.024422  
9690.98883  
9671.331235  
9678.853403  
9712.280543  
9714.827609  
9734.098151  
9691.476796  
9654.780586  
9664.639249  
9633.194173  
9701.622817  
9711.868956  
9701.391983  
9731.033747  
9683.025491  
9709.649117  
9665.410188  
9668.117569  
9642.490048  
9675.416871  
9678.323488  
9633.410773  
9607.849277  
9540.455521  
9602.610244  
9704.504069  
9641.937351  
9374.81417  
9356.379128  
9842.727577  
9672.325413  
9852.783823  
9725.450337  
9627.48323  
9610.547869  
9472.466788  
9396.900555  
9429.745412  
9259.690823  
9375.553216  
9440.570507  
9459.185948  
9503.98549  
9516.634027  
9568.530023  
9674.79141  
9702.490213  
9787.410178  
9750.593803  
9700.173398  
9624.078334  
9640.783787  
9691.855117  
9670.914498  
9771.957579  
9755.417035  
9744.037446  
9704.034395  
9654.942405  
9700.105444  
9664.204415  
9685.209154  
9711.887888  
9694.894072  
9722.03301  
9758.235588  
9734.598531  
9703.242274  
9690.062851  
9676.580246  
9634.132631  
9699.197693  
9681.172679  
9703.195082  
9687.083591  
9639.672381  
9563.97471  
9622.57676  
9636.907442  
9668.524558  
9629.521018  
9614.760669  
9627.67622  
9621.523035  
9655.034865  
9682.381987  
9628.126949  
9619.836867  
9583.639015  
9588.209482  
9598.253856  
9604.831156  
9630.348901  
9618.528984  
9620.262802  
9554.027927  
9542.852998  
9512.428594  
9552.970204  
9572.227295  
9557.791249  
9546.848176  
9571.368815  
9606.220362  
9662.824002  
9632.109877  
9618.400205  
9527.480101  
9585.746793  
9645.954661  
9698.341661  
9733.506106  
9671.059505  
9710.6788  
9726.694603  
9646.747478  
9600.373554  
9677.720526  
9650.65523  
9630.910468  
9611.240996  
9608.998814  
9631.563494  
9690.359066  
9677.173086  
9689.752228  
9715.828948  
9736.599927  
9636.014882  
9699.135049  
9720.193768  
9699.798188  
9704.901047  
9717.944391  
9712.897506  
9724.031469  
9600.345594  
9585.918453  
9634.787082  
9636.795422  
9623.374918  
9571.034101  
9562.285485  
9514.316053  
9505.474995  
9511.80197  
9504.026161  
9497.700795  
9506.066179  
9605.647683  
9641.201738  
9592.822864  
9580.596574  
9542.580782  
9566.356224  
9608.251556  
9637.128858  
9660.71894  
9627.359493  
9628.403367  
9664.054668  
9660.822372  
9649.947813  
9663.48718  
9655.593984  
9679.686257  
9667.977616  
9625.024886  
9617.010255  
9587.653394  
9586.690862  
9614.217992  
9650.058447  
9651.967868  
9628.048515  
9652.165353  
9671.956282  
9609.626879  
9617.446312  
9638.316865  
9597.089535  
9620.618698  
9658.892702  
9647.112127  
9663.93015  
9695.540645  
9715.750416  
9689.308347  
9741.332338  
9754.784702  
9698.971146  
9729.498852  
9731.758007  
9683.348371  
9616.951849  
9592.556856  
9566.07926  
9612.880313  
9781.789039  
9904.127019  
9641.784916  
9631.057887  
9628.105256  
9515.461995  
9444.88084  
9342.70515  
9307.589025  
9376.826676  
9327.091714  
9471.998657  
9449.539799  
9516.72804  
9493.965127  
9485.478453  
9523.902994  
9537.709173  
9552.594075  
9546.278876  
9570.375211  
9618.198099  
9628.815233  
9663.072581  
9679.419844  
9760.479057  
9844.059777  
9749.657991  
9795.073226  
9771.682689  
9665.494863  
9655.315398  
9682.612997  
9680.069985  
9724.923836  
9726.11218  
9782.552014  
9695.057074  
9636.991415  
9605.169121  
9558.196613  
9529.948014  
9543.893134  
9532.787035  
9539.254744  
9515.061475  
9542.201198  
9569.592769  
9616.626027  
9594.147251  
9582.661497  
9520.989492  
9611.73288  
9668.675947  
9644.076747  
9610.983342  
9615.004016  
9667.87222  
9695.048671  
9645.086722  
9643.229068  
9652.811076  
9698.785496  
9768.940418  
9752.242017  
9729.220835  
9743.371734  
9675.179154  
9631.650511  
9644.281471  
9610.68359  
9630.961667  
9571.454563  
9642.065022  
9633.996703  
9654.796626  
9727.681595  
9714.286582  
9667.746292  
9633.899674  
9623.863108  
9686.605201  
9715.889049  
9669.06218  
9728.594195  
9649.823019  
9653.696139  
9652.564856  
9641.810955  
9632.743456  
9607.105396  
9641.189939  
9607.72573  
9587.288215  
9613.986887  
9611.970266  
9649.448858  
9634.726481  
9663.982097  
9611.493716  
9624.332339  
9640.725428  
9549.444471  
9506.718853  
9502.0545  
9497.745136  
9467.856442  
9475.185317  
9507.669677  
9542.917379  
9611.939853  
9624.308855  
9609.374434  
9678.514425  
9595.267907  
9623.579356  
9659.271462  
9671.576645  
9714.974878  
9652.581985  
9655.195891  
9652.090274  
9674.5492  
9602.282672  
9615.511121  
9646.019472  
9678.961937  
9709.797169  
9653.756576  
9673.595887  
9714.566754  
9758.95895  
9727.901408  
9693.427018  
9690.141981  
9678.127318  
9669.743176  
9718.821005  
9695.103842  
9646.283519  
9648.630997  
9629.281243  
9627.642868  
9632.686797  
9638.390474  
9611.448427  
9591.215077  
9622.469232  
9615.073368  
9623.622233  
9681.614869  
9652.894545  
9684.268249  
9683.346324  
9651.219763  
9664.256684  
9623.020785  
9606.141169  
9608.173297  
9568.094209  
9545.550756  
9514.772411  
9521.32163  
9458.985769  
9470.242601  
9508.801757  
9478.784795  
9565.451035  
9601.141439  
9579.476954  
9573.419831  
9612.116817  
9614.839629  
9680.285049  
9669.922634  
9618.458063  
9629.906217  
9640.388877  
9755.562517  
9672.593831  
9675.448892  
9673.932974  
9647.585686  
9572.971548  
9637.656469  
9625.255155  
9655.060301  
9700.876305  
9400.065081  
9519.294773  
9325.636009  
9775.190641  
9687.75153  
9712.251078  
9657.608133  
9594.752162  
9320.686221  
9529.008553  
9488.077475  
9356.125747  
9442.599908  
9498.566227  
9525.241959  
9536.030401  
9583.301386  
9720.699374  
9730.394558  
9739.980608  
9717.435063  
9721.782276  
9695.227419  
9686.297463  
9679.114619  
9761.909436  
9746.362703  
9726.246259  
9733.141711  
9743.113028  
9696.347158  
9655.126054  
9639.544811  
9674.549642  
9652.176053  
9624.611879  
9603.220406  
9599.153689  
9675.917368  
9681.081718  
9677.814191  
9699.750798  
9637.431713  
9650.775229  
9670.819879  
9622.310439  
9629.784396  
9626.371529  
9563.887111  
9593.005674  
9587.653909  
9517.770132  
9528.348967  
9561.805226  
9575.574958  
9607.940772  
9600.117257  
9593.729601  
9625.9525  
9646.694987  
9685.326495  
9645.327611  
9605.945129  
9593.153728  
9650.176735  
9677.503672  
9626.405236  
9676.553526  
9717.549413  
9703.229078  
9748.684799  
9664.423689  
9593.08198  
9710.655788  
9699.217546  
9648.351851  
9594.25322  
9645.572648  
9689.163944  
9641.78786  
9575.926475  
9607.104293  
9616.920539  
9695.024677  
9734.508613  
9674.699096  
9637.528892  
9636.110854  
9692.218889  
9723.475752  
9620.205476  
9594.658222  
9646.708619  
9553.781219  
9659.771899  
9647.451248  
9617.183416  
9589.914395  
9630.439618  
9695.184372  
9688.996422  
9673.39888  
9619.109699  
9590.169753  
9609.074467  
9607.850121  
9665.751744  
9641.371573  
9580.905154  
9574.482415  
9613.153144  
9703.464275  
9669.319117  
9600.797563  
9599.514616  
9590.277566  
9625.22723  
9562.306163  
9510.874316  
9505.490059  
9533.474721  
9489.646716  
9501.967905  
9573.985298  
9645.809563  
9679.013393  
9675.543886  
9685.985546  
9597.658578  
9626.220124  
9637.083538  
9649.737087  
9677.214908  
9721.99223  
9707.16279  
9686.396882  
9714.539238  
9705.862794  
9702.810277  
9602.689511  
9651.140944  
9641.692869  
9651.704585  
9623.185211  
9632.379595  
9653.359815  
9630.713526  
9623.441817  
9606.393284  
9595.511557  
9592.262778  
9583.887438  
9637.198161  
9670.675933  
9674.942952  
9689.170126  
9742.446538  
9738.458298  
9647.908594  
9717.003967  
9651.209619  
9668.397402  
9598.314983  
9652.212686  
9671.716081  
9602.948636  
9643.337619  
9644.762225  
9611.731933  
9610.555954  
9586.209033  
9570.711755  
9565.551355  
9589.136514  
9548.925178  
9584.943704  
9559.192972  
9561.959574  
9581.996132  
9569.939343  
9569.436848  
9648.941515  
9617.297946  
9610.353838  
9634.591899  
9626.903173  
9612.98274  
9629.748474  
9582.974194  
9607.342328  
9631.487327  
9698.880036  
9679.072447  
9679.660336  
9703.770994  
9820.941984  
9680.962863  
9685.647549  
9723.73885  
9621.591229  
9550.401616  
9409.37987  
9417.571092  
9419.820072  
9373.87222  
9451.849615  
9494.095369  
9497.333198  
9499.232573  
9556.23331  
9569.448145  
9635.123615  
9625.78503  
9594.678667  
9624.205708  
9634.886077  
9706.587065  
9787.438397  
9776.316642  
9722.458802  
9677.650067  
9692.330183  
9696.903069  
9658.411498  
9647.331275  
9656.390759  
9574.437314  
9587.245481  
9601.385282  
9675.126093  
9610.150298  
9606.693726  
9643.317937  
9636.803857  
9545.402625  
9505.744145  
9541.93529  
9542.342554  
9537.049994  
9577.212923  
9633.128141  
9660.525151  
9666.403926  
9650.496106  
9619.128171  
9590.970118  
9647.510814  
9624.981878  
9722.588379  
9685.193163  
9735.222073  
9719.203063  
9689.013382  
9701.026248  
9687.134644  
9730.310382  
9703.315351  
9704.030865  
9639.291414  
9605.295262  
9632.110723  
9589.243263  
9596.03122  
9680.721501  
9686.819549  
9683.300833  
9735.836642  
9652.368951  
9701.283065  
9716.616256  
9674.461807  
9696.34782  
9664.661427  
9635.62265  
9641.403633  
9643.032082  
9608.204661  
9618.434121  
9650.809458  
9576.205374  
9497.164293  
9545.32138  
9568.346366  
9580.74353  
9550.447625  
9554.738372  
9629.261431  
9637.712673  
9618.265886  
9592.869689  
9605.539575  
9599.458829  
9739.890932  
9642.311341  
9675.413345  
9712.790957  
9685.396659  
9632.883394  
9642.092956  
9619.707746  
9607.179321  
9628.1954  
9679.038197  
9718.108122  
9652.457055  
9623.851681  
9680.761087  
9660.24702  
9628.123452  
9646.048092  
9586.205926  
9574.050214  
9593.235362  
9615.340318  
9593.258736  
9600.882405  
9624.50668  
9618.542233  
9746.056604  
9719.756737  
9576.431339  
9514.584486  
9479.331244  
9429.719175  
9488.508169  
9471.384118  
9485.462043  
9511.29783  
9537.502512  
9554.699912  
9639.137086  
9626.701186  
9604.104704  
9700.603938  
9667.811153  
9701.159468  
9669.572612  
9688.448564  
9691.12634  
9651.051002  
9701.9364  
9582.962682  
9577.183156  
9719.764123  
9662.910122  
9697.768439  
9698.182451  
9689.629601  
9652.259663  
9604.709911  
