10851.17773  
10587.88977  
10673.09341  
10436.84965  
10621.80729  
10680.36757  
10560.21801  
10601.46153  
10713.32467  
10572.80956  
10512.62836  
10698.73269  
10611.63138  
10558.23029  
10604.55256  
10588.86174  
10606.48079  
10545.40436  
10722.49402  
10556.10684  
10624.64334  
10565.3479  
10602.53589  
10594.40855  
10613.74479  
10651.15516  
10503.16377  
10629.61592  
10677.63043  
10616.90163  
10683.27011  
10511.4409  
10636.93061  
10476.52349  
10597.8721  
10527.84932  
10583.94743  
10600.92606  
10591.16716  
10595.49358  
10643.52162  
10669.58848  
10541.58679  
10661.22374  
10511.36528  
10650.66509  
10589.16246  
10722.43097  
10518.5014  
10507.57868  
10615.92382  
10606.02505  
10547.76258  
10599.32825  
10587.97472  
10588.25171  
10531.27914  
10572.73528  
10649.41036  
10634.42276  
10651.96625  
10581.2673  
10576.06408  
10584.13601  
10602.7353  
10660.27948  
10649.19886  
10641.01838  
10603.36557  
10562.20065  
10643.15639  
10561.21801  
10629.57134  
10651.84123  
10595.85466  
10569.33645  
10591.67771  
10526.36824  
10612.81655  
10630.63764  
10605.79811  
10660.93249  
10598.88765  
10610.54086  
10465.56249  
10647.77869  
10565.90994  
10615.47052  
10644.27205  
10685.05672  
10615.33184  
10570.1343  
10597.20244  
10610.03593  
10584.33199  
10607.6361  
10593.34512  
10630.70935  
10663.66332  
10578.08273  
10579.52345  
10638.44871  
10675.48314  
10596.41355  
10645.49538  
10660.87035  
10563.19235  
10518.31961  
10663.69648  
10608.77818  
10565.06503  
10608.97954  
10606.6528  
10644.346  
10588.9089  
10734.2062  
10576.64857  
10600.87106  
10670.18683  
10577.93924  
10580.64789  
10632.22074  
10560.7606  
10610.33258  
10662.34675  
10626.66559  
10556.88932  
10616.33172  
10607.12627  
10602.37179  
10640.29255  
10573.38857  
10594.75891  
10608.81032  
10568.14438  
10645.84369  
10431.07561  
10730.63836  
10560.89616  
10679.64633  
10621.70087  
10594.91235  
10593.29991  
10618.2464  
10685.39533  
10525.00187  
10731.91089  
10639.88189  
10622.65808  
10639.25671  
10615.44564  
10573.84984  
10592.26727  
10623.54846  
10559.6459  
10648.89592  
10657.64168  
10581.64233  
10614.39371  
10678.42692  
10655.55941  
10573.59778  
10661.11527  
10597.21359  
10611.37255  
10606.96061  
10683.8475  
10534.42054  
10581.51912  
10662.88284  
10630.54814  
10507.0623  
10609.62834  
10656.50249  
10584.48604  
10640.80082  
10680.78782  
10684.88693  
10658.19082  
10566.60287  
10641.57977  
10355.3092  
10689.08988  
10660.79718  
10592.14104  
10630.92998  
10587.11753  
10588.1334  
10616.28086  
10662.93834  
10598.4836  
10631.19778  
10552.61733  
10629.50174  
10727.33181  
10667.32545  
10610.41574  
10563.06744  
10694.34866  
10578.57845  
10636.3088  
10651.46093  
10629.60772  
10541.46396  
10613.76608  
10657.12847  
10668.47331  
10695.0576  
10642.85926  
10590.35182  
10632.95057  
10541.72791  
10674.15688  
10622.68064  
10530.74677  
10655.764  
10555.78097  
10584.8287  
10559.8541  
10610.77688  
10542.62477  
10604.58365  
10647.63031  
10597.70161  
10617.23573  
10655.39465  
10574.22344  
10551.33581  
10580.21835  
10692.79442  
10579.97102  
10658.34013  
10580.80481  
10711.1336  
10638.35916  
10523.9629  
10647.47082  
10660.20907  
10702.19839  
10660.1249  
10726.08925  
10667.55632  
10686.6915  
10514.00382  
10556.85291  
10613.66697  
10609.66045  
10505.85268  
10682.3358  
10571.59162  
10546.88528  
10606.10249  
10640.03955  
10570.59165  
10648.29632  
10600.54616  
10603.84483  
10547.16621  
10631.81288  
10546.18002  
10538.06107  
10603.57786  
10580.1422  
10558.82234  
10639.66628  
10613.41241  
10589.43784  
10597.51171  
10582.86455  
10589.43969  
10655.48842  
10613.58906  
10629.57788  
10656.15229  
10538.2298  
10642.14342  
10494.39915  
10681.85234  
10644.81034  
10723.92539  
10572.23575  
10667.58432  
10529.60428  
10574.29231  
10530.20479  
10518.56097  
10503.67045  
10646.61103  
10565.6015  
10552.48294  
10741.92985  
10785.33234  
10641.94377  
10688.92501  
10601.94001  
10605.9096  
10659.02371  
10653.36235  
10623.10561  
10689.85585  
10595.64512  
10568.822  
10611.03426  
10605.45861  
10545.35739  
10506.13185  
10665.75039  
10588.63376  
10624.70505  
10631.29061  
10622.31944  
10648.47548  
10564.31093  
10653.45923  
10581.61775  
10660.55807  
10689.88961  
10609.98197  
10623.06544  
10670.37261  
10695.5261  
10630.07131  
10597.34684  
10776.86071  
10655.40983  
10680.24625  
10742.91625  
10627.5791  
10536.9065  
10576.59327  
10547.86661  
10546.74559  
10547.91143  
10533.19278  
10453.83094  
10529.22365  
10645.38433  
10512.81439  
10611.02257  
10597.43547  
10524.93537  
10576.18214  
10561.17486  
10685.08328  
10574.06284  
10710.20545  
10519.62002  
10566.04982  
10592.17511  
10570.03781  
10114.52899  
10455.59237  
10680.87814  
10069.67563  
10687.55022  
10883.72585  
10661.76079  
10600.24704  
10736.55749  
10680.31897  
10793.63384  
10580.07783  
10817.3684  
10678.0885  
10676.9359  
10724.01044  
10580.80632  
10650.88949  
10709.65544  
10636.02198  
10622.73242  
10772.94889  
10755.84027  
10599.95217  
10680.05017  
10615.88068  
10506.85326  
10691.24806  
10626.42079  
10572.99593  
10568.14271  
10526.3433  
10592.90843  
10581.42059  
10616.80031  
10558.58247  
10418.7773  
10550.7014  
10555.10191  
10683.52703  
10553.87764  
10572.45856  
10692.02965  
10577.36223  
10644.76496  
10576.99445  
10618.37464  
10530.68372  
10581.01698  
10384.41277  
10648.46868  
10582.83067  
10621.99715  
10616.53804  
10635.22972  
10625.38532  
10436.56695  
10603.73692  
10573.9806  
10529.16294  
10600.74482  
10559.16074  
10565.28357  
10537.39144  
10595.79317  
10539.70471  
10643.04843  
10691.23991  
10552.01433  
10568.8717  
10686.23497  
10725.38396  
10834.85732  
10736.94625  
10720.06114  
10734.71134  
10844.72576  
10644.04878  
10537.12002  
10592.47681  
10666.24394  
10597.02778  
10614.09479  
10438.37744  
10729.46122  
10712.40675  
10600.39171  
10555.74634  
10610.27695  
10614.98631  
10608.92806  
10405.52864  
10671.92049  
10551.68708  
10372.85697  
10669.18295  
10580.57483  
10690.30512  
10379.20155  
10469.19828  
10358.45461  
10667.34245  
10629.28092  
10571.30629  
10651.02656  
10576.9248  
10619.59779  
10608.42044  
10574.07967  
10612.11669  
10562.95119  
10557.24235  
10481.78702  
10644.32344  
10599.57318  
10579.00768  
10572.58382  
10563.11933  
10518.07306  
10624.13843  
10615.4713  
10624.13038  
10664.42144  
10737.97815  
10566.60686  
10637.12776  
10650.28474  
10657.12264  
10687.77934  
10620.86673  
10652.26496  
10656.37068  
10683.10676  
10666.41441  
10623.37515  
10644.43103  
10620.28228  
10628.21925  
10636.53585  
10594.97958  
10611.4148  
10630.16261  
10619.71824  
10626.16578  
10667.09041  
10683.97901  
10644.67419  
10595.37396  
10776.23281  
10620.10915  
10650.91078  
10586.05621  
10629.00451  
10669.48416  
10569.54422  
10643.93963  
10582.57339  
10541.84531  
10596.35978  
10711.98001  
10557.95752  
10640.79593  
10550.87797  
10636.50102  
10642.05688  
10607.70838  
10544.69754  
10565.33499  
10624.44916  
10588.81846  
10586.35474  
10646.94202  
10611.79411  
10615.36307  
10607.9701  
10604.65318  
10681.40739  
10602.8667  
10663.27178  
10598.53259  
10561.68192  
10615.5865  
10628.80827  
10594.61492  
10642.04807  
10517.22134  
10678.26288  
10572.36867  
10648.71382  
10632.16825  
10580.33356  
10597.78511  
10522.70527  
10592.93373  
10594.92666  
10567.00513  
10537.29237  
10658.64496  
10642.20825  
10594.62322  
10635.63908  
10422.35619  
10859.19717  
10711.57552  
10603.40183  
10592.29005  
10548.50199  
10572.62677  
10637.71737  
10643.07694  
10684.46503  
10588.25158  
10553.2634  
10558.24322  
10558.34146  
10558.82261  
10557.70505  
10564.01545  
10561.04251  
10624.86684  
10608.50053  
10585.13514  
10701.89114  
10623.24312  
10642.22012  
10571.54156  
10649.68311  
10667.14767  
10648.99853  
10599.09647  
10561.27947  
10704.62672  
10540.29756  
10588.61845  
10708.73885  
10682.948  
10571.36894  
10578.94226  
10685.03877  
10602.24474  
10632.51862  
10538.89978  
10654.8994  
10644.21988  
10678.50031  
10745.99223  
10609.28119  
10728.39644  
10403.37926  
10758.3623  
10644.68207  
10611.76527  
10524.0498  
10604.92087  
10504.26527  
10585.10425  
10495.60865  
10571.97929  
10598.1176  
10621.59613  
10565.90611  
10654.37142  
10464.49647  
10604.97275  
10648.99571  
10577.9501  
10624.52796  
10725.86361  
10623.59976  
10737.08731  
10528.98267  
10658.63215  
10572.18727  
10680.95308  
10572.90917  
10560.08613  
10631.40556  
10568.82261  
10556.21026  
10750.92287  
10639.19719  
10641.83528  
10614.71148  
10615.80614  
10588.05426  
10661.84083  
10643.34544  
10680.32776  
10689.53789  
10645.50218  
10572.32849  
10431.62487  
10578.77214  
10552.58906  
10524.22159  
10574.13305  
10482.57977  
10691.90642  
10541.62352  
10643.98915  
10604.54189  
10598.20556  
10669.58033  
10597.38879  
10573.33988  
10688.26805  
10565.52689  
10550.80743  
10601.75597  
10480.47091  
10642.04327  
10615.8068  
10599.747  
10639.02816  
10726.57459  
10580.84417  
10581.57188  
10501.91477  
10609.92544  
10614.49035  
10616.24028  
10692.73376  
10483.49287  
10759.47206  
10608.37518  
10741.8045  
10651.48099  
10597.70351  
10785.22658  
10570.62343  
10736.90454  
10717.16672  
10698.57441  
10528.33284  
10597.71626  
10654.84814  
10618.51687  
10600.84715  
10621.50355  
10697.15109  
10664.23113  
10562.61114  
10698.24245  
10451.54791  
10614.82035  
10639.27565  
10610.24798  
10679.89886  
10754.98902  
10743.16314  
10666.98633  
10496.06235  
10694.47411  
10665.50516  
10585.72433  
10439.06734  
10610.7851  
10573.91462  
10684.39653  
10635.26865  
10635.14796  
10666.4833  
10692.77691  
10716.76179  
10626.92934  
10703.192  
10689.3536  
10399.63058  
10504.63138  
10226.3482  
10500.82834  
10402.74406  
10605.66185  
10526.50866  
10633.85605  
10825.78352  
10563.07469  
10248.50511  
10561.71414  
10560.392  
10660.17239  
10529.60251  
10485.41283  
10680.74789  
10573.29235  
10708.72009  
10618.66495  
10659.88933  
10684.98165  
10760.39724  
10605.37334  
10541.06945  
10760.06983  
10591.84132  
10640.12515  
10545.79888  
10570.21544  
10746.77607  
10615.79334  
10613.79506  
10780.42783  
10481.49222  
10742.05774  
10558.90696  
10654.07459  
10546.23853  
10619.04069  
10651.61073  
10648.97402  
10608.56288  
10605.73062  
10654.95068  
10665.59121  
10559.40503  
10495.13268  
10634.20789  
10525.46195  
10444.92462  
10486.3785  
10638.59354  
10644.94269  
10609.1128  
10631.25461  
10548.68589  
10589.13342  
10634.22278  
10686.14126  
10655.92429  
10593.5436  
10681.23785  
10658.09981  
10707.66741  
10676.22537  
10721.85659  
10612.11061  
10592.56571  
10632.21417  
10741.74404  
10544.27582  
10650.2388  
10536.14723  
10645.86581  
10502.18061  
10604.94185  
10536.12506  
10585.52585  
10407.43082  
10572.30278  
10570.88792  
10697.30521  
10497.96011  
10733.26798  
10649.83936  
10623.96228  
10645.01621  
10519.73509  
10637.53514  
10626.27876  
10717.56081  
10581.30924  
10519.47353  
10730.26706  
10653.98584  
10552.24662  
10726.00576  
10622.64159  
10551.01797  
10649.59096  
10650.45834  
10641.67422  
10628.02834  
10656.41039  
10651.87858  
10532.70681  
10513.77842  
10703.88677  
10671.73295  
10719.23153  
10528.35123  
10655.36469  
10627.43739  
10313.73609  
10384.00541  
10725.79287  
10695.62085  
10609.45573  
10702.0528  
10483.16617  
10723.17446  
10768.39453  
10542.04779  
10627.10456  
10648.72991  
10657.29999  
10688.56927  
10581.2428  
10600.86277  
10580.17063  
10509.24429  
10509.55717  
10625.97083  
10547.86688  
10569.06479  
10678.32438  
10653.07769  
10656.57476  
10346.86533  
10594.42485  
10627.40522  
10340.38763  
10766.29421  
10600.12045  
10699.41467  
10645.41039  
10475.24185  
10696.97448  
10650.56147  
10571.22075  
10659.91559  
10662.22602  
10745.92806  
10525.67182  
10847.18972  
10639.67382  
10589.90587  
10661.28637  
10752.03139  
10708.12225  
10574.05996  
10672.95277  
10628.38442  
10688.8789  
10549.36839  
10435.63547  
10680.13589  
10574.62851  
10682.89067  
10609.96945  
10600.48238  
10636.23484  
10607.83655  
10560.5575  
10630.0025  
10411.61829  
10363.43926  
10651.27564  
10512.53601  
10597.98606  
10717.68442  
10541.30592  
10573.57717  
10670.81465  
10559.00605  
10669.22375  
10540.93734  
10690.3389  
10674.75293  
10460.08639  
10700.62507  
10420.18553  
10672.9328  
10652.64628  
10652.10773  
10072.43654  
10823.20925  
10631.52089  
10604.62325  
10544.07317  
10641.47798  
10717.84277  
10220.96549  
10648.96173  
10698.5415  
10738.21917  
10609.0286  
10582.34966  
10484.31623  
10333.77737  
10778.41051  
10696.9042  
10595.87602  
10716.14236  
10563.17269  
10829.65968  
10664.97061  
10668.52094  
10678.66923  
10514.03264  
10822.03063  
10577.8281  
10584.91492  
10678.91026  
10681.46375  
10651.01345  
10488.24531  
10685.35418  
10656.4626  
10568.04671  
10122.74886  
10652.09318  
10696.59139  
10528.04833  
10669.87359  
10713.10024  
10499.0438  
10651.53515  
10542.10029  
10580.01151  
10488.02796  
10781.6369  
10664.87137  
10641.66134  
10581.04649  
10633.44096  
10487.16023  
10455.06054  
10494.59507  
10723.67909  
10653.86494  
10689.82527  
10634.22099  
10699.80504  
10775.16311  
10679.42335  
10504.34828  
10605.27066  
10604.07623  
10465.36674  
10649.30108  
10552.33623  
10626.57053  
10704.75395  
10684.86127  
10465.2281  
10646.88632  
10431.67149  
10633.98806  
10502.67947  
10590.20478  
10682.64898  
10702.63154  
10487.08892  
10694.97232  
10515.92405  
10550.12436  
10657.45795  
10686.57784  
10573.38802  
10605.05362  
10575.88079  
10537.56006  
10642.11395  
10635.31156  
10624.74313  
10665.29752  
10662.20021  
10668.79747  
10687.29654  
10634.549  
10588.90971  
10614.61338  
10586.63893  
10838.5191  
10547.50865  
10679.0085  
10598.90628  
10632.67882  
10630.33901  
10650.60057  
10624.3742  
10676.21194  
10504.71058  
10691.59807  
10532.75923  
10585.83987  
10540.99292  
10532.32365  
10726.63151  
10464.65661  
10637.85509  
10567.76207  
10444.92571  
10733.75585  
10603.99125  
10608.5813  
10576.20063  
10566.07952  
10390.3212  
10645.57345  
10580.67067  
10596.62508  
10594.57609  
10571.53689  
10408.96088  
10661.93753  
10584.09909  
10665.88713  
10642.98782  
10578.34647  
10756.56266  
10478.72352  
10839.51652  
10697.00149  
10774.15936  
10686.88793  
10578.55016  
10804.71672  
10620.10137  
10651.40889  
10443.44918  
10701.21365  
10616.29329  
10595.37267  
10610.2244  
10654.6407  
10562.29077  
10567.74377  
10806.00595  
10670.13895  
10701.05718  
10700.68751  
10664.37488  
10642.92449  
10640.84265  
10595.41341  
9957.331067  
10032.99806  
10651.09636  
10505.71191  
10685.48341  
10695.73642  
10781.36709  
10479.8312  
10779.59605  
10689.26181  
10613.53149  
10490.61542  
10451.92671  
10535.31242  
10487.06314  
10476.38112  
10497.17287  
10607.73973  
10568.56134  
10709.12113  
10787.93029  
10521.40783  
10560.34344  
10564.68243  
10681.85828  
10586.91145  
10623.56479  
10499.3217  
10695.97529  
10617.01453  
10711.18645  
10665.46946  
10617.33154  
10566.6652  
10549.66845  
10610.50447  
10698.3285  
10750.82833  
10662.0301  
10544.31987  
10609.38576  
10682.50732  
10546.29547  
10678.54047  
10664.99934  
10628.67232  
10660.17897  
10632.15552  
10628.15574  
10645.4606  
10603.66844  
10519.87309  
10612.29331  
10680.16949  
10632.49452  
10597.21936  
10608.46224  
10599.64168  
10664.31275  
10594.72623  
10634.95426  
10573.89868  
10624.38334  
10601.12393  
10629.7448  
10586.60789  
10679.78519  
10565.16681  
10546.64087  
10626.82228  
10587.77245  
10592.91388  
10645.58548  
10502.48968  
10682.17116  
10627.85607  
10593.9256  
10606.8857  
10583.65193  
10671.46054  
10636.11463  
10596.90842  
10492.48169  
10582.09053  
10679.73419  
10652.13361  
10588.21879  
10665.77315  
10681.92958  
10498.54021  
10671.28514  
10623.57329  
10676.87027  
10656.69265  
10644.43951  
10667.20395  
10588.52209  
10619.59668  
10686.21173  
10719.43857  
10609.79406  
10544.2422  
10627.04438  
10645.45381  
10670.13298  
10558.76839  
10578.91998  
10569.92909  
10612.55221  
10512.30959  
10631.44634  
10595.20906  
10705.62764  
10653.29491  
10623.67688  
10637.1886  
10629.39076  
10631.4674  
10565.19009  
10662.59242  
10711.688  
10595.2288  
10737.00574  
10521.82552  
10643.75249  
10624.71676  
10586.88699  
10550.8518  
10586.84455  
10459.89284  
10643.93855  
10581.22035  
10610.91902  
10630.68395  
10578.55534  
10590.66752  
10524.21694  
10637.15137  
10531.48124  
10532.74035  
10684.89158  
10488.62014  
10680.76453  
10561.36537  
10548.10898  
10672.08549  
10650.13066  
10672.21082  
10514.35634  
10600.05923  
10552.40602  
10617.17744  
10672.91551  
10667.69035  
10570.86575  
10622.919  
10740.19455  
10598.70886  
10569.81774  
10645.34254  
10545.73968  
10666.62235  
10619.46836  
10647.60348  
10597.38175  
10620.0789  
10691.41349  
10613.60833  
10630.69175  
10472.26305  
10658.52983  
10564.07022  
10556.28384  
10753.32827  
10638.78304  
10525.15208  
10734.74114  
10633.12083  
10629.91115  
10567.38099  
10624.52529  
10519.29746  
10512.82727  
10540.27425  
10617.29882  
10641.17843  
10662.13613  
10632.65273  
10570.11151  
10604.15037  
10592.97  
10576.16394  
10726.952  
10619.99874  
10655.60825  
10687.11803  
10611.31108  
10510.61127  
10587.61021  
10617.62186  
10593.87918  
10680.51374  
10659.14607  
10662.71535  
10524.43147  
10720.75806  
10591.88986  
10622.70687  
10618.44056  
10464.85424  
10570.58621  
10749.25933  
10660.42278  
10594.96359  
10631.29219  
10652.93209  
10617.08169  
10702.09634  
10577.33693  
10590.10834  
10485.83207  
10611.57009  
10484.91333  
10613.39332  
10680.13151  
10620.95369  
10543.11392  
10626.99514  
10572.71464  
10598.92864  
10433.65724  
10729.16792  
10613.85195  
10657.69516  
10645.88669  
10667.45614  
10554.02765  
10602.37641  
10540.12944  
10663.67653  
10716.06324  
10636.60455  
10670.88325  
10546.71062  
10677.56612  
10661.6905  
10585.4173  
10653.97046  
10610.79048  
10626.55983  
10525.34718  
10557.57891  
10560.38506  
10330.09272  
10483.36171  
10664.4919  
10616.48205  
10637.30077  
10537.52308  
10696.54582  
10621.71408  
10569.5366  
10548.57755  
10562.2442  
10640.16495  
10555.43649  
10664.39855  
10685.09824  
10636.10335  
10586.42273  
10684.38106  
10662.71639  
10684.53927  
10668.54533  
10627.43028  
10651.54154  
10670.61646  
10676.45653  
10670.62044  
10581.91429  
10683.87297  
10465.64348  
10647.63307  
10599.4947  
10555.39806  
10593.45536  
10578.90018  
10473.4103  
10551.5293  
10545.18532  
10636.40629  
10518.82647  
10669.32395  
10697.10243  
10649.73373  
10633.70006  
10506.07295  
10675.02015  
10574.09209  
10632.93264  
10619.38919  
10553.53913  
10577.90544  
10530.08738  
10636.40255  
10604.94096  
10646.48443  
10705.89655  
10531.58219  
10702.13883  
10598.0901  
10589.32711  
10630.33982  
10667.29235  
10604.42602  
10565.96618  
10665.9079  
10736.2339  
10603.92219  
10589.91802  
10543.20269  
10600.95118  
10604.72295  
10608.23191  
10527.3444  
10632.09121  
10627.58674  
10746.09256  
10796.18606  
10585.93659  
10721.49215  
10684.92555  
10698.9284  
10591.22541  
10702.2887  
10684.88531  
10550.79204  
10611.29167  
10615.88897  
10617.32777  
10652.45491  
10577.91264  
10520.9447  
10629.0671  
10540.92923  
10483.0818  
10645.67753  
10468.14556  
10630.24719  
10658.92853  
10653.62898  
10658.92039  
10684.25606  
10601.97022  
10616.93522  
10603.018  
10598.67881  
10614.56451  
10611.44014  
10328.14462  
10218.31242  
10532.25437  
9924.442702  
10531.51785  
10722.61498  
10724.29404  
10694.3326  
10757.20784  
10320.88438  
10759.09253  
10771.00939  
10539.35057  
10621.60486  
10676.70227  
10583.43204  
10564.20337  
10691.1056  
10487.16808  
10708.10872  
10754.74701  
10636.18201  
10773.37136  
10624.64299  
10615.50897  
10644.47345  
10679.34828  
10503.5407  
10654.13963  
10643.30163  
10526.38519  
10281.65832  
10798.66447  
10341.18668  
10179.6612  
10923.93385  
10661.3444  
10536.42362  
10580.01613  
10564.97344  
10521.30995  
10680.95727  
10680.6821  
10765.1005  
10657.32408  
10762.76293  
10669.15335  
10701.19682  
10683.61442  
10789.30104  
10755.97029  
10679.49575  
10696.37947  
10604.05341  
10656.43082  
10600.54121  
10545.06087  
10562.72923  
10584.99307  
10593.08435  
10755.24187  
10622.85017  
10627.6141  
10529.57429  
10533.54286  
10680.54608  
10584.04083  
10590.69485  
10516.45443  
10588.58184  
10595.29181  
10618.31056  
10536.94078  
10668.81231  
10500.52356  
10722.92118  
10640.19294  
10710.56981  
10695.42628  
10671.29554  
10560.36215  
10648.38783  
10568.53845  
10604.82465  
10647.55363  
10649.69544  
10555.05539  
10692.19296  
10626.60567  
10533.97363  
10697.50495  
10518.26518  
10592.65001  
10734.9487  
10589.92517  
10507.4532  
10656.32044  
10686.90109  
10618.08387  
10626.96153  
10645.14872  
10564.36365  
10634.32769  
10602.83362  
10556.3655  
10472.62205  
10684.19361  
10589.59944  
10574.07479  
10512.80337  
10328.30344  
10609.3874  
10500.77367  
10592.70196  
10572.02329  
10534.7115  
10540.61972  
10626.40925  
10573.47895  
10576.57201  
10587.62597  
10740.3602  
10586.46181  
10568.35114  
10600.71311  
10597.54514  
10563.63176  
10643.68751  
10624.74692  
10617.78971  
10513.28589  
10602.35991  
10576.30131  
10633.4958  
10532.06622  
10674.70149  
10665.54346  
10681.25711  
10616.45553  
10680.3115  
10661.2053  
10610.76755  
10707.46467  
10644.67968  
10617.02358  
10666.64403  
10633.60976  
10628.24501  
10607.71003  
10652.44813  
10592.4063  
10583.56386  
10570.03766  
10624.0654  
10606.14535  
10533.18062  
10695.8383  
10608.40252  
10701.12666  
10629.99962  
10657.62722  
10641.39229  
10639.21309  
10661.35955  
10566.58704  
10654.87042  
10583.76399  
10714.37925  
10643.61342  
10602.83994  
10582.65664  
10632.76701  
10547.38193  
10646.87761  
10710.59832  
10624.72565  
10676.03815  
10491.69159  
10711.6585  
10631.94661  
10662.10274  
10609.72435  
10679.61292  
10665.25275  
10646.92252  
10626.29455  
10636.38692  
10527.29092  
10550.01158  
10532.95021  
10472.90086  
10539.44656  
10647.5617  
10618.72848  
10457.68485  
10433.28865  
10428.79313  
10546.29425  
10651.61087  
10681.83741  
10550.9383  
10614.86666  
10640.57818  
10553.80047  
10528.29825  
10540.18532  
10619.74406  
10582.40295  
10584.08568  
10557.7084  
10670.18488  
10603.48824  
10649.19081  
10602.94335  
10621.79941  
10615.29939  
10589.48069  
10634.55978  
10616.20812  
10702.3226  
10650.6263  
10659.5123  
10724.34586  
10677.38492  
10612.62425  
10646.88964  
10738.80179  
10611.94957  
10641.14166  
10612.93216  
10715.09737  
10632.80057  
10698.42938  
10753.29651  
10577.01646  
10653.11645  
10615.65761  
10565.95838  
10608.33342  
10657.51391  
10571.4394  
10653.22043  
10626.55515  
10582.53693  
10540.43448  
10580.79928  
10543.86252  
10582.05869  
10625.10342  
10723.74874  
10586.16374  
10692.37695  
10664.96143  
10591.5128  
10631.72466  
10418.92778  
10678.50012  
10519.62636  
10773.77905  
10551.60179  
10621.26701  
10659.38478  
10413.41075  
10394.92229  
10654.98569  
10611.05329  
10548.84244  
10449.92601  
10748.12833  
10553.83847  
10705.24192  
10534.24653  
10646.16056  
10654.99879  
10669.06841  
10697.14343  
10621.16935  
10650.68697  
10609.24596  
10649.09759  
10639.72323  
10677.57758  
10613.25284  
10564.14851  
10628.30757  
10492.59795  
10538.89359  
10710.95079  
10693.97268  
10567.05007  
10564.7454  
10550.47125  
10512.27942  
10680.63052  
10508.8236  
10613.58596  
10741.29823  
10627.33859  
10624.78757  
10510.81174  
10530.94295  
10443.04123  
10530.99022  
10662.40062  
10517.57844  
10482.3596  
10638.50319  
10464.44755  
10543.32634  
10584.38751  
10646.81493  
10482.44436  
10598.08569  
10689.48332  
10547.89617  
10574.20978  
10588.39117  
10664.38031  
10558.17108  
10678.73637  
10637.52786  
10678.21046  
10627.24332  
10632.85086  
10564.87534  
10613.45876  
10636.89757  
10579.36783  
10603.30584  
10297.93312  
10664.33994  
10738.63707  
10583.66325  
10670.70964  
10663.0478  
10613.19587  
10654.53186  
10650.99477  
10615.28903  
10657.29459  
10522.54949  
10783.99778  
10597.09127  
10622.67996  
10570.51046  
10575.27219  
10662.26565  
10561.20147  
10614.37147  
10649.92824  
10526.89243  
