9016.44681  
8921.709204  
9011.485148  
9050.641089  
9100.148665  
9123.771346  
9039.662972  
9198.06106  
9057.105599  
9099.922282  
9011.135547  
9220.872965  
9067.913615  
9047.117383  
9107.537207  
9125.734603  
9123.413037  
9057.937622  
9104.427873  
9064.693481  
9004.459253  
9129.665796  
9147.40026  
9101.78929  
9037.678019  
9102.330005  
9058.719548  
9121.532227  
9072.34659  
9040.91932  
9181.227116  
9119.339665  
9043.396086  
9024.129606  
9087.042489  
9076.371151  
9005.610295  
9096.367139  
9162.392432  
9063.824259  
9042.873617  
9105.900374  
9038.671484  
9090.911922  
8994.660856  
9051.305469  
9117.450578  
9019.130444  
9064.892521  
9008.784294  
9105.462451  
9073.214168  
9032.878931  
9045.266121  
9068.925358  
9082.258724  
9049.791862  
9073.338428  
9069.327205  
9109.917969  
9093.49432  
9008.60258  
9043.772339  
9107.376815  
9129.742594  
9114.175895  
9068.931014  
9088.853556  
9005.59471  
9113.587687  
9126.581348  
9061.94694  
9134.988607  
9071.28291  
9080.930859  
9028.415877  
9092.004932  
9047.3052  
9079.520662  
9086.785254  
9016.49716  
9107.293229  
9064.772233  
9028.843254  
9022.478394  
9083.91429  
9072.12085  
9062.091309  
9062.477767  
9069.424268  
9044.89161  
9000.58846  
9047.945142  
9085.927816  
9082.283968  
9079.044849  
9119.016439  
9050.270898  
9065.020044  
9037.03457  
9036.413704  
9071.060205  
9094.335913  
9079.898104  
9153.40166  
9138.698503  
9087.895207  
9027.092293  
9107.183301  
9117.151921  
9011.765658  
9111.493945  
9072.833382  
8989.797249  
9043.587907  
9167.630225  
9091.90013  
9078.662834  
9027.942326  
9063.47631  
9039.836589  
9102.015535  
9248.516488  
9069.597396  
9219.67404  
9077.42592  
9125.707699  
9022.083618  
9129.856608  
9055.019173  
9071.603418  
9072.782202  
9063.510148  
9123.253581  
9116.562801  
9150.235563  
8915.902865  
9145.117163  
9073.303198  
9024.976392  
9046.117228  
9075.050578  
9064.606152  
9187.711475  
9205.443587  
8990.372323  
9100.903247  
9054.979582  
9053.726253  
9043.245182  
9083.27723  
9031.959147  
9051.352279  
9087.170068  
9082.123242  
9078.235742  
9126.540877  
9092.286727  
9106.514933  
9048.230542  
9118.6368  
9042.387484  
9079.022005  
9079.959546  
9065.668945  
9073.237443  
9066.807129  
9081.081909  
9045.932023  
9167.467725  
9061.807796  
9048.160091  
9066.110579  
9072.933138  
9087.763338  
9107.819328  
9124.715918  
9010.778418  
9113.545182  
9054.358854  
9080.561938  
9047.032267  
9089.224259  
9093.337679  
9028.139046  
9017.907495  
9097.648999  
9074.236882  
9039.4389  
9142.268823  
9022.043717  
9117.862036  
9125.316276  
9073.606063  
9097.029777  
9022.694564  
9122.218319  
9021.855086  
9100.725187  
9099.666398  
9040.63099  
9112.052433  
9068.876807  
9078.856698  
9059.209896  
9067.756396  
9120.555282  
9056.171891  
9140.454655  
9101.126473  
9048.839819  
9048.67701  
9146.590063  
9119.203727  
9000.097184  
9169.466683  
9132.762842  
9050.486768  
9132.285254  
9092.600521  
9109.116561  
9034.21884  
9111.761312  
9050.26359  
9135.250968  
9078.559668  
9067.278605  
9058.326156  
9050.30096  
9092.901383  
9129.181356  
9140.469385  
9103.647949  
9077.027238  
9004.48877  
9102.993132  
9152.744271  
9118.779663  
9147.03068  
9057.554826  
9083.899186  
9030.312712  
9070.271655  
9054.157959  
9063.985181  
9019.685319  
9031.227393  
8986.887443  
9008.990422  
9055.295833  
9034.835791  
9067.924609  
9129.081844  
9087.670426  
9104.428923  
9056.39563  
9019.899845  
9051.135425  
9025.37491  
9053.383146  
9093.590869  
9127.296965  
9131.817236  
9049.302718  
9149.018278  
9172.953988  
9160.401082  
9050.987443  
9192.472616  
9027.405078  
9072.17395  
9127.84388  
9103.560091  
9188.074422  
9105.129183  
9084.800488  
8912.257812  
9036.970614  
9118.114274  
9037.318302  
9053.535832  
9027.560238  
9077.785392  
9032.954932  
9011.164714  
9058.394059  
9083.744393  
9148.192391  
9072.831445  
9018.045068  
9144.547298  
9106.846305  
9105.880103  
9093.468994  
9077.675781  
9071.97819  
9055.15166  
9083.685392  
9059.690405  
9065.76936  
9073.472485  
9043.190698  
9053.1684  
9034.075326  
9165.25804  
9075.608626  
9072.822843  
9078.440698  
9107.138704  
9052.405249  
9152.450578  
9086.130103  
9046.27561  
9182.550098  
8998.18995  
9132.658504  
9140.554907  
9086.874284  
9087.855021  
9170.854451  
9132.997526  
9072.88859  
9045.927913  
9165.71818  
8863.978719  
9054.61001  
9116.304915  
9053.474162  
9006.269206  
9082.161882  
9010.373063  
8946.646826  
8907.528792  
8990.548088  
8947.243709  
9038.802498  
9068.314038  
9140.983195  
9089.996509  
9008.892773  
9042.56875  
9076.662516  
9090.235286  
9033.434058  
9070.827344  
9137.239722  
8998.609009  
9050.950594  
9075.273747  
9046.921956  
9084.53772  
9165.158228  
8927.551904  
8702.195752  
9469.125505  
9184.830355  
9163.327344  
9043.22745  
9127.990194  
9182.182609  
9170.633268  
9118.374976  
9195.428084  
9077.403442  
9061.058895  
9113.710994  
8956.619759  
8975.830648  
9058.512622  
8975.076945  
9068.729997  
9120.130713  
9074.871639  
9066.564242  
9070.28068  
9062.805924  
9097.532772  
9074.936515  
9084.513615  
9067.968449  
9080.986304  
9080.553377  
9117.862988  
9130.437769  
9156.369027  
9058.161214  
8977.351123  
9028.821826  
9102.985067  
9110.63269  
9046.811255  
9089.264193  
9082.206177  
9003.770703  
9131.734562  
9128.267855  
9084.123966  
9118.241349  
9122.805151  
8958.612541  
9083.792529  
9127.669255  
9077.356836  
9124.2337  
9048.712581  
8999.901139  
9018.874398  
9090.527108  
9048.560775  
9005.055518  
9013.029248  
9049.489624  
9098.873641  
9105.415609  
9060.154305  
9136.984888  
9033.293058  
9070.719686  
9011.420687  
9118.584098  
9068.465869  
9090.036328  
9127.556991  
9201.465096  
9131.123503  
9031.746908  
9001.959839  
9064.653312  
8973.677946  
8990.485921  
8996.728963  
9047.678695  
9083.867367  
9055.773242  
9025.785449  
9127.807585  
9105.35166  
8991.999023  
9112.819189  
9066.918302  
9095.017212  
9046.127059  
9128.750309  
9073.102075  
9175.112402  
9102.980469  
9057.437972  
9199.661711  
9105.321289  
8925.31849  
9128.25813  
9104.563639  
9076.680786  
9110.661857  
9118.980485  
9006.047681  
9068.525578  
9152.572778  
9168.331942  
9139.480387  
9086.803288  
9130.951432  
9109.534302  
9089.192415  
9117.896313  
8946.612321  
9150.571094  
9101.102783  
9070.480778  
9100.780444  
9139.377197  
9103.078703  
9064.230184  
9147.386906  
9051.816789  
9111.711312  
9041.37369  
9053.076107  
9162.122144  
9076.842497  
9068.460815  
9027.678947  
9081.11193  
9053.628101  
9050.964339  
9041.539152  
9136.520443  
9082.721273  
9073.626058  
9026.764803  
8995.887345  
9032.603695  
9083.558765  
9049.072078  
9102.9684  
9103.368905  
9090.533529  
9019.181966  
9111.852376  
9096.617692  
9045.971403  
9019.038354  
9000.050407  
9076.699471  
9042.747957  
9061.657235  
9100.701042  
8941.192472  
9067.775846  
9126.539404  
9118.013859  
9058.273006  
9022.031128  
9079.542944  
9008.127401  
9125.317635  
9169.388428  
9110.265682  
9076.341797  
9109.298674  
9056.823299  
9014.913029  
9035.561255  
9056.880786  
9031.494832  
9072.858944  
9137.549015  
9074.673071  
9088.227686  
9079.632292  
9084.701815  
9040.732259  
9052.836165  
9107.928328  
9107.845841  
8968.261833  
9210.119238  
9083.270402  
9102.850822  
9012.585986  
9086.626766  
9001.155184  
9047.007576  
9076.293302  
9051.581657  
8998.193148  
8991.529736  
9128.557194  
9083.634538  
9080.528109  
9006.006217  
9079.604915  
9089.544661  
9089.424666  
9072.078019  
9057.725106  
9102.754126  
9018.08409  
9001.797119  
9040.752637  
9101.287524  
9131.300065  
9067.355298  
9094.883016  
9046.241992  
9066.793945  
9094.845703  
9084.238664  
9083.368579  
9111.675423  
9085.296623  
9037.886979  
9068.287565  
9086.418864  
9030.453849  
9038.864176  
9048.197721  
9156.591593  
9133.607837  
9176.972884  
9079.507104  
9045.31106  
9027.477873  
9102.335547  
9148.477417  
9136.393758  
9174.244002  
9191.042708  
9190.415511  
9084.465674  
9121.676717  
9077.348429  
9076.610612  
9112.500073  
9098.198714  
9068.200838  
9171.494002  
9046.428597  
9010.542334  
9011.145557  
9000.850374  
8999.204036  
9016.824007  
9010.874333  
9000.357015  
9106.879647  
9012.083065  
9058.58125  
9087.021875  
9011.935897  
9028.184904  
9144.109546  
9156.288672  
8957.076978  
8990.796509  
9005.897371  
9131.361051  
9155.004777  
9134.152482  
9120.699609  
9079.617228  
9080.519832  
9083.544222  
8992.534106  
8997.936393  
9024.68444  
9076.633382  
9046.05883  
9052.783171  
9194.568799  
9067.784163  
9051.519938  
9077.222225  
9080.492065  
9081.562231  
9107.167668  
9126.562891  
9074.647306  
9077.841748  
9066.077523  
9163.315194  
9148.274601  
8982.937126  
8968.526009  
9062.474032  
9126.393872  
9069.856348  
9115.801009  
9147.565511  
9077.50861  
8912.299837  
9010.272111  
9093.420003  
9051.480046  
9121.320443  
9150.052409  
9006.008171  
8983.143929  
9025.220125  
9041.904899  
9148.495125  
9134.240112  
9083.133081  
9119.459993  
9169.145231  
9104.493164  
9118.263021  
9075.04978  
9062.442936  
9094.268205  
9089.129419  
9121.787093  
9043.865771  
9046.398169  
9030.740194  
9047.870752  
9217.820565  
9286.143278  
9127.131258  
8938.290479  
9179.645793  
9141.491951  
9017.138029  
9037.031942  
9092.020557  
9112.592944  
9087.64047  
9090.988224  
9109.568685  
9115.116659  
9130.734701  
9112.975114  
9097.699186  
8986.264478  
9045.763216  
9160.635758  
9164.07937  
9198.995158  
9076.745142  
9201.244417  
9118.075277  
9062.772746  
9029.89349  
9060.830111  
8992.092993  
9072.353947  
9078.030802  
9140.473161  
9096.367594  
9180.724341  
9188.200667  
9115.94856  
9135.93112  
9162.138778  
9072.549072  
9038.11958  
9034.10599  
9110.297021  
8979.309969  
8956.467562  
9183.788574  
9037.831755  
9109.242505  
9090.854834  
9125.94235  
9149.885807  
9037.712305  
8974.653491  
8983.338574  
8967.298405  
9000.312655  
9026.870256  
8957.021468  
8957.979419  
9003.659408  
8993.831755  
9020.318913  
9063.129427  
9102.588232  
9121.202026  
8969.743896  
9004.62583  
9102.249748  
9122.434611  
9057.639079  
9040.489258  
9053.01556  
9122.766545  
9191.942489  
9073.641203  
9199.900635  
9113.153613  
9030.548926  
9086.902083  
9163.632503  
9114.195296  
9185.827108  
9132.057145  
9084.6396  
9041.263493  
9025.338688  
9065.245874  
8998.335482  
9088.766951  
9007.964559  
9046.081592  
9135.482674  
9095.638981  
9013.291732  
9149.931095  
9072.803361  
9106.157227  
9109.656307  
9018.03606  
9144.748332  
9086.223958  
9104.553833  
9089.473527  
9066.823682  
9026.429403  
9079.44952  
8994.621549  
9110.705965  
9070.873918  
9092.040715  
9034.467765  
9070.381299  
9066.625448  
9081.176978  
9068.531437  
9120.820394  
9120.534871  
9081.581437  
9082.780461  
9106.824194  
9104.055469  
9030.385897  
9072.675326  
9168.81263  
9176.032983  
9001.274105  
9142.799064  
9073.506632  
9105.985246  
9116.235181  
8980.834985  
9079.172713  
9013.405526  
9064.552254  
9039.694954  
8983.967399  
9098.911353  
9055.733919  
8999.099666  
9061.479224  
9069.75887  
8975.977384  
9031.363387  
9046.787467  
9053.856266  
9068.813778  
9021.030599  
9101.193685  
9078.285034  
9043.072876  
9028.293115  
9222.977775  
9030.017358  
9101.40026  
9106.360059  
9080.966016  
9043.994548  
9058.788607  
9074.692961  
9119.719263  
9138.932316  
9067.872388  
9098.639453  
9022.735832  
9130.988127  
9032.831071  
9230.53667  
8978.687061  
9132.993262  
9071.870109  
9038.430965  
9078.978589  
9122.095671  
8960.187614  
9093.694328  
9086.265991  
9124.784855  
9141.623258  
9065.063826  
9097.711963  
9064.457251  
9081.520329  
8998.487899  
9113.594043  
9151.142489  
9158.120671  
9146.001294  
9153.89519  
9117.194312  
8940.199097  
9099.952189  
9128.35599  
9125.541105  
9135.761369  
9148.359985  
9052.774837  
9015.723999  
9097.624935  
8988.832983  
9097.164022  
9065.136361  
9054.504541  
9053.585514  
9100.796501  
9024.089054  
9135.063403  
9026.124829  
9059.660091  
9086.188973  
9043.127995  
9052.086377  
9022.567806  
9041.016577  
9010.648877  
9024.706315  
8991.637256  
8987.438224  
9095.805868  
9098.444019  
8901.870988  
9054.437646  
9099.277425  
9190.332707  
9076.855151  
9064.297445  
9046.215812  
9044.985132  
9007.673088  
9169.681665  
9153.44209  
9145.964119  
9220.677197  
8972.685685  
9122.323161  
9112.021061  
9112.26849  
9098.256738  
8984.623682  
8955.627409  
9033.233732  
9136.918115  
9097.783651  
8984.410994  
8993.415951  
9047.734603  
9180.143099  
9003.237931  
9083.804728  
9185.983797  
9136.755086  
9041.127083  
9075.313208  
9022.856576  
9056.290869  
9144.269849  
9138.795109  
9123.938615  
9068.284562  
9143.57758  
9097.951709  
9179.253434  
9178.608545  
9128.282886  
9170.033691  
9077.486922  
9103.274406  
9120.025415  
9142.732756  
9080.154793  
8954.962476  
9014.370296  
8995.324023  
8947.62063  
8930.791325  
9014.192537  
9198.624886  
8971.811882  
9263.961401  
9074.327979  
8980.806266  
9087.819328  
9105.074064  
9044.545809  
8969.237142  
9113.907837  
9132.231299  
9103.835221  
9054.399992  
9005.809904  
9021.5823  
9005.325073  
9036.411711  
9091.472119  
9136.514339  
9154.87207  
9030.036865  
9166.382308  
9064.633252  
9060.528442  
9021.764917  
9049.9177  
8971.26744  
9018.697021  
9101.20778  
8990.574666  
9082.512972  
9132.510392  
9087.520313  
8924.271729  
9011.91958  
9103.358179  
9091.894556  
9069.203263  
9171.568221  
9124.884009  
9168.925163  
9103.721623  
9092.048454  
9039.077173  
9010.1573  
8984.294132  
9100.812793  
9024.064486  
9194.163281  
9137.291781  
9067.867936  
9046.69869  
9091.68724  
9132.166187  
9095.464185  
9078.066113  
9084.918262  
9124.835433  
9053.099129  
9088.612988  
9082.096948  
9108.397095  
9138.400578  
8978.221387  
9037.531445  
9024.26355  
9048.646761  
9115.351367  
8981.147526  
9084.154631  
9098.190885  
9005.514665  
9165.070451  
9109.288387  
9064.599447  
9093.994482  
9007.487061  
9111.445142  
9126.828931  
9046.208382  
9051.54012  
9106.566805  
9090.527458  
9202.216439  
9028.306209  
9092.94113  
9049.831787  
9020.089144  
9092.644132  
9084.725033  
9041.326188  
9010.566366  
9096.991105  
9109.235026  
9101.188013  
9138.501229  
8958.895597  
9035.65188  
9078.574569  
9043.18964  
8980.929801  
8985.073128  
8974.998332  
9052.333862  
9152.653695  
9007.088908  
9097.839632  
9116.796777  
9193.0014  
9087.939168  
9207.942537  
9042.819792  
9188.762695  
9137.295321  
9099.060539  
9033.592798  
9133.905713  
9099.664258  
9131.732585  
9125.530892  
9021.929557  
9056.801278  
9006.346769  
9035.932878  
9155.318717  
8940.40533  
8823.28103  
9265.055786  
9082.965365  
9179.742651  
9048.89917  
9200.185604  
9216.384245  
9247.060034  
9208.386784  
9002.876921  
8978.629769  
8889.301839  
8986.010897  
8952.193774  
8937.562166  
8945.345093  
9022.212606  
9030.804761  
9093.350692  
9230.029517  
9100.303898  
9092.932015  
9080.557137  
8980.724715  
8972.410303  
9049.846305  
9193.325334  
9345.743587  
9142.9941  
9238.779468  
9074.222835  
9072.308553  
9058.756934  
9051.136019  
9134.998405  
9151.454663  
9156.463696  
9092.635775  
8969.192391  
9061.96486  
9127.531934  
9022.289307  
9039.215161  
9095.994474  
9079.980436  
9123.256576  
9076.111222  
9052.174471  
9063.109448  
9002.954224  
9021.403849  
8990.595435  
9074.769499  
8999.709692  
9110.700692  
9130.199219  
9037.479793  
9132.958138  
9102.904582  
9093.38361  
9064.67828  
9120.295898  
9114.639176  
9076.5993  
9064.021663  
9139.656274  
9067.52679  
9039.331047  
9128.571322  
9148.178776  
9178.879858  
9081.948096  
9124.378776  
9144.844157  
9107.916243  
9096.126432  
9101.201807  
9078.82133  
9042.961857  
9098.971851  
9008.486271  
9060.768449  
9106.658455  
9061.769539  
9091.774284  
9057.88418  
9038.35922  
9195.093262  
9057.929899  
9062.264339  
9088.450366  
9062.849764  
9105.949561  
9074.791252  
9076.335376  
9079.145256  
9107.109871  
9184.399878  
9000.030111  
9123.658366  
8993.003996  
9030.370321  
9085.129199  
9063.127002  
9021.617188  
9021.479028  
8994.454484  
9140.859033  
9087.394515  
9155.374862  
9061.135506  
9098.912581  
9093.784473  
9053.846094  
9107.760213  
9071.517432  
9112.047241  
9044.208903  
9076.916121  
9088.141862  
8972.18492  
9243.012687  
9104.550171  
9111.09611  
9111.940088  
8974.103394  
9000.768701  
9055.153979  
9013.056348  
9030.345516  
9052.948437  
9023.388997  
9064.742562  
9015.591683  
9070.240129  
9068.753198  
9093.58842  
9033.533024  
9037.122526  
9055.94812  
9083.053621  
9065.170435  
8992.228882  
9067.142204  
9149.16827  
9111.088599  
9139.101782  
9053.956266  
9106.778866  
9048.26875  
9107.237134  
9122.885335  
9135.944604  
9134.692277  
9093.247754  
9191.684196  
9114.820386  
9061.318376  
9108.351139  
9092.102995  
9049.60533  
9080.174268  
9077.601685  
9158.565828  
9078.495369  
9101.015365  
9091.899373  
9127.204012  
9034.555396  
9000.463306  
9028.258276  
8958.372876  
9273.604354  
9104.249919  
9119.891138  
9081.67828  
8958.142196  
9106.09895  
9005.471029  
8949.712207  
8910.196289  
8988.528459  
8988.819482  
8984.970833  
8978.484456  
8987.242619  
9043.571021  
9062.780379  
9024.11377  
9005.727254  
9025.581356  
9051.90424  
9047.498519  
9059.553345  
9008.375895  
9092.520076  
9070.206641  
9136.329997  
9111.848486  
9085.725407  
9246.27876  
9163.593132  
9206.440625  
9157.061377  
9053.469279  
9100.069051  
9069.911711  
9179.265218  
9011.609619  
9151.268929  
9114.659733  
9080.551774  
9080.926261  
9060.59585  
9087.892253  
9066.393335  
9074.712052  
9086.873372  
9083.103174  
9087.824731  
9021.499544  
9013.156771  
9035.05682  
9132.131966  
9055.534456  
9028.298844  
9034.576587  
9051.662793  
9052.70918  
9059.52924  
9092.416138  
9086.780501  
9122.169727  
9065.076359  
9083.477311  
9089.190446  
9106.864762  
9062.666764  
9132.521086  
9112.382471  
9159.441561  
9066.335278  
9005.53925  
9045.579183  
9140.566886  
9126.02596  
9130.231128  
9131.947892  
9132.146265  
9058.98846  
9073.35319  
9028.784131  
9034.84834  
9067.207218  
9049.218066  
9080.581193  
9160.056755  
9050.458781  
9080.148918  
9017.384969  
9063.25332  
9104.491423  
9011.746037  
9107.971883  
9039.368311  
9137.941813  
9134.377181  
9092.392049  
9095.341431  
9139.00179  
9075.041227  
9128.23846  
9150.513411  
9053.347705  
9106.640747  
9057.892391  
9092.820654  
9052.884611  
9066.834749  
9064.801351  
8997.027832  
9059.104492  
8994.037052  
9075.063704  
9039.482308  
9013.848478  
8932.925521  
9049.827441  
9120.944906  
9094.682121  
9076.674333  
9151.425651  
9153.566162  
9095.782617  
9124.216667  
9043.839771  
9086.267887  
9077.105046  
9020.611938  
9062.336906  
9098.822323  
9056.371338  
9074.236654  
9074.854598  
9107.153068  
9116.582731  
9169.107869  
9071.076847  
9073.766227  
9035.287923  
9085.947453  
8996.28584  
9158.990552  
9095.241292  
9070.879232  
9141.652336  
9117.356543  
9069.267448  
9113.788582  
8937.432251  
9000.22841  
8988.51534  
9092.61958  
9120.18339  
9213.326082  
9077.089022  
9124.799056  
9182.779191  
9125.341187  
9110.92452  
9109.190243  
9125.645142  
9114.182585  
9135.144377  
9073.696476  
9018.877482  
9045.964478  
9029.657381  
9128.535278  
9047.762598  
9094.406616  
9049.338623  
9021.540828  
9013.128564  
9043.280965  
9142.42063  
9049.562866  
9099.938851  
9130.02369  
9158.927865  
9134.74799  
9186.941626  
9153.216162  
9154.817952  
9083.101929  
9113.77137  
9052.87098  
9054.603947  
8657.812752  
9244.018717  
8725.395133  
9144.945076  
9585.780184  
8772.147534  
9301.378353  
9046.624276  
9087.43702  
8683.805908  
8401.188883  
9240.74576  
9052.550228  
9075.565397  
9071.725846  
9089.099976  
9027.803792  
9043.353638  
9036.274862  
9100.783187  
9145.195166  
9099.65765  
9201.936572  
9200.525887  
9093.80625  
9051.127051  
9100.730379  
9075.57255  
9144.791471  
9152.786768  
9164.705509  
9032.269303  
9233.384652  
9077.112533  
9001.378516  
9190.964103  
9047.697103  
8990.143888  
9074.778931  
9075.469653  
9146.726416  
9045.079915  
9113.602458  
9101.530794  
9015.420125  
9137.601595  
9096.650513  
9094.347282  
9118.296802  
9056.926465  
9113.099032  
9055.127751  
8990.958374  
9089.822754  
9014.848364  
9031.411865  
9069.471029  
9072.863265  
9053.356551  
9066.295817  
9100.614111  
9107.419727  
9032.095418  
9053.833773  
9062.592399  
9049.395646  
9009.606502  
9066.991561  
9121.030314  
9139.414551  
8986.483276  
9084.394116  
9071.031258  
9056.034749  
9081.740999  
9059.476294  
9053.098079  
9118.422184  
9101.167074  
9121.453776  
9071.012126  
9052.16285  
9028.104744  
9094.762939  
9118.582414  
9097.705566  
9075.161523  
9067.635685  
9081.890544  
9044.437158  
9098.677669  
9020.258724  
9128.235425  
9238.977563  
9054.048332  
9050.267017  
9101.390438  
9087.076042  
9090.020817  
9093.02251  
9103.647306  
8996.06495  
9053.860376  
9122.176636  
9057.103833  
9041.251807  
9088.354744  
9081.15883  
9105.765438  
9097.860555  
8925.801831  
9021.567318  
9130.816675  
9148.367074  
9040.882804  
9102.204655  
9103.812874  
9147.940682  
9105.274194  
9080.081567  
9049.325553  
9094.222453  
9001.329093  
9023.469979  
9077.604069  
9067.415495  
9101.807528  
9022.224268  
9085.453231  
9044.274129  
8989.493433  
9050.482121  
9057.806714  
9103.881535  
9133.88466  
9036.969108  
9082.406226  
9113.311263  
9076.236336  
9107.184399  
9032.268148  
9106.341064  
9052.426514  
9065.584155  
9058.838118  
9059.796932  
9096.024487  
9045.842008  
9033.408089  
9089.396598  
9051.776619  
9033.025911  
9001.646493  
8998.458667  
9098.778703  
9084.212036  
9181.397876  
9073.336312  
9120.119491  
9026.197437  
9148.532137  
9059.256901  
9101.833374  
9067.871305  
9076.751717  
9142.231893  
9077.394718  
9153.992611  
9064.270907  
9065.58479  
9066.492375  
9040.84554  
9078.588997  
9099.311027  
9139.554435  
9139.985254  
9068.128345  
9074.151628  
9144.320972  
9085.059212  
9126.501571  
9072.733325  
9091.040462  
9111.740015  
9098.037931  
9103.192513  
9115.579777  
9047.696867  
9065.974642  
9069.433122  
8997.627319  
9060.781299  
9140.037882  
9105.443091  
9065.785946  
9000.267415  
9104.091772  
8892.949341  
9128.997323  
9052.37028  
9119.01259  
9052.404858  
9007.854378  
9042.010018  
8970.031486  
9011.257853  
8951.735026  
9104.932658  
9038.301644  
9040.896476  
9055.126986  
9050.783431  
9084.836385  
9084.06141  
9054.659196  
9061.839331  
9028.513542  
9114.359082  
9092.529036  
9112.938883  
9077.985693  
9146.373193  
9147.365902  
9187.891618  
9095.240072  
9103.558057  
9127.3073  
9028.29646  
9103.237524  
9099.427629  
9126.383081  
9016.44078  
9056.965959  
9075.735962  
9012.603247  
9118.273568  
9046.236963  
9033.576855  
9040.036792  
9005.173568  
9063.247217  
9109.122046  
9033.389933  
9026.152938  
9012.437231  
9084.886491  
9036.739884  
8998.943864  
9095.260807  
9152.665853  
9088.870549  
9182.443099  
9079.650252  
9124.131283  
9061.892497  
9156.860848  
9121.159033  
9077.657552  
9122.772925  
9002.558439  
9031.055892  
9113.812451  
9028.795801  
8920.856901  
9010.100879  
9105.639917  
9110.641618  
9151.615698  
9098.873779  
9088.121875  
9251.422201  
9116.250741  
9112.910352  
9118.91097  
9066.383114  
9146.531396  
9142.417074  
9165.065983  
9111.906836  
9123.991284  
9095.160783  
9102.925985  
9015.195866  
9058.152279  
8993.826351  
9105.307479  
8986.479395  
9059.188395  
9056.483073  
9030.919059  
9076.478743  
8947.70918  
9020.079191  
9153.435685  
9003.487264  
9147.933708  
9131.671549  
9103.933366  
9074.409399  
9082.95201  
9017.577547  
9009.732129  
9050.835775  
9108.676611  
9096.167448  
9066.639307  
9021.302466  
9051.242407  
9040.282202  
9098.68571  
9138.345825  
8943.583643  
9170.137736  
9138.922681  
9037.558626  
9072.978507  
9176.700016  
9097.009953  
9071.139632  
9132.760205  
9140.242326  
9049.073283  
9000.029785  
9006.62299  
9030.667798  
9016.110555  
9047.495516  
9112.696826  
8991.568742  
9044.289958  
9035.592733  
9074.493229  
8996.646004  
9001.947567  
9114.759212  
9063.250618  
9132.339632  
9114.243604  
9078.81071  
9091.32998  
9106.857129  
9148.429858  
9119.393644  
9080.043091  
9124.485327  
9054.692082  
9091.440584  
9012.784115  
9083.859342  
9117.600521  
9078.269019  
