9810.551734  
9764.931403  
9779.466834  
9779.103914  
9837.396746  
9858.421483  
9828.942721  
9847.195847  
9772.455546  
9841.747354  
9798.999337  
9841.221177  
9801.183728  
9869.612518  
9796.007963  
9781.398723  
9778.398818  
9758.454601  
9777.801268  
9713.666366  
9755.353412  
9821.648727  
9839.849254  
9872.758034  
9799.274011  
9798.605555  
9738.538111  
9824.259086  
9839.809255  
9822.945173  
9868.180126  
9760.410218  
9794.579675  
9741.062526  
9775.146151  
9723.076146  
9804.904443  
9820.66519  
9847.89904  
9842.646118  
9744.539439  
9792.648073  
9759.914837  
9805.382735  
9764.51157  
9756.808784  
9817.666632  
9792.453466  
9836.332309  
9800.591201  
9734.171806  
9757.650848  
9707.344698  
9718.327537  
9715.338176  
9779.996411  
9787.96634  
9844.305067  
9841.157819  
9855.749978  
9793.311526  
9809.655359  
9789.81989  
9800.061913  
9879.919945  
9874.68768  
9798.754646  
9805.297652  
9802.30065  
9798.518678  
9805.223981  
9811.824001  
9806.08266  
9859.302503  
9899.276035  
9823.447996  
9795.236981  
9752.472666  
9760.410464  
9739.16193  
9770.309113  
9779.533821  
9734.984627  
9769.223135  
9797.982643  
9840.470943  
9864.04977  
9859.834562  
9790.513516  
9806.657388  
9781.623953  
9721.750135  
9740.757134  
9733.320132  
9760.312908  
9786.027646  
9841.306613  
9862.242227  
9813.262615  
9813.473245  
9765.551121  
9763.711815  
9764.563623  
9835.624095  
9816.008504  
9806.551849  
9795.854913  
9783.115951  
9798.042225  
9777.107094  
9776.069022  
9747.495316  
9798.258706  
9780.732403  
9763.486302  
9857.167791  
9827.299706  
9833.640655  
9817.09214  
9789.553597  
9771.675938  
9810.326887  
9841.350655  
9897.748279  
9914.133423  
9855.880379  
9867.390435  
9782.983943  
9815.100566  
9777.432968  
9798.026761  
9751.629317  
9820.886201  
9815.125031  
9849.939448  
9888.113079  
9835.325449  
9824.862216  
9770.627063  
9774.438701  
9796.428707  
9805.81968  
9790.974046  
9824.389534  
9876.710033  
9808.262371  
9825.34567  
9754.939831  
9759.744467  
9754.349906  
9774.706622  
9791.116368  
9810.606559  
9817.425204  
9783.540737  
9833.834259  
9791.582921  
9820.222055  
9817.455769  
9813.72389  
9809.034293  
9731.519756  
9794.282141  
9756.771889  
9811.414557  
9829.450743  
9856.83213  
9837.758361  
9807.21909  
9791.915261  
9756.741352  
9751.285612  
9749.915572  
9807.344282  
9802.184536  
9781.734729  
9752.099256  
9798.97509  
9839.427386  
9791.860339  
9788.605708  
9815.501768  
9828.421443  
9833.521611  
9823.954218  
9818.968275  
9795.320829  
9787.886298  
9760.387061  
9816.027859  
9815.474839  
9856.18542  
9764.440561  
9805.109487  
9816.574684  
9773.143346  
9823.144956  
9776.688401  
9796.208944  
9773.767497  
9824.446161  
9842.219476  
9792.048249  
9824.113627  
9778.928938  
9761.644908  
9808.849166  
9844.549556  
9872.38483  
9872.526866  
9852.294462  
9830.165458  
9843.806614  
9826.6977  
9816.69535  
9767.559855  
9740.085077  
9811.446437  
9773.927639  
9852.655642  
9872.469377  
9806.883491  
9751.264857  
9741.160629  
9855.145024  
9779.710055  
9762.177869  
9700.884996  
9709.267369  
9745.387127  
9771.859036  
9799.089415  
9765.328241  
9798.030482  
9770.164406  
9889.569164  
9890.224933  
9843.120922  
9890.976326  
9812.844422  
9755.472029  
9679.564537  
9683.849441  
9695.004527  
9705.568784  
9734.130502  
9766.395438  
9797.78493  
9777.711007  
9746.301423  
9749.209106  
9792.189327  
9864.651826  
9882.338634  
9880.896458  
9807.067507  
9790.279279  
9751.926304  
9755.166378  
9799.213257  
9812.153531  
9845.791769  
9881.183733  
9874.061057  
9829.341247  
9894.640745  
9932.798925  
9867.262528  
9841.028044  
9781.642066  
9768.103748  
9781.217604  
9800.21396  
9814.08235  
9777.895044  
9814.751106  
9685.933344  
9791.189893  
9836.052509  
9778.96586  
9764.942501  
9813.848117  
9782.430202  
9792.640482  
9756.251695  
9763.271794  
9799.574704  
9874.259884  
9866.870382  
9786.168964  
9800.501913  
9876.943406  
9868.134657  
9811.507265  
9806.027073  
9820.767026  
9824.071019  
9825.862834  
9805.579542  
9808.167229  
9833.833097  
9823.519702  
9797.895246  
9780.158295  
9777.717924  
9794.501169  
9750.657106  
9776.094632  
9780.586987  
9843.419803  
9885.433769  
9870.104506  
9889.205906  
9820.879452  
9812.609632  
9789.001852  
9754.848663  
9818.859977  
9790.689107  
9817.762276  
9837.42041  
9924.296167  
9913.325849  
9979.338407  
9872.313592  
9800.337112  
9880.0455  
9801.986551  
9775.514146  
9736.189762  
9716.520872  
9694.865734  
9713.830001  
9708.838631  
9688.113106  
9722.628673  
9814.612624  
9821.154938  
9758.32989  
9727.734  
9780.713657  
9788.165547  
9804.210106  
9796.172646  
9813.937513  
9870.629573  
9824.185911  
9840.83291  
9785.326834  
9809.439082  
9410.081686  
9486.367572  
10035.38935  
9347.540041  
10107.705  
10062.81067  
9990.853948  
9892.474462  
9901.089062  
9879.503379  
9897.382727  
9856.276604  
9915.260973  
9882.351276  
9782.538528  
9827.907849  
9727.320026  
9763.136192  
9773.151854  
9716.526971  
9759.454076  
9807.177093  
9802.742037  
9735.870608  
9749.354117  
9796.827155  
9821.380303  
9831.924117  
9830.4507  
9758.811129  
9773.487782  
9790.995746  
9827.817576  
9827.590816  
9844.74028  
9807.112787  
9773.810642  
9776.632217  
9826.129688  
9879.196696  
9873.678835  
9831.255931  
9798.96964  
9735.739078  
9775.655634  
9810.940491  
9848.397165  
9832.528786  
9771.085137  
9762.344916  
9778.157806  
9764.426739  
9784.005539  
9834.888782  
9807.94936  
9829.007534  
9786.03366  
9812.569425  
9817.928421  
9727.243031  
9760.742021  
9760.088487  
9777.761431  
9782.755493  
9827.87469  
9807.637564  
9752.870011  
9751.105566  
9779.375391  
9815.866298  
9941.513205  
9918.016637  
9839.333288  
9879.095754  
9799.973304  
9735.643059  
9666.717826  
9677.282577  
9714.057837  
9681.369004  
9635.93767  
9642.680212  
9739.553862  
9735.791802  
9800.510536  
9795.640528  
9686.089297  
9750.994109  
9806.322172  
9873.077113  
9829.633806  
9789.04293  
9844.137537  
9827.651662  
9701.043575  
9864.585204  
9836.436053  
9884.240214  
9699.824803  
9817.97825  
9541.124168  
9810.433511  
9809.056676  
9829.021461  
9756.14117  
9756.26639  
9849.910616  
9870.319359  
9898.665154  
9895.104251  
9841.941329  
9841.809615  
9814.9725  
9806.308798  
9836.284571  
9855.658914  
9851.083865  
9814.817342  
9852.255474  
9829.236367  
9872.776903  
9884.825318  
9822.413887  
9879.616335  
9834.75875  
9836.450797  
9830.633981  
9896.782902  
9876.66593  
9831.428684  
9800.884121  
9795.963881  
9786.084903  
9785.102951  
9842.400605  
9819.417607  
9819.497371  
9815.04008  
9853.909219  
9915.481461  
9806.319422  
9744.217221  
9762.270929  
9743.123578  
9789.533556  
9831.607456  
9826.819608  
9831.354936  
9780.168887  
9814.859969  
9885.909179  
9835.450744  
9804.504053  
9771.75313  
9756.06029  
9744.595703  
9811.05078  
9821.539864  
9788.410316  
9848.414078  
9887.641327  
9793.223008  
9759.680337  
9749.724924  
9776.274087  
9784.227218  
9845.574138  
9849.268159  
9816.675671  
9824.81099  
9776.533977  
9810.000637  
9771.498145  
9752.994957  
9746.139043  
9811.998414  
9859.099725  
9842.29028  
9568.445244  
9839.898996  
9802.90178  
9832.492885  
9824.964205  
9832.942174  
9823.176316  
9863.720431  
9864.441562  
9832.860186  
9859.258434  
9752.008736  
9755.616742  
9735.34798  
9740.553773  
9745.772108  
9758.408769  
9772.833425  
9774.935554  
9816.055095  
9894.86746  
9856.830788  
9821.925537  
9723.036344  
9803.980236  
9850.289231  
9792.699148  
9821.156298  
9774.526767  
9766.007899  
9774.610349  
9786.345464  
9806.772574  
9757.613726  
9763.927123  
9772.594505  
9716.703561  
9831.735463  
9829.465235  
9828.448001  
9837.19795  
9827.358497  
9761.925116  
9783.931245  
9798.866226  
9801.3803  
9819.684971  
9823.146914  
9835.505914  
9945.541268  
9965.121002  
9861.188069  
9782.891711  
9735.903468  
9757.672917  
9721.697002  
9799.832762  
9916.907226  
9934.760681  
9939.08452  
9895.789126  
9749.986734  
9822.624518  
9786.301112  
9803.063728  
9791.795277  
9874.282644  
9868.441234  
9841.647922  
9834.434639  
9819.869603  
9761.584442  
9761.873368  
9745.287443  
9738.513727  
9754.343869  
9741.642716  
9794.276237  
9770.903608  
9768.526521  
9789.788625  
9803.385175  
9799.408144  
9822.595684  
9786.627653  
9770.524363  
9773.006363  
9833.336498  
9937.746092  
9916.335477  
9917.585544  
9821.604669  
9806.81681  
9768.67579  
9831.231877  
9692.935189  
9690.38205  
9685.855708  
9784.901224  
9778.266621  
9756.308539  
9778.987761  
9821.942228  
9735.108325  
9730.223217  
9756.776942  
9770.778789  
9815.314034  
9855.184776  
9806.830882  
9758.877095  
9789.544139  
9819.308934  
9790.160211  
9784.073651  
9768.669192  
9763.814175  
9872.474549  
9939.50962  
9887.652959  
9865.903233  
9802.328117  
9732.162871  
9737.700454  
9822.072469  
9828.69972  
9805.363285  
9755.35682  
9771.061086  
9755.880791  
9752.102255  
9793.049398  
9861.617586  
9845.66271  
9824.607439  
9797.648271  
9861.659426  
9799.299054  
9713.825807  
9804.462118  
9585.308051  
9858.987084  
9798.674334  
9754.482304  
9829.31756  
9823.627156  
9842.81967  
9849.93591  
9943.001169  
9986.267874  
9943.083678  
9842.332044  
9755.221195  
9892.978907  
9786.658943  
9762.011083  
9722.258136  
9841.171798  
9870.618101  
9874.672208  
9832.728701  
9834.23257  
9819.863816  
9809.818143  
9766.906468  
9535.893411  
9803.512219  
9899.214485  
9981.846716  
9915.56275  
9894.329436  
9903.340253  
9847.541475  
9715.799626  
9826.10494  
9796.565353  
9782.413413  
9718.698911  
9803.928504  
9788.423725  
9904.718634  
9898.943988  
9887.051235  
9857.897748  
9898.511505  
9890.295482  
9805.866587  
9803.085791  
9725.469276  
9500.962952  
10116.76154  
9341.671217  
9976.448728  
9792.224731  
9852.207396  
9866.49643  
9830.401332  
9829.290657  
9788.094851  
9156.178547  
9839.006244  
9644.872334  
9688.707715  
9725.17289  
9723.466117  
9724.628123  
9689.395634  
9790.122781  
9807.818986  
9847.155714  
9865.835281  
9856.140395  
9797.805867  
9741.903815  
9823.570078  
9848.96013  
9849.660491  
9874.755836  
9820.375989  
9835.422249  
9862.007935  
9858.952964  
9904.701945  
9851.259548  
9836.242286  
9810.093573  
9840.040158  
9856.890217  
9860.934234  
9875.41631  
9809.176512  
9726.805196  
9789.552432  
9769.363972  
9766.458296  
9739.363181  
9747.060142  
9774.606643  
9837.231175  
9756.974306  
9789.915092  
9782.368152  
9843.903445  
9818.096511  
9809.606798  
9789.730848  
9808.485556  
9799.798537  
9833.084367  
9807.313675  
9796.800153  
9799.491109  
9765.003566  
9754.18673  
9775.961637  
9775.99966  
9761.335884  
9768.904847  
9751.775719  
9811.629164  
9841.941007  
9808.904087  
9708.389813  
9846.089373  
9633.351033  
9867.84345  
9780.1278  
9666.124217  
9741.018401  
9774.627505  
9873.10596  
9897.65292  
9849.887887  
9873.215446  
9850.482708  
9801.930819  
9793.273154  
9789.276557  
9735.092456  
9765.324956  
9820.030858  
9827.758536  
9836.215141  
9819.429515  
9815.050501  
9788.166179  
9823.726577  
9803.089725  
9719.205819  
9764.660819  
9784.25065  
9795.155838  
9771.401294  
9755.680043  
9834.050376  
9830.930445  
9818.06238  
9796.540584  
9829.945352  
9786.289908  
9773.176937  
9832.601638  
9873.483787  
9760.443728  
9794.072433  
9785.919053  
9851.336326  
9862.365791  
9819.019421  
9758.756888  
9721.55632  
9765.713446  
9825.319681  
9950.605766  
9873.640862  
9837.599993  
9870.70908  
9785.216922  
9699.100949  
9832.116224  
9687.536837  
9723.50072  
9755.077747  
9792.755708  
9868.191954  
9754.417267  
9849.580823  
9780.13956  
9736.289559  
9652.92419  
9762.572996  
9602.661524  
9955.295285  
9857.513993  
9844.601472  
9847.572265  
9681.722048  
9779.347387  
9859.065138  
9874.095219  
9895.647674  
9843.34985  
9808.135189  
9846.269817  
9732.092174  
9836.340611  
9905.626396  
9955.914017  
9950.429636  
9796.27441  
9847.797035  
9736.726753  
9776.537697  
9693.396695  
9725.804341  
9554.279877  
9749.770826  
9694.05187  
9777.685307  
9789.280456  
9738.663365  
9734.326276  
9806.215083  
9776.638282  
9809.008064  
9812.986178  
9650.90539  
9829.873042  
9886.970481  
9946.962139  
9940.869602  
9900.443917  
9780.558646  
9761.076966  
9840.2965  
9824.164298  
9869.482628  
9916.14591  
9853.550127  
9626.558373  
9825.580545  
9758.350502  
9811.948085  
9808.152938  
9801.477123  
9424.419448  
9894.040744  
9858.294394  
9890.766243  
9694.893436  
9725.553851  
9845.492914  
9607.778209  
9739.615282  
9859.033392  
9841.039086  
9841.708605  
9830.819725  
9836.819367  
9539.458789  
10003.42428  
9856.329107  
9909.127038  
9902.67823  
9900.179712  
9772.896578  
9771.857148  
9785.386889  
9889.341103  
9716.156601  
9867.061625  
9833.419112  
9830.461834  
9853.161765  
9851.100709  
9846.457483  
9829.739987  
9837.306526  
9847.127571  
9559.906792  
9548.710462  
9872.214893  
9982.416092  
9947.848476  
9941.016944  
9910.910709  
9815.425384  
9790.798447  
9809.445462  
9829.095709  
9774.322753  
9766.893677  
9824.958618  
9844.751092  
9797.494794  
9767.432019  
9714.21923  
9633.492214  
9724.152608  
9756.430886  
9874.64648  
9908.296418  
9812.285664  
9814.35069  
9810.97387  
9785.790327  
9753.700959  
9672.378137  
9715.956187  
9775.62581  
9812.995923  
9820.746547  
9766.932407  
9837.774491  
9762.981477  
9792.936788  
9771.265039  
9662.586821  
9879.690016  
9842.645188  
9821.992116  
9858.519212  
9813.901645  
9760.756251  
9727.824066  
9822.45137  
9814.383981  
9752.870319  
9765.32095  
9811.876948  
9856.525918  
9800.703796  
9696.06283  
9817.631514  
9793.132411  
9817.441725  
9851.937957  
9829.792669  
9782.321838  
9805.216483  
9826.19432  
9838.448075  
9864.445053  
9822.241905  
9808.10628  
9844.395917  
9805.329227  
9772.399139  
9772.764475  
9707.791157  
9743.765984  
9749.773061  
9822.335193  
9855.036562  
9859.999283  
9859.03859  
9740.052855  
9810.586001  
9746.744423  
9816.993496  
9759.810703  
9675.147932  
9773.745464  
9719.665744  
9812.058252  
9879.314749  
9847.377572  
9835.18537  
9766.177866  
9728.111777  
9791.672699  
9799.072653  
9781.426285  
9725.556255  
9698.130628  
9842.289319  
9787.762461  
9861.494011  
9758.238245  
9775.007463  
9760.756306  
9828.050259  
9795.838215  
9818.378303  
9860.154877  
9866.695121  
9911.493193  
9905.528793  
9885.418238  
9861.70554  
9659.302313  
9899.678009  
9904.592125  
9857.439573  
9873.105858  
9822.503319  
9874.107242  
9864.650799  
9836.00593  
9841.899108  
9913.631832  
9902.080254  
9817.247393  
9817.069058  
9758.752058  
9795.92808  
9701.069322  
9696.201509  
9439.713901  
10104.43558  
10001.45525  
9821.461473  
9960.30492  
9905.200893  
9801.137722  
9903.143641  
9818.275514  
9711.454157  
9705.727491  
9535.0377  
9612.411827  
9611.718383  
9622.274178  
9634.870857  
9678.939493  
9778.328885  
9824.108759  
9819.295087  
9892.816763  
9894.593329  
9835.370496  
9800.771674  
9817.7323  
9854.137352  
9805.53218  
9940.417584  
9921.849208  
9887.508868  
9868.267923  
9845.929749  
9851.797006  
9791.046407  
9783.610975  
9844.109982  
9837.855062  
9822.312361  
9816.959043  
9829.974348  
9860.48123  
9829.562462  
9801.68875  
9753.99289  
9806.813478  
9815.88214  
9784.775913  
9758.590191  
9798.421057  
9762.695535  
9758.522589  
9743.326676  
9763.12174  
9767.498019  
9781.864008  
9803.110448  
9810.072682  
9781.79104  
9810.981153  
9796.6985  
9803.474984  
9827.695481  
9846.18716  
9764.154859  
9763.244436  
9773.369707  
9796.965955  
9771.992091  
9806.178425  
9813.716122  
9797.989444  
9786.165074  
9768.652169  
9810.755671  
9788.159605  
9770.011722  
9773.927392  
9802.634691  
9783.676379  
9820.852964  
9783.634431  
9816.23136  
9828.038782  
9875.925955  
9846.131141  
9824.292105  
9811.541506  
9846.867908  
9786.602791  
9793.123564  
9814.708022  
9830.377191  
9839.999824  
9789.530671  
9778.626301  
9765.468876  
9818.223367  
9829.671649  
9854.397815  
9838.888946  
9851.98877  
9761.326897  
9805.87003  
9812.045547  
9779.417859  
9787.998935  
9789.743945  
9804.295984  
9868.044673  
9834.603295  
9841.577528  
9890.573842  
9865.087165  
9809.636253  
9776.068896  
9805.675443  
9787.239704  
9774.250282  
9741.488078  
9755.396432  
9774.098809  
9800.467156  
9894.323162  
9857.728811  
9842.723671  
9791.40512  
9733.40708  
9732.082314  
9723.329576  
9732.099569  
9772.692811  
9786.993553  
9769.06484  
9755.074877  
9776.577712  
9832.164956  
9849.605797  
9831.163209  
9818.840494  
9836.594161  
9791.701061  
9787.979695  
9796.035966  
9752.740157  
9748.840529  
9849.594047  
9878.524046  
9867.912471  
9847.901305  
9828.888665  
9751.7367  
9799.205865  
9831.999651  
9785.797278  
9802.026291  
9841.588335  
9829.69189  
9765.73465  
9775.714719  
9783.577975  
9753.203747  
9801.065713  
9817.493586  
9791.335594  
9815.569432  
9797.16466  
9818.128693  
9839.922717  
9782.601963  
9700.943529  
9789.230091  
9902.548501  
10063.54299  
9868.222663  
9812.323234  
9881.677188  
9723.818971  
9643.505258  
9612.210593  
9598.624498  
9652.413027  
9621.073845  
9701.745971  
9661.289274  
9713.475249  
9746.339783  
9719.500338  
9763.94991  
9769.277466  
9744.355562  
9707.180582  
9716.812595  
9745.369707  
9763.220952  
9797.832388  
9814.0386  
9900.552313  
9930.993664  
9866.156795  
9928.350408  
9952.63438  
9923.727643  
9890.080154  
9874.381484  
9827.178073  
9857.220791  
9860.262168  
9917.495186  
9868.239313  
9800.220702  
9845.690541  
9819.918883  
9800.189389  
9777.585238  
9785.46166  
9781.174753  
9791.772437  
9773.461693  
9792.697908  
9817.472446  
9787.718258  
9769.10947  
9753.777787  
9842.89265  
9818.327091  
9799.188538  
9804.92395  
9779.018957  
9785.040219  
9759.194324  
9819.241255  
9816.696353  
9815.122638  
9813.759503  
9847.932224  
9854.519987  
9854.097576  
9826.066947  
9808.897377  
9853.388667  
9839.390141  
9815.169539  
9800.904734  
9742.814614  
9828.2711  
9831.445194  
9865.69309  
9912.14291  
9879.891834  
9795.347309  
9767.11933  
9723.507708  
9664.63179  
9765.437869  
9790.798804  
9925.792222  
9892.772141  
9873.86974  
9822.41561  
9791.260601  
9786.11267  
9777.642339  
9803.044424  
9761.724593  
9747.994391  
9765.909858  
9768.130496  
9805.664752  
9795.091953  
9847.257993  
9807.416934  
9786.624424  
9760.307698  
9734.801359  
9750.477858  
9762.055592  
9765.749463  
9737.420741  
9753.108957  
9755.968694  
9751.81161  
9776.56011  
9801.305267  
9741.655932  
9780.427019  
9778.827428  
9752.048915  
9767.878155  
9771.28703  
9865.981019  
9856.039962  
9871.909977  
9842.572633  
9847.835387  
9860.091846  
9875.74399  
9824.260074  
9810.908168  
9833.369455  
9781.096367  
9791.511553  
9793.358142  
9800.058195  
9810.436523  
9824.416463  
9882.556216  
9897.109642  
9778.98906  
9778.900768  
9762.541248  
9708.02448  
9755.186953  
9818.962056  
9853.02742  
9827.114319  
9813.991338  
9842.569492  
9831.148529  
9833.620876  
9792.379374  
9617.51609  
9785.725131  
9787.08829  
9852.204544  
9891.078757  
9846.180581  
9836.133475  
9869.586856  
9897.881147  
9898.295104  
9870.651528  
9868.440633  
9812.305539  
9804.495093  
9759.600413  
9765.998706  
9757.343446  
9716.8027  
9786.735197  
9837.45424  
9845.256662  
9806.489321  
9745.38217  
9756.859444  
9794.439839  
9846.205857  
9845.800775  
9820.504698  
9787.887608  
9875.782859  
9862.672802  
9818.174953  
9863.105608  
9841.169215  
9780.976161  
9754.001295  
9745.924931  
9756.391268  
9545.186826  
9531.97337  
9774.397004  
9743.351186  
9652.921102  
9699.269869  
9909.733168  
9861.31122  
9865.106231  
9545.394709  
9739.652819  
9701.671789  
9667.373118  
9679.524938  
9716.361818  
9690.91494  
9716.297882  
9735.335459  
9811.35083  
9829.529881  
9900.747875  
9871.786749  
9912.821339  
9888.373554  
9883.780338  
9829.165711  
9887.156032  
9882.586176  
9923.952547  
9911.629687  
9882.876427  
9816.043378  
9807.409996  
9832.344599  
9793.311622  
9954.178293  
9839.150672  
9797.93018  
9780.969342  
9814.528248  
9819.731359  
9887.943586  
9864.578287  
9814.826095  
9809.798332  
9866.44452  
9851.883044  
9864.868086  
9834.523695  
9792.806775  
9850.683851  
9828.439992  
9792.346247  
9787.272912  
9769.671607  
9754.833149  
9772.157448  
9778.029927  
9840.545626  
9794.206127  
9785.461031  
9837.42713  
9816.166404  
9741.51511  
9714.791587  
9736.919246  
9786.578443  
9713.441459  
9746.918071  
9824.658798  
9795.012411  
9841.793388  
9807.976988  
9831.365883  
9854.01286  
9870.368975  
9819.736605  
9812.924527  
9866.643127  
9813.411466  
9766.42392  
9724.982439  
9764.110951  
9737.915243  
9780.244499  
9838.555375  
9834.891077  
9846.826278  
9835.351654  
9776.64024  
9786.833401  
9778.128437  
9821.500126  
9848.977691  
9801.576429  
9851.909905  
9831.415805  
9799.35275  
9796.129794  
9775.754837  
9773.199108  
9747.842928  
9761.007567  
9759.266098  
9731.723643  
9719.041686  
9723.096929  
9792.003589  
9822.743874  
9773.098734  
9702.934251  
9757.720393  
9885.914639  
9916.473494  
9875.715486  
9873.66003  
9826.119677  
9832.496996  
9815.842183  
9803.025242  
9819.017897  
9826.040212  
9752.142584  
9759.92878  
9786.524836  
9802.294245  
9780.10556  
9829.441059  
9815.973086  
9781.438523  
9815.553215  
9814.919312  
9790.888789  
9811.245725  
9828.198151  
9788.947448  
9847.411932  
9865.319631  
9807.516311  
9814.812273  
9745.151286  
9764.796829  
9790.295495  
9783.012498  
9780.848282  
9843.628267  
9861.31773  
9822.60753  
9809.511824  
9817.197703  
9775.046307  
9788.226172  
9763.574579  
9731.799833  
9824.987527  
9883.610109  
9866.623449  
9880.264467  
9872.79678  
9806.2262  
9834.143125  
9786.953982  
9801.588604  
9768.687717  
9814.475245  
9835.313213  
9794.295049  
9835.845572  
9772.755256  
9716.744829  
9744.767199  
9751.160854  
9770.500784  
9857.573794  
9874.282212  
9837.977665  
9815.093905  
9781.958134  
9759.689764  
9764.23834  
9741.556886  
9762.561036  
9794.554133  
9783.659975  
9751.620035  
9776.898692  
9795.289222  
9788.223334  
9781.155368  
9806.419698  
9752.752699  
9781.511312  
9806.353397  
9827.990653  
9870.452962  
9883.61669  
9973.05195  
9873.844767  
9795.772875  
9871.923254  
9778.470506  
9816.530342  
9723.346867  
9681.56641  
9701.76213  
9671.615872  
9712.067167  
9700.645667  
9708.257362  
9747.306276  
9746.483186  
9726.634095  
9763.22097  
9798.123578  
9793.056588  
9774.465159  
9794.911057  
9803.60542  
9887.07652  
9872.040354  
9843.773672  
9849.89469  
9854.844301  
9857.739506  
9796.143669  
9844.375946  
9864.872011  
9797.200835  
9811.028332  
9800.874021  
9851.885325  
9801.762844  
9844.787159  
9869.299665  
9829.562109  
9797.437296  
9798.394786  
9788.122571  
9780.741546  
9775.850347  
9796.329311  
9806.443717  
9842.360108  
9812.583255  
9776.147982  
9780.118403  
9752.892126  
9805.998713  
9785.429373  
9862.663317  
9874.241228  
9907.37445  
9857.978492  
9840.83083  
9818.197271  
9813.637327  
9859.983775  
9852.062834  
9843.051547  
9803.36548  
9743.069249  
9767.345603  
9741.632637  
9595.28095  
9814.922908  
9792.808049  
9855.806294  
9860.197408  
9820.257851  
9891.890301  
9886.952484  
9859.60546  
9821.088866  
9789.186752  
9781.725345  
9778.808358  
9824.567419  
9843.794348  
9851.269809  
9818.663369  
9793.931421  
9784.215245  
9763.617911  
9763.848855  
9734.100174  
9716.619069  
9708.572404  
9745.883527  
9761.979823  
9752.475306  
9735.346808  
9722.569315  
9778.527942  
9860.843144  
9878.23286  
9868.725091  
9897.50333  
9830.82149  
9768.746367  
9771.789139  
9703.192479  
9699.398888  
9728.90804  
9794.379089  
9820.483454  
9749.93155  
9725.771959  
9746.212546  
9785.288731  
9805.67627  
9824.094906  
9795.417281  
9795.30677  
9794.373369  
9827.716001  
9841.808946  
9851.359034  
9874.007812  
9824.377483  
9908.388741  
9864.219469  
9807.239779  
9793.835477  
9739.914102  
9723.357234  
9741.977501  
9741.640543  
9745.952874  
9733.783908  
9751.088244  
9752.146761  
9844.382301  
9785.360177  
9727.453101  
9804.397521  
9831.871331  
9867.36475  
9850.403962  
9844.149446  
9825.190102  
9835.195183  
9814.720028  
9782.154244  
9838.291073  
9876.457605  
9802.456464  
9809.820692  
9812.264593  
9776.327516  
9773.703405  
9777.294966  
