9177.007895  
9082.633568  
9141.958045  
9177.824228  
9214.007601  
9276.482256  
9183.447367  
9302.668328  
9216.16714  
9228.301638  
9169.662321  
9365.552569  
9195.477981  
9178.600291  
9193.07924  
9247.249217  
9272.214494  
9166.849775  
9249.838941  
9188.602161  
9122.868551  
9264.262023  
9290.476093  
9229.289486  
9192.831193  
9238.485794  
9198.524488  
9285.859274  
9239.457437  
9173.801878  
9273.647424  
9247.192374  
9190.397894  
9137.201826  
9241.868182  
9205.333975  
9111.338867  
9251.354704  
9301.264787  
9208.403044  
9174.408443  
9275.697459  
9167.742022  
9241.078834  
9140.50819  
9203.764363  
9226.553296  
9201.317539  
9243.808483  
9170.504238  
9266.644633  
9225.620734  
9173.431263  
9155.711361  
9219.070534  
9227.662155  
9194.138119  
9247.142293  
9201.741957  
9216.871342  
9230.097214  
9141.42311  
9165.2363  
9232.182424  
9299.223946  
9216.449928  
9211.514473  
9223.601738  
9140.977097  
9231.793568  
9244.365953  
9216.445948  
9274.143177  
9201.388009  
9208.604096  
9163.987268  
9229.215212  
9182.588167  
9253.963278  
9215.929245  
9160.474407  
9205.977253  
9200.476415  
9192.481528  
9125.318756  
9222.462135  
9193.443101  
9180.002561  
9204.421875  
9217.789173  
9205.760466  
9149.761074  
9193.323279  
9223.556088  
9211.523963  
9218.34129  
9273.763395  
9173.390404  
9210.550781  
9212.018223  
9176.08252  
9206.991626  
9243.174197  
9209.236927  
9255.994417  
9262.816922  
9237.291974  
9144.934699  
9253.802136  
9238.690163  
9163.273401  
9258.084915  
9191.727336  
9136.064812  
9170.180056  
9304.700462  
9229.037579  
9225.503602  
9191.976203  
9199.720003  
9156.169719  
9231.849978  
9363.728221  
9180.559616  
9389.899515  
9226.066397  
9247.726489  
9171.423533  
9271.439702  
9161.157134  
9229.089144  
9219.138865  
9190.567374  
9245.825039  
9270.668107  
9297.377331  
9058.949882  
9274.647267  
9191.478304  
9153.197054  
9206.496508  
9228.736927  
9211.353681  
9310.453282  
9321.534465  
9118.618671  
9252.732413  
9170.903606  
9167.099573  
9169.127709  
9210.080815  
9158.638617  
9180.138285  
9203.124088  
9220.233527  
9218.332566  
9268.533913  
9255.689425  
9229.772212  
9179.203991  
9236.637152  
9170.745301  
9222.055821  
9211.138828  
9196.61575  
9231.604151  
9224.281324  
9245.748526  
9186.298543  
9271.219745  
9187.999346  
9189.784346  
9173.048819  
9228.819806  
9241.950877  
9249.958643  
9267.930526  
9138.78617  
9234.339494  
9210.410654  
9202.204424  
9126.889363  
9239.212798  
9222.097509  
9187.142808  
9184.196777  
9230.073288  
9205.160801  
9205.070524  
9258.472279  
9150.577692  
9275.595325  
9249.607947  
9230.551389  
9217.547815  
9140.486006  
9266.780872  
9147.501815  
9235.630159  
9226.102161  
9191.190669  
9227.895821  
9199.026091  
9222.708275  
9211.795991  
9204.125064  
9268.464844  
9170.681972  
9285.677863  
9235.584381  
9191.578853  
9192.387889  
9307.0536  
9245.347675  
9134.895038  
9293.772922  
9243.323168  
9174.063559  
9260.202452  
9227.52271  
9261.34001  
9165.305434  
9253.040021  
9173.665638  
9267.021862  
9235.258181  
9176.231786  
9212.334767  
9181.993164  
9226.56028  
9276.50936  
9289.406278  
9253.298257  
9214.405098  
9116.916513  
9226.931023  
9317.514934  
9252.32222  
9292.757214  
9225.279969  
9212.305756  
9186.17486  
9190.216696  
9191.670318  
9212.593962  
9136.888377  
9161.104547  
9129.277897  
9170.188744  
9193.578374  
9185.807332  
9192.251281  
9264.945248  
9228.420779  
9261.038556  
9180.634296  
9170.511507  
9186.492178  
9138.680471  
9220.02423  
9247.958312  
9295.869445  
9279.674703  
9203.392928  
9295.921396  
9286.66912  
9279.562555  
9198.538058  
9330.799086  
9181.728829  
9166.825591  
9247.985038  
9229.292186  
9279.637364  
9213.873756  
9230.790131  
8998.481003  
9142.67767  
9268.88038  
9153.478755  
9183.778855  
9137.012723  
9209.735103  
9207.305443  
9171.776459  
9203.088453  
9238.803342  
9264.361918  
9218.941627  
9149.419185  
9268.169673  
9259.717635  
9211.544424  
9207.467525  
9207.079028  
9198.686054  
9178.425496  
9218.945101  
9219.976664  
9145.863475  
9187.053131  
9196.521991  
9186.553536  
9183.515643  
9288.87196  
9212.072782  
9219.328226  
9210.55524  
9227.936054  
9204.661031  
9254.857919  
9248.767643  
9154.173929  
9293.003842  
9161.712329  
9246.40169  
9251.369951  
9226.635014  
9215.289634  
9298.989636  
9281.105073  
9192.168936  
9141.068544  
9306.878326  
9026.915011  
9190.258863  
9270.000673  
9176.809939  
9142.651782  
9190.037598  
9180.580106  
9081.373498  
9053.494574  
9129.045622  
9102.941775  
9172.206681  
9194.215295  
9281.135844  
9224.401036  
9149.199569  
9140.653505  
9188.950674  
9229.518057  
9186.844257  
9170.065559  
9282.224969  
9144.506993  
9176.427301  
9224.433944  
9201.714466  
9285.8901  
9374.228497  
9129.237443  
8834.545779  
9655.936072  
9342.963858  
9327.182774  
9200.279214  
9271.724296  
9324.204221  
9323.168393  
9264.78956  
9293.682709  
9220.276782  
9172.526238  
9215.267633  
9106.280605  
9127.146282  
9138.97601  
9087.120799  
9204.574145  
9243.325988  
9181.400335  
9221.654223  
9233.98233  
9179.912294  
9198.124641  
9214.725623  
9226.473946  
9201.367998  
9228.625332  
9234.940338  
9239.310123  
9232.027298  
9284.163252  
9196.860269  
9085.191913  
9203.924418  
9223.590092  
9243.107772  
9207.66702  
9253.741073  
9209.652804  
9137.852769  
9292.224195  
9245.2019  
9232.278772  
9242.388294  
9245.523769  
9079.075361  
9225.403265  
9272.802403  
9216.918448  
9238.154417  
9188.061431  
9143.693829  
9115.854824  
9266.425625  
9184.716345  
9148.711057  
9173.008596  
9186.319603  
9240.169535  
9244.479317  
9202.729391  
9290.079166  
9179.011019  
9240.062039  
9156.52095  
9253.930747  
9175.23958  
9217.895066  
9221.205824  
9327.107873  
9253.131818  
9147.667499  
9119.946584  
9219.844082  
9127.580133  
9119.3633  
9123.760622  
9197.674842  
9223.324228  
9238.290629  
9203.317945  
9258.757941  
9270.782853  
9158.606003  
9257.722638  
9197.279417  
9258.764925  
9201.337108  
9257.012483  
9205.245781  
9328.743182  
9242.983325  
9207.056383  
9305.611568  
9246.886203  
9056.348126  
9269.667047  
9204.061044  
9200.153873  
9257.826365  
9280.573611  
9133.062491  
9189.489267  
9309.536815  
9308.874889  
9273.325011  
9220.842958  
9248.034917  
9239.242151  
9214.609043  
9242.009655  
9057.616939  
9309.670355  
9213.836177  
9186.136092  
9247.993597  
9236.053619  
9233.119924  
9181.305047  
9262.58801  
9179.950859  
9221.242639  
9170.643555  
9191.347279  
9324.73513  
9212.413795  
9203.012447  
9145.371812  
9208.516767  
9189.428702  
9166.528772  
9205.796939  
9271.893656  
9224.281407  
9197.920659  
9145.636986  
9142.714245  
9143.245541  
9193.592847  
9156.227585  
9211.098559  
9237.598246  
9241.141408  
9167.367188  
9282.578788  
9243.373121  
9186.246389  
9177.556079  
9141.606519  
9211.692539  
9191.877036  
9199.504192  
9238.769135  
9121.961988  
9187.412478  
9241.161114  
9215.705963  
9218.010291  
9165.456976  
9222.28991  
9143.996739  
9274.422133  
9287.638764  
9243.613438  
9199.751271  
9232.193507  
9183.820828  
9165.797096  
9178.113069  
9196.110407  
9159.871545  
9206.164486  
9271.115161  
9254.502552  
9261.474222  
9220.638911  
9209.623019  
9194.838591  
9195.333948  
9256.337347  
9229.874631  
9118.457971  
9334.737996  
9205.731537  
9280.35381  
9129.738189  
9232.68083  
9154.725383  
9185.346818  
9204.506412  
9172.225862  
9155.574947  
9124.775455  
9226.463738  
9213.175551  
9225.813532  
9151.909944  
9227.82924  
9254.889823  
9226.117777  
9199.619703  
9186.199477  
9226.738235  
9164.192235  
9128.30325  
9166.112636  
9247.850779  
9268.480441  
9192.81367  
9245.11786  
9210.151662  
9219.371435  
9212.673847  
9228.569511  
9210.849112  
9237.075287  
9249.831386  
9146.00386  
9201.551325  
9203.80395  
9145.193194  
9216.198896  
9233.582169  
9303.648548  
9269.315024  
9264.668816  
9259.968999  
9210.066204  
9197.087375  
9263.888469  
9283.781821  
9237.149359  
9306.331349  
9305.656987  
9295.731298  
9203.45084  
9264.290785  
9213.494408  
9185.656637  
9202.096818  
9206.873148  
9163.067033  
9273.736752  
9201.871149  
9127.664182  
9122.040417  
9141.581893  
9161.259489  
9157.965028  
9144.179494  
9161.850227  
9274.27458  
9142.985121  
9198.156665  
9226.916439  
9150.626575  
9184.253372  
9298.964217  
9267.698463  
9087.115511  
9084.780789  
9106.644798  
9244.934276  
9322.058907  
9277.438735  
9265.58778  
9208.61493  
9214.007941  
9238.832022  
9135.970675  
9113.458376  
9195.406784  
9247.993938  
9207.267928  
9190.581405  
9326.060307  
9193.119749  
9197.668015  
9165.48829  
9204.850853  
9229.71699  
9255.157144  
9299.175044  
9207.517836  
9201.779822  
9198.391399  
9271.601056  
9265.009554  
9126.475328  
9089.019734  
9202.645609  
9290.359697  
9162.431466  
9258.456598  
9303.419544  
9219.715203  
9040.036925  
9194.254984  
9236.715728  
9200.179273  
9254.771558  
9304.603921  
9131.984845  
9161.269596  
9170.763423  
9196.424427  
9262.851323  
9285.744951  
9220.768398  
9251.971726  
9306.776938  
9221.588591  
9253.547888  
9208.0309  
9186.196639  
9259.340369  
9223.347463  
9224.005095  
9193.507923  
9194.620274  
9160.393288  
9179.537892  
9390.953862  
9409.622568  
9216.377451  
9133.48549  
9289.322828  
9273.328576  
9142.991257  
9135.383503  
9219.002064  
9285.978377  
9224.29225  
9202.315586  
9240.054881  
9255.278099  
9254.752322  
9277.411511  
9234.069926  
9169.847288  
9189.387806  
9303.459003  
9338.052384  
9311.902353  
9192.166568  
9379.68376  
9251.942079  
9195.121877  
9162.638239  
9216.144891  
9197.010217  
9203.497439  
9243.897157  
9268.347831  
9229.812564  
9361.642873  
9324.426113  
9269.710587  
9269.113733  
9294.692263  
9228.091299  
9181.329922  
9164.891224  
9326.935077  
8970.877985  
9038.465314  
9324.60499  
9161.876741  
9212.291661  
9217.059036  
9285.250046  
9261.990686  
9140.403431  
9121.097905  
9064.271024  
9066.297511  
9139.086223  
9138.648327  
9099.929927  
9083.91503  
9105.225125  
9171.417941  
9159.758614  
9197.311929  
9186.503418  
9228.993321  
9112.656305  
9149.386599  
9244.47682  
9239.424915  
9160.95038  
9205.532088  
9216.916679  
9244.00328  
9339.850982  
9213.024801  
9329.250313  
9242.085901  
9161.311312  
9240.779877  
9289.888939  
9261.578788  
9345.22682  
9299.495016  
9223.752967  
9180.16573  
9164.133172  
9170.822957  
9133.990299  
9190.43422  
9171.375691  
9217.507214  
9271.533627  
9219.350503  
9161.169176  
9269.326246  
9203.116211  
9219.712706  
9236.952213  
9177.651966  
9261.162966  
9224.168503  
9247.106574  
9171.393509  
9235.966567  
9203.947947  
9215.027666  
9129.029656  
9246.597536  
9205.495799  
9245.793144  
9184.703088  
9195.60194  
9217.424151  
9260.943627  
9193.718566  
9246.35861  
9257.805074  
9158.811118  
9226.753593  
9234.467663  
9242.347619  
9158.2802  
9210.383826  
9257.690365  
9308.653247  
9158.482956  
9256.223697  
9166.363493  
9235.0398  
9241.385576  
9093.416089  
9207.094312  
9126.062297  
9197.650907  
9153.942668  
9128.76873  
9222.667011  
9161.003602  
9147.570211  
9225.331442  
9220.346615  
9083.621683  
9173.39759  
9204.908885  
9189.896908  
9236.253796  
9195.901312  
9236.765911  
9240.188338  
9185.795696  
9175.033627  
9363.34832  
9184.605754  
9222.263359  
9216.564287  
9253.614249  
9202.533074  
9192.581488  
9205.577683  
9248.260484  
9287.514547  
9209.359283  
9263.404177  
9176.382066  
9255.976728  
9161.902104  
9383.975964  
9145.736356  
9244.100954  
9188.69347  
9185.02142  
9243.637566  
9265.679955  
9087.628132  
9244.915168  
9229.619233  
9255.753648  
9275.862968  
9197.092976  
9224.330999  
9195.439868  
9204.801205  
9102.370513  
9269.620237  
9285.744555  
9311.166449  
9279.970814  
9283.557995  
9271.112692  
9008.930167  
9201.050192  
9271.407678  
9244.275658  
9244.237913  
9261.58204  
9219.680019  
9089.636323  
9249.770876  
9128.738447  
9224.454949  
9162.821694  
9184.1779  
9163.558437  
9270.979575  
9180.436302  
9275.929383  
9172.003298  
9150.124825  
9248.370974  
9197.671156  
9183.269955  
9169.757647  
9202.47098  
9144.24777  
9173.99134  
9153.59551  
9103.66737  
9224.800975  
9228.683824  
9056.704894  
9219.321188  
9225.798561  
9341.818912  
9213.3647  
9233.861015  
9152.851185  
9239.554623  
9152.784825  
9294.390754  
9297.574477  
9294.045327  
9323.31461  
9103.616294  
9252.903219  
9269.086767  
9220.734965  
9206.172317  
9138.287911  
9129.269891  
9163.349232  
9251.196271  
9252.412911  
9134.365677  
9105.054374  
9233.618422  
9388.353193  
9101.982376  
9210.552725  
9350.038187  
9265.738327  
9199.302716  
9193.612166  
9185.022157  
9213.36529  
9266.125046  
9256.270876  
9278.698767  
9213.620854  
9265.052559  
9234.22741  
9275.526929  
9305.769504  
9259.649967  
9309.963895  
9171.303987  
9218.416983  
9263.393066  
9243.924141  
9234.172179  
9126.782761  
9133.881256  
9141.241985  
9113.079479  
9113.809957  
9168.120827  
9360.242188  
9105.427172  
9363.87839  
9198.544388  
9113.907623  
9251.009462  
9215.946354  
9196.038694  
9091.182792  
9276.227511  
9255.523115  
9243.035902  
9158.415186  
9163.814951  
9124.592276  
9136.815973  
9132.044277  
9219.541172  
9270.02505  
9254.518205  
9171.769596  
9282.448528  
9179.000636  
9186.934183  
9186.261967  
9199.751935  
9130.159143  
9119.200011  
9234.430369  
9108.147443  
9206.262161  
9245.110554  
9240.172557  
9063.331202  
9139.769172  
9264.924409  
9237.208008  
9228.296258  
9286.313864  
9265.061302  
9283.63799  
9248.684045  
9225.598734  
9160.799519  
9136.853451  
9131.271429  
9228.445488  
9185.212089  
9315.99087  
9290.599545  
9225.405144  
9181.206525  
9222.057534  
9264.079203  
9244.472518  
9212.004072  
9223.274893  
9277.154739  
9201.090295  
9223.018739  
9209.86096  
9230.286713  
9303.884388  
9105.843759  
9190.369997  
9161.91632  
9192.329175  
9255.0419  
9114.564527  
9227.747282  
9227.026266  
9114.333579  
9266.492713  
9256.59656  
9192.408452  
9217.618662  
9157.518886  
9262.717165  
9236.961675  
9214.996554  
9202.208395  
9245.823924  
9244.332658  
9328.360499  
9174.144697  
9251.010079  
9207.315577  
9135.047548  
9238.326301  
9260.285138  
9181.364636  
9162.519927  
9268.887483  
9240.129892  
9247.976305  
9271.639308  
9076.921414  
9183.844662  
9221.432  
9166.884646  
9102.30009  
9140.947266  
9140.8606  
9205.85031  
9294.234476  
9172.472794  
9237.773051  
9256.792904  
9326.968151  
9235.793991  
9353.459767  
9155.553471  
9323.887143  
9258.2397  
9213.256624  
9145.270443  
9260.470242  
9214.906434  
9269.56859  
9246.961656  
9182.926859  
9172.903026  
9161.371389  
9199.405025  
9413.918779  
9125.832206  
8826.458091  
9421.522286  
9291.523751  
9317.811155  
9138.632168  
9337.256071  
9335.488889  
9336.151367  
9298.152362  
9126.688854  
9087.490198  
9007.464217  
9138.658047  
9062.528873  
9078.872798  
9096.595749  
9169.130546  
9167.128584  
9234.973283  
9385.235886  
9235.15941  
9205.666872  
9228.6827  
9108.211177  
9082.603645  
9186.31426  
9377.370854  
9444.370099  
9274.091419  
9337.61645  
9198.745053  
9226.102456  
9190.800182  
9206.81753  
9248.71032  
9298.51814  
9282.725558  
9222.705889  
9076.014409  
9201.462467  
9272.061809  
9147.202084  
9182.355367  
9191.992777  
9195.77973  
9245.553803  
9222.018767  
9168.063937  
9205.957216  
9133.709058  
9169.229124  
9132.44546  
9247.859191  
9149.59375  
9235.988419  
9286.332179  
9181.887511  
9270.496195  
9223.618311  
9247.129192  
9210.0975  
9244.269264  
9234.686035  
9235.245513  
9161.003556  
9258.281932  
9216.272636  
9193.44932  
9234.978958  
9299.388773  
9309.793429  
9217.533378  
9250.793475  
9299.273465  
9229.027012  
9255.749355  
9211.689932  
9233.16187  
9175.957206  
9227.582427  
9133.868662  
9179.04846  
9265.620661  
9185.163501  
9243.873268  
9203.092073  
9185.735462  
9330.427688  
9189.337541  
9195.125451  
9227.321003  
9196.261792  
9268.389234  
9200.899893  
9217.83427  
9215.126161  
9228.388184  
9314.617399  
9147.988023  
9263.977926  
9149.868394  
9156.011571  
9252.851811  
9225.835247  
9107.833349  
9144.652814  
9130.141141  
9283.524304  
9179.092469  
9276.350954  
9218.038408  
9268.796645  
9223.232606  
9166.513395  
9242.791836  
9182.480349  
9241.565255  
9184.253621  
9211.826126  
9227.87102  
9128.224407  
9355.582372  
9237.430802  
9235.926758  
9252.737157  
9084.826153  
9125.574292  
9162.042121  
9161.55208  
9166.136415  
9225.754091  
9179.238825  
9187.029205  
9170.081027  
9155.786022  
9196.683253  
9236.255316  
9175.999834  
9179.259821  
9207.997697  
9227.404721  
9185.450831  
9133.9698  
9208.936293  
9312.592423  
9251.70283  
9247.028118  
9196.375544  
9250.069271  
9164.412137  
9246.297262  
9271.03792  
9286.508955  
9249.763184  
9240.566462  
9337.924114  
9237.031305  
9196.598145  
9242.035718  
9238.673386  
9204.542296  
9214.136737  
9220.093022  
9320.224453  
9231.739857  
9219.16749  
9186.4375  
9248.744021  
9181.712356  
9086.674307  
9164.440052  
9080.229455  
9404.711426  
9236.452747  
9256.272129  
9223.066047  
9082.912561  
9219.667831  
9148.905227  
9080.861964  
9055.733739  
9093.323712  
9134.097969  
9133.320064  
9133.578475  
9133.908839  
9193.063817  
9192.350015  
9163.819078  
9151.670567  
9172.554909  
9204.81566  
9194.454221  
9247.686081  
9149.446759  
9212.702526  
9237.6765  
9279.393831  
9246.900649  
9203.222813  
9409.00141  
9267.896245  
9341.236144  
9241.892007  
9163.079277  
9245.710643  
9165.499079  
9320.917259  
9150.361448  
9267.888368  
9261.164855  
9210.017117  
9254.090682  
9179.573168  
9248.05091  
9220.144135  
9218.500166  
9225.93048  
9228.641979  
9208.353958  
9158.288593  
9168.587642  
9166.901192  
9242.673543  
9214.027906  
9172.613991  
9157.54307  
9192.125405  
9197.680996  
9225.087891  
9216.652381  
9255.044931  
9240.540748  
9206.300883  
9220.724536  
9230.861411  
9251.984559  
9189.738825  
9236.041237  
9247.952545  
9276.841272  
9233.230985  
9161.098513  
9173.480681  
9242.435879  
9247.356353  
9262.640533  
9240.523649  
9287.747181  
9227.372605  
9186.902869  
9112.049316  
9187.889123  
9228.197957  
9211.369592  
9206.149211  
9301.042941  
9184.279527  
9179.09715  
9163.133817  
9195.346136  
9240.663805  
9141.202959  
9230.648438  
9171.312915  
9270.985987  
9256.423073  
9247.556051  
9212.75281  
9278.029232  
9205.820865  
9231.402712  
9268.940467  
9192.915334  
9252.596689  
9189.514639  
9233.24661  
9176.744657  
9212.289671  
9205.961757  
9158.47062  
9171.917084  
9171.032641  
9217.699071  
9200.590719  
9182.930747  
9083.959629  
9180.760558  
9235.045189  
9240.309276  
9199.276625  
9313.316093  
9305.581313  
9255.927919  
9256.81589  
9197.401376  
9223.82256  
9232.640671  
9164.684156  
9194.307599  
9226.260604  
9198.90168  
9222.656619  
9211.176122  
9236.759895  
9255.539744  
9271.677605  
9205.717948  
9241.052983  
9140.712375  
9219.563246  
9165.275151  
9279.821086  
9226.215544  
9228.490999  
9307.877487  
9253.566867  
9208.80115  
9234.768905  
9060.75258  
9153.30875  
9118.796396  
9231.952839  
9232.600881  
9369.120845  
9208.34749  
9261.490069  
9289.524156  
9269.951835  
9247.221247  
9207.386663  
9280.440291  
9228.97998  
9259.38378  
9232.90566  
9162.775575  
9164.541495  
9164.630085  
9255.358435  
9206.747798  
9226.348163  
9187.415444  
9153.309303  
9149.242925  
9182.488042  
9289.125783  
9163.847997  
9263.373443  
9244.676629  
9304.104391  
9262.568221  
9327.924915  
9273.221237  
9283.566848  
9221.470012  
9227.540656  
9224.64349  
9213.476139  
8794.44242  
9269.123747  
8862.372319  
9499.133144  
9736.585845  
8789.556069  
9409.986936  
9152.971302  
9195.74052  
8911.230119  
8707.969763  
9363.416255  
9203.771162  
9200.378565  
9207.495744  
9237.795484  
9151.323187  
9199.580023  
9149.151634  
9264.76112  
9256.783166  
9247.506523  
9353.832308  
9337.349434  
9197.359992  
9187.43235  
9222.917094  
9221.957814  
9259.689997  
9256.037109  
9323.92217  
9104.83638  
9376.47905  
9199.154103  
9168.431908  
9300.46384  
9154.675809  
9119.304135  
9162.630426  
9180.30489  
9298.022995  
9167.276128  
9243.27996  
9231.826384  
9159.934432  
9253.077747  
9241.260788  
9237.915979  
9234.924547  
9183.599941  
9243.499005  
9191.452019  
9134.833874  
9203.61938  
9149.332584  
9176.454442  
9225.167158  
9211.202655  
9187.27294  
9219.705668  
9257.187491  
9239.676389  
9163.408977  
9183.848946  
9165.932626  
9179.19815  
9102.264538  
9203.20272  
9219.008936  
9291.267431  
9131.358795  
9230.849011  
9217.972279  
9194.498839  
9231.377902  
9209.318147  
9188.341023  
9232.976369  
9240.31472  
9242.093197  
9241.825693  
9196.946188  
9134.579839  
9199.322874  
9272.619122  
9222.048128  
9200.817843  
9220.724757  
9218.124226  
9148.303849  
9221.062353  
9144.11833  
9269.093428  
9375.330336  
9201.914007  
9202.900483  
9239.391583  
9223.288344  
9205.519531  
9225.394716  
9242.806622  
9150.232652  
9170.444069  
9260.614295  
9211.699062  
9180.487157  
9243.161345  
9229.669268  
9254.18528  
9255.310713  
9065.350273  
9156.854216  
9265.009793  
9262.523097  
9149.199486  
9238.331469  
9226.777731  
9271.002893  
9220.559782  
9223.309543  
9205.328042  
9261.227797  
9126.498268  
9173.861466  
9233.126557  
9246.945967  
9262.041909  
9157.308225  
9233.580889  
9185.765763  
9121.263091  
9159.607846  
9215.505021  
9234.610591  
9248.910663  
9169.709712  
9210.496435  
9224.589245  
9217.885641  
9250.856556  
9179.346569  
9218.743947  
9186.610582  
9235.851526  
9207.469865  
9198.568387  
9247.262216  
9176.117657  
9169.940531  
9207.482671  
9215.669286  
9132.324836  
9143.956847  
9127.224886  
9218.103202  
9237.666145  
9326.313587  
9250.069787  
9248.063403  
9165.089761  
9262.73712  
9171.085569  
9238.048321  
9213.422041  
9208.944548  
9250.417886  
9209.506034  
9268.635171  
9198.821344  
9195.846127  
9204.335578  
9171.243579  
9205.403191  
9214.6525  
9268.909732  
9254.964696  
9193.92287  
9195.050404  
9287.397157  
9195.675376  
9252.185925  
9232.93808  
9230.27119  
9250.432958  
9246.898456  
9246.364027  
9232.820699  
9163.174418  
9186.738493  
9232.860462  
9157.201181  
9167.973946  
9245.476765  
9271.320174  
9192.856878  
9150.401432  
9267.039661  
9043.321685  
9238.40718  
9217.068065  
9253.176251  
9185.402768  
9117.421663  
9218.9485  
9119.72215  
9147.781038  
9121.915159  
9253.966576  
9184.231823  
9170.705631  
9193.759802  
9194.930074  
9234.118606  
9202.825481  
9212.932064  
9184.825241  
9206.837089  
9234.367206  
9248.853912  
9276.876916  
9196.364387  
9288.406103  
9299.593732  
9304.005261  
9214.053306  
9237.791071  
9255.767265  
9142.980745  
9261.851074  
9236.269467  
9287.059303  
9152.000129  
9179.476498  
9226.192484  
9145.454654  
9231.652206  
9188.944962  
9178.93633  
9153.613751  
9174.118929  
9211.880049  
9213.602382  
9188.268859  
9147.820819  
9154.216751  
9207.465314  
9196.597085  
9139.779011  
9219.363604  
9284.657706  
9210.828153  
9303.047096  
9240.190614  
9267.794986  
9228.104667  
9252.594045  
9250.878068  
9213.275566  
9247.539551  
9141.212909  
9198.790435  
9259.519587  
9162.6415  
9101.426251  
9128.851323  
9229.902998  
9271.271079  
9266.845851  
9253.274331  
9194.092304  
9369.652445  
9213.99742  
9236.849167  
9266.165168  
9193.227723  
9233.912082  
9258.624198  
9301.238512  
9222.17872  
9235.240935  
9234.737609  
9246.88331  
9130.850945  
9194.657503  
9125.732698  
9227.176104  
9135.525971  
9199.790868  
9195.913095  
9179.011065  
9215.411612  
9103.89396  
9146.193746  
9318.464217  
9138.695847  
9288.711306  
9305.059432  
9258.607569  
9213.740244  
9198.498996  
9172.074495  
9170.067484  
9178.057543  
9245.047022  
9235.64618  
9219.934874  
9157.147599  
9172.133163  
9184.167628  
9228.457759  
9278.866865  
9090.27048  
9295.89934  
9259.751621  
9175.113806  
9169.100991  
9318.597813  
9217.349029  
9219.74263  
9260.769642  
9282.851047  
9174.397581  
9133.148843  
9106.254164  
9173.354078  
9198.97519  
9168.433778  
9235.973568  
9165.462633  
9165.865446  
9180.161455  
9227.745771  
9138.572339  
9157.81192  
9237.730533  
9184.328162  
9267.407337  
9266.660073  
9236.423321  
9237.725125  
9225.296838  
9282.292315  
9232.711131  
9197.323334  
9258.74614  
9206.784668  
9244.587356  
9165.270591  
9203.852429  
9233.824062  
9210.532862  
