5702.978331  
5692.905778  
5727.706119  
5737.256847  
5765.395666  
5746.490751  
5791.058724  
5792.577025  
5750.188044  
5788.066864  
5716.681524  
5770.751231  
5780.971821  
5776.558812  
5778.815124  
5793.855867  
5797.375005  
5739.245163  
5760.582544  
5730.68778  
5738.849138  
5776.551217  
5800.944944  
5789.638985  
5745.44832  
5749.773464  
5738.139535  
5757.377308  
5756.50509  
5742.556298  
5806.184673  
5734.322088  
5763.909223  
5739.25201  
5726.479358  
5724.518334  
5728.719702  
5768.306964  
5790.627656  
5764.253297  
5711.716563  
5753.801803  
5720.859261  
5725.574185  
5710.151996  
5777.421065  
5786.230875  
5766.746444  
5781.778743  
5725.05016  
5709.239715  
5744.163431  
5722.417252  
5743.52952  
5728.221337  
5730.370551  
5711.775487  
5746.872797  
5763.481104  
5800.257485  
5756.358741  
5743.245799  
5747.732849  
5748.088634  
5794.021642  
5813.159989  
5768.711941  
5758.841815  
5734.072998  
5736.575066  
5781.510149  
5775.677215  
5748.216726  
5776.669843  
5758.639129  
5730.263028  
5745.87397  
5727.822743  
5750.204278  
5745.064384  
5726.086819  
5785.810551  
5714.388623  
5722.772759  
5728.716945  
5739.827739  
5758.184923  
5761.166502  
5748.227534  
5769.135881  
5729.839047  
5703.397564  
5720.264763  
5740.847925  
5745.525401  
5742.0978  
5788.894556  
5789.837096  
5733.236401  
5748.575764  
5734.795232  
5752.254592  
5765.850622  
5774.377302  
5789.191613  
5756.527562  
5733.32935  
5722.697427  
5785.719325  
5758.708402  
5751.031094  
5732.468842  
5734.452865  
5735.513976  
5737.842017  
5803.293865  
5742.839616  
5745.409844  
5748.963347  
5745.852887  
5771.134482  
5789.915487  
5799.4411  
5803.997429  
5824.250045  
5749.911608  
5758.974761  
5726.212164  
5771.730847  
5755.259689  
5760.32856  
5748.728406  
5772.111191  
5796.533171  
5789.12445  
5761.732489  
5713.316549  
5762.27734  
5741.437079  
5741.351464  
5731.152571  
5774.83478  
5760.511754  
5772.092863  
5815.283874  
5697.830988  
5756.021967  
5750.194938  
5723.348705  
5731.380428  
5753.863777  
5759.812058  
5718.729317  
5747.575411  
5759.78069  
5803.435201  
5767.885524  
5763.717246  
5740.774728  
5735.684925  
5732.933536  
5728.697124  
5756.271987  
5756.339163  
5752.858438  
5761.208262  
5780.233156  
5766.060241  
5733.025174  
5768.914855  
5753.994387  
5724.724877  
5733.798178  
5784.176964  
5752.019173  
5780.456629  
5767.325474  
5757.69835  
5764.871607  
5739.116173  
5739.226158  
5758.906183  
5796.422462  
5774.482117  
5738.069711  
5756.729691  
5724.408687  
5730.041815  
5732.372597  
5755.713411  
5774.614519  
5786.223966  
5745.16148  
5784.672434  
5789.881536  
5759.666735  
5773.983088  
5749.210051  
5749.360124  
5726.070285  
5747.121055  
5759.46799  
5736.259783  
5760.027023  
5749.21102  
5739.8215  
5751.018322  
5756.031399  
5803.082178  
5779.226502  
5775.118968  
5749.093872  
5762.94704  
5755.50933  
5725.867635  
5777.820118  
5698.116144  
5770.326601  
5772.085192  
5780.822128  
5770.365586  
5766.090046  
5756.102739  
5760.049541  
5777.009468  
5763.222989  
5728.423463  
5733.837208  
5714.545703  
5746.749869  
5783.381724  
5794.313841  
5744.708394  
5756.381285  
5731.961825  
5787.40437  
5809.733902  
5763.187896  
5802.443507  
5755.231147  
5778.63889  
5740.09556  
5725.211139  
5721.191249  
5734.400528  
5749.8954  
5730.654071  
5754.285663  
5745.052966  
5716.489557  
5726.510122  
5738.869775  
5784.225868  
5776.075085  
5781.414549  
5741.748743  
5736.483078  
5736.008898  
5705.587574  
5774.820857  
5744.038872  
5765.495544  
5763.48684  
5738.604976  
5802.821894  
5809.648369  
5830.623129  
5771.691255  
5800.742643  
5733.027195  
5775.485181  
5760.258215  
5784.682302  
5799.439963  
5773.652795  
5762.144424  
5720.145114  
5760.238499  
5791.51541  
5738.2178  
5733.699734  
5776.292431  
5722.083023  
5745.715119  
5769.65412  
5724.231325  
5745.763024  
5804.8026  
5763.867498  
5732.659514  
5789.389569  
5807.108143  
5824.666735  
5757.454962  
5756.497751  
5763.258338  
5760.248361  
5759.255686  
5755.421978  
5749.759534  
5763.560968  
5751.296705  
5753.995403  
5739.549525  
5749.01414  
5760.600965  
5780.804171  
5767.783257  
5771.799768  
5780.556459  
5764.698738  
5754.390804  
5749.957903  
5763.338918  
5759.210797  
5774.048712  
5753.775046  
5765.816229  
5757.035522  
5797.926502  
5788.999699  
5756.617833  
5777.27514  
5803.742318  
5722.219571  
5699.033439  
5727.532741  
5695.929156  
5674.277482  
5688.676624  
5673.042795  
5665.500868  
5661.821099  
5670.166578  
5656.401462  
5654.863134  
5696.852172  
5736.347777  
5710.146576  
5698.6706  
5709.923825  
5721.657738  
5723.088988  
5750.969339  
5734.247044  
5747.479466  
5700.12775  
5709.977306  
5722.595021  
5748.692488  
5729.33561  
5842.560848  
5624.093305  
5352.938599  
5881.488389  
5673.307828  
5780.472733  
5716.178972  
5783.386943  
5834.602549  
5889.64725  
5795.834275  
5838.006487  
5837.240127  
5804.887363  
5807.917612  
5768.344814  
5726.172625  
5776.886765  
5720.985541  
5730.367868  
5791.220164  
5775.569531  
5733.215846  
5738.740503  
5754.50199  
5772.713054  
5764.906663  
5751.464247  
5769.328793  
5772.242623  
5768.448233  
5763.149504  
5803.209107  
5806.444491  
5777.673452  
5781.099229  
5753.915543  
5827.447782  
5872.244154  
5769.332652  
5789.318859  
5792.019476  
5735.80675  
5782.305362  
5797.15132  
5797.714219  
5763.450315  
5773.829013  
5764.769479  
5784.89506  
5789.369113  
5779.711963  
5794.108089  
5762.609097  
5763.111177  
5765.131119  
5762.528989  
5755.872572  
5743.30166  
5738.004741  
5737.735835  
5762.771226  
5774.500366  
5767.576691  
5783.14089  
5783.269175  
5770.637073  
5737.608229  
5770.474627  
5770.723507  
5794.940377  
5753.45493  
5801.493329  
5775.88701  
5761.274518  
5747.128286  
5700.208433  
5721.009368  
5707.556046  
5707.513976  
5654.20923  
5721.498935  
5729.071169  
5712.532314  
5760.090283  
5721.230468  
5704.793248  
5735.911026  
5783.537955  
5759.711092  
5749.17848  
5745.152703  
5734.231311  
5778.053861  
5735.929289  
5744.206568  
5834.983534  
5747.960611  
5709.228651  
5755.682223  
5723.914705  
5784.111971  
5783.127198  
5757.556569  
5741.036667  
5734.591546  
5790.836551  
5812.30155  
5813.386688  
5794.514103  
5762.617151  
5757.060955  
5784.176226  
5778.365666  
5754.930131  
5776.650388  
5747.26947  
5764.572297  
5754.499059  
5806.633762  
5797.45508  
5737.726687  
5791.489212  
5760.189998  
5731.732482  
5735.056198  
5786.453669  
5784.446689  
5760.947108  
5775.157248  
5765.916101  
5753.565093  
5735.111865  
5753.708189  
5752.308105  
5757.624878  
5766.665008  
5771.200394  
5774.835094  
5731.489123  
5722.658319  
5703.385173  
5738.69108  
5746.502159  
5757.262356  
5765.048753  
5757.164744  
5775.122614  
5768.758078  
5751.312525  
5721.639004  
5740.093053  
5705.493655  
5745.197947  
5733.673042  
5763.696325  
5736.065855  
5759.999858  
5794.575871  
5798.773365  
5741.617648  
5721.368457  
5760.10254  
5739.751574  
5735.533967  
5805.780351  
5840.634581  
5759.605619  
5739.469596  
5766.672316  
5756.816619  
5724.724877  
5757.619309  
5725.185363  
5739.823149  
5787.891785  
5748.828328  
5717.87319  
5732.699163  
5723.801609  
5735.603049  
5748.045362  
5754.509739  
5738.033868  
5723.777274  
5828.570402  
5780.198878  
5796.439098  
5730.445205  
5755.280554  
5707.113675  
5724.755041  
5727.398123  
5735.712517  
5742.134967  
5761.945161  
5775.185301  
5791.518595  
5782.179953  
5738.594017  
5698.574148  
5750.094262  
5772.55828  
5767.407228  
5775.398789  
5769.97238  
5735.067724  
5739.978969  
5719.022858  
5760.319936  
5753.337583  
5745.497256  
5748.184381  
5770.017144  
5748.293112  
5767.318003  
5758.692909  
5729.380999  
5808.851474  
5784.488319  
5757.905673  
5763.41694  
5735.450465  
5739.689077  
5748.977039  
5728.124213  
5819.000585  
5777.871059  
5754.226259  
5745.587575  
5727.74829  
5688.737597  
5744.585248  
5764.34057  
5846.911087  
5837.441749  
5799.080802  
5807.81824  
5745.788589  
5789.230846  
5800.986219  
5756.653485  
5770.962515  
5793.142591  
5756.520775  
5800.838263  
5765.519979  
5735.621625  
5711.644412  
5741.609095  
5742.178075  
5722.636444  
5721.425777  
5728.813497  
5768.305104  
5731.800939  
5716.683968  
5749.014394  
5742.016597  
5757.807157  
5756.827827  
5784.456635  
5709.289667  
5699.786373  
5735.961156  
5811.677215  
5817.525317  
5789.940714  
5759.953457  
5762.705502  
5738.55493  
5784.252523  
5705.198187  
5724.24601  
5683.492197  
5724.898782  
5731.780814  
5730.137716  
5790.459331  
5750.112568  
5696.654429  
5714.3208  
5693.573714  
5770.829016  
5779.48782  
5784.067946  
5740.971094  
5749.708784  
5757.620487  
5765.039343  
5754.821623  
5646.34393  
5786.906744  
5755.528127  
5815.036448  
5804.188556  
5761.542681  
5768.85153  
5740.238017  
5678.669826  
5706.306684  
5780.056844  
5746.936007  
5784.435038  
5785.385312  
5721.070722  
5691.758659  
5692.703738  
5688.29024  
5745.445568  
5780.866103  
5773.913771  
5752.363876  
5786.019814  
5766.681574  
5755.379675  
5751.503613  
5774.113322  
5759.211259  
5752.37111  
5758.321996  
5738.312404  
5732.0957  
5710.701554  
5742.375534  
5822.458213  
5827.751957  
5763.782577  
5757.171242  
5712.97561  
5798.51654  
5722.583075  
5735.600756  
5733.05469  
5777.575463  
5761.84223  
5752.040376  
5720.467082  
5746.959235  
5743.477184  
5767.800452  
5749.347652  
5654.284505  
5792.726288  
5816.263881  
5823.180005  
5804.438322  
5773.323948  
5796.681566  
5750.943432  
5730.199766  
5729.761503  
5721.058747  
5736.04316  
5714.452001  
5716.120768  
5735.403599  
5795.95615  
5782.913148  
5796.022601  
5766.153993  
5791.224138  
5770.095774  
5735.934581  
5721.564814  
5698.495233  
5753.169937  
5729.207055  
5681.246807  
5845.547565  
5736.14685  
5828.294905  
5876.634263  
5776.197225  
5786.80451  
5813.938155  
5744.306736  
5752.502815  
5751.306078  
5741.225938  
5735.358359  
5704.379503  
5707.098191  
5740.480357  
5719.972968  
5722.157921  
5778.283501  
5784.578549  
5771.588256  
5732.401278  
5727.988866  
5770.688558  
5789.159122  
5778.562421  
5757.114771  
5713.357214  
5755.995779  
5807.615067  
5781.660884  
5845.78766  
5797.678254  
5745.533496  
5740.786197  
5815.291822  
5808.741025  
5817.40567  
5807.463261  
5776.045872  
5735.520158  
5724.931708  
5736.339969  
5739.565733  
5725.045811  
5723.106098  
5740.571903  
5773.806741  
5775.756847  
5743.317754  
5781.322575  
5791.537936  
5792.980538  
5800.324849  
5769.064281  
5773.207  
5751.707111  
5777.17873  
5748.116377  
5750.324694  
5754.758295  
5771.293432  
5718.667363  
5735.547004  
5742.666119  
5773.350985  
5698.33818  
5734.166164  
5746.626886  
5753.703789  
5749.983456  
5759.852821  
5769.730872  
5761.989394  
5768.668375  
5758.683679  
5760.620833  
5754.708166  
5763.224052  
5791.070362  
5817.122667  
5717.910065  
5790.331614  
5804.495299  
5775.127725  
5775.809404  
5775.855804  
5732.866689  
5747.037492  
5762.599877  
5755.932956  
5769.138274  
5740.138377  
5736.510981  
5707.58606  
5734.217741  
5723.776745  
5666.471234  
5696.916146  
5712.059886  
5724.806232  
5709.403606  
5700.355686  
5758.516526  
5730.187759  
5719.024111  
5732.298712  
5778.101429  
5729.649866  
5749.622671  
5747.510766  
5761.077436  
5744.645272  
5692.791241  
5761.95729  
5775.024357  
5828.606305  
5775.002505  
5783.059629  
5722.690919  
5784.791318  
5760.604108  
5851.101242  
5798.795556  
5803.170894  
5764.12079  
5737.562541  
5723.236309  
5779.884181  
5716.00097  
5748.95793  
5740.443575  
5730.332856  
5804.223878  
5790.348309  
5808.214179  
5727.279312  
5711.35816  
5719.996106  
5721.256288  
5783.927742  
5787.066382  
5761.036009  
5798.198228  
5790.144501  
5719.937865  
5756.260579  
5796.041069  
5798.975032  
5812.41749  
5807.35866  
5766.823497  
5755.005487  
5802.026273  
5740.180933  
5741.202145  
5795.155165  
5818.668766  
5745.842958  
5753.748691  
5721.201809  
5747.294335  
5741.959793  
5698.250234  
5768.318917  
5681.429064  
5680.756752  
5744.957773  
5746.060267  
5709.399797  
5688.614307  
5734.45837  
5679.668485  
5734.541458  
5764.876921  
5689.068935  
5742.219291  
5771.235484  
5815.680691  
5789.479862  
5730.814896  
5737.560524  
5724.339841  
5726.016662  
5758.894137  
5803.244315  
5813.955179  
5807.133825  
5706.347111  
5725.950387  
5767.662296  
5759.602596  
5789.734046  
5735.874419  
5654.302795  
5723.078647  
5799.545184  
5840.093396  
5728.913239  
5712.270365  
5718.531979  
5779.63333  
5735.612179  
5750.317299  
5793.955674  
5808.104462  
5742.098179  
5747.601058  
5705.2256  
5708.960281  
5789.631015  
5814.199114  
5816.258818  
5753.815941  
5706.716905  
5736.683213  
5786.819332  
5816.396681  
5808.390408  
5769.36457  
5763.830686  
5772.786789  
5811.477393  
5836.1502  
5753.096513  
5713.736926  
5699.144644  
5723.200213  
5664.607102  
5667.185383  
5777.704744  
5833.703583  
5758.794169  
5771.198241  
5779.342377  
5752.128632  
5783.157723  
5771.724567  
5756.312524  
5730.980305  
5755.468466  
5801.195257  
5776.01238  
5740.476345  
5709.553512  
5695.434336  
5677.630437  
5702.320144  
5758.598895  
5801.569755  
5790.405223  
5755.373585  
5759.970722  
5766.690551  
5756.129294  
5705.929943  
5780.995096  
5708.021003  
5728.267423  
5771.531942  
5732.218649  
5754.386661  
5771.371622  
5770.180793  
5707.28367  
5666.280087  
5785.939275  
5766.705329  
5751.60754  
5756.935841  
5803.790682  
5819.705154  
5729.758904  
5737.549826  
5765.233089  
5731.784417  
5733.038507  
5753.451194  
5739.501337  
5774.717768  
5821.692673  
5774.740015  
5727.832764  
5746.508802  
5773.818878  
5782.064864  
5771.647986  
5727.205751  
5767.971504  
5755.82217  
5769.569537  
5773.827288  
5763.334053  
5788.861506  
5725.873696  
5734.1364  
5713.703709  
5717.675448  
5747.973131  
5689.679111  
5742.05242  
5734.617365  
5763.042004  
5758.102212  
5747.478255  
5722.72283  
5723.007711  
5686.871918  
5773.139025  
5760.565292  
5725.810065  
5726.712342  
5751.066713  
5763.191369  
5804.809111  
5749.041923  
5797.908472  
5747.124653  
5694.026182  
5722.598726  
5762.589282  
5750.334783  
5709.330937  
5781.004339  
5787.45509  
5797.898905  
5789.838401  
5719.451513  
5736.572967  
5772.462597  
5780.134823  
5714.958926  
5724.050231  
5718.317461  
5742.091734  
5772.378083  
5763.264667  
5769.560615  
5809.845156  
5837.170804  
5794.157681  
5863.934211  
5747.76735  
5812.297101  
5800.816494  
5859.736327  
5789.080316  
5785.50235  
5795.712471  
5831.117516  
5831.930547  
5751.125532  
5747.685685  
5726.616336  
5760.991196  
5805.56095  
5574.945109  
5731.260429  
5795.773992  
5768.898861  
5825.978325  
5849.496903  
5787.460943  
5747.310392  
5821.287645  
5779.562175  
5730.213175  
5701.816508  
5671.35339  
5689.987701  
5676.056328  
5707.886155  
5691.828619  
5700.143716  
5733.068499  
5728.823311  
5740.519752  
5811.158462  
5770.613478  
5732.795311  
5706.41843  
5718.86223  
5775.413217  
5787.503411  
5869.897048  
5798.545451  
5797.657586  
5760.04756  
5745.073629  
5770.96236  
5714.898939  
5793.462547  
5788.315105  
5771.826774  
5768.422179  
5744.918772  
5752.504639  
5766.316786  
5762.50507  
5750.520191  
5743.07086  
5746.961443  
5763.352177  
5740.643371  
5743.392914  
5767.580227  
5719.424279  
5729.234234  
5721.292542  
5754.850331  
5755.588524  
5748.971458  
5780.258731  
5758.263155  
5767.788829  
5748.926517  
5738.580397  
5765.640689  
5745.753522  
5764.415197  
5750.320132  
5730.348971  
5755.838469  
5757.195376  
5748.186659  
5759.58709  
5735.333339  
5778.93835  
5775.260148  
5769.812422  
5779.362597  
5775.831415  
5744.666274  
5775.690686  
5740.891661  
5746.124667  
5768.256951  
5734.243609  
5724.095631  
5785.824082  
5769.36037  
5767.193493  
5742.827292  
5759.806329  
5806.320985  
5725.588333  
5757.280645  
5771.545943  
5781.963168  
5720.540989  
5743.589074  
5751.650725  
5737.565917  
5752.583386  
5743.213147  
5737.078146  
5771.676206  
5726.808907  
5720.997143  
5757.78694  
5755.0179  
5708.743033  
5743.452456  
5725.471122  
5763.225221  
5778.496708  
5782.923856  
5772.624892  
5793.445303  
5788.001902  
5777.126221  
5754.110175  
5784.883328  
5763.261568  
5772.854436  
5801.346806  
5800.415462  
5747.888616  
5779.679739  
5814.799269  
5767.143954  
5768.649168  
5742.847621  
5716.351715  
5725.29463  
5739.98542  
5717.59243  
5740.990117  
5752.425653  
5755.24724  
5693.788396  
5753.491018  
5763.378187  
5786.501822  
5754.493686  
5744.485155  
5759.626514  
5757.739792  
5748.575148  
5752.779504  
5746.350079  
5745.049989  
5799.987455  
5784.534441  
5749.634946  
5773.130777  
5755.578256  
5779.539037  
5761.650097  
5800.932703  
5722.546439  
5766.017252  
5798.256848  
5776.391029  
5769.924393  
5805.635637  
5782.162671  
5728.66493  
5767.493511  
5816.436691  
5792.125949  
5768.142969  
5795.432223  
5779.020779  
5795.158255  
5768.817212  
5683.956174  
5731.188846  
5774.633051  
5897.128415  
5768.967601  
5745.810181  
5805.380078  
5727.462052  
5727.408256  
5701.573938  
5644.376652  
5667.138916  
5666.444413  
5711.917254  
5646.104741  
5668.627736  
5678.29558  
5670.832326  
5695.583506  
5700.576947  
5703.240888  
5679.972898  
5688.382819  
5691.377842  
5717.173501  
5714.349373  
5735.972743  
5791.781944  
5784.601196  
5733.854564  
5754.598234  
5807.401839  
5781.416228  
5789.145358  
5753.73916  
5715.493971  
5768.28543  
5794.064203  
5833.891683  
5762.896782  
5766.358212  
5779.11382  
5785.201662  
5773.189284  
5770.165171  
5762.365224  
5758.541365  
5755.993829  
5751.243246  
5766.462877  
5779.13992  
5743.492564  
5732.146799  
5759.492694  
5783.276999  
5765.073527  
5749.214029  
5738.369913  
5745.455316  
5756.931686  
5732.052519  
5773.835837  
5754.783778  
5772.773215  
5768.059336  
5783.035212  
5768.02098  
5780.341563  
5737.609744  
5749.261731  
5776.473811  
5788.301993  
5765.312565  
5743.741372  
5727.618244  
5740.219998  
5785.345687  
5759.178075  
5766.534711  
5774.35374  
5746.394047  
5699.708836  
5761.64556  
5719.18379  
5718.150441  
5748.408416  
5794.086521  
5797.554705  
5779.289745  
5759.284588  
5764.933708  
5784.735521  
5773.719963  
5742.925186  
5738.013777  
5733.427648  
5773.429111  
5780.427163  
5792.392809  
5755.160174  
5811.815032  
5759.193421  
5780.849173  
5792.713254  
5741.08888  
5764.958694  
5757.119691  
5778.419284  
5740.813491  
5754.39571  
5729.568683  
5712.415651  
5714.754714  
5699.458246  
5735.877131  
5721.399073  
5717.202498  
5698.109045  
5702.483148  
5723.845531  
5755.526265  
5746.959291  
5786.601449  
5774.674547  
5773.487874  
5785.529044  
5758.062466  
5756.60261  
5736.209336  
5754.575657  
5748.098087  
5760.800494  
5743.19941  
5743.525483  
5750.058514  
5763.788441  
5788.338803  
5815.240873  
5748.003622  
5758.426504  
5742.421195  
5730.201832  
5744.732176  
5774.575454  
5759.507446  
5736.408053  
5787.108086  
5769.43465  
5739.368264  
5756.503358  
5702.438335  
5714.827815  
5713.72815  
5780.218221  
5790.656209  
5816.157445  
5758.965162  
5811.045305  
5827.265089  
5814.549415  
5822.716112  
5768.324415  
5825.409021  
5806.994158  
5756.734976  
5745.365274  
5735.200894  
5739.544724  
5735.540202  
5756.735142  
5751.383093  
5780.840977  
5766.712462  
5723.32227  
5744.649561  
5745.627646  
5799.821281  
5742.601644  
5782.745034  
5781.347814  
5810.947197  
5788.783897  
5788.313683  
5809.482994  
5788.152519  
5757.633262  
5733.09242  
5714.557496  
5740.416986  
5468.02635  
5839.434984  
5844.966919  
5702.569898  
5977.441272  
5483.762569  
5923.199413  
5725.837233  
5774.236438  
5680.462571  
5497.8812  
5938.102047  
5760.850903  
5767.914452  
5775.026481  
5767.352989  
5703.370638  
5720.459042  
5773.275762  
5740.532395  
5792.987208  
5790.17859  
5822.262024  
5829.65914  
5767.530958  
5754.071067  
5785.219076  
5769.114166  
5803.305584  
5809.761594  
5828.80637  
5751.831822  
5804.187601  
5704.346835  
5784.304882  
5788.110005  
5754.615922  
5721.255226  
5718.483317  
5759.48035  
5745.789384  
5748.599298  
5711.348879  
5765.984385  
5718.351969  
5758.279523  
5746.517763  
5790.295914  
5761.417962  
5731.926782  
5780.333826  
5730.824363  
5687.426487  
5720.158958  
5709.708162  
5701.599303  
5717.780832  
5736.2721  
5739.618616  
5731.695282  
5771.848886  
5773.887443  
5737.99818  
5715.600848  
5699.206647  
5729.379403  
5726.023682  
5725.951353  
5711.346416  
5802.763681  
5752.5719  
5771.289848  
5751.609156  
5736.459394  
5761.343997  
5757.487687  
5761.657835  
5775.021063  
5806.177102  
5763.97991  
5749.892514  
5728.126321  
5729.856184  
5738.648241  
5768.243981  
5775.176374  
5759.659713  
5751.596874  
5726.347834  
5696.132186  
5709.887542  
5714.070332  
5770.771195  
5825.29359  
5772.679944  
5752.56973  
5778.464022  
5792.937943  
5755.502769  
5793.258551  
5778.275067  
5748.322077  
5742.816137  
5758.535324  
5722.54194  
5724.802116  
5730.608607  
5745.321093  
5754.579844  
5728.531422  
5673.539668  
5693.618088  
5782.729323  
5782.919597  
5771.707979  
5776.69726  
5801.600491  
5785.013485  
5791.858757  
5757.454081  
5777.05436  
5777.406715  
5727.215372  
5749.251793  
5733.258325  
5778.276544  
5753.239101  
5742.809309  
5752.083244  
5724.29947  
5714.836845  
5732.304974  
5736.061485  
5755.190296  
5787.372407  
5755.836624  
5750.673113  
5792.046039  
5763.037981  
5779.680662  
5743.589103  
5776.834913  
5773.231913  
5767.791485  
5780.443507  
5785.518201  
5757.539604  
5732.161945  
5723.785831  
5746.020081  
5717.305407  
5729.409478  
5715.399544  
5717.385215  
5744.261974  
5727.107912  
5785.520006  
5775.900005  
5784.705295  
5741.861717  
5779.765189  
5767.622665  
5769.452676  
5750.220605  
5775.158838  
5772.292526  
5777.773539  
5814.301646  
5724.212545  
5720.028804  
5713.622385  
5721.374126  
5748.696185  
5777.954681  
5824.562344  
5802.093463  
5767.63381  
5736.646751  
5779.605223  
5770.089908  
5762.504111  
5754.044801  
5770.278922  
5758.088881  
5758.480543  
5755.029501  
5759.905436  
5730.312628  
5729.737392  
5727.228318  
5728.467218  
5730.630979  
5764.122728  
5797.789263  
5719.114669  
5759.609477  
5853.842913  
5704.151955  
5775.106403  
5767.100936  
5765.080008  
5786.524177  
5739.550428  
5723.47003  
5701.991556  
5719.795173  
5703.259337  
5709.101226  
5727.779847  
5735.606679  
5737.468101  
5716.343872  
5761.718418  
5736.808516  
5719.438942  
5718.659993  
5751.074466  
5763.880458  
5798.175102  
5774.186737  
5759.626435  
5792.213272  
5796.713303  
5806.255719  
5764.579571  
5768.239706  
5810.52859  
5745.984272  
5799.836632  
5785.40463  
5796.090502  
5734.73581  
5751.986611  
5769.573256  
5734.726089  
5749.844394  
5733.369717  
5726.474696  
5728.926616  
5755.68538  
5696.251175  
5741.596754  
5758.220322  
5702.046544  
5704.380543  
5730.892725  
5727.260512  
5687.997981  
5728.130404  
5811.191135  
5764.941692  
5778.936905  
5782.461513  
5770.854044  
5775.937079  
5767.21184  
5786.292937  
5755.877465  
5777.128129  
5724.28942  
5726.122429  
5721.840782  
5734.474432  
5696.755647  
5709.754651  
5769.799875  
5797.55957  
5807.394494  
5780.108262  
5780.700827  
5846.134235  
5825.486639  
5790.685324  
5785.478204  
5761.582924  
5773.792233  
5788.029515  
5819.631924  
5773.620294  
5756.587951  
5751.29566  
5756.308301  
5748.934779  
5760.80183  
5729.62194  
5740.039366  
5699.379296  
5735.32485  
5724.854848  
5704.69507  
5731.083542  
5676.864288  
5737.354448  
5823.401993  
5756.850571  
5780.412092  
5802.50268  
5791.847304  
5768.371907  
5793.692128  
5722.577257  
5725.223835  
5698.327326  
5743.852197  
5773.361925  
5741.365892  
5726.749763  
5715.486723  
5754.366827  
5735.716878  
5822.907179  
5730.594958  
5784.563963  
5749.525445  
5753.313722  
5763.144262  
5822.368887  
5839.987457  
5776.992605  
5810.446956  
5783.953445  
5745.226067  
5724.239512  
5730.078243  
5714.403584  
5731.680941  
5732.83006  
5746.948753  
5717.952927  
5691.275467  
5723.852518  
5746.64218  
5691.297366  
5685.418369  
5742.999686  
5755.473727  
5780.19405  
5763.60268  
5741.535039  
5764.835705  
5798.810668  
5789.227559  
5773.526126  
5787.505981  
5801.668595  
5769.320163  
5779.259823  
5742.954917  
5761.542967  
5736.508056  
5754.041124  
