7052.616715  
7029.772618  
7080.733178  
7093.873929  
7177.990266  
7101.984926  
7170.868227  
7193.424269  
7102.266334  
7108.490313  
7099.347924  
7173.627158  
7125.580897  
7092.471932  
7132.051112  
7125.47305  
7158.397382  
7095.57247  
7123.959079  
7062.557223  
7142.606162  
7103.943422  
7139.16956  
7140.079039  
7071.486659  
7116.465742  
7119.387585  
7133.409432  
7079.867014  
7098.532148  
7202.478468  
7073.232548  
7081.125142  
7098.302514  
7037.540496  
7086.05327  
7079.743416  
7096.294544  
7194.436177  
7091.318533  
7072.834614  
7154.396327  
7080.155683  
7085.497622  
7013.725901  
7148.909621  
7188.321793  
7119.90143  
7139.528462  
7066.922789  
7049.645287  
7127.179561  
7086.274902  
7116.306058  
7097.435925  
7089.416504  
7077.125378  
7094.197108  
7104.091529  
7164.196541  
7136.718167  
7064.754694  
7131.254143  
7082.480028  
7142.584457  
7159.647587  
7102.383789  
7103.213032  
7095.096506  
7086.026777  
7179.840663  
7151.507277  
7135.69358  
7077.720955  
7151.924584  
7085.676821  
7078.644689  
7082.765641  
7076.665212  
7125.134057  
7088.920898  
7131.644768  
7075.24518  
7056.155021  
7086.080125  
7149.040134  
7107.78051  
7070.609611  
7082.245999  
7115.00074  
7084.800513  
7076.6144  
7053.394389  
7096.227224  
7156.293457  
7113.267436  
7123.955283  
7179.973838  
7090.529943  
7118.415291  
7084.074298  
7098.421481  
7102.328787  
7121.823951  
7130.883206  
7125.980595  
7118.594569  
7086.15069  
7118.296434  
7122.365534  
7094.982044  
7113.673781  
7075.694903  
7094.623945  
7149.912661  
7153.429183  
7116.647555  
7143.998425  
7077.488139  
7092.812421  
7154.938603  
7173.679231  
7188.159794  
7214.860793  
7157.967474  
7103.414346  
7157.475334  
7074.209835  
7121.058641  
7090.99948  
7089.422663  
7094.880135  
7136.376465  
7185.818407  
7133.319336  
7128.017641  
7049.185956  
7131.701944  
7092.755733  
7119.110793  
7080.079102  
7111.682633  
7119.432491  
7150.180664  
7170.776493  
7071.661668  
7109.558294  
7079.341498  
7092.513987  
7145.244471  
7082.533943  
7086.114746  
7089.457677  
7094.498803  
7127.927908  
7167.868841  
7073.037267  
7094.931987  
7110.540874  
7102.792181  
7079.644815  
7122.239541  
7136.510128  
7138.354839  
7113.045394  
7069.033471  
7126.060878  
7098.597593  
7109.397288  
7115.520933  
7090.063555  
7098.490061  
7102.521012  
7065.296103  
7106.919985  
7119.780226  
7134.024446  
7101.104287  
7120.52369  
7080.671497  
7104.78251  
7119.01857  
7130.479949  
7144.182271  
7086.978185  
7092.070139  
7059.605028  
7104.347152  
7078.037566  
7136.178144  
7127.915874  
7118.792008  
7147.823904  
7097.023075  
7155.814611  
7138.60361  
7108.736407  
7109.588395  
7155.686004  
7066.902801  
7072.520933  
7093.652722  
7096.9527  
7108.119865  
7112.951188  
7073.248283  
7119.409069  
7119.906707  
7164.332299  
7150.180774  
7137.232186  
7110.540953  
7139.768791  
7119.967899  
7069.710906  
7124.315682  
7051.030998  
7127.596443  
7133.241935  
7120.592395  
7150.206102  
7078.093829  
7132.970766  
7128.788858  
7130.428128  
7139.59312  
7046.683027  
7113.906549  
7091.720955  
7100.20303  
7131.943407  
7160.861155  
7104.83682  
7078.662346  
7084.143082  
7162.607107  
7141.473255  
7164.302136  
7165.705377  
7074.487683  
7118.857264  
7108.580346  
7066.766381  
7130.511892  
7126.5258  
7112.812405  
7119.357721  
7106.484832  
7125.04426  
7098.567351  
7101.778667  
7109.87878  
7141.946494  
7158.671954  
7122.14535  
7054.44903  
7071.064847  
7113.311964  
7087.688067  
7136.69799  
7131.738927  
7156.389837  
7145.120905  
7115.908282  
7158.192729  
7179.605721  
7194.93016  
7089.58411  
7139.916252  
7071.721743  
7119.149367  
7143.265515  
7142.088269  
7150.214324  
7139.854539  
7159.879946  
7088.557428  
7104.395618  
7147.958764  
7084.56291  
7055.638546  
7163.007482  
7096.12448  
7120.827542  
7136.387869  
7083.406092  
7059.987887  
7159.96634  
7097.124275  
7084.094963  
7129.513294  
7119.033786  
7180.013278  
7129.65154  
7145.111407  
7102.788354  
7073.262302  
7118.916677  
7099.610698  
7156.879899  
7144.714182  
7091.277753  
7087.085118  
7077.05557  
7135.474735  
7153.806908  
7133.575447  
7091.3664  
7113.032794  
7096.810169  
7100.144484  
7110.483587  
7125.91978  
7129.320218  
7103.833496  
7138.410251  
7113.007135  
7073.432979  
7087.018555  
7134.161574  
7167.788448  
7067.298671  
7116.897461  
7119.527407  
6970.456401  
7029.694698  
7106.548923  
7008.590978  
7029.964418  
7058.390625  
7035.360824  
7041.54834  
7007.707063  
7044.814122  
7030.783786  
7093.22053  
7073.352539  
7122.060736  
7100.004788  
7014.603799  
7056.40447  
7085.100854  
7100.89787  
7135.796702  
7063.893318  
7100.955078  
7050.647792  
7043.003371  
7093.41841  
7127.75871  
7074.222168  
7136.612273  
6836.341576  
6548.976452  
7291.472262  
7050.650769  
7165.01153  
7115.420473  
7097.003686  
7300.345357  
7311.845924  
7163.110604  
7270.20018  
7173.910456  
7149.955031  
7233.343545  
7115.457063  
7111.686492  
7177.074471  
7133.319761  
7196.221947  
7177.129111  
7154.063272  
7089.552766  
7153.968545  
7128.14661  
7170.739242  
7162.834992  
7130.281754  
7117.000945  
7156.644862  
7134.089198  
7121.999606  
7176.973932  
7128.772398  
7118.063036  
7128.456149  
7067.761199  
7167.521232  
7277.43646  
7085.967758  
7113.567068  
7144.958449  
7077.854413  
7126.15058  
7154.380214  
7115.386167  
7129.791346  
7109.619314  
7101.012302  
7115.754379  
7124.697596  
7144.431011  
7115.262963  
7084.51479  
7102.703928  
7104.836127  
7098.57981  
7059.481445  
7078.164031  
7061.554908  
7087.67512  
7106.054861  
7130.409967  
7129.975302  
7131.770508  
7117.712812  
7124.606508  
7100.587135  
7123.898501  
7132.436775  
7164.530494  
7143.12111  
7143.884088  
7118.029029  
7086.176411  
7112.528478  
7049.641586  
7099.520492  
7091.261419  
7115.254631  
7067.187043  
7126.793552  
7115.252126  
7087.439878  
7141.871377  
7117.599357  
7109.592931  
7098.731556  
7168.141413  
7131.048482  
7122.022587  
7114.801144  
7136.427561  
7127.701818  
7078.278935  
7105.885191  
7152.782368  
7114.603862  
7054.473507  
7100.886939  
7080.095357  
7098.270461  
7121.847577  
7081.551411  
7098.250977  
7088.321226  
7154.702952  
7210.256804  
7160.371393  
7141.251764  
7123.173623  
7137.138152  
7150.726673  
7167.910408  
7057.14702  
7150.70585  
7119.489258  
7185.017925  
7125.909132  
7152.410692  
7172.814878  
7071.699754  
7142.428522  
7159.527612  
7105.580188  
7057.216828  
7093.704432  
7111.877347  
7098.081559  
7113.192509  
7083.906376  
7070.022209  
7133.668457  
7102.246393  
7131.149934  
7101.350885  
7143.846601  
7137.504032  
7113.769342  
7078.443265  
7091.447754  
7032.473664  
7093.101169  
7115.153525  
7100.363644  
7136.124008  
7106.912913  
7099.245117  
7157.138719  
7110.450132  
7079.655242  
7053.631505  
7085.115801  
7107.917827  
7089.070045  
7131.593766  
7038.49466  
7153.933294  
7171.710559  
7179.34112  
7085.436523  
7061.447423  
7141.949061  
7093.741542  
7113.041  
7154.767704  
7201.318548  
7135.502945  
7085.129206  
7143.435909  
7082.587654  
7100.929624  
7066.893728  
7092.237494  
7128.202022  
7122.257119  
7089.556404  
7049.594538  
7076.235572  
7113.359769  
7075.254095  
7081.112352  
7122.832031  
7077.725176  
7087.699613  
7182.310185  
7119.868936  
7125.636451  
7088.68205  
7145.085953  
7082.458795  
7081.590616  
7111.235541  
7085.194871  
7109.531912  
7177.364573  
7161.168725  
7123.98239  
7162.793158  
7062.838221  
7037.115597  
7122.425041  
7145.908124  
7138.977445  
7157.150438  
7111.929388  
7032.123346  
7056.794229  
7090.178475  
7131.227949  
7128.374512  
7099.041614  
7081.759025  
7112.686901  
7098.859422  
7186.097168  
7110.442824  
7108.975539  
7217.300183  
7136.350507  
7104.626906  
7111.252016  
7091.169134  
7074.126937  
7092.904722  
7087.582  
7162.148642  
7098.672978  
7140.489289  
7119.123913  
7073.404628  
7011.24003  
7112.847609  
7129.119629  
7247.761041  
7181.714765  
7111.612746  
7157.28629  
7098.409715  
7110.554577  
7116.301868  
7090.552498  
7151.79289  
7139.626512  
7135.141633  
7144.67449  
7109.915984  
7094.402029  
7084.50126  
7123.05746  
7094.852051  
7112.663952  
7070.61892  
7059.192918  
7163.499779  
7107.362604  
7142.702369  
7113.181924  
7080.677923  
7105.729524  
7119.853216  
7158.20544  
7099.605831  
7079.494645  
7057.417606  
7238.834394  
7185.307649  
7103.309098  
7110.152927  
7099.506127  
7081.76698  
7140.075762  
7040.317761  
7085.791031  
7023.078598  
7081.715883  
7103.33326  
7114.580283  
7161.471254  
7066.313146  
7048.822896  
7085.107075  
7041.867597  
7135.294465  
7149.153305  
7081.561114  
7081.780494  
7098.885994  
7107.342096  
7135.264727  
7106.494534  
7023.712229  
7164.39535  
7115.721097  
7188.31061  
7144.195029  
7159.717726  
7130.586079  
7096.428396  
7003.928349  
7079.760632  
7133.510096  
7068.826203  
7130.504804  
7189.738612  
7063.376402  
7034.086316  
7033.106461  
7039.385112  
7133.846176  
7132.106603  
7154.529643  
7127.646469  
7147.160204  
7109.286196  
7128.834977  
7113.776178  
7138.145461  
7135.496818  
7167.702857  
7120.29697  
7048.805144  
7104.019342  
7058.746283  
7159.062847  
7223.64146  
7167.378134  
7105.623803  
7056.674458  
7094.885963  
7117.968955  
7040.61566  
7080.405147  
7119.620086  
7118.936933  
7117.950936  
7100.101846  
7101.520602  
7090.560374  
7109.142925  
7087.23039  
7132.254773  
6988.704905  
7163.739415  
7230.383159  
7184.530667  
7160.940713  
7118.71549  
7155.533723  
7121.793756  
7054.124008  
7095.891759  
7125.638105  
7074.921371  
7114.415874  
7112.048198  
7118.383332  
7153.606351  
7096.391287  
7131.82959  
7143.264759  
7180.654139  
7120.144137  
7093.466576  
7075.424049  
7079.776351  
7110.43646  
6999.484139  
7120.641539  
7194.95448  
7018.308751  
7135.668693  
7215.705157  
7163.076455  
7207.596806  
7118.520272  
7028.916157  
7084.644547  
7083.04122  
7143.326833  
7114.173749  
7090.142641  
7060.608871  
7113.178034  
7072.988045  
7106.275863  
7151.893287  
7175.917985  
7154.660944  
7044.379253  
7143.234343  
7141.857422  
7126.497086  
7152.758742  
7113.433956  
7054.83986  
7140.477035  
7153.703787  
7121.993526  
7182.900454  
7125.019106  
7088.830976  
7071.622448  
7170.487635  
7156.494251  
7151.255985  
7121.208827  
7123.194446  
7078.77862  
7057.891995  
7087.001701  
7091.965332  
7128.520177  
7100.378985  
7094.544087  
7109.950195  
7108.704543  
7089.866526  
7127.228594  
7148.235194  
7153.908124  
7184.191264  
7118.188256  
7125.163196  
7120.75011  
7099.882513  
7077.078283  
7114.280667  
7088.5195  
7152.597987  
7083.469207  
7126.350365  
7129.448762  
7149.973759  
7048.006222  
7065.517704  
7127.892263  
7135.250457  
7110.554057  
7112.963962  
7117.318942  
7168.576235  
7122.973979  
7099.399351  
7105.598775  
7108.813004  
7139.818155  
7111.680302  
7172.945423  
7083.190256  
7177.290653  
7149.947045  
7108.267578  
7156.485871  
7125.020366  
7111.096207  
7062.501386  
7145.559224  
7119.825605  
7124.502599  
7069.019626  
7065.451975  
7083.868259  
7123.646169  
7086.012916  
7051.760238  
7047.140074  
7093.386341  
7113.091986  
7085.12489  
7093.202526  
7126.039724  
7058.383143  
7005.866416  
7105.834851  
7150.654187  
7092.429672  
7111.256993  
7142.985509  
7115.92334  
7053.553664  
7021.85602  
7124.952133  
7173.732642  
7154.713741  
7126.46749  
7106.435216  
7088.627394  
7163.614384  
7129.824361  
7181.692981  
7149.932082  
7152.151162  
7133.718561  
7053.773926  
7060.835591  
7154.095057  
7036.893964  
7093.428727  
7120.103453  
7126.050072  
7172.159432  
7185.3406  
7191.886482  
7092.476326  
7028.77002  
7083.903856  
7089.633584  
7141.307318  
7119.045127  
7114.075369  
7162.89713  
7124.464103  
7092.23595  
7140.326314  
7152.424915  
7141.451975  
7169.340757  
7149.701062  
7120.584  
7133.168111  
7169.623598  
7095.748519  
7019.077337  
7142.476956  
7114.627331  
7150.851689  
7092.912771  
7090.14324  
7076.036621  
7065.162487  
7052.821809  
7148.4309  
7061.403793  
7066.117188  
7152.031218  
7096.207961  
7099.722231  
7123.898595  
7083.658817  
7028.669591  
7154.134671  
7104.278462  
7009.929246  
7108.513955  
7166.57373  
7167.38527  
7141.128623  
7026.590868  
7062.818265  
7101.230926  
7044.79771  
7147.526966  
7146.284684  
7172.085008  
7108.231871  
7061.564264  
7135.223727  
7111.9438  
7079.672852  
7172.375205  
7095.626024  
6950.814469  
7153.31291  
7168.09627  
7132.629899  
7029.786905  
7118.999527  
7102.365975  
7084.428601  
7078.468277  
7149.585118  
7198.612005  
7155.035298  
7101.513924  
7102.879001  
7083.420205  
7068.718545  
7201.820029  
7201.991038  
7132.528415  
7115.631663  
7066.12363  
7100.756537  
7154.197896  
7125.934145  
7169.072502  
7085.831779  
7090.250315  
7148.587182  
7166.720829  
7165.621031  
7154.285708  
7051.113218  
7086.711914  
7113.886671  
7032.69955  
6995.745007  
7170.805995  
7253.215789  
7032.645902  
7102.006741  
7094.079999  
7112.456826  
7095.799631  
7115.628308  
7087.986375  
7063.658156  
7117.412629  
7177.586914  
7131.472247  
7131.912283  
7084.20848  
7074.761955  
7057.922521  
7058.34112  
7132.86221  
7134.897634  
7164.606083  
7103.629095  
7135.969695  
7117.691627  
7118.493211  
7080.527549  
7126.326566  
7055.853846  
7108.948478  
7129.589718  
7063.253134  
7102.451755  
7151.040023  
7134.19139  
7055.327558  
7070.474342  
7119.883002  
7110.094207  
7130.722704  
7145.442619  
7113.038905  
7227.484958  
7075.548387  
7129.612179  
7126.937012  
7076.596191  
7071.023784  
7111.741967  
7133.079023  
7123.486659  
7166.335953  
7078.735399  
7072.015625  
7090.836174  
7134.431263  
7131.734186  
7145.926364  
7066.892578  
7178.731776  
7101.179215  
7103.870747  
7125.585654  
7112.966687  
7159.911054  
7054.372228  
7082.825794  
7092.887412  
7124.146752  
7100.838568  
7038.364211  
7116.594506  
7149.223239  
7130.139129  
7133.974641  
7085.488218  
7127.753103  
7049.883537  
7062.09112  
7129.396563  
7110.784715  
7112.658975  
7081.439941  
7122.606225  
7102.360761  
7177.748913  
7104.845798  
7153.102681  
7060.133411  
7070.886766  
7132.791929  
7132.677341  
7085.770587  
7072.148737  
7103.786196  
7086.821305  
7174.76761  
7149.696242  
7056.961032  
7105.611675  
7147.580661  
7142.588851  
7117.575432  
7080.489762  
7090.89387  
7186.527785  
7145.793189  
7134.606587  
7185.919591  
7171.190918  
7227.075668  
7158.785645  
7218.017058  
7068.507576  
7151.891995  
7183.007986  
7169.903352  
7131.8902  
7193.9934  
7148.86818  
7177.427782  
7238.199849  
7093.23417  
7115.982737  
7096.582772  
7171.049332  
7142.850523  
6926.213269  
6994.757545  
7195.348428  
7047.070439  
7235.633238  
7199.137506  
7103.37248  
7093.555916  
7169.480595  
7119.02276  
7026.822565  
6989.363013  
7000.147177  
7076.390641  
7023.633742  
7074.310311  
7058.828188  
7098.672096  
7044.599609  
7099.720357  
7118.682397  
7177.51635  
7130.930948  
7089.284479  
6983.08263  
7081.325605  
7083.767358  
7127.145665  
7252.371299  
7128.361596  
7178.980122  
7102.883065  
7093.366022  
7116.430743  
7027.864305  
7190.223853  
7175.210071  
7130.042039  
7122.731634  
7070.268555  
7095.488313  
7101.83504  
7081.205519  
7096.301648  
7120.138357  
7113.366605  
7086.870873  
7124.525532  
7113.895807  
7112.128938  
7054.486202  
7059.253056  
7076.342994  
7098.870731  
7079.807806  
7160.143303  
7138.812894  
7104.250882  
7136.684255  
7090.925482  
7104.241983  
7091.969853  
7126.633159  
7113.977539  
7115.019311  
7097.981776  
7113.00167  
7098.147839  
7093.887459  
7100.403761  
7095.127174  
7163.089308  
7153.180538  
7129.74192  
7126.976184  
7160.095199  
7114.237887  
7151.664819  
7080.332709  
7139.117755  
7115.602429  
7066.728531  
7075.828566  
7128.171497  
7163.99392  
7113.936744  
7110.11295  
7098.857863  
7191.051411  
7079.347908  
7130.826361  
7127.262617  
7102.6723  
7124.034936  
7124.611659  
7136.421686  
7126.880828  
7140.128985  
7119.194226  
7120.074896  
7125.804309  
7039.152407  
7068.375063  
7138.284983  
7082.589387  
7027.011041  
7080.755891  
7094.023863  
7160.606587  
7153.462954  
7153.641539  
7110.460796  
7149.1981  
7182.684507  
7127.607737  
7112.907683  
7099.152879  
7128.58411  
7087.790764  
7132.696273  
7189.315871  
7111.786196  
7146.058688  
7198.046418  
7087.87604  
7136.558027  
7120.508411  
7081.121377  
7114.950353  
7090.057995  
7087.852476  
7090.283502  
7075.681987  
7127.714355  
7051.495621  
7127.689926  
7135.070675  
7139.760837  
7065.800167  
7087.542811  
7116.74959  
7115.32477  
7126.611801  
7116.525611  
7077.707346  
7098.175592  
7164.823715  
7141.958811  
7117.108068  
7158.063918  
7094.709567  
7090.650784  
7137.769957  
7146.207756  
7067.459772  
7111.318926  
7199.694273  
7147.813303  
7125.028242  
7147.966687  
7153.706433  
7082.156471  
7133.083858  
7178.404533  
7100.269689  
7129.126307  
7179.506568  
7140.519862  
7148.520429  
7117.593167  
7040.336583  
7084.260018  
7110.342427  
7188.76427  
7086.297836  
7115.106682  
7142.081275  
7014.687106  
7053.431704  
7079.214655  
7010.102224  
7033.070092  
7074.909999  
7070.698053  
7083.111958  
7032.932491  
7064.170536  
7096.935689  
7083.194037  
7093.907085  
7099.32885  
7069.67482  
7046.981776  
7072.038354  
7070.793725  
7072.251496  
7123.15677  
7161.231319  
7099.414661  
7108.883443  
7147.446399  
7180.886325  
7148.749118  
7150.086489  
7111.819856  
7065.466277  
7139.978752  
7104.746582  
7161.310925  
7050.139003  
7087.483587  
7125.222767  
7130.599531  
7112.957693  
7122.610289  
7128.208008  
7108.590001  
7101.910188  
7082.103138  
7122.635175  
7106.692099  
7079.029013  
7085.817918  
7126.276414  
7179.916646  
7102.998992  
7085.140672  
7094.923702  
7100.146595  
7102.096774  
7130.097877  
7144.021988  
7116.141224  
7114.579921  
7118.236974  
7132.116494  
7103.994865  
7141.06198  
7122.689847  
7096.414157  
7155.380025  
7149.804498  
7120.811019  
7087.064343  
7113.000189  
7110.448935  
7123.675246  
7130.113108  
7138.214481  
7102.278935  
7075.346254  
7059.02862  
7110.924663  
7096.172663  
7117.552152  
7102.879552  
7153.977366  
7163.957819  
7129.733068  
7104.930192  
7085.75608  
7124.821053  
7141.064768  
7080.883348  
7118.347073  
7084.341624  
7147.092789  
7173.771736  
7112.529533  
7145.529502  
7126.856949  
7151.336694  
7115.601011  
7110.304199  
7084.743306  
7101.895461  
7089.111076  
7119.67345  
7095.301805  
7114.920898  
7090.152454  
7061.093466  
7073.555948  
7090.519185  
7096.488376  
7081.786968  
7054.689815  
6993.204527  
7060.357107  
7110.035786  
7131.508269  
7117.283959  
7178.853295  
7126.240455  
7158.151414  
7116.118558  
7098.824865  
7139.241888  
7112.851594  
7126.715584  
7076.457709  
7120.290622  
7127.454669  
7080.977319  
7092.476058  
7141.685468  
7131.418441  
7141.363675  
7131.206669  
7122.429215  
7052.40981  
7112.627095  
7113.182979  
7154.275028  
7113.228012  
7050.391098  
7152.914393  
7119.517736  
7081.459851  
7117.013861  
7043.904281  
7108.852019  
7061.094459  
7176.536542  
7165.85361  
7149.06428  
7109.551884  
7172.541236  
7197.63245  
7117.895177  
7188.364085  
7141.033124  
7152.632686  
7142.611234  
7083.916551  
7106.377599  
7069.786479  
7098.719711  
7123.957346  
7119.94473  
7102.911873  
7157.971837  
7106.663574  
7092.90154  
7132.733761  
7124.080456  
7187.725397  
7111.612179  
7136.026162  
7177.810515  
7157.344664  
7105.092726  
7203.163889  
7169.58096  
7196.130088  
7087.508474  
7083.357249  
7023.12185  
7080.998236  
6725.269736  
7212.765389  
7170.167449  
6978.109769  
7487.602681  
6870.645209  
7382.893507  
7117.286968  
7116.832976  
6859.538432  
6642.27495  
7366.177089  
7123.676616  
7195.386924  
7225.038669  
7142.705015  
7155.059192  
7126.420347  
7201.529108  
7170.918252  
7207.472294  
7181.561067  
7228.005781  
7166.623504  
7147.877063  
7173.752772  
7197.35895  
7100.033975  
7162.806688  
7210.88801  
7216.834772  
7129.300246  
7214.871897  
7063.424206  
7086.813398  
7164.175246  
7088.483272  
7077.114289  
7083.851279  
7157.655116  
7124.348649  
7104.124401  
7078.924442  
7134.76824  
7079.221538  
7111.704858  
7066.102854  
7097.663354  
7106.997574  
7059.965316  
7182.209536  
7067.436492  
7025.940067  
7095.912582  
7097.942745  
7077.269957  
7067.916425  
7122.810563  
7062.618448  
7067.108367  
7162.925892  
7112.74329  
7065.391712  
7053.42052  
7076.685405  
7099.62133  
7054.899446  
7062.379458  
7064.519736  
7161.032431  
7034.50471  
7080.198888  
7078.914393  
7086.930144  
7147.256505  
7120.573667  
7090.391334  
7155.374307  
7104.386892  
7130.3449  
7116.346916  
7077.639491  
7092.112399  
7115.687658  
7128.179278  
7123.261293  
7138.55327  
7113.579432  
7081.098838  
7072.945123  
7072.907227  
7065.310846  
7128.888814  
7156.084772  
7104.791535  
7106.073904  
7132.719522  
7124.983178  
7121.508002  
7122.748693  
7097.089403  
7067.94903  
7137.607831  
7127.526619  
7087.298466  
7075.281597  
7110.691989  
7134.304388  
7168.096947  
7059.538669  
7032.255103  
7083.639727  
7105.978342  
7072.492282  
7097.619361  
7120.320376  
7108.770713  
7091.495794  
7129.953503  
7098.00756  
7135.790165  
7131.068344  
7067.426301  
7072.637853  
7121.31302  
7106.59764  
7110.604461  
7102.761561  
7105.822486  
7084.172978  
7096.353232  
7112.356382  
7089.904124  
7162.835827  
7161.656502  
7105.063807  
7100.703314  
7175.828046  
7115.028005  
7135.39513  
7101.973365  
7111.77558  
7119.330866  
7105.713347  
7131.326833  
7093.775706  
7080.320565  
7067.784006  
7120.980784  
7115.678979  
7050.813776  
7069.548875  
7051.662897  
7114.252772  
7146.024225  
7075.733005  
7153.600271  
7101.617471  
7136.158991  
7042.355091  
7162.348806  
7156.28744  
7081.645319  
7115.571462  
7128.871015  
7123.503182  
7115.008427  
7173.39965  
7091.038149  
7077.526698  
7093.671985  
7087.511246  
7145.955944  
7148.431751  
7212.108997  
7165.521327  
7110.115644  
7064.0195  
7170.542543  
7139.438445  
7114.522981  
7115.666031  
7122.036164  
7124.328283  
7061.054294  
7113.083071  
7132.147319  
7060.835796  
7100.779958  
7081.902076  
7068.240864  
7114.687941  
7162.926994  
7174.121771  
7135.433452  
7166.931641  
7174.38801  
6989.337891  
7113.465915  
7083.432082  
7103.533156  
7124.840726  
7113.288495  
7049.529139  
7020.589875  
7099.971506  
7043.385679  
7091.7973  
7102.167543  
7108.161038  
7088.080929  
7066.141302  
7128.507198  
7113.984879  
7115.191091  
7098.432759  
7152.374874  
7104.991526  
7072.948809  
7143.295552  
7107.890152  
7161.044087  
7148.235226  
7191.300639  
7102.449424  
7113.647004  
7157.297127  
7125.876764  
7187.049064  
7119.133395  
7170.647083  
7077.069934  
7120.626717  
7152.663354  
7095.227382  
7110.062185  
7092.338584  
7063.761593  
7109.038401  
7157.127898  
6981.925765  
7111.038275  
7119.085953  
7045.349184  
7075.99403  
7101.063902  
7125.997606  
7042.062831  
7110.46834  
7206.800718  
7139.193659  
7159.434224  
7114.729807  
7116.15247  
7114.534684  
7153.338127  
7107.971585  
7089.833339  
7131.66307  
7035.146453  
7084.908991  
7060.533408  
7094.113013  
7063.029171  
7087.115738  
7127.828204  
7175.087859  
7167.335433  
7141.736108  
7090.011262  
7214.053475  
7139.565209  
7128.456952  
7093.779722  
7115.182397  
7131.290118  
7101.46571  
7197.148091  
7140.995227  
7100.301065  
7136.818328  
7139.771658  
7158.033786  
7146.989022  
7069.901147  
7100.28629  
7048.383553  
7143.624008  
7068.925813  
7061.0516  
7096.349231  
7027.479413  
7053.191312  
7187.143397  
7037.991006  
7103.896028  
7154.22839  
7105.462292  
7130.707157  
7141.348964  
7074.724294  
7039.075936  
7077.486312  
7122.958638  
7076.790811  
7072.874197  
7064.51731  
7099.871173  
7099.548639  
7077.392704  
7216.011372  
7069.911668  
7135.038149  
7141.356099  
7073.08967  
7151.1359  
7195.455062  
7158.248551  
7128.322612  
7178.565004  
7130.438807  
7069.750835  
7080.645035  
7100.435547  
7069.680144  
7125.727807  
7112.250662  
7141.297789  
7081.597247  
7070.317855  
7120.937342  
7123.068076  
7069.083937  
7030.368259  
7166.720672  
7121.830645  
7152.411952  
7114.13842  
7097.8641  
7157.028698  
7152.666  
7153.243306  
7113.916614  
7152.584394  
7137.356792  
7074.104965  
7135.753386  
7090.121881  
7079.146957  
7090.970955  
7071.966261  
