9004.388975  
8966.92957  
8946.183392  
9114.274869  
9204.019093  
9007.958058  
9070.855132  
8967.783708  
8934.984257  
9013.2845  
9204.260086  
9106.22599  
9128.013739  
8913.278792  
8811.516383  
8891.569487  
8996.504698  
8933.944791  
8967.104846  
9003.575465  
8960.790915  
9128.436237  
9047.292464  
9025.937231  
9030.083867  
9010.060143  
8963.009261  
9078.39544  
9187.976916  
9168.371111  
9108.779078  
9022.725603  
9020.44735  
9098.769582  
9027.700835  
9009.291403  
9109.104206  
9009.395474  
9229.176758  
9056.362204  
9001.494494  
8988.704607  
8981.153  
9074.882408  
9176.043087  
8998.37239  
8924.970417  
9087.608365  
9112.042986  
9047.387224  
9225.420141  
8985.425158  
8989.278657  
9079.849172  
9147.345198  
9180.201896  
9143.920663  
9101.537783  
9148.16285  
8992.310244  
8916.734611  
9173.576525  
9202.182769  
9085.987557  
9043.233584  
9143.772309  
9039.197299  
9053.077132  
9065.62404  
8983.384463  
9036.648438  
9035.585719  
8991.23222  
9115.979492  
8970.906822  
9064.312837  
9029.773757  
9012.293945  
9028.532176  
8911.210938  
8949.988854  
8987.775963  
8965.731109  
8991.040511  
9081.562433  
9002.087453  
9065.989039  
8895.446558  
8878.57735  
8945.465686  
8977.247996  
9064.642309  
9048.335988  
9115.416302  
8997.512746  
8995.538204  
8953.690059  
8952.556725  
9016.142814  
8963.206189  
8918.837705  
9010.51773  
9079.845669  
9006.907008  
9016.48589  
8947.611109  
8994.83518  
9032.93255  
8949.341982  
8935.461813  
8956.793693  
9013.500084  
8976.535341  
9035.187146  
9067.457553  
8987.946104  
9048.980519  
8973.647596  
8951.872154  
8964.700027  
9089.112119  
9094.851259  
9110.530779  
9090.691288  
9041.164904  
9164.598313  
9035.572889  
9138.60956  
8968.972303  
8966.162311  
8989.875135  
8933.143774  
8996.273353  
9083.623249  
9036.336914  
9215.453916  
8991.600114  
8968.848145  
8879.571693  
8968.563982  
9010.698899  
9145.777899  
9057.873047  
9102.849946  
8973.332351  
9073.58651  
9061.415477  
9027.382055  
9027.808425  
9072.722067  
8968.885658  
9003.530475  
8883.109678  
8927.402883  
9103.706796  
9085.561372  
9053.922414  
9074.41381  
9083.539854  
9039.343144  
9045.114696  
9030.12463  
8974.037328  
9042.123249  
8902.057196  
8975.740588  
9034.57927  
9141.454573  
9179.983129  
9050.08811  
8940.063763  
9087.190447  
8928.410123  
8959.486917  
8965.64209  
9106.691642  
9150.075734  
8969.355536  
9290.535948  
9055.680412  
8879.355452  
8919.579674  
8879.944302  
8949.961493  
9132.111429  
9118.484257  
9021.443124  
9039.125387  
8963.342571  
8924.624461  
9012.954927  
8964.05292  
9024.807398  
9014.422212  
9032.952771  
9034.414298  
9138.07863  
8982.87793  
8987.434032  
8943.213598  
8976.683139  
9095.806775  
9117.005455  
8987.999108  
9005.398084  
8935.565093  
9025.076728  
9090.6118  
8977.925798  
9052.131045  
9018.561372  
9023.858651  
9105.896468  
9070.842319  
9216.798491  
9104.033809  
9092.137847  
9102.338968  
9010.590719  
8946.242928  
9055.733348  
9044.252172  
8973.192635  
9004.555327  
8966.437854  
9092.670528  
9154.10397  
9025.567299  
9121.198495  
9000.162446  
9014.121885  
9090.52002  
9053.933324  
9104.859038  
8976.221562  
8996.880152  
9037.674485  
9007.241531  
8900.092251  
9232.004647  
8943.525626  
8867.69511  
8952.859207  
9018.449168  
9037.161166  
9198.904903  
8979.441794  
9042.378788  
9071.635759  
9021.703512  
9058.074387  
8989.968497  
8930.422414  
8977.419888  
8964.145979  
8970.482051  
8953.044383  
9063.533961  
9051.309873  
9106.890221  
8997.101024  
8987.166167  
8976.857489  
9020.718851  
9061.929822  
9102.700465  
9103.828866  
9122.316103  
9099.775761  
9146.141298  
9132.074488  
9130.428846  
9115.017999  
8908.838749  
8953.58023  
9067.5263  
9031.879883  
8965.584506  
8930.577266  
8934.034432  
8991.410072  
9016.089389  
8976.071424  
9035.794754  
8960.131364  
9178.790308  
9017.742238  
9034.075936  
8998.527529  
9073.105856  
9046.293272  
9104.19341  
9140.976815  
9087.388638  
9019.49404  
9027.281082  
8966.122559  
8984.415191  
9091.304031  
9079.736732  
8946.399919  
8954.941322  
8818.551926  
8974.93713  
9016.562635  
9101.13187  
9135.337907  
9077.421117  
8936.324673  
9004.324657  
9139.800259  
9087.959085  
9100.939773  
9184.660948  
9111.742676  
9117.647343  
9139.892763  
8964.077637  
9051.362608  
9081.532041  
9041.779364  
9114.015002  
9055.115975  
9033.652293  
9035.912581  
9086.538776  
9028.385709  
9100.228482  
9197.778202  
9080.337133  
9139.656199  
9035.016096  
8973.486362  
9001.723768  
9076.785544  
9042.612456  
8927.848161  
9031.849795  
9052.854374  
9009.365201  
8996.658742  
9007.973515  
8981.671303  
8964.242608  
9021.902327  
9068.123266  
9111.488988  
9074.599576  
9098.390558  
9078.878367  
9059.949101  
9093.686776  
9039.580802  
8997.629529  
8987.564285  
9012.182011  
9069.664787  
9070.053122  
9054.495151  
9073.309503  
8859.83752  
9101.708143  
9084.808206  
8936.43351  
8956.589456  
8919.547734  
9053.59471  
9133.268774  
9040.80164  
9032.533607  
8948.453529  
9027.097  
8984.5773  
8966.077519  
9075.249108  
9031.485133  
9056.1217  
8938.77268  
9015.081728  
9058.10722  
9051.445952  
9000.579741  
9118.370791  
8984.148505  
8722.563695  
9075.190783  
8987.352691  
8905.254933  
8950.821895  
8982.053593  
9081.588783  
9091.960803  
9081.175882  
9063.307011  
9095.899094  
9053.833968  
8925.165022  
8934.779516  
9044.874327  
8948.351024  
9000.568157  
9146.913709  
9032.336106  
9025.431102  
8995.354054  
8912.483062  
9142.436928  
8999.626397  
8952.763234  
8994.229071  
9062.993787  
9068.933274  
9052.776805  
8983.403169  
9127.580752  
9020.207402  
9016.779785  
9065.96976  
9051.520036  
9001.340955  
9040.944824  
9130.995723  
9062.628031  
9028.454051  
9114.414517  
9010.749293  
8959.362961  
8993.092858  
9236.494915  
9157.709725  
9003.436355  
9254.582385  
9099.084641  
9058.607169  
8996.229661  
9075.622996  
9030.266602  
9157.743097  
9215.529549  
9165.839995  
9058.814133  
9039.174266  
8906.939318  
8955.013537  
8973.548693  
8868.78817  
8975.447232  
9070.829085  
9000.859729  
9017.068561  
9036.814436  
9001.426556  
8954.281014  
8962.25857  
9036.698579  
9060.085719  
9040.873198  
9092.21641  
8977.397006  
8965.136433  
9023.644329  
8999.152714  
8998.849155  
9070.477438  
9035.061827  
9086.383604  
8834.51123  
9090.485907  
9040.408052  
8965.053004  
8903.294838  
8966.684873  
9038.176488  
9058.7401  
9098.045545  
9062.745437  
8952.858281  
9004.47503  
8950.025828  
8986.069504  
8965.995168  
8898.367794  
8989.973616  
8976.381937  
8994.95395  
8975.066844  
9057.930816  
9062.534937  
8987.299417  
9045.224071  
9061.511651  
9090.79211  
9145.674283  
9106.029853  
9041.652058  
8983.6184  
9204.014682  
9036.77502  
8998.438291  
8960.717285  
9051.317888  
9071.865723  
9140.921993  
9105.49739  
9022.341544  
8994.02768  
8887.955314  
8947.430883  
9065.238416  
8937.076037  
8877.021619  
8941.999192  
9042.121178  
9051.244511  
9064.263116  
9036.439066  
9018.471612  
8972.312146  
8967.872996  
9148.822047  
8921.616278  
9119.806725  
8993.540696  
9013.214473  
9018.117137  
9051.808779  
9128.006162  
9075.526148  
9064.564049  
9080.620656  
9124.751919  
9135.18191  
9070.577553  
8944.14805  
9056.681944  
8986.234846  
8948.211005  
8911.64832  
8965.264413  
9031.559907  
9067.482018  
9070.964153  
9015.693528  
9016.408035  
8917.068073  
9135.403017  
8962.666066  
8934.441844  
8937.04738  
9020.954371  
8966.942012  
9038.601478  
8942.364999  
9042.036604  
9077.303862  
8964.266181  
9003.214928  
9021.862389  
9008.735335  
9045.42957  
9042.984493  
9113.19671  
9106.592959  
9130.659702  
9053.449168  
9084.873687  
9211.181708  
9091.476007  
9111.178088  
9088.921892  
9125.286453  
9104.757812  
9127.722538  
9094.219979  
8922.088918  
8916.815682  
9140.83188  
8920.866548  
8841.511214  
8875.902276  
8752.393487  
8817.330785  
9016.344221  
8908.942854  
8888.013891  
8956.191322  
9001.068646  
8937.855098  
9156.669131  
8974.940413  
9039.184082  
9032.799434  
9009.090046  
9126.545444  
9065.095501  
9110.88123  
9190.907563  
9124.214153  
9044.939285  
9102.757375  
9154.862608  
9065.982321  
9110.765154  
9139.033102  
9150.264884  
9109.584372  
9111.670141  
9109.974273  
9039.082654  
8999.434806  
9073.009092  
9002.851428  
8967.970434  
9062.949976  
9018.082065  
9097.964507  
9116.172229  
9047.030728  
8988.418609  
8988.753199  
9003.981833  
9054.648993  
9053.114561  
8984.347134  
9050.311725  
9018.694184  
9006.239376  
9090.208513  
9029.840888  
9031.165443  
9019.81282  
9025.652933  
9124.206105  
9114.435799  
9220.158119  
9119.342201  
9032.976798  
8994.513487  
9102.691524  
9053.531065  
9030.079421  
8953.93787  
8957.518774  
8859.562551  
9080.461544  
8996.797447  
9046.892275  
9058.841073  
9058.215433  
8963.474424  
8928.453765  
9021.858499  
9034.508772  
9114.014682  
9164.851579  
9073.665073  
9088.06548  
8994.789046  
9149.66189  
9131.710668  
8993.036419  
9008.321239  
9004.729509  
9003.682903  
9098.094154  
9300.495488  
9087.194201  
9129.411806  
8843.529145  
9035.744865  
8864.599946  
8894.798289  
8957.298239  
8904.947754  
9035.957604  
8970.4276  
9035.193881  
8936.787328  
8956.223869  
9102.569622  
9000.310682  
8965.309823  
9044.335853  
9028.447922  
9010.21518  
9032.468077  
9036.14933  
9060.373552  
9004.871329  
9001.508604  
9007.788591  
9031.46188  
9047.152091  
8948.113466  
9004.741295  
8840.710668  
8907.425125  
8886.551354  
8986.67536  
9012.950717  
8973.262914  
9044.606765  
8913.028354  
8992.683577  
8985.094003  
9014.428324  
9094.459759  
8840.767073  
9131.999949  
8980.805698  
8906.08289  
9037.426455  
9059.783624  
8972.188123  
9075.271468  
9158.906469  
8941.113079  
9135.618703  
9051.608668  
9078.93814  
9071.460971  
9051.183324  
9048.625286  
9052.130539  
9162.50037  
9108.482472  
9028.098195  
9059.913726  
9014.02662  
9087.7401  
8964.366329  
9071.945548  
9094.87202  
9097.59242  
8995.494982  
8921.479374  
8910.248855  
8932.203815  
9025.347538  
9131.380371  
9075.192518  
9126.021181  
8969.004512  
8930.000488  
8958.992154  
8969.533792  
8949.042666  
9082.021198  
9122.570228  
9075.527411  
8929.398858  
8965.584018  
9025.347168  
8993.097791  
9100.334624  
8986.742642  
8918.180832  
9040.049333  
8977.811355  
9156.321592  
8985.922801  
8978.560294  
8884.143521  
8887.505624  
9038.617103  
9035.576845  
9110.552785  
9108.574589  
9126.256533  
8973.166386  
9073.953024  
9078.184015  
9134.967992  
9068.241211  
8986.070818  
9089.46311  
9045.445969  
9021.748182  
9056.704118  
8949.87564  
9078.885607  
8984.632947  
9150.76879  
9047.10956  
8994.22205  
9102.390726  
9040.920983  
9140.862978  
9165.460769  
9180.139531  
9252.046303  
9128.731024  
9018.044114  
9030.925024  
8860.223246  
9151.149162  
9015.096932  
8977.260759  
8972.235604  
8997.56122  
9114.40391  
9156.855721  
9108.805395  
9044.188022  
8971.808897  
8930.985554  
8894.942888  
8979.571306  
9028.763015  
9014.489578  
9071.300276  
8992.968396  
9003.76778  
9076.797212  
9106.590214  
8960.291437  
8974.667295  
8941.416251  
8912.446542  
9152.884749  
9156.918524  
9126.899902  
9063.412076  
9115.513301  
9023.984981  
9049.037513  
9177.108988  
9060.688813  
9041.92866  
8982.693646  
8924.134294  
8878.866413  
9059.89544  
8924.484459  
9086.931843  
9112.02172  
9068.700195  
8960.166975  
8905.617356  
8773.587722  
8995.528388  
8948.247053  
8963.373552  
9016.526468  
8988.377273  
8849.622508  
9043.945935  
8960.69075  
9007.518218  
9001.083041  
9021.275542  
9190.99313  
9152.548037  
9155.5214  
9066.984914  
9078.587638  
9007.176387  
9042.486884  
9113.807398  
8992.472286  
9039.806977  
9119.581812  
9078.613972  
9058.019834  
9055.421572  
9112.793305  
9072.613147  
9225.332503  
9119.325044  
8936.944723  
8993.389547  
8909.096107  
9044.127744  
9205.139817  
9180.861631  
9175.343918  
9104.207216  
9041.216847  
9035.503687  
8967.217908  
8828.532041  
8999.658203  
9082.256701  
9087.235217  
8926.319993  
9009.313864  
8925.164096  
8962.346596  
9009.203394  
9043.48424  
9106.51512  
9033.109863  
9100.713699  
9102.936574  
8953.811305  
9012.869292  
8978.883772  
9017.399936  
8996.590736  
8925.536806  
9138.829068  
8958.354391  
8889.113837  
8732.189015  
8887.429098  
9093.416975  
9051.668423  
9107.96971  
9051.011837  
8851.637173  
8817.699875  
8763.744258  
8813.341309  
8900.52236  
8872.333917  
9020.960146  
8948.977236  
8954.362204  
9058.328108  
8971.724003  
9183.173508  
9189.417228  
9143.895811  
9042.849205  
9101.215686  
9065.48919  
9156.927701  
9080.334456  
9140.549788  
9060.96316  
9143.872053  
9159.307836  
8997.011331  
8932.098481  
8990.906048  
9028.107742  
9074.863955  
9019.14576  
8979.366026  
8937.830482  
9097.374495  
8849.095855  
8907.387258  
8974.08811  
8954.256415  
9246.291218  
9210.112406  
8923.808863  
8848.942568  
8999.645811  
8894.469356  
8929.97668  
9047.401232  
9065.454169  
9132.784735  
9165.333732  
9234.87958  
9191.016669  
9282.618332  
9101.041117  
9047.748047  
9003.521754  
8938.144296  
9038.085769  
8993.555041  
9084.17174  
9050.052263  
9033.068763  
9132.630489  
9065.846697  
8980.314352  
9042.095703  
9036.487103  
9050.325902  
9085.627812  
9276.265204  
8942.192534  
8983.03359  
8890.620993  
8988.391366  
9142.762476  
9092.713783  
9142.651098  
9171.36712  
9200.756701  
9102.809469  
9072.513015  
9101.989931  
9009.889547  
9006.380691  
9035.292834  
8949.896872  
9165.985958  
8960.136668  
8899.983937  
8997.805816  
8898.568949  
8959.609762  
9264.145659  
9114.911823  
9136.503772  
8931.851765  
8991.645188  
8855.147124  
8951.58326  
9013.790662  
8954.537278  
8923.871902  
8952.934907  
8882.427499  
8950.759378  
8968.612911  
9047.798862  
8951.773724  
8908.802027  
8989.51086  
9040.218767  
9123.185261  
9136.852101  
9017.563578  
9086.276771  
9003.980469  
9172.471393  
9106.142999  
9087.021367  
9142.013941  
9121.418811  
9006.436658  
9000.824252  
8956.398219  
9050.402108  
9040.548374  
9012.376229  
8979.693157  
9000.71673  
8922.096057  
8976.209186  
8984.582435  
8865.355839  
9207.385052  
8871.592454  
8941.438628  
9066.935143  
8926.696289  
9039.418928  
9098.685395  
8949.995808  
8989.637392  
8984.572973  
8958.137914  
8967.609947  
8988.835483  
9052.161672  
9047.14997  
8979.437887  
8956.695582  
9112.002795  
9059.423289  
9035.775828  
9057.525357  
9065.736126  
9152.885237  
9095.411369  
9019.742423  
9001.794619  
8949.950835  
9118.992878  
9200.092083  
8990.334843  
8993.933291  
9031.823006  
8915.895946  
9035.050781  
9011.279533  
9032.452957  
9065.096983  
9111.957166  
8935.550343  
8955.95395  
8951.837604  
8966.782193  
9053.895912  
9077.774094  
9072.104071  
9091.058038  
8979.692955  
8935.2993  
9007.012544  
9051.027832  
9013.882072  
8940.451441  
8939.181641  
8991.692787  
9035.944117  
9057.135523  
9024.425882  
9088.574286  
9096.403741  
9127.978886  
9142.84806  
9098.235857  
9157.880287  
9187.226243  
9158.9276  
9086.477455  
9020.131331  
9054.558021  
9083.673491  
9020.557701  
9019.500387  
9177.301657  
9173.961847  
8951.233045  
9015.886635  
8951.31085  
8916.794366  
8995.53556  
9074.667918  
9083.013352  
9069.236732  
9009.025896  
9030.687854  
9076.95794  
9116.574774  
9048.78226  
8987.761517  
9046.474037  
9043.107961  
9063.564807  
9146.370942  
9063.100283  
8988.477  
9031.465282  
9073.668878  
8969.70001  
8952.108028  
8888.303273  
9171.375168  
8824.247912  
9013.443359  
8779.928778  
8834.073141  
8809.388352  
8839.380876  
8895.25133  
8886.511938  
8921.846831  
9046.628519  
9092.479896  
9055.241834  
8916.097505  
8993.265457  
9001.956728  
8952.840534  
9158.086779  
9035.924333  
8903.233196  
8873.466662  
8971.32799  
9024.872744  
9034.147798  
9115.80063  
9100.060867  
9180.100737  
9114.332469  
9029.407462  
9041.93782  
9065.248535  
9174.590147  
9034.884867  
9118.250572  
8893.996952  
8895.169535  
8857.85227  
8865.229139  
8980.563308  
8929.942736  
8960.796185  
9071.96385  
9182.52406  
9097.453462  
9136.542666  
9042.116615  
8972.976798  
8963.263032  
9133.257981  
9140.177566  
9095.256752  
9102.722134  
9129.895979  
9161.541605  
9175.919602  
9237.76906  
9233.202637  
9165.477  
9108.570312  
9155.43292  
9127.618046  
9110.818578  
9167.435294  
9059.138605  
8992.392124  
8988.502425  
8997.050108  
8990.960112  
9038.759766  
8971.792699  
8974.496767  
9024.004664  
8915.909752  
9009.592521  
9031.664584  
8971.196542  
9053.374899  
9127.747811  
8966.228549  
8972.803138  
8860.976024  
8895.771333  
8966.926674  
8998.398252  
9081.752492  
9125.528202  
9164.434705  
9184.308526  
9163.50564  
9027.467033  
9012.423323  
8949.914399  
8975.43915  
8907.095619  
9052.272629  
9092.664029  
9065.163759  
9088.397511  
8974.562012  
9082.754597  
9074.998872  
8966.325599  
8962.926  
8959.838379  
9025.325431  
9106.851142  
9101.55952  
9025.140743  
9037.998485  
8941.684772  
8968.63096  
9107.117777  
8945.221259  
8940.627778  
8930.350401  
8994.564672  
9090.251094  
9219.660442  
9075.086763  
9085.095451  
9037.368838  
8929.115756  
9018.096899  
9036.42233  
8942.800613  
8876.802128  
8920.038995  
9047.507981  
9031.146468  
9055.923895  
8954.200549  
9000.200414  
8930.348027  
8889.370269  
8990.601091  
8962.915948  
9002.725013  
9085.34082  
9027.758183  
8983.656856  
8994.725687  
9034.502391  
9017.792396  
8949.327148  
9011.270508  
8963.635927  
9002.32304  
9032.073225  
9020.295663  
8985.600081  
9001.826458  
8985.987574  
9069.207738  
9202.648269  
9047.302718  
9087.046875  
9105.734156  
9128.135389  
9161.185799  
9198.587503  
9175.784382  
9174.231984  
9120.879024  
8985.907294  
9112.208462  
9035.831173  
8932.480856  
8788.9441  
8876.889345  
8941.485015  
9090.451458  
9126.37468  
9029.858718  
9012.619157  
8925.344541  
9001.523219  
8970.536739  
9081.895188  
9232.193242  
8961.101933  
8908.813291  
9079.954118  
8884.683038  
8963.527546  
8897.277798  
8933.968716  
8994.018117  
9070.671892  
9166.601007  
9097.593683  
9052.391787  
9093.826037  
8970.377172  
8927.357119  
9097.498198  
8944.520104  
8961.441255  
8990.077216  
8911.473229  
9093.533287  
9190.203277  
9073.571491  
9078.124377  
8953.011365  
9041.543339  
9070.138891  
8930.820952  
8876.364712  
8852.343868  
8841.585163  
8872.519969  
8908.424653  
8878.173441  
8964.20033  
9053.190059  
9092.972437  
9084.584978  
9059.412564  
9066.313005  
8996.868097  
9102.087318  
9149.249007  
9173.462588  
9214.002694  
9227.196828  
9189.940059  
9148.769666  
9089.618939  
9054.05856  
9029.016265  
9046.419097  
9064.042598  
9108.221781  
9126.224643  
9104.537042  
9077.718396  
9172.92669  
9125.635473  
8995.893386  
8931.717908  
8938.0115  
9081.140288  
9086.993417  
9103.812214  
9183.977135  
9118.060412  
8829.696542  
8820.259547  
8911.27039  
8795.749074  
8879.830533  
8857.795174  
8938.391703  
8973.352808  
8991.751802  
8886.491834  
9066.916049  
9017.96678  
9120.550226  
9018.200178  
9028.316895  
8924.31282  
8968.392376  
9043.737507  
8967.307146  
9251.636449  
9228.36318  
9138.52433  
8914.271097  
8920.452822  
8840.747744  
8940.691676  
9170.579927  
9127.654145  
9082.131331  
9158.133116  
9256.736732  
9201.64576  
9084.886045  
9006.786739  
8868.604408  
9276.672565  
9159.35786  
9015.619477  
8991.715079  
8937.559604  
9012.577014  
8898.144195  
8955.83417  
9081.066019  
8984.350266  
8932.922077  
8906.241514  
9030.54179  
9056.042649  
8904.320447  
9089.448933  
9036.897259  
9029.569218  
9069.268184  
9043.190851  
9015.60818  
9074.221276  
8975.122828  
8988.851007  
9029.656301  
9135.0707  
9112.885069  
9128.136096  
9107.764345  
9008.397747  
9017.504344  
9026.455449  
9046.561827  
9034.901855  
9006.866666  
8946.007981  
9077.389918  
9049.827771  
9044.249411  
9034.923222  
9001.659247  
9161.785106  
9253.997104  
9154.711544  
9179.834809  
9008.329893  
9007.35264  
9050.041437  
9196.801791  
8968.31447  
9136.49675  
8983.502963  
8907.85823  
8963.524027  
8966.206711  
8971.168474  
9163.422666  
8992.597774  
8935.244999  
8980.111783  
8903.68255  
8830.145508  
8902.038776  
8898.486732  
8930.143774  
8971.740352  
8894.079842  
9109.752105  
9134.011685  
9051.741632  
9003.980284  
9045.24212  
9086.331846  
9153.905627  
9169.074219  
9173.303543  
9196.021737  
9045.256247  
8967.251583  
8943.744461  
8940.941642  
9099.991396  
9051.051438  
8949.826004  
8903.384025  
9067.014194  
9047.121447  
9039.888621  
9153.401771  
9019.145845  
9021.213631  
9083.780408  
8919.154078  
8960.76517  
8932.15657  
8906.191322  
9137.257341  
9197.401721  
9043.999899  
9028.186271  
8975.880725  
9095.670461  
9028.035022  
9036.699539  
9056.012157  
9005.269279  
8999.680378  
9019.319235  
9058.209742  
8914.695632  
8986.482035  
8967.352253  
8997.803963  
9001.710348  
9002.139632  
8980.142746  
8971.878889  
8996.463008  
8907.769026  
9148.928442  
9028.33028  
8992.06905  
8991.730486  
9000.943124  
8949.39502  
9098.848902  
9158.485032  
9115.481833  
8994.340551  
9054.895727  
8933.032075  
8898.97727  
8913.175966  
9100.651738  
8898.008587  
8943.496936  
8945.947855  
8834.622828  
8883.142713  
9031.154785  
8987.474879  
8942.113382  
8949.715366  
9011.056556  
9099.687433  
9031.388958  
9027.354223  
9070.63091  
9176.060311  
9146.157647  
9100.561456  
9101.349542  
9152.012005  
9166.560917  
9208.254361  
9162.93984  
9047.620841  
9089.385069  
9068.280122  
9144.447434  
9096.915308  
9010.855132  
9007.321104  
9011.467588  
9026.605907  
9104.689706  
9101.467184  
9105.122963  
9058.963362  
9064.898134  
9107.491312  
9125.718817  
9085.657412  
9148.527175  
9111.578159  
9019.805496  
8994.289517  
9005.305866  
9002.564941  
8974.971848  
9022.891888  
9019.116581  
8990.545494  
8987.879597  
9051.240251  
9098.50293  
9004.441322  
9024.490756  
9045.195616  
9022.468531  
8952.984695  
9023.412985  
9095.464406  
8926.796942  
8884.501919  
8944.344811  
8964.347353  
8963.634227  
9074.974593  
9036.056775  
9043.846865  
8928.889093  
9010.2368  
9048.643487  
9153.320161  
9045.515271  
9000.756415  
9136.541588  
9060.242794  
8983.562062  
9023.202014  
9011.812449  
9103.975586  
9116.195818  
9082.99904  
9076.976613  
8985.112945  
9097.886416  
8967.267831  
8793.575734  
8900.756819  
8982.539534  
8853.81575  
9054.307954  
9022.21449  
9003.674114  
9095.698714  
9039.76416  
8996.518386  
9036.424434  
9049.784028  
8968.085651  
8958.188157  
8997.567837  
8972.896905  
9089.209372  
9036.502627  
9001.566625  
8930.930176  
8977.267191  
8886.704186  
8934.796656  
8933.171757  
9094.462217  
9099.862793  
8993.352084  
9129.008233  
8984.484729  
9011.419989  
9016.152933  
8999.403152  
9097.63815  
9109.223549  
9140.166706  
9084.534601  
9077.180832  
8988.447922  
9090.068393  
9110.125825  
9017.036099  
9082.950599  
8993.699825  
9036.598633  
8940.771737  
