10968.87071  
10876.37065  
10828.28956  
10859.80303  
10895.62111  
10802.14942  
10803.75194  
10781.89189  
10786.46088  
10765.13118  
10840.64749  
10868.84313  
10892.87392  
10789.73062  
10755.72997  
10781.91438  
10773.35693  
10735.38488  
10737.32595  
10729.095  
10801.63976  
10825.30118  
10881.52666  
10835.18749  
10807.73023  
10799.07632  
10823.06327  
10830.59056  
10836.54456  
10853.90562  
10868.13519  
10857.29914  
10877.49663  
10811.57537  
10834.58213  
10824.21758  
10865.13879  
10852.10044  
10900.98774  
10895.03784  
10857.15882  
10856.40911  
10876.6737  
10819.55869  
10857.36737  
10847.62548  
10819.4864  
10840.03451  
10851.8656  
10797.48557  
10872.02985  
10837.29404  
10852.96649  
10858.51406  
10868.419  
10859.9581  
10852.75676  
10839.28891  
10852.00264  
10837.71493  
10854.18893  
10877.83011  
10866.98303  
10892.91278  
10866.12526  
10883.76445  
10848.8307  
10844.25514  
10810.8281  
10792.94267  
10804.83783  
10806.85725  
10782.53227  
10796.35421  
10806.66532  
10835.82924  
10790.14805  
10846.14417  
10908.93109  
10841.30451  
10811.48869  
10822.74175  
10826.88414  
10841.32573  
10822.41406  
10811.55465  
10834.68072  
10788.39745  
10751.34377  
10771.544  
10762.10228  
10815.5771  
10780.84798  
10798.44612  
10756.03963  
10754.30461  
10776.55556  
10809.62359  
10838.30433  
10826.11617  
10804.92939  
10824.70397  
10828.33254  
10804.11731  
10804.93941  
10812.53761  
10808.85318  
10818.93752  
10805.32769  
10795.82049  
10799.29714  
10798.71527  
10783.73215  
10817.67816  
10854.94003  
10823.39826  
10840.99453  
10797.42437  
10811.11665  
10826.18124  
10844.68048  
10831.06962  
10866.12199  
10858.53388  
10844.77468  
10912.0019  
10882.63549  
10915.04249  
10862.31981  
10820.41369  
10738.28505  
10735.68162  
10775.36988  
10805.63063  
10830.0937  
10885.45663  
10865.63087  
10786.55895  
10765.67517  
10790.38086  
10812.31688  
10847.71833  
10829.58974  
10863.66141  
10807.72673  
10818.17065  
10846.36492  
10843.5082  
10847.29902  
10841.4235  
10847.66652  
10799.6256  
10771.41789  
10829.27351  
10828.77789  
10836.57683  
10861.48782  
10878.08306  
10857.71188  
10847.27432  
10852.98291  
10794.13656  
10795.31894  
10815.45756  
10791.45032  
10818.19086  
10827.27427  
10824.8315  
10849.08571  
10860.24772  
10855.81108  
10876.09829  
10781.59537  
10784.49917  
10792.83678  
10841.11119  
10840.80168  
10856.70412  
10887.04396  
10838.68331  
10795.25417  
10792.43031  
10788.74877  
10832.57153  
10849.93568  
10848.00115  
10847.06816  
10809.02376  
10776.21176  
10820.79207  
10841.54055  
10822.22818  
10837.42244  
10865.45041  
10864.28673  
10828.93161  
10820.43162  
10818.76382  
10831.94006  
10817.28846  
10826.12719  
10896.32778  
10831.53174  
10830.23872  
10798.55361  
10844.29016  
10811.12643  
10814.4096  
10789.84742  
10825.89257  
10817.19438  
10795.89952  
10806.05674  
10813.86151  
10850.60145  
10823.20183  
10819.13894  
10810.83617  
10833.77069  
10780.31832  
10828.45272  
10833.1702  
10799.88795  
10763.13064  
10763.73931  
10805.54045  
10805.50492  
10796.24356  
10832.86947  
10824.59521  
10814.64641  
10811.90789  
10841.56188  
10833.3594  
10804.96884  
10781.44299  
10824.03285  
10827.03458  
10840.78027  
10888.32485  
10842.75071  
10819.00124  
10854.25224  
10851.32733  
10813.44257  
10832.19546  
10794.91842  
10795.84168  
10830.62851  
10856.53158  
10898.96961  
10826.30628  
10825.61217  
10834.80079  
10829.68036  
10805.66949  
10810.1539  
10824.43802  
10836.24342  
10872.62024  
10841.40853  
10831.50883  
10833.25423  
10845.16872  
10845.85097  
10848.02521  
10856.77229  
10843.79041  
10793.82564  
10820.4796  
10858.38636  
10844.77581  
10859.74666  
10837.39477  
10843.27204  
10869.16411  
10850.85296  
10823.49359  
10789.92118  
10805.40067  
10818.9732  
10804.06572  
10799.32477  
10788.23893  
10809.24873  
10889.51126  
10884.93742  
10862.03739  
10866.65942  
10903.21087  
10784.32741  
10805.57729  
10892.50536  
10865.25027  
10846.1377  
10845.88796  
10816.49977  
10844.82898  
10854.93575  
10825.82007  
10804.18101  
10810.8637  
10783.13667  
10812.11208  
10835.03233  
10801.51919  
10890.7517  
10909.26889  
10857.15461  
10825.46128  
10830.6662  
10824.94309  
10826.20673  
10859.68061  
10841.77058  
10884.97612  
10921.4006  
10909.57339  
10882.09043  
10898.90838  
10836.26661  
10818.46625  
10847.80919  
10835.85203  
10835.43564  
10843.96867  
10837.46776  
10892.552  
10897.17297  
10899.30196  
10893.71391  
10857.1059  
10834.19033  
10837.85482  
10788.56965  
10794.32211  
10763.5007  
10792.54053  
10823.00797  
10796.27233  
10790.37027  
10772.18074  
10760.13306  
10785.15244  
10817.19887  
10857.73742  
10891.26978  
10877.16847  
10886.08363  
10847.62619  
10826.13876  
10834.91965  
10833.2963  
10850.26819  
10849.47757  
10889.65361  
10922.40469  
10921.01028  
10874.32445  
10837.13995  
10774.66353  
10825.7033  
10838.79277  
10816.63973  
10791.64314  
10777.5154  
10820.47586  
10813.32137  
10838.85138  
10817.92838  
10803.05909  
10788.10374  
10784.42623  
10785.31573  
10832.51363  
10784.40829  
10787.6538  
10793.82803  
10813.28989  
10817.38935  
10821.00931  
10853.1368  
10828.98722  
10794.06738  
10756.9652  
10810.50384  
10808.36977  
10783.33892  
10790.87068  
10824.72933  
10866.60697  
10854.91023  
10823.82055  
10739.61006  
10816.45205  
10809.07446  
10763.87086  
10815.48574  
10820.78706  
10822.57763  
10839.24425  
10839.98657  
10808.50281  
10785.62234  
10816.58443  
10824.82348  
10833.83405  
10811.36225  
10835.45852  
10819.07761  
10839.39883  
10823.69684  
10796.9442  
10771.09781  
10806.32348  
10838.03397  
10856.57487  
10855.85411  
10879.19203  
10856.43881  
10833.22553  
10872.75465  
10887.64533  
10864.95059  
10928.61818  
10882.73722  
10814.24835  
10795.67866  
10856.82939  
10881.43439  
10843.5304  
10850.24851  
10871.39751  
10875.19438  
10862.76611  
10912.10722  
10905.43473  
10901.44484  
10896.67626  
10861.74651  
10857.3798  
10839.98626  
10812.54797  
10773.1295  
10821.49944  
10804.8751  
10836.67288  
10824.67495  
10777.79073  
10788.87306  
10805.56543  
10769.69704  
10733.85685  
10748.96791  
10805.20614  
10813.00269  
10781.91271  
10808.57534  
10834.06517  
10838.86017  
10851.7299  
10784.13314  
10797.68561  
10792.07717  
10798.45908  
10771.4648  
10789.33065  
10795.44146  
10807.80286  
10781.42052  
10806.52549  
10851.97643  
10873.48548  
10840.91908  
10806.04697  
10766.36494  
10798.65877  
10798.86155  
10773.76684  
10776.23447  
10794.07074  
10829.7752  
10805.58248  
10777.11908  
10826.66363  
10841.30335  
10816.43628  
10839.81631  
10834.5133  
10770.72638  
10779.95207  
10801.73662  
10857.87965  
10892.92062  
10851.4471  
10892.04501  
10894.7328  
10849.01763  
10842.43474  
10844.87821  
10809.25184  
10821.31292  
10858.51279  
10841.33505  
10871.4228  
10827.25574  
10791.11857  
10815.76525  
10827.59628  
10855.51555  
10780.63354  
10809.66533  
10732.39106  
10731.34042  
10777.37021  
10793.11303  
10752.82075  
10722.82968  
10780.25474  
10842.02826  
10785.11802  
10859.00841  
10845.15113  
10866.60869  
10887.61793  
10911.45  
10921.2153  
10881.97274  
10867.84257  
10869.81761  
10867.58104  
10886.55249  
10876.08816  
10835.24014  
10890.42726  
10868.89428  
10865.78734  
10825.84081  
10815.64374  
10887.30701  
10853.89619  
10833.66039  
10861.14812  
10821.62739  
10802.9528  
10812.1432  
10794.03838  
10753.09104  
10724.85365  
10776.03446  
10786.42529  
10772.29988  
10757.8023  
10748.91637  
10763.74711  
10785.99688  
10769.80573  
10776.20402  
10814.50401  
10790.92096  
10814.7956  
10862.58951  
10880.35698  
10899.41546  
10842.09475  
10869.91017  
10885.58359  
10914.75634  
10906.25735  
10922.21364  
10905.83657  
10894.9421  
10912.49659  
10876.22072  
10820.48072  
10791.08644  
10871.92569  
10805.821  
10799.88966  
10727.8617  
10753.73053  
10709.04497  
10743.9176  
10755.16221  
10702.01354  
10721.45284  
10760.60495  
10742.26004  
10818.81743  
10815.73896  
10837.28901  
10792.52803  
10828.409  
10833.98928  
10787.44144  
10786.48457  
10852.79136  
10847.38266  
10854.5209  
10890.66703  
10903.5667  
10885.70368  
10936.16895  
10901.06095  
10874.66167  
10847.01889  
10877.80846  
10901.94858  
10882.82802  
10916.87583  
10864.58504  
10856.86979  
10798.65128  
10805.37773  
10813.16669  
10831.43558  
10859.21687  
10851.06267  
10840.58501  
10800.62211  
10800.14862  
10832.02309  
10861.86158  
10825.55975  
10858.24486  
10834.66259  
10802.09934  
10854.58283  
10853.38134  
10840.17342  
10853.1871  
10863.08365  
10953.82979  
10937.99321  
10936.20192  
10920.27043  
10847.6988  
10833.22362  
10857.58618  
10847.64877  
10830.90616  
10794.43315  
10792.62249  
10776.99586  
10805.97713  
10826.9266  
10811.37763  
10816.90575  
10784.86856  
10753.87416  
10783.25443  
10819.81339  
10824.58238  
10842.00862  
10902.9208  
10919.19756  
10851.24534  
10834.65607  
10900.30922  
10859.17732  
10844.01813  
10859.39935  
10879.11472  
10862.23792  
10903.09928  
10885.62145  
10861.10416  
10839.95119  
10687.03991  
10794.09006  
10758.1389  
10728.76719  
10739.47446  
10755.19295  
10778.2542  
10776.71492  
10797.44808  
10792.0553  
10842.26787  
10850.98178  
10791.18107  
10794.04671  
10823.60876  
10851.35373  
10828.46383  
10874.94971  
10864.08148  
10813.69893  
10793.13365  
10795.69265  
10837.54508  
10852.75067  
10846.21931  
10796.73539  
10748.05482  
10728.39328  
10734.7426  
10731.66164  
10773.57505  
10801.63192  
10801.9468  
10813.89614  
10786.20946  
10792.8335  
10791.12659  
10780.44126  
10787.84489  
10778.24218  
10832.62527  
10835.32768  
10832.23656  
10842.15759  
10866.59466  
10842.78813  
10858.49675  
10816.28248  
10789.74111  
10819.47883  
10808.63779  
10780.76277  
10768.22539  
10757.50256  
10795.03484  
10829.62853  
10868.31594  
10906.14588  
10887.34968  
10894.23667  
10852.53657  
10876.40531  
10822.89406  
10853.58308  
10885.25448  
10895.47832  
10821.20214  
10799.65028  
10803.46965  
10822.90718  
10855.89106  
10882.36571  
10853.95562  
10838.92083  
10839.66565  
10795.16544  
10789.74297  
10789.03814  
10847.06806  
10841.82301  
10869.0541  
10819.22874  
10732.19791  
10733.79636  
10747.26936  
10781.64651  
10817.66127  
10802.66676  
10796.4744  
10776.94434  
10797.93112  
10862.33532  
10850.38488  
10800.80344  
10753.60755  
10744.80223  
10763.01197  
10802.7621  
10845.87016  
10881.61273  
10876.70813  
10798.05522  
10811.89288  
10843.36595  
10895.61123  
10877.37825  
10815.97402  
10832.82871  
10817.04567  
10847.67083  
10826.90657  
10767.4294  
10795.37716  
10804.59677  
10842.72819  
10890.70125  
10913.68906  
10889.90716  
10845.31824  
10886.25503  
10911.72033  
10940.95055  
10933.51911  
10847.23761  
10803.30285  
10755.1981  
10737.64803  
10801.55632  
10807.61358  
10806.08578  
10802.02222  
10861.53665  
10840.59058  
10855.26651  
10870.36472  
10867.13743  
10874.44211  
10844.77429  
10855.03382  
10853.19462  
10867.05931  
10857.42945  
10839.03954  
10878.83717  
10875.66688  
10895.71991  
10898.48683  
10847.44399  
10806.20748  
10795.61792  
10819.16592  
10879.58671  
10846.34879  
10864.77159  
10870.4405  
10874.68393  
10819.18406  
10844.95449  
10904.03058  
10877.447  
10853.62718  
10796.26983  
10802.86198  
10758.01999  
10787.95052  
10865.32987  
10819.44103  
10859.6115  
10827.81057  
10722.91423  
10634.36229  
10653.58049  
10704.3242  
10710.67884  
10749.71812  
10753.81346  
10762.24492  
10749.5309  
10846.00864  
10832.62471  
10810.88084  
10800.82205  
10836.55376  
10881.02938  
10902.75255  
10902.82453  
10857.23695  
10842.43157  
10844.65659  
10874.42195  
10943.87341  
10856.69036  
10801.90546  
10833.68739  
10835.98331  
10837.9436  
10844.34315  
10800.16655  
10829.28105  
10841.42918  
10865.0557  
10804.29913  
10854.15319  
10826.71706  
10883.5209  
10933.60594  
10924.04581  
10933.87412  
10901.38691  
10863.66862  
10859.97436  
10807.66383  
10818.91455  
10849.05027  
10817.67004  
10817.01938  
10824.95021  
10794.04848  
10756.1669  
10746.18804  
10755.71051  
10798.59088  
10861.66958  
10822.18467  
10847.91452  
10802.32402  
10796.76641  
10796.44888  
10756.45517  
10805.97556  
10835.90293  
10832.50059  
10873.87078  
10822.81628  
10777.58013  
10724.84924  
10795.31109  
10925.83616  
10942.91951  
10915.49996  
10840.06286  
10686.88839  
10596.71742  
10630.81306  
10666.73736  
10706.06936  
10708.61092  
10702.19344  
10754.11961  
10736.29519  
10768.33705  
10739.43545  
10805.51266  
10834.80738  
10856.41691  
10861.2712  
10833.36242  
10828.01171  
10874.12878  
10877.32504  
10905.42403  
10872.66627  
10906.87791  
10890.97949  
10849.48126  
10843.36324  
10863.14389  
10827.95293  
10841.3646  
10832.38986  
10832.62039  
10826.37289  
10855.66696  
10761.08623  
10772.14593  
10781.44137  
10883.63869  
10956.63463  
10949.59752  
10887.47831  
10838.3661  
10850.74117  
10814.90201  
10815.58628  
10782.70762  
10789.03035  
10812.82321  
10858.6421  
10880.21958  
10876.22913  
10889.45851  
10825.624  
10835.38871  
10783.59148  
10803.43836  
10791.06955  
10803.18217  
10805.3207  
10860.87817  
10855.7458  
10867.03914  
10901.4569  
10867.14213  
10874.48953  
10867.82722  
10870.65562  
10893.25694  
10906.14637  
10849.24776  
10871.11978  
10849.15276  
10833.77211  
10891.35999  
10859.82132  
10879.81972  
10914.81954  
10940.31275  
10950.17571  
10944.5452  
10950.39327  
10890.51856  
10874.1778  
10864.6695  
10848.88127  
10896.42833  
10825.72365  
10782.30827  
10800.90576  
10814.28253  
10869.12805  
10881.60234  
10881.43469  
10843.46091  
10756.79146  
10805.3873  
10740.55001  
10734.3268  
10795.49098  
10750.25641  
10727.16163  
10675.21016  
10695.58603  
10760.45318  
10782.40261  
10811.15309  
10742.05783  
10730.88368  
10744.27879  
10826.35682  
10824.19019  
10833.78631  
10795.3776  
10840.35443  
10839.30507  
10862.49139  
10887.62087  
10857.77526  
10892.09216  
10856.81347  
10797.25805  
10768.58143  
10804.07498  
10857.27016  
10843.63671  
10822.66301  
10805.69116  
10820.33406  
10828.34565  
10794.69041  
10832.22974  
10810.81502  
10804.65134  
10741.06228  
10802.98111  
10858.82103  
10793.69028  
10823.20635  
10782.70812  
10702.85071  
10733.24618  
10756.65921  
10775.17034  
10771.72022  
10766.842  
10812.24333  
10819.01676  
10826.79106  
10818.0706  
10878.02813  
10859.14529  
10852.1046  
10834.44546  
10839.28502  
10866.40162  
10871.60313  
10872.96995  
10899.06542  
10862.32125  
10947.71024  
10928.26128  
10890.91761  
10847.80089  
10790.79063  
10784.77193  
10802.32324  
10806.99961  
10817.47841  
10790.94412  
10847.2444  
10797.15979  
10753.2872  
10768.26333  
10802.8128  
10831.07662  
10861.79286  
10870.38585  
10891.528  
10823.07048  
10782.2973  
10841.91291  
10872.25407  
10843.54977  
10785.14989  
10745.95994  
10771.64864  
10784.30963  
10818.19436  
10822.23977  
10855.27651  
10867.31702  
10887.86291  
10896.91277  
10885.57803  
10887.96328  
10869.4109  
10888.46451  
10856.13621  
10839.92501  
10832.76155  
10843.89387  
10896.4945  
10893.61573  
10944.10406  
10971.11015  
10856.90382  
10838.28412  
10767.12074  
10766.62925  
10761.696  
10759.68208  
10771.73881  
10792.21645  
10804.39813  
10840.19867  
10790.53321  
10777.02184  
10804.72518  
10835.8655  
10819.43831  
10836.84719  
10824.22842  
10838.11063  
10845.47754  
10817.19704  
10812.57474  
10812.12815  
10798.79876  
10782.44764  
10798.56009  
10871.77606  
10789.52092  
10783.93031  
10695.85514  
10646.0696  
10631.05639  
10661.96893  
10671.7876  
10678.69986  
10746.58572  
10789.83258  
10825.71631  
10844.42855  
10827.35431  
10799.96677  
10859.59316  
10824.40543  
10878.20886  
10812.989  
10769.45873  
10819.47124  
10837.65286  
10831.88366  
10855.26602  
10871.10802  
10863.01359  
10912.67169  
10869.49588  
10836.26333  
10823.22919  
10938.31885  
10870.83825  
10842.62538  
10844.37955  
10802.93147  
10759.23585  
10738.78662  
10744.32201  
10772.09166  
10788.27711  
10842.86737  
10883.13586  
10948.27149  
10897.16447  
10890.59228  
10907.58284  
10849.81212  
10846.13635  
10881.71327  
10827.86147  
10845.04251  
10817.13262  
10866.09626  
10860.77794  
10923.60703  
10965.01563  
10959.63192  
10893.53109  
10873.55533  
10843.15722  
10846.25822  
10847.98879  
10892.22625  
10900.31213  
10841.1271  
10864.16139  
10836.9855  
10824.00995  
10854.64843  
10849.92831  
10840.88657  
10771.1523  
10793.39156  
10798.51965  
10857.9694  
10830.33235  
10802.90712  
10818.66383  
10743.07716  
10755.5874  
10743.52244  
10765.84382  
10813.28515  
10813.39  
10832.15207  
10849.83492  
10906.75577  
10987.96103  
10981.64708  
10922.1771  
10857.10869  
10805.79431  
10828.87409  
10777.71828  
10803.58093  
10818.52261  
10826.55013  
10842.12793  
10796.91115  
10879.27363  
10845.89838  
10838.82872  
10820.85217  
10832.94003  
10790.16263  
10842.9269  
10892.46756  
10878.35392  
10875.64812  
10764.49877  
10688.63923  
10715.99157  
10747.87795  
10793.00704  
10803.84194  
10800.81223  
10809.78233  
10815.91605  
10807.51756  
10844.37048  
10848.2423  
10814.74238  
10827.78877  
10847.37431  
10804.57542  
10793.95931  
10801.91347  
10830.45214  
10838.83376  
10819.81769  
10815.95708  
10775.01559  
10760.60217  
10723.47318  
10769.74317  
10773.63757  
10804.71615  
10843.90402  
10807.56691  
10798.69982  
10785.41959  
10768.37531  
10782.20236  
10733.27674  
10762.54172  
10781.30585  
10824.33383  
10818.70822  
10807.88524  
10830.65594  
10856.07333  
10862.07502  
10834.50447  
10887.71038  
10875.19991  
10892.0831  
10876.30569  
10847.99093  
10892.25185  
10894.44493  
10865.558  
10894.80067  
10940.49222  
10856.94526  
10853.59567  
10816.88978  
10797.47602  
10772.65617  
10812.6692  
10828.49517  
10862.1871  
10838.16542  
10818.54437  
10765.43834  
10740.30589  
10754.49322  
10775.30145  
10855.73941  
10842.50261  
10800.50783  
10787.88417  
10812.97159  
10749.67472  
10736.55948  
10718.38358  
10782.52474  
10799.56038  
10883.29137  
10884.76543  
10861.19237  
10842.59987  
10853.07455  
10836.15539  
10820.15355  
10864.86887  
10853.60103  
10824.9665  
10851.74786  
10856.30398  
10890.7786  
10907.09915  
10891.39725  
10906.21393  
10901.87946  
10814.34642  
10849.09574  
10729.96194  
10616.15629  
10603.70535  
10627.60525  
10654.49231  
10687.20255  
10748.04865  
10766.21749  
10837.91154  
10897.91399  
10869.98428  
10853.09148  
10894.31272  
10890.96873  
10906.23855  
10969.12439  
10890.14182  
10886.18131  
10858.79589  
10858.95456  
10884.48475  
10892.01215  
10893.45514  
10833.3645  
10838.18951  
10843.57378  
10904.26224  
10936.82634  
10900.11476  
10847.06678  
10894.13273  
10848.73503  
10797.27146  
10793.37491  
10809.412  
10832.58769  
10960.67752  
10915.9374  
10919.14256  
10854.08012  
10729.7171  
10663.48366  
10708.34316  
10642.86736  
10677.52978  
10656.00295  
10728.28608  
10705.67632  
10755.1288  
10775.01435  
10817.67186  
10816.63153  
10906.30984  
10885.64913  
10869.06972  
10840.24273  
10843.83305  
10847.7841  
10888.67382  
10946.055  
10956.17212  
10920.62069  
10828.93983  
10811.77085  
10742.02786  
10800.90778  
10811.65008  
10825.30104  
10816.41652  
10836.80705  
10872.4283  
10920.52774  
10900.46867  
10854.72067  
10874.84623  
10905.74857  
10853.93374  
10821.3106  
10793.87348  
10789.60654  
10777.38972  
10718.54081  
10753.85772  
10788.65385  
10762.85935  
10810.07461  
10838.0086  
10845.79467  
10795.34054  
10801.73438  
10810.96165  
10792.41532  
10769.6883  
10751.80766  
10857.02151  
10867.25993  
10859.45645  
10836.24602  
10834.42981  
10850.34204  
10908.21674  
10885.64242  
10893.25754  
10865.60214  
10843.13707  
10895.25896  
10913.36849  
10922.18137  
10921.77528  
10843.38335  
10798.55247  
10817.43537  
10838.4592  
10797.53108  
10837.8584  
10828.60927  
10857.87508  
10902.65653  
10908.96112  
10887.35528  
10798.26925  
10767.34365  
10823.83403  
10825.05988  
10816.6069  
10819.02912  
10802.83623  
10773.79056  
10790.17253  
10719.13668  
10786.96908  
10795.05674  
10808.80202  
10756.30632  
10742.99868  
10694.3242  
10648.55983  
10710.53324  
10737.19738  
10773.19793  
10814.23901  
10783.16505  
10851.70237  
10864.50071  
10863.42118  
10859.86694  
10833.5547  
10869.92706  
10905.83647  
10929.40603  
10929.24475  
10942.97931  
10875.84609  
10856.43154  
10834.61326  
10900.57639  
10842.29067  
10841.86741  
10856.03955  
10773.77128  
10742.70596  
10835.19626  
10884.56884  
10903.97118  
10869.59705  
10844.52965  
10826.02235  
10816.96442  
10827.77204  
10811.67583  
10807.6621  
10825.09623  
10859.71597  
10843.7892  
10868.07858  
10854.04908  
10850.41252  
10861.21297  
10860.88623  
10838.06756  
10832.66861  
10852.74466  
10826.06135  
10809.80495  
10803.12757  
10794.16258  
10808.5988  
10798.85311  
10813.71687  
10808.411  
10782.63207  
10850.71287  
10820.31327  
10770.99428  
10787.54596  
10796.15191  
10800.24262  
10793.72734  
10792.76951  
10782.2824  
10824.75823  
10873.73076  
10870.19935  
10849.71252  
10846.84  
10865.67065  
10771.6011  
10775.05519  
10860.29012  
10805.27443  
10782.33486  
10761.19358  
10646.60513  
10686.89026  
10688.24096  
10762.64247  
10753.45913  
10737.00039  
10779.25695  
10817.76842  
10751.50731  
10764.56233  
10829.6884  
10860.1185  
10885.0735  
10890.85766  
10889.21309  
10914.53233  
10905.239  
10899.47408  
10887.97787  
10870.78635  
10863.13995  
10871.64091  
10881.39984  
10865.37772  
10850.52497  
10873.5406  
10903.71442  
10881.63148  
10905.34116  
10880.24568  
10832.78373  
10870.82188  
10819.78576  
10834.04011  
10860.29936  
10864.1999  
10870.09419  
10882.78222  
10860.30899  
10841.30591  
10852.74304  
10818.9665  
10825.59811  
10820.93098  
10859.65449  
10851.71512  
10811.42143  
10806.93444  
10859.34901  
10849.06579  
10791.48593  
10805.22851  
10786.71263  
10787.02858  
10783.3005  
10829.51854  
10814.93228  
10768.05942  
10820.37747  
10855.52722  
10788.17179  
10812.65389  
10809.80814  
10795.12024  
10796.31971  
10818.31385  
10841.89677  
10847.67821  
10839.79008  
10813.24652  
10864.82038  
10836.66118  
10818.1333  
10802.69682  
10799.1155  
10838.31548  
10863.47639  
10876.81095  
10879.14957  
10899.79476  
10888.55257  
10864.59409  
10791.17851  
10791.97799  
10792.39983  
10799.86306  
10817.61625  
10846.98052  
10805.45341  
10820.68494  
10830.01818  
10840.23277  
10868.14342  
10832.83884  
10805.32201  
10746.55598  
10767.26068  
10801.52691  
10839.79493  
10854.63499  
10831.35456  
10831.83963  
10855.1748  
10818.22803  
10751.72883  
10754.1609  
10831.85709  
10868.83048  
10835.33614  
10862.11071  
10794.9076  
10788.01402  
10836.01524  
10853.38329  
10866.4313  
10889.21161  
10892.03434  
10862.97224  
10863.90958  
10880.16677  
10907.58404  
10912.31578  
10874.29654  
10827.42061  
10693.31834  
10695.72587  
10702.58391  
