8744.097315  
8706.345243  
8654.996704  
8673.007788  
8747.645957  
8737.903252  
8763.881313  
8693.70334  
8652.315686  
8642.655944  
8690.281426  
8733.001264  
8744.459587  
8664.416991  
8559.467926  
8580.138769  
8576.917628  
8577.063848  
8595.746658  
8598.194375  
8609.684867  
8623.00154  
8679.918666  
8647.095567  
8653.679482  
8648.435768  
8702.751079  
8721.965629  
8738.585036  
8767.697054  
8792.225456  
8701.731963  
8700.664175  
8670.708169  
8664.139729  
8690.044182  
8707.382242  
8688.285188  
8754.104779  
8771.760371  
8712.061074  
8673.818615  
8684.040497  
8630.294043  
8697.811875  
8667.446129  
8644.948967  
8654.680787  
8675.636141  
8687.453697  
8719.489172  
8655.88929  
8701.24856  
8675.87545  
8672.809348  
8728.804064  
8690.886871  
8741.31403  
8739.334991  
8681.066741  
8676.306914  
8653.374146  
8677.840679  
8674.571619  
8628.820996  
8716.360796  
8753.185906  
8732.831117  
8695.334388  
8656.934605  
8662.06316  
8635.678775  
8634.961185  
8639.801166  
8654.045708  
8716.703928  
8678.16993  
8717.915734  
8729.278016  
8649.969829  
8639.994878  
8640.653726  
8628.048383  
8679.233501  
8672.317324  
8680.96892  
8663.427239  
8583.56303  
8567.865996  
8590.915047  
8571.222675  
8625.461007  
8636.493135  
8672.515995  
8594.040025  
8637.569019  
8677.001777  
8662.295085  
8686.109363  
8640.998811  
8664.220485  
8679.073159  
8680.69603  
8724.692755  
8706.07213  
8641.81204  
8616.460337  
8620.605947  
8625.594607  
8670.790017  
8657.986719  
8643.772398  
8647.192019  
8647.048447  
8759.022441  
8785.451749  
8794.676202  
8694.191624  
8624.792125  
8633.724605  
8668.313364  
8656.783693  
8700.232448  
8697.256781  
8715.859744  
8762.317707  
8756.006327  
8804.757727  
8740.31958  
8654.612901  
8616.557634  
8603.274611  
8636.524711  
8638.843344  
8691.750266  
8745.93634  
8706.661969  
8663.650165  
8629.330618  
8660.138431  
8676.507213  
8681.311003  
8677.39092  
8697.267835  
8636.169889  
8653.70747  
8677.006705  
8712.021397  
8731.728681  
8740.18859  
8687.875316  
8642.44576  
8603.767751  
8643.537126  
8657.305033  
8670.18755  
8693.003388  
8695.898191  
8723.970506  
8734.066805  
8751.91867  
8702.254084  
8635.792494  
8626.719772  
8600.108466  
8620.081432  
8641.308373  
8700.80258  
8726.075385  
8741.364777  
8718.101871  
8700.959805  
8600.841204  
8579.295108  
8598.09643  
8687.747929  
8728.157318  
8746.157572  
8814.39014  
8794.534311  
8637.619567  
8632.640369  
8627.468089  
8633.797141  
8674.648289  
8689.609312  
8698.332665  
8716.409545  
8671.734875  
8632.989358  
8639.202343  
8637.587438  
8666.792031  
8699.015457  
8711.758977  
8702.377938  
8704.089048  
8693.087688  
8672.91232  
8635.467431  
8622.649565  
8706.008552  
8688.244165  
8713.977474  
8680.163613  
8673.689992  
8675.639017  
8695.524364  
8677.718804  
8679.958429  
8643.074656  
8619.26608  
8640.576507  
8656.712028  
8682.431418  
8709.800051  
8766.323747  
8767.734639  
8710.840166  
8605.206411  
8609.877  
8648.332325  
8667.652391  
8634.915305  
8667.248843  
8667.73766  
8670.284897  
8704.657631  
8711.096601  
8679.126181  
8657.103594  
8631.504734  
8669.380817  
8696.070978  
8703.249895  
8656.322633  
8654.038468  
8681.945356  
8673.640594  
8715.508027  
8664.559715  
8607.152738  
8618.86052  
8648.090951  
8629.250217  
8699.592624  
8657.865589  
8662.769258  
8713.738241  
8723.626242  
8770.682615  
8732.236966  
8712.578287  
8684.985563  
8686.664211  
8669.467571  
8658.143835  
8666.449941  
8686.159139  
8731.741446  
8703.754239  
8704.738532  
8682.228535  
8707.762033  
8703.235021  
8694.140592  
8688.735799  
8682.783721  
8678.356932  
8662.671781  
8644.96873  
8684.359705  
8727.224321  
8678.776564  
8685.14416  
8720.473477  
8655.738221  
8669.495944  
8652.243546  
8654.04296  
8616.426258  
8617.939971  
8661.700984  
8645.649341  
8724.40926  
8781.289886  
8769.158908  
8698.850124  
8656.071449  
8697.56541  
8646.993484  
8681.321491  
8752.647965  
8682.574389  
8699.380317  
8691.560239  
8671.13427  
8677.714637  
8733.723012  
8719.970891  
8681.218115  
8646.921163  
8622.963774  
8651.964197  
8679.739783  
8662.171898  
8715.315564  
8758.312065  
8729.823167  
8678.501144  
8652.801168  
8587.180515  
8604.526574  
8655.023739  
8667.029613  
8713.701106  
8732.934389  
8715.323262  
8703.39  
8743.187684  
8702.159901  
8712.516787  
8730.241732  
8667.565829  
8665.202639  
8718.846465  
8703.787522  
8719.538644  
8737.439099  
8703.553846  
8718.372107  
8671.022485  
8658.143549  
8701.089794  
8717.065726  
8716.821067  
8633.798678  
8624.83199  
8680.959326  
8633.40826  
8633.88345  
8613.620292  
8612.946717  
8642.518132  
8665.74656  
8670.432833  
8674.160277  
8660.841565  
8699.150592  
8682.145142  
8724.159223  
8789.276258  
8739.334123  
8769.024542  
8727.827496  
8741.304653  
8776.809692  
8757.561691  
8770.267691  
8767.505574  
8704.757259  
8661.433489  
8660.899774  
8613.388899  
8597.288663  
8548.172658  
8652.266376  
8657.134945  
8702.682263  
8713.376612  
8725.016297  
8667.899377  
8620.96919  
8623.411785  
8687.923867  
8631.106959  
8638.448289  
8607.580306  
8629.144632  
8650.823863  
8697.736732  
8729.763705  
8719.668322  
8674.869747  
8647.354592  
8678.43077  
8651.200151  
8604.936594  
8630.894866  
8633.072519  
8687.990013  
8726.908401  
8732.861488  
8662.320109  
8674.062831  
8689.729207  
8654.145016  
8679.600793  
8663.437322  
8641.775346  
8655.207715  
8657.765009  
8640.409193  
8663.673219  
8669.240607  
8708.427763  
8717.22829  
8636.841304  
8624.363083  
8628.312489  
8680.483335  
8652.248558  
8599.246822  
8605.198846  
8676.13614  
8706.207118  
8751.049466  
8740.907782  
8721.487378  
8678.790787  
8650.287321  
8693.756674  
8751.809231  
8723.186539  
8768.396016  
8747.0938  
8651.531604  
8650.804206  
8684.557517  
8764.479206  
8755.619577  
8758.233952  
8739.352492  
8711.460829  
8685.094272  
8724.973031  
8670.283895  
8708.511503  
8708.95248  
8739.73588  
8739.696935  
8712.429132  
8733.635438  
8657.424121  
8685.439292  
8669.200127  
8678.030103  
8675.840648  
8657.629751  
8666.094544  
8636.278524  
8581.018402  
8593.554462  
8598.419214  
8629.720406  
8684.398861  
8669.640243  
8705.197415  
8698.039941  
8722.950132  
8728.205435  
8662.682065  
8681.07123  
8651.880103  
8653.058089  
8666.303533  
8603.685197  
8678.912987  
8689.313783  
8662.9674  
8627.71793  
8633.993375  
8646.371049  
8642.435194  
8651.845923  
8652.617325  
8627.070556  
8586.123031  
8602.390973  
8668.817551  
8660.036618  
8675.291809  
8684.284813  
8652.734413  
8658.720432  
8668.11407  
8655.705126  
8659.324492  
8669.807765  
8664.667022  
8649.260051  
8668.069052  
8716.823154  
8756.605501  
8679.974895  
8699.006806  
8689.503437  
8697.704748  
8706.227214  
8683.61109  
8632.197696  
8632.166591  
8658.562543  
8691.281347  
8747.774918  
8726.185756  
8651.329681  
8648.764406  
8686.505747  
8710.124265  
8655.39951  
8652.036401  
8601.96868  
8599.847827  
8599.472842  
8655.36661  
8655.72798  
8612.276902  
8584.846222  
8666.371504  
8632.779124  
8740.658235  
8719.599657  
8724.454028  
8715.392885  
8720.084399  
8712.770445  
8684.977799  
8693.918728  
8704.54951  
8710.018338  
8722.280888  
8751.803378  
8744.454838  
8776.486865  
8704.135871  
8651.799407  
8637.031914  
8648.715874  
8699.508609  
8703.352401  
8694.722831  
8687.961264  
8634.744313  
8672.302314  
8708.922493  
8717.763606  
8626.171109  
8632.768951  
8587.90424  
8610.807609  
8647.25203  
8658.166235  
8643.337368  
8611.651969  
8611.393686  
8623.033704  
8659.479593  
8664.329925  
8655.77453  
8663.494242  
8731.614909  
8760.496495  
8766.925015  
8714.340832  
8734.233775  
8743.046037  
8771.715078  
8770.692411  
8788.665973  
8781.915498  
8761.261099  
8736.498418  
8671.153237  
8635.955901  
8667.743078  
8715.362729  
8725.231503  
8700.946232  
8689.805518  
8583.009772  
8519.527748  
8560.570573  
8537.163146  
8521.141672  
8564.180564  
8593.299721  
8589.567165  
8656.723432  
8631.004276  
8633.871019  
8657.33504  
8651.969282  
8676.852627  
8648.285929  
8659.019028  
8694.481974  
8712.568372  
8707.266032  
8759.790287  
8774.187468  
8709.041206  
8719.416436  
8712.222423  
8719.023877  
8689.094025  
8726.445236  
8758.644725  
8753.247469  
8829.909858  
8785.547806  
8706.620917  
8615.953122  
8649.522463  
8658.12843  
8713.51889  
8717.127738  
8698.420854  
8700.453775  
8696.62823  
8710.00718  
8725.705464  
8702.590678  
8653.685405  
8696.115196  
8687.085524  
8688.067181  
8769.892706  
8723.169031  
8698.505631  
8687.34532  
8685.5897  
8749.268346  
8743.590648  
8777.924903  
8735.250218  
8673.896291  
8676.277412  
8715.807515  
8663.628847  
8672.487818  
8658.88862  
8663.281894  
8655.063549  
8661.250879  
8731.494931  
8693.069439  
8709.267295  
8688.299319  
8632.735258  
8630.028023  
8660.58591  
8675.076462  
8639.579384  
8697.562188  
8719.725647  
8687.542684  
8687.127736  
8739.238865  
8741.642237  
8700.295964  
8683.258646  
8684.640711  
8681.313131  
8715.582189  
8700.194127  
8710.813645  
8657.183559  
8650.458805  
8646.493948  
8598.922429  
8557.122781  
8557.591921  
8577.06153  
8603.815161  
8629.581504  
8595.81331  
8602.714602  
8621.970133  
8663.671699  
8669.545841  
8652.885144  
8654.417533  
8702.705381  
8714.422428  
8747.109992  
8783.208296  
8725.846944  
8684.374656  
8644.507316  
8680.478312  
8720.875585  
8708.49356  
8654.873414  
8568.279507  
8595.790733  
8593.430166  
8547.395036  
8614.501223  
8637.297913  
8620.932676  
8668.722577  
8649.075991  
8653.595841  
8640.822553  
8636.887712  
8647.920401  
8700.563768  
8708.137282  
8678.064843  
8634.587251  
8679.927935  
8665.282094  
8643.645038  
8683.09309  
8705.492663  
8683.860132  
8710.43352  
8666.712721  
8699.301365  
8703.888662  
8709.730217  
8689.609266  
8719.147899  
8740.627418  
8741.235335  
8686.475514  
8650.584572  
8633.82978  
8659.403507  
8650.118067  
8677.198586  
8766.104606  
8791.931279  
8731.248453  
8672.786805  
8650.834466  
8655.110031  
8677.531058  
8711.479209  
8726.121375  
8735.875774  
8736.989383  
8650.773325  
8653.62716  
8622.552963  
8643.236729  
8677.573546  
8731.748815  
8729.569765  
8654.637831  
8638.951626  
8620.971514  
8656.845851  
8670.788361  
8662.526643  
8623.693099  
8631.576564  
8568.766219  
8656.453625  
8725.787359  
8698.423016  
8589.724559  
8535.622423  
8552.110002  
8590.659705  
8656.748451  
8731.448116  
8734.721184  
8698.720164  
8706.224402  
8683.134575  
8715.626385  
8675.736281  
8646.642669  
8672.585882  
8680.456778  
8682.187124  
8680.930823  
8702.853782  
8711.455244  
8676.848922  
8683.401761  
8701.928014  
8688.271584  
8709.410724  
8710.201907  
8735.231438  
8761.633293  
8757.922964  
8780.720433  
8724.975886  
8721.507472  
8624.579571  
8686.860735  
8657.505449  
8646.475407  
8652.122994  
8634.362395  
8668.56516  
8681.054881  
8720.441173  
8745.115876  
8734.208033  
8721.420166  
8669.452793  
8639.160299  
8645.212879  
8701.15245  
8705.264552  
8682.443582  
8718.436375  
8701.25435  
8701.782113  
8730.370744  
8673.972424  
8644.425372  
8603.299413  
8634.865041  
8709.216813  
8719.243472  
8720.983016  
8704.663188  
8700.292005  
8685.804401  
8735.663484  
8750.920308  
8742.948769  
8736.670647  
8678.150221  
8653.193685  
8592.961585  
8672.165638  
8684.366272  
8659.487781  
8710.487581  
8649.736644  
8565.643384  
8517.546312  
8485.519468  
8550.533827  
8570.107216  
8587.577329  
8620.754109  
8618.514249  
8583.724299  
8692.015371  
8721.202996  
8690.242021  
8683.941408  
8717.228652  
8769.008938  
8784.597524  
8778.287147  
8748.210027  
8716.529241  
8698.758887  
8708.151934  
8757.119821  
8648.705113  
8616.174297  
8623.158867  
8656.46067  
8684.466175  
8715.409571  
8719.643883  
8684.577911  
8729.825502  
8772.943327  
8733.747234  
8703.51756  
8664.678208  
8684.009742  
8721.350303  
8714.03725  
8757.901925  
8764.502018  
8750.332224  
8756.912692  
8628.223697  
8540.168935  
8594.888087  
8687.121235  
8724.377291  
8716.630233  
8679.817573  
8642.959319  
8622.954947  
8615.045791  
8628.552578  
8657.82284  
8612.085747  
8647.711753  
8698.3131  
8698.931076  
8652.359096  
8643.71631  
8678.006037  
8613.19161  
8676.917456  
8786.953412  
8731.085576  
8655.687444  
8593.802738  
8650.94718  
8699.208472  
8731.19653  
8779.271869  
8742.748401  
8614.197409  
8548.206165  
8477.820231  
8480.738316  
8543.956505  
8552.291684  
8502.28786  
8576.070773  
8603.711744  
8652.136038  
8601.257184  
8674.150521  
8691.078756  
8702.210356  
8718.055146  
8728.036226  
8729.031771  
8748.915605  
8726.340419  
8741.299423  
8735.733397  
8774.969833  
8774.60161  
8696.918983  
8634.061508  
8642.105634  
8680.42389  
8723.444744  
8748.505592  
8761.431985  
8747.795555  
8715.772708  
8572.078261  
8527.48086  
8550.337112  
8590.364338  
8701.172803  
8776.841362  
8789.440911  
8762.958754  
8714.239959  
8638.864802  
8637.939211  
8603.675276  
8632.117455  
8626.264727  
8667.61759  
8695.745199  
8711.969892  
8739.05537  
8716.21461  
8700.028944  
8646.902421  
8632.643981  
8621.25184  
8622.02557  
8666.951918  
8710.075371  
8725.386517  
8779.960856  
8796.22721  
8759.41628  
8744.865924  
8752.043556  
8736.114408  
8807.644597  
8800.509962  
8714.637867  
8693.653902  
8673.887251  
8673.749325  
8710.838507  
8722.351688  
8765.728338  
8751.073839  
8756.821095  
8775.894412  
8739.891472  
8772.79879  
8729.881618  
8744.086493  
8748.107662  
8680.264191  
8742.865258  
8710.186053  
8679.663968  
8665.657465  
8673.041843  
8667.433811  
8715.560925  
8780.977292  
8754.023401  
8691.293988  
8629.559384  
8600.736263  
8620.619947  
8675.121832  
8630.899909  
8557.953714  
8533.632612  
8573.65477  
8609.763905  
8638.388638  
8636.107925  
8540.429934  
8522.822309  
8545.597786  
8624.264325  
8641.854449  
8661.2286  
8664.134983  
8712.106754  
8688.577038  
8724.264398  
8735.341805  
8737.21555  
8764.120659  
8725.957181  
8598.616664  
8594.991612  
8625.123875  
8638.247609  
8667.50463  
8711.011912  
8666.45864  
8700.637157  
8668.874243  
8634.978036  
8675.332788  
8648.414616  
8713.788104  
8602.074401  
8661.243818  
8657.3923  
8626.492107  
8676.228019  
8658.964636  
8612.135298  
8590.837011  
8593.207669  
8620.327929  
8639.787236  
8662.554111  
8696.318771  
8675.857859  
8668.646689  
8653.439989  
8700.386277  
8709.382861  
8700.184708  
8692.502796  
8704.907649  
8730.888615  
8752.97402  
8735.635118  
8684.192713  
8613.818793  
8666.130961  
8737.074116  
8801.433803  
8807.842014  
8753.939272  
8702.121208  
8657.456996  
8658.367299  
8631.768905  
8687.754881  
8716.805205  
8636.294116  
8597.467183  
8621.018822  
8614.831558  
8649.463781  
8670.70489  
8682.206015  
8701.260151  
8657.271585  
8603.720777  
8576.951312  
8702.729807  
8699.140504  
8647.203157  
8615.553607  
8595.050963  
8592.877081  
8662.07004  
8680.822759  
8724.859672  
8770.630945  
8800.221274  
8749.418239  
8698.605384  
8700.625984  
8737.836683  
8793.081827  
8780.184674  
8738.508518  
8718.416588  
8689.064214  
8686.107843  
8666.73626  
8727.992276  
8764.481644  
8752.170293  
8733.531803  
8674.511422  
8656.101599  
8643.081125  
8658.827637  
8647.690245  
8631.089803  
8573.791335  
8604.772874  
8660.867669  
8667.568868  
8641.881611  
8649.714081  
8672.138939  
8702.31877  
8689.198553  
8701.123716  
8666.979318  
8645.629314  
8648.934129  
8653.588916  
8657.454178  
8661.28116  
8608.105055  
8736.760752  
8733.162363  
8644.97658  
8550.783626  
8547.245201  
8547.403847  
8537.387951  
8460.990181  
8477.279547  
8530.878253  
8576.134974  
8655.127256  
8722.431119  
8708.275894  
8703.462145  
8725.520235  
8672.042259  
8737.675451  
8736.587032  
8660.254529  
8631.663085  
8660.651324  
8712.526423  
8762.414945  
8768.054943  
8763.257762  
8817.911676  
8775.378657  
8673.566472  
8621.491596  
8691.285836  
8718.189094  
8788.989714  
8816.762631  
8744.069444  
8658.813531  
8596.758209  
8602.353607  
8601.239998  
8566.590132  
8576.972957  
8605.745943  
8673.673271  
8741.26339  
8838.164018  
8812.726299  
8697.193091  
8665.88171  
8709.726239  
8673.938483  
8638.385766  
8609.933936  
8680.035925  
8723.620625  
8745.032266  
8808.597497  
8824.678449  
8802.381136  
8792.363079  
8689.09377  
8686.433148  
8698.651379  
8757.174306  
8789.650527  
8770.376116  
8739.267954  
8685.197111  
8654.126107  
8661.425162  
8643.141362  
8620.583314  
8629.415403  
8620.274971  
8648.122023  
8698.66877  
8690.867989  
8676.918819  
8746.248116  
8669.262789  
8677.090106  
8592.189873  
8610.119322  
8636.375627  
8630.150575  
8682.084499  
8714.893433  
8763.251958  
8841.365409  
8768.866315  
8775.292352  
8729.256864  
8690.703527  
8622.685291  
8593.86112  
8598.266836  
8657.497521  
8683.498051  
8679.253577  
8666.892624  
8700.351425  
8686.757994  
8617.368661  
8601.773893  
8622.423472  
8653.021346  
8714.788738  
8730.673327  
8708.916015  
8733.857488  
8592.638125  
8613.663059  
8637.001243  
8647.821863  
8637.805573  
8615.355335  
8636.52668  
8685.298251  
8723.700286  
8742.579834  
8753.398609  
8715.37384  
8668.605601  
8664.156673  
8634.352087  
8617.664558  
8592.216161  
8564.774023  
8635.512618  
8716.638864  
8743.202272  
8756.658419  
8707.019291  
8648.153703  
8623.398313  
8585.40982  
8568.971339  
8599.624153  
8649.900985  
8688.8899  
8688.245361  
8686.670864  
8684.680072  
8702.877944  
8660.101613  
8664.053884  
8612.75814  
8602.547262  
8618.447605  
8638.271766  
8647.276662  
8623.742842  
8623.236971  
8649.134738  
8757.275072  
8796.41228  
8821.12291  
8790.954692  
8743.656758  
8748.279005  
8748.186272  
8685.102497  
8680.881086  
8696.557818  
8655.603535  
8729.259789  
8743.455064  
8638.415918  
8548.640144  
8571.387273  
8611.430824  
8669.528266  
8728.720581  
8731.327204  
8668.099647  
8615.204255  
8627.071096  
8612.504195  
8657.150099  
8774.848309  
8704.705982  
8710.781536  
8724.365768  
8685.652004  
8615.377218  
8589.17551  
8606.250233  
8591.792769  
8684.249239  
8743.189645  
8743.077429  
8778.481503  
8790.448195  
8766.514764  
8700.79041  
8732.622901  
8707.121594  
8674.524077  
8631.936864  
8656.829404  
8693.247542  
8779.071561  
8805.511793  
8771.462282  
8718.459446  
8673.956617  
8638.253271  
8600.751075  
8495.291339  
8429.845381  
8444.731758  
8503.391276  
8562.496256  
8556.764265  
8537.504128  
8606.224953  
8636.014761  
8666.834096  
8692.705132  
8740.870985  
8704.192623  
8718.309368  
8758.368216  
8738.432656  
8731.667069  
8743.399901  
8765.439242  
8787.112431  
8750.153529  
8723.22818  
8682.790419  
8664.244833  
8666.187255  
8731.27642  
8780.745843  
8770.247157  
8712.786175  
8802.374433  
8761.839282  
8709.998609  
8660.652775  
8640.980267  
8704.837486  
8761.643859  
8727.613505  
8821.784434  
8798.982967  
8622.310131  
8540.634151  
8530.655704  
8452.672938  
8469.126332  
8468.596651  
8548.856168  
8566.37953  
8591.072813  
8566.478879  
8636.039386  
8601.601951  
8731.102738  
8722.873797  
8704.3922  
8705.679636  
8730.586202  
8743.328074  
8719.879042  
8786.204703  
8805.166355  
8785.244747  
8730.410284  
8650.036212  
8574.815835  
8650.524044  
8675.927582  
8678.488482  
8666.517184  
8671.189819  
8702.155653  
8750.469802  
8746.300148  
8719.50944  
8660.856033  
8685.277211  
8741.889428  
8709.811622  
8685.872509  
8691.019806  
8664.456229  
8577.414748  
8617.095604  
8653.966611  
8636.901289  
8622.936305  
8606.050049  
8634.764973  
8678.903707  
8695.624821  
8693.274105  
8700.338756  
8687.222488  
8650.825694  
8742.316258  
8762.438159  
8707.875317  
8665.711637  
8658.325903  
8688.239273  
8748.648869  
8733.395  
8725.592189  
8688.720227  
8697.111503  
8688.315827  
8661.954564  
8683.98351  
8726.893136  
8728.190346  
8737.721681  
8701.849393  
8649.584931  
8626.94379  
8607.036954  
8613.96116  
8638.000621  
8726.246116  
8744.231809  
8758.536018  
8695.373572  
8736.764077  
8695.08076  
8704.475874  
8704.481821  
8665.397861  
8648.974034  
8622.240428  
8625.867609  
8644.772843  
8723.113045  
8726.221341  
8708.84583  
8654.614243  
8657.307871  
8604.023996  
8521.7224  
8513.246353  
8583.589747  
8644.847061  
8656.450843  
8643.316128  
8741.579419  
8740.557334  
8653.8999  
8650.65459  
8647.291251  
8703.821438  
8751.054588  
8762.174095  
8778.833027  
8800.673353  
8769.41243  
8730.882514  
8650.780556  
8651.860781  
8661.754945  
8653.72794  
8690.852905  
8660.775785  
8610.095585  
8688.73694  
8713.541572  
8741.386564  
8693.870893  
8689.529608  
8676.896434  
8675.766704  
8658.694139  
8633.95611  
8646.66586  
8685.771828  
8695.419608  
8690.094925  
8674.849606  
8655.753343  
8674.723233  
8733.089797  
8741.188941  
8687.263577  
8679.029577  
8709.054801  
8686.57578  
8707.784638  
8645.741337  
8627.472035  
8642.260256  
8628.044027  
8648.841669  
8663.376365  
8633.598399  
8648.158075  
8639.242184  
8610.119071  
8732.20106  
8735.971148  
8725.737992  
8695.562845  
8670.86895  
8612.304402  
8636.200679  
8699.582358  
8742.830601  
8760.691536  
8740.359629  
8704.851207  
8649.108234  
8627.72254  
8673.219556  
8654.211155  
8647.196294  
8652.881584  
8533.317088  
8555.628128  
8596.957321  
8628.996744  
8598.483791  
8608.543418  
8654.848671  
8700.81174  
8720.018672  
8597.773393  
8701.311052  
8712.504894  
8717.936285  
8732.811351  
8707.646771  
8727.611302  
8720.700711  
8708.669853  
8697.67241  
8713.914526  
8710.122541  
8724.035622  
8757.923986  
8730.287319  
8717.436995  
8687.272525  
8698.397424  
8707.463913  
8722.433936  
8725.997181  
8707.895505  
8708.631913  
8661.507085  
8656.10634  
8698.335986  
8736.34814  
8740.86736  
8748.467245  
8698.659855  
8655.646881  
8653.253535  
8634.964415  
8637.255395  
8643.869787  
8699.265413  
8708.95387  
8667.886716  
8661.919399  
8693.097457  
8682.347333  
8628.926342  
8648.837791  
8620.058961  
8659.403068  
8641.077516  
8680.864643  
8636.722607  
8573.507495  
8613.05821  
8666.017274  
8672.12412  
8705.413488  
8699.28961  
8673.187568  
8664.36459  
8653.037981  
8672.576867  
8683.561892  
8701.046438  
8647.20712  
8751.427816  
8688.054883  
8639.099119  
8624.481967  
8648.260038  
8666.129346  
8707.100275  
8719.40872  
8736.608912  
8765.506689  
8781.980437  
8736.459119  
8620.772763  
8634.115623  
8615.640529  
8609.042493  
8678.338728  
8713.853496  
8671.101324  
8687.555536  
8696.855139  
8702.817144  
8702.963012  
8668.553581  
8673.572303  
8649.647704  
8642.588433  
8646.156832  
8645.391807  
8693.245534  
8732.193568  
8752.857259  
8714.981905  
8683.176796  
8651.263289  
8646.109853  
8683.318654  
8707.825515  
8707.924725  
8722.007497  
8695.087549  
8702.672328  
8686.463256  
8679.323596  
8687.926919  
8721.622358  
8726.411633  
8675.731514  
8643.811028  
8654.604569  
8700.164686  
8728.333957  
8703.426104  
8633.541877  
8611.735262  
8617.580738  
8579.795591  
