7646.087858  
7552.688175  
7575.585026  
7496.556177  
7659.774943  
7696.47762  
7713.165877  
7601.253719  
7587.765389  
7567.896875  
7693.909229  
7741.953035  
7540.461914  
7605.531063  
7656.131364  
7666.401587  
7629.440869  
7610.500618  
7598.436263  
7606.852474  
7721.564909  
7468.359399  
7577.674894  
7657.708659  
7649.96403  
7653.308162  
7687.918669  
7416.662337  
7546.291496  
7645.609212  
7674.281388  
7570.282544  
7449.319385  
7636.643701  
7673.280583  
7619.089209  
7610.448063  
7674.640422  
7420.048926  
7631.181901  
7715.018408  
7673.876766  
7543.855615  
7546.371313  
7668.062907  
7695.49484  
7605.138908  
7465.64952  
7647.840983  
7640.980396  
7504.719824  
7547.594401  
7663.000057  
7434.418905  
7636.474186  
7740.283252  
7479.777824  
7642.538452  
7782.380265  
7731.045272  
7651.983887  
7585.277401  
7715.610588  
7725.790137  
7599.072038  
7766.172526  
7737.586214  
7448.270174  
7661.641577  
7708.383244  
7683.120451  
7623.222225  
7691.658952  
7676.812248  
7429.349227  
7522.495622  
7673.84825  
7763.411865  
7710.557642  
7687.941951  
7660.264136  
7676.222233  
7634.471037  
7686.919263  
7641.176196  
7584.674227  
7647.991577  
7640.717342  
7624.154386  
7510.817961  
7626.885164  
7581.044434  
7639.020044  
7613.918034  
7646.089925  
7603.387085  
7575.737077  
7541.093864  
7597.027677  
7568.993156  
7524.342375  
7577.488835  
7570.834749  
7600.702165  
7612.244051  
7609.394645  
7598.74056  
7598.180648  
7588.443669  
7603.535449  
7527.2087  
7601.801058  
7559.962142  
7602.971842  
7762.140731  
7661.34231  
7484.661719  
7497.13269  
7511.24353  
7503.394076  
7539.05765  
7559.766325  
7645.38099  
7581.580941  
7609.075057  
7644.475903  
7658.547884  
7710.651408  
7587.773535  
7674.264486  
7597.484066  
7567.676945  
7617.138794  
7612.780363  
7678.787638  
7642.014299  
7632.127075  
7595.089355  
7569.636735  
7571.855086  
7595.774382  
7635.253223  
7588.740112  
7652.12452  
7632.478361  
7613.931494  
7687.550033  
7658.577848  
7670.449007  
7634.651465  
7615.718384  
7612.568115  
7557.916154  
7606.597477  
7615.490845  
7577.751855  
7600.042692  
7659.7066  
7644.130379  
7615.367887  
7620.012484  
7625.652808  
7658.659367  
7646.008512  
7592.903231  
7586.999674  
7606.241496  
7647.644718  
7682.809644  
7711.845402  
7732.920036  
7638.943937  
7617.683431  
7588.769816  
7548.103613  
7657.53798  
7613.528174  
7634.763184  
7656.937142  
7687.919377  
7653.282926  
7587.21202  
7560.947746  
7560.136833  
7588.611841  
7603.292879  
7644.202165  
7608.013932  
7625.291479  
7551.62749  
7563.439103  
7583.539038  
7575.085213  
7608.387907  
7611.761442  
7611.681226  
7649.505794  
7660.036198  
7557.673315  
7692.854753  
7667.640422  
7469.457617  
7537.552336  
7603.521851  
7690.222396  
7725.230737  
7561.943856  
7560.675513  
7498.574121  
7602.137248  
7632.467277  
7643.432544  
7577.528931  
7576.47841  
7620.751978  
7656.150301  
7652.330876  
7625.933268  
7652.926668  
7649.782593  
7597.051733  
7648.690413  
7640.946126  
7513.758317  
7567.322453  
7591.801123  
7632.393872  
7624.935295  
7637.713289  
7640.210335  
7598.616634  
7588.928581  
7538.518229  
7648.826229  
7626.579215  
7641.212565  
7638.76202  
7604.48291  
7449.343717  
7626.484424  
7711.397144  
7639.272762  
7581.452026  
7568.599723  
7530.574235  
7641.407389  
7560.651563  
7612.627425  
7613.259172  
7567.137484  
7574.568156  
7681.846305  
7675.845915  
7625.118091  
7653.603361  
7652.368294  
7651.24366  
7647.327645  
7606.039787  
7638.107275  
7624.295793  
7614.089681  
7588.326221  
7675.3038  
7641.39668  
7671.188322  
7683.828369  
7638.63514  
7614.392562  
7651.114559  
7602.976733  
7620.273633  
7681.812826  
7622.454671  
7624.571826  
7639.925228  
7612.745003  
7676.377563  
7660.089364  
7634.107829  
7646.753467  
7595.116699  
7587.980884  
7640.983813  
7697.268416  
7660.197502  
7486.795776  
7556.05485  
7489.750871  
7492.275863  
7537.133634  
7565.49646  
7609.506462  
7622.272624  
7609.712712  
7620.587956  
7600.299601  
7582.034123  
7621.384481  
7601.600952  
7633.246436  
7597.000008  
7531.115682  
7558.401978  
7512.699609  
7501.958716  
7573.656844  
7598.481022  
7620.400163  
7633.278369  
7600.892228  
7599.290942  
7623.805086  
7611.872559  
7646.57028  
7650.10048  
7696.532324  
7622.773503  
7643.452962  
7659.74187  
7543.215951  
7569.726009  
7704.709823  
7630.133504  
7690.918091  
7679.088029  
7592.389771  
7594.990926  
7627.141431  
7540.074137  
7634.028215  
7584.266602  
7572.501229  
7619.938607  
7677.042765  
7584.1639  
7650.435311  
7746.761971  
7654.887939  
7658.476937  
7589.216024  
7596.727279  
7625.279224  
7641.388501  
7648.110425  
7669.59401  
7644.564844  
7603.087801  
7659.107438  
7622.275545  
7630.530965  
7715.296208  
7722.647697  
7632.491016  
7686.865885  
7672.51936  
7651.388737  
7668.995614  
7645.77255  
7618.894515  
7557.287126  
7530.483716  
7612.517879  
7594.375456  
7546.301335  
7529.648999  
7606.661092  
7534.579199  
7584.924471  
7567.416821  
7655.057243  
7601.577922  
7580.9545  
7647.700285  
7620.955306  
7620.981795  
7593.387956  
7575.967749  
7575.813656  
7589.970744  
7635.248413  
7661.643327  
7639.762337  
7633.747982  
7510.320573  
7351.249251  
7577.513721  
7587.478215  
7601.544312  
7609.486605  
7594.266219  
7593.677734  
7678.87063  
7584.90367  
7719.498307  
7648.854557  
7660.881958  
7591.211597  
7598.312077  
7689.650814  
7690.024593  
7602.234082  
7626.060238  
7665.416878  
7545.214697  
7649.486792  
7547.433529  
7652.823429  
7744.532772  
7667.396639  
7617.548796  
7608.700643  
7607.85778  
7661.249593  
7602.222184  
7663.8764  
7691.945101  
7584.568441  
7630.593986  
7597.724862  
7589.791626  
7602.936776  
7617.484757  
7569.866764  
7571.752629  
7619.432039  
7695.89729  
7643.11429  
7670.341414  
7658.793604  
7543.505078  
7579.943937  
7503.450236  
7532.484505  
7694.255249  
7696.935604  
7672.372559  
7631.008553  
7630.683944  
7653.036727  
7750.22124  
7635.984587  
7660.702897  
7606.158659  
7614.033976  
7562.331958  
7599.783293  
7690.015666  
7500.723413  
7493.810897  
7586.963265  
7591.612183  
7620.752661  
7594.783024  
7641.076473  
7645.858667  
7630.363167  
7560.591992  
7641.288859  
7679.266333  
7592.021444  
7581.236174  
7644.613835  
7601.777954  
7612.01744  
7516.303516  
7384.014209  
7656.693343  
7695.551204  
7591.075041  
7543.608643  
7557.456095  
7593.0184  
7507.998739  
7630.829899  
7558.111353  
7641.976652  
7616.031706  
7688.002873  
7654.039062  
7632.518726  
7545.473942  
7572.587785  
7560.377083  
7618.38077  
7645.421094  
7588.742537  
7679.791423  
7604.245597  
7681.47771  
7663.53632  
7682.662956  
7669.306632  
7649.778247  
7537.000488  
7477.543091  
7528.479858  
7713.253198  
7679.329883  
7635.864966  
7574.315926  
7596.217537  
7603.468026  
7680.781771  
7720.440641  
7670.053377  
7616.371232  
7584.247103  
7624.028589  
7694.997795  
7595.851213  
7576.402563  
7615.730192  
7636.040308  
7675.992749  
7600.05446  
7619.460718  
7601.191821  
7615.949772  
7608.498763  
7525.030705  
7616.824642  
7595.218115  
7620.358146  
7609.926978  
7598.67526  
7646.286995  
7625.772388  
7610.007422  
7572.283032  
7579.822266  
7634.967358  
7579.804948  
7567.535734  
7781.391235  
7733.627498  
7683.025659  
7613.001839  
7601.386816  
7582.984416  
7616.710978  
7599.865438  
7692.823226  
7602.277653  
7557.849674  
7574.407259  
7653.419906  
7593.575228  
7606.540202  
7574.681925  
7588.23658  
7582.552254  
7618.627075  
7626.485181  
7594.0913  
7581.281649  
7570.651912  
7629.208675  
7596.068481  
7582.721143  
7665.833439  
7699.782861  
7689.134562  
7650.143075  
7581.424528  
7488.656071  
7461.563534  
7575.074447  
7672.849683  
7706.033659  
7682.351074  
7612.571452  
7648.657275  
7656.394328  
7639.0354  
7640.306136  
7612.429199  
7572.959945  
7632.456698  
7538.311532  
7554.39305  
7684.363851  
7626.787467  
7621.354574  
7580.829915  
7564.845524  
7666.04231  
7609.160946  
7613.809342  
7659.703231  
7700.157096  
7614.916414  
7604.745207  
7668.213298  
7634.849202  
7542.890601  
7565.718302  
7681.206453  
7599.15599  
7612.883309  
7644.12478  
7672.369637  
7648.263721  
7693.185083  
7619.954899  
7640.426099  
7652.603174  
7624.747282  
7590.353353  
7561.049308  
7519.728418  
7564.020939  
7650.43387  
7616.788265  
7565.971151  
7648.223649  
7615.409416  
7644.714917  
7681.959001  
7594.388379  
7568.339925  
7621.447461  
7569.657796  
7512.918514  
7535.653768  
7545.050562  
7686.045426  
7651.963257  
7620.605509  
7679.117399  
7610.089787  
7531.519312  
7582.068384  
7551.330273  
7609.648641  
7604.303556  
7601.441203  
7659.280176  
7640.915088  
7625.644434  
7676.706925  
7614.260327  
7618.507332  
7534.135164  
7503.563501  
7574.100057  
7578.882764  
7657.94375  
7706.07229  
7573.341545  
7532.712231  
7527.745443  
7563.492049  
7629.582788  
7656.901465  
7624.918001  
7585.676733  
7529.333293  
7692.393506  
7670.37015  
7652.401204  
7650.075423  
7628.555371  
7522.362215  
7622.978296  
7637.857796  
7678.505273  
7618.02216  
7548.386873  
7578.711214  
7557.45249  
7619.953507  
7571.095223  
7552.947697  
7517.672575  
7579.811198  
7619.528035  
7570.823739  
7585.384318  
7578.841805  
7748.990332  
7656.2014  
7666.946208  
7657.311401  
7579.993815  
7692.086784  
7614.192684  
7614.320304  
7593.294556  
7571.386515  
7618.881152  
7641.398698  
7707.862069  
7604.984782  
7655.911141  
7627.794141  
7672.977303  
7589.29021  
7569.415495  
7597.490226  
7606.73256  
7550.646509  
7654.96534  
7659.190885  
7620.436336  
7551.707804  
7680.567057  
7551.30472  
7511.718083  
7612.625675  
7583.95214  
7589.526066  
7671.843433  
7596.669051  
7668.51875  
7593.598869  
7671.429297  
7669.334399  
7658.322664  
7617.179712  
7658.951733  
7793.704069  
7650.621501  
7626.306372  
7594.015389  
7574.082243  
7578.401709  
7625.608976  
7760.277083  
7635.893148  
7564.463273  
7663.606624  
7595.625887  
7613.727368  
7656.831763  
7605.957422  
7641.520907  
7587.886418  
7600.012712  
7590.156478  
7556.286418  
7666.080868  
7635.868766  
7656.259424  
7723.659701  
7576.301961  
7511.256104  
7528.766431  
7595.262622  
7595.298649  
7629.50293  
7566.041333  
7587.388102  
7587.348462  
7658.770996  
7636.139478  
7643.982528  
7588.515837  
7573.80131  
7631.210083  
7654.663631  
7663.099268  
7625.570744  
7628.978027  
7710.314274  
7653.446118  
7601.560677  
7632.041772  
7648.897266  
7525.366919  
7590.025244  
7643.187134  
7604.46792  
7606.550407  
7647.149943  
7610.666162  
7581.440031  
7626.045337  
7631.369271  
7511.716911  
7453.632707  
7487.901725  
7693.225521  
7652.493514  
7651.554305  
7599.820776  
7601.051001  
7528.119735  
7636.321753  
7572.846785  
7640.11792  
7756.254085  
7556.687427  
7669.396663  
7488.716325  
7307.795972  
7551.794808  
7631.835026  
7706.582585  
7670.454858  
7577.334448  
7623.681047  
7641.684831  
7630.989909  
7711.329248  
7622.964128  
7648.908569  
7629.901595  
7635.843441  
7694.703695  
7729.244678  
7606.647835  
7604.001424  
7637.61993  
7702.219377  
7680.093001  
7712.180347  
7643.426912  
7589.532186  
7479.834139  
7539.326359  
7710.542025  
7761.446476  
7701.828475  
7494.9684  
7652.06005  
7510.715771  
7527.667358  
7688.575309  
7612.743107  
7609.347461  
7468.294385  
7608.668693  
7592.067041  
7617.005924  
7611.142334  
7783.13846  
7703.671053  
7624.257829  
7625.953076  
7676.182837  
7660.101294  
7545.017456  
7599.343034  
7569.378866  
7575.854468  
7412.08833  
7516.129028  
7577.45988  
7576.766325  
7628.062907  
7570.820703  
7680.911312  
7706.416903  
7676.296549  
7647.877254  
7649.584774  
7762.554574  
7778.387809  
7718.807511  
7666.693547  
7690.918807  
7685.877401  
7674.143498  
7821.631925  
7586.493245  
7529.813224  
7476.226229  
7545.911711  
7508.076172  
7544.487036  
7495.9809  
7554.379069  
7594.323836  
7585.722013  
7649.122941  
7694.380688  
7579.526652  
7736.463981  
7662.346883  
7584.247135  
7595.489339  
7699.586759  
7659.664429  
7699.551603  
7724.766724  
7619.957666  
7732.978646  
7576.090723  
7631.27605  
7538.246704  
7479.991854  
7460.717839  
7482.441317  
7639.823592  
7665.730501  
7538.777401  
7680.968929  
7633.747087  
7670.416276  
7533.829899  
7499.187826  
7485.926139  
7353.514852  
7493.890747  
7582.867741  
7534.203223  
7548.613338  
7632.092839  
7530.315234  
7431.945215  
7458.079557  
7517.803198  
7546.748617  
7503.305908  
7626.739437  
7638.368107  
7640.365055  
7780.518726  
7637.473812  
7629.178996  
7618.805819  
7650.541431  
7713.631413  
7676.280265  
7662.929769  
7642.093441  
7639.928646  
7641.235465  
7614.720199  
7570.439958  
7597.329492  
7754.736784  
7502.09161  
7514.520939  
7513.590869  
7544.007259  
7605.628621  
7640.401774  
7715.637549  
7785.895402  
7567.878939  
7494.432544  
7524.028524  
7537.87688  
7660.511825  
7697.64401  
7812.191935  
7737.874487  
7794.693042  
7673.212207  
7726.948169  
7622.675309  
7641.546794  
7758.61123  
7650.53256  
7677.011418  
7670.226644  
7688.845256  
7698.952035  
7745.943254  
7682.619645  
7433.819604  
7501.168726  
7711.206177  
7682.012451  
7419.432096  
7721.195622  
7729.438892  
7500.30721  
7420.589933  
7576.769336  
7540.239185  
7720.144417  
7693.819474  
7540.300708  
7750.237752  
7757.449723  
7615.98929  
7642.112907  
7619.191886  
7601.159652  
7691.167871  
7743.558122  
7753.052384  
7690.674048  
7699.777759  
7650.203394  
7600.285124  
7812.274845  
7711.898381  
7596.185498  
7318.982666  
7549.368302  
7576.963371  
7604.358773  
7502.824626  
7647.569954  
7642.803507  
7574.540316  
7583.476172  
7499.926554  
7457.799259  
7450.93488  
7573.250895  
7583.750146  
7590.869328  
7516.95651  
7469.951286  
7603.874707  
7571.678459  
7488.511898  
7679.696737  
7659.672925  
7624.46425  
7623.454907  
7755.258382  
7724.564909  
7683.471354  
7696.180632  
7743.423437  
7711.871183  
7722.4375  
7591.822013  
7626.165519  
7626.293677  
7736.615796  
7712.967  
7679.910661  
7570.244604  
7622.95708  
7603.330566  
7677.078792  
7818.360173  
7810.419352  
7707.380933  
7628.169914  
7597.838281  
7691.960042  
7617.740853  
7651.479199  
7644.540991  
7585.704598  
7530.666821  
7540.424658  
7512.426896  
7620.39585  
7606.303776  
7531.01403  
7521.740796  
7555.934473  
7607.878833  
7580.772437  
7547.101994  
7569.495247  
7516.163403  
7524.905387  
7479.566406  
7536.146436  
7551.998893  
7512.451945  
7547.652913  
7541.125749  
7491.601009  
7524.896948  
7537.751042  
7337.172127  
7523.783903  
7599.581982  
7626.517716  
7597.830501  
7591.607528  
7665.571077  
7568.125496  
7721.020744  
7562.872209  
7611.170394  
7612.48103  
7555.893677  
7523.427897  
7702.18807  
7692.259188  
7645.116789  
7637.668506  
7693.088737  
7641.773877  
7593.1948  
7587.370125  
7640.530819  
7753.082829  
7715.857039  
7650.023747  
7627.968083  
7552.147518  
7548.444767  
7622.439412  
7610.373096  
7646.258757  
7674.627018  
7634.745866  
7619.54751  
7602.504647  
7599.095166  
7625.098844  
7714.118018  
7582.995142  
7602.10109  
7530.924772  
7687.885767  
7609.740983  
7678.052743  
7671.319539  
7653.069328  
7711.855583  
7642.954199  
7616.267497  
7723.686629  
7601.110962  
7590.858504  
7548.670776  
7663.60516  
7617.855013  
7626.648275  
7628.667969  
7676.815104  
7576.145955  
7674.765332  
7654.523226  
7592.888298  
7588.608504  
7494.06696  
7660.713965  
7613.541732  
7588.536401  
7544.993766  
7659.82242  
7626.718547  
7737.280965  
7727.79161  
7744.479769  
7682.476497  
7677.450871  
7458.9191  
7562.769645  
7443.771232  
7425.332812  
7479.192163  
7564.732129  
7563.479533  
7589.628979  
7592.395329  
7582.139771  
7583.783472  
7613.525594  
7465.55402  
7521.967741  
7520.788371  
7468.66569  
7510.575301  
7569.974845  
7578.817952  
7628.648592  
7719.939421  
7754.182365  
7735.917562  
7626.587004  
7604.482129  
7536.611393  
7611.146444  
7651.442228  
7660.727197  
7704.636784  
7717.122241  
7542.205957  
7522.017546  
7687.472046  
7578.785116  
7522.159188  
7596.753752  
7618.213444  
7520.119784  
7688.918571  
7614.317041  
7609.436873  
7618.450911  
7634.581942  
7790.267936  
7638.554753  
7589.448413  
7545.530924  
7722.375464  
7683.395508  
7685.612134  
7705.996549  
7659.621533  
7725.312996  
7696.092057  
7680.133244  
7660.341292  
7711.099666  
7626.639974  
7607.303711  
7561.116227  
7623.089111  
7604.203971  
7617.894906  
7565.630607  
7665.636694  
7630.621989  
7610.712598  
7727.554948  
7678.161938  
7566.225854  
7539.424129  
7561.215983  
7644.268408  
7569.19423  
7561.992822  
7495.153068  
7565.719784  
7605.422909  
7665.521257  
7658.89869  
7615.113639  
7594.113485  
7741.773494  
7706.221403  
7715.763444  
7725.559977  
7781.157202  
7683.482731  
7680.030558  
7709.3191  
7716.925415  
7808.887419  
7737.314795  
7695.015047  
7687.488688  
7695.998291  
7700.030566  
7689.914339  
7613.829443  
7558.770011  
7580.822778  
7575.026034  
7628.587769  
7685.180493  
7622.057536  
7497.319596  
7570.102124  
7629.092578  
7482.960588  
7497.020614  
7508.605835  
7522.092977  
7556.25144  
7581.427946  
7718.594556  
7459.929118  
7426.508504  
7505.079671  
7492.865723  
7624.316846  
7496.700163  
7485.093506  
7550.954338  
7569.678621  
7565.375724  
7767.383765  
7530.697176  
7509.165951  
7688.026847  
7477.172778  
7460.297803  
7454.523657  
7606.41779  
7597.01543  
7646.872542  
7592.226253  
7594.034066  
7635.483122  
7693.512158  
7458.778866  
7511.569238  
7610.720768  
7570.393009  
7651.974479  
7658.396639  
7577.410921  
7703.507503  
7641.233838  
7596.295435  
7631.050448  
7625.014714  
7640.21451  
7718.915259  
7643.524357  
7651.383936  
7624.017228  
7733.812752  
7699.206266  
7694.623161  
7713.362671  
7679.9198  
7668.665609  
7542.482194  
7567.75341  
7559.570915  
7607.172607  
7677.730697  
7631.571159  
7598.008691  
7605.005485  
7571.969792  
7613.309814  
7686.77098  
7640.47644  
7663.383765  
7588.221908  
7500.075814  
7669.468001  
7467.097233  
7344.706291  
7581.001847  
7561.059334  
7533.767546  
7585.302401  
7547.840666  
7558.392847  
7684.860693  
7521.280151  
7516.770003  
7494.839746  
7511.872567  
7580.373348  
7476.485677  
7444.2712  
7514.950928  
7492.272453  
7713.738599  
7707.658276  
7633.683561  
7832.242594  
7673.524048  
7531.575732  
7623.752352  
7590.548568  
7593.154403  
7656.715422  
7643.457804  
7595.030452  
7655.714681  
7746.258138  
7733.231169  
7684.216203  
7690.157601  
7651.254736  
7671.307576  
7820.590186  
7716.305151  
7699.336076  
7702.802913  
7702.539779  
7658.468595  
7661.621842  
7649.185929  
7667.490902  
7749.752767  
7552.813875  
7581.750708  
7654.445272  
7667.038118  
7586.829053  
7627.216227  
7611.657528  
7551.523258  
7525.956527  
7562.149634  
7745.475374  
7544.173153  
7600.258927  
7638.026099  
7768.752254  
7677.124666  
7608.714567  
7685.40769  
7612.526733  
7623.128605  
7561.395817  
7618.164657  
7593.248787  
7574.021232  
7532.604989  
7508.821118  
7504.362703  
7525.161222  
7502.322624  
7494.5691  
7492.299194  
7526.886613  
7635.674382  
7606.219027  
7704.01001  
7627.102979  
7778.062516  
7684.77513  
7705.000155  
7578.164722  
7636.911149  
7612.709684  
7616.815885  
7638.354313  
7608.989176  
7605.392546  
7656.691105  
7642.148861  
7640.459871  
7534.166528  
7585.266992  
7692.32924  
7687.356885  
7705.250171  
7627.04681  
7813.958081  
7615.635083  
7502.066724  
7614.025228  
7642.955168  
7611.864445  
7516.259513  
7555.465007  
7591.626554  
7664.613021  
7703.886662  
7630.940063  
7613.861979  
7675.879972  
7523.245036  
7500.962549  
7590.09069  
7598.612378  
7599.107324  
7595.127417  
7610.21001  
7730.965479  
7674.455444  
7590.756421  
7632.473836  
7552.817692  
7791.787923  
7752.518221  
7745.776172  
7674.849463  
7715.638582  
7701.464453  
7607.777889  
7616.016504  
7649.165226  
7611.423511  
7565.932544  
7606.965625  
7724.407422  
7738.653727  
7685.543905  
7510.426636  
7561.821965  
7647.169548  
7538.691349  
7559.733016  
7498.041252  
7564.5587  
7611.46543  
7526.080078  
7605.342  
7734.757487  
7613.137476  
7475.06744  
7601.16617  
7552.62452  
7451.943815  
7414.17509  
7484.123478  
7585.586418  
7601.354541  
7548.160669  
7636.856844  
7649.681478  
7711.556453  
7634.342228  
7666.874422  
7686.492757  
7680.009603  
7697.223381  
7692.086271  
7649.813688  
7634.448608  
7744.166366  
7612.366634  
7604.837931  
7596.185718  
7691.670516  
7546.491073  
7608.948812  
7668.079492  
7577.415894  
7551.844881  
7454.474626  
7470.188216  
7506.997168  
7597.853215  
7581.562012  
7638.011995  
7547.890267  
7340.964404  
7399.430412  
7545.858114  
7722.697437  
7611.665682  
7562.492798  
7646.81735  
7678.024382  
7690.770133  
7780.639006  
7634.495841  
7597.481592  
7604.105168  
7672.408968  
7661.775716  
7655.641683  
7601.82841  
7698.792505  
7605.162036  
7611.006396  
7551.990161  
7587.159041  
7505.126937  
7465.49563  
7651.945752  
7669.224951  
7658.368937  
7797.203442  
7585.624536  
7562.450008  
7562.012956  
7680.40035  
7626.0021  
7677.450024  
7660.010026  
7637.31936  
7513.460954  
7506.027197  
7669.49244  
7680.110173  
7767.482365  
7624.272795  
7596.840039  
7614.834302  
7575.498421  
7678.228963  
7571.267131  
7560.699015  
7551.364152  
7568.215031  
7661.703825  
7670.506144  
7555.586385  
7606.562671  
7579.601961  
7604.164429  
7666.847168  
7602.551603  
7654.965511  
7624.921647  
7610.975195  
7632.239103  
7757.205477  
7595.005062  
7649.540511  
7618.546297  
7570.511287  
7718.724666  
7628.760718  
7632.524976  
7604.890715  
7598.827759  
7595.313493  
7638.347616  
7665.234806  
7673.30651  
7593.666268  
7649.599495  
7666.344206  
7659.443498  
7639.620931  
7625.224943  
7657.129557  
7632.433724  
7574.289453  
7604.292228  
7629.975708  
7493.731405  
7657.533976  
7706.968685  
7642.599194  
7691.644189  
7611.723934  
7654.135514  
7609.243026  
7625.191146  
7672.117082  
7586.258976  
7597.844157  
7539.472192  
7534.930013  
7599.57159  
7686.16888  
7689.115568  
7635.748478  
7569.44196  
7636.252881  
7742.105379  
7639.679142  
7630.145662  
7610.144906  
7625.669767  
7629.13055  
7592.383472  
7548.865243  
7545.091789  
7638.098063  
7554.856494  
7528.326978  
7581.958  
7567.649023  
7597.975887  
7610.307487  
7581.85721  
7483.610579  
7631.409269  
7678.45245  
7439.28186  
7561.025277  
7621.165015  
7581.262329  
7573.417871  
7579.427808  
7581.2521  
7488.185189  
7570.55297  
7575.085262  
7580.538403  
7614.271859  
7554.669556  
7554.279142  
7561.875366  
7505.447461  
7635.379606  
7580.399618  
7571.323063  
7529.553963  
7498.341357  
7707.024308  
7733.869417  
7628.806673  
7519.120321  
7628.607804  
7731.310653  
7688.752295  
7655.047933  
7613.974756  
7623.382926  
7626.343449  
7871.321606  
7653.570654  
7552.810661  
7624.266056  
7671.299048  
7629.927433  
7513.489478  
7546.380688  
7727.187061  
7580.86394  
