8152.75993  
8134.451627  
8118.033262  
8184.166407  
8227.108785  
8182.254872  
8165.887521  
8124.618683  
8136.054212  
8142.670918  
8174.538237  
8187.63875  
8163.813696  
8080.238771  
8050.104574  
8068.378521  
8061.512851  
8062.631353  
8105.296773  
8090.805083  
8126.387715  
8150.836594  
8180.794468  
8134.341321  
8117.786445  
8123.934362  
8151.803951  
8185.091774  
8185.434926  
8167.17469  
8153.869749  
8122.079593  
8136.431035  
8135.213031  
8132.607688  
8167.120689  
8200.220894  
8207.416724  
8258.951041  
8223.434223  
8147.992092  
8118.361533  
8154.855475  
8163.379512  
8179.34247  
8107.925661  
8090.634954  
8141.640879  
8146.575378  
8187.725137  
8242.032308  
8149.091792  
8147.07551  
8141.001056  
8173.534797  
8099.279528  
8173.850771  
8203.925654  
8162.158054  
8112.068301  
8133.296999  
8139.896477  
8133.001594  
8178.494096  
8172.87103  
8215.912942  
8210.538714  
8153.978792  
8103.928433  
8091.154251  
8100.661129  
8106.935918  
8141.668075  
8153.558324  
8177.409696  
8210.185942  
8154.522837  
8171.522317  
8187.53553  
8118.990914  
8114.731347  
8134.154791  
8114.470746  
8133.714107  
8119.101913  
8111.818523  
8044.028743  
8029.167272  
8034.493269  
8053.182989  
8061.342694  
8108.260178  
8137.080952  
8165.364613  
8121.078786  
8116.588573  
8145.625843  
8133.947947  
8142.754633  
8125.281019  
8138.181179  
8150.368372  
8160.034024  
8165.484792  
8117.523405  
8099.916734  
8108.509057  
8129.012151  
8095.805284  
8107.645409  
8103.414501  
8134.871629  
8138.538603  
8155.804383  
8148.946645  
8159.205634  
8185.218244  
8108.921686  
8075.299958  
8104.908181  
8137.936292  
8151.225437  
8176.408374  
8176.390001  
8201.779106  
8245.880795  
8233.672398  
8256.129415  
8142.442123  
8110.151388  
8041.679804  
8047.498633  
8070.274823  
8100.387879  
8171.251601  
8203.450823  
8141.265119  
8102.124185  
8111.284642  
8138.004382  
8146.738834  
8175.709861  
8150.513815  
8160.10462  
8115.79829  
8135.536788  
8138.429704  
8180.362942  
8189.794014  
8166.075859  
8134.465242  
8108.381699  
8095.288991  
8116.171617  
8137.006749  
8141.762278  
8177.057379  
8194.728177  
8191.951926  
8178.153105  
8164.335431  
8128.017558  
8115.797345  
8117.289167  
8089.549633  
8093.30542  
8117.063313  
8180.259918  
8202.913858  
8196.951418  
8153.23044  
8151.472686  
8095.274954  
8098.402608  
8117.295997  
8190.037791  
8211.109808  
8156.188179  
8224.202001  
8124.861535  
8049.392207  
8066.862852  
8093.11664  
8143.012869  
8178.268519  
8185.927831  
8183.241111  
8163.733167  
8115.046608  
8121.464317  
8104.014958  
8098.175799  
8131.962899  
8146.600634  
8171.480388  
8191.368607  
8192.528263  
8168.479919  
8136.63299  
8099.529008  
8132.699264  
8208.927976  
8185.422974  
8194.791909  
8146.359041  
8124.805437  
8117.846084  
8121.921247  
8116.512689  
8153.447552  
8079.154471  
8044.587687  
8079.563059  
8110.264922  
8146.190281  
8169.301272  
8210.650744  
8166.127374  
8113.362434  
8088.898408  
8127.864375  
8148.58305  
8125.405327  
8128.979328  
8149.170727  
8146.800896  
8149.709442  
8123.278123  
8121.902691  
8103.763915  
8123.215821  
8115.056409  
8140.819804  
8165.165801  
8169.548675  
8145.906854  
8172.622477  
8122.392324  
8155.415088  
8219.702357  
8142.945872  
8089.547117  
8120.59707  
8110.5922  
8129.82496  
8170.110335  
8135.600382  
8173.213511  
8188.204028  
8187.410493  
8220.787738  
8179.115674  
8146.424959  
8156.070165  
8156.124358  
8124.337856  
8131.079196  
8106.979925  
8128.574607  
8169.436962  
8135.069542  
8129.634133  
8131.47035  
8108.672262  
8091.118431  
8131.605395  
8158.714762  
8169.081597  
8182.615394  
8185.598848  
8182.142874  
8176.830213  
8160.92343  
8123.456993  
8111.755198  
8151.748924  
8142.125951  
8164.966421  
8158.428703  
8160.216222  
8134.424993  
8122.779504  
8128.583721  
8079.969686  
8122.6371  
8196.761574  
8144.718193  
8109.420716  
8113.93749  
8181.494455  
8136.906903  
8177.244704  
8214.108587  
8150.960641  
8159.069193  
8150.759133  
8148.891186  
8164.902822  
8189.614543  
8183.338449  
8147.411335  
8114.997877  
8087.244548  
8098.457619  
8106.142796  
8066.90171  
8164.968357  
8189.772349  
8154.582099  
8154.781816  
8169.29218  
8147.434398  
8163.139615  
8170.742129  
8170.329462  
8189.83358  
8172.363435  
8148.06344  
8152.964473  
8173.683078  
8154.517913  
8173.313298  
8201.19006  
8150.741118  
8145.220379  
8161.247512  
8143.723016  
8175.650661  
8214.002268  
8204.424848  
8180.72033  
8161.550923  
8154.46115  
8187.866991  
8183.794194  
8109.055667  
8054.318665  
8093.542986  
8143.615734  
8109.377786  
8109.735758  
8111.815506  
8115.625576  
8133.649762  
8145.260784  
8178.903446  
8199.380901  
8195.290031  
8216.678534  
8187.528055  
8202.341906  
8233.417213  
8170.516283  
8147.530802  
8133.207445  
8159.044862  
8173.080078  
8201.4533  
8189.607765  
8166.439529  
8058.692217  
8165.442016  
8111.22088  
8076.489754  
8064.589543  
8078.301698  
8121.35075  
8136.722701  
8158.134987  
8126.363695  
8101.242063  
8074.583807  
8091.16439  
8117.817583  
8145.338451  
8102.908774  
8125.39857  
8113.616181  
8160.61516  
8181.371639  
8207.866929  
8208.909184  
8166.990485  
8075.25661  
8074.455594  
8101.807856  
8066.140288  
8024.815453  
8059.092631  
8087.17088  
8151.472357  
8175.763155  
8217.206999  
8174.2406  
8172.066773  
8127.203863  
8128.189892  
8145.837819  
8114.522546  
8121.18034  
8143.481112  
8170.3949  
8170.827683  
8186.854503  
8180.485446  
8156.124022  
8120.711943  
8088.314039  
8124.657574  
8106.87337  
8133.618145  
8126.789235  
8115.944737  
8130.251126  
8150.574614  
8140.241929  
8164.09867  
8145.635884  
8163.858905  
8157.349963  
8161.589132  
8202.963907  
8209.322641  
8180.633093  
8222.903453  
8195.565981  
8117.906864  
8125.121214  
8175.962607  
8228.410882  
8146.328932  
8220.636904  
8178.503263  
8167.248654  
8138.448021  
8169.350264  
8154.601177  
8187.172591  
8195.803976  
8204.20196  
8193.59872  
8175.885224  
8165.972086  
8139.93058  
8110.667954  
8091.068534  
8145.391544  
8124.567738  
8094.523429  
8113.974738  
8112.806003  
8116.613119  
8121.472706  
8091.552959  
8079.850614  
8094.549963  
8099.965044  
8134.821951  
8121.868532  
8131.24277  
8142.627222  
8143.22907  
8174.867879  
8149.795572  
8129.594087  
8070.484783  
8086.559962  
8121.332328  
8102.435862  
8056.710044  
8040.454155  
8097.005327  
8115.934245  
8172.775476  
8182.867503  
8124.239893  
8114.277871  
8075.707885  
8075.586011  
8087.255913  
8081.397945  
8104.247105  
8124.314099  
8118.576998  
8165.888147  
8171.16518  
8152.413512  
8181.145171  
8204.2763  
8184.275946  
8180.145661  
8175.000375  
8181.770127  
8193.412187  
8080.948746  
8157.886827  
8174.713945  
8155.621468  
8153.499199  
8167.909264  
8143.680322  
8144.062144  
8143.081994  
8148.876936  
8180.986306  
8145.337001  
8103.842163  
8102.167531  
8121.222475  
8178.730026  
8134.137714  
8131.663926  
8095.939031  
8092.231179  
8095.969591  
8126.30587  
8135.597911  
8112.947115  
8090.793024  
8130.077736  
8055.220869  
8144.040071  
8116.866786  
8139.480353  
8155.614816  
8207.139569  
8203.813603  
8179.874747  
8159.672163  
8144.157117  
8169.154925  
8163.69842  
8178.222657  
8144.838153  
8204.42131  
8154.638065  
8140.102855  
8104.24705  
8112.625687  
8195.026761  
8182.471296  
8154.993959  
8132.109958  
8084.076622  
8116.72006  
8162.83075  
8161.861147  
8106.491268  
8070.726587  
8077.781748  
8072.120631  
8070.946419  
8064.073217  
8079.301054  
8134.670515  
8140.873217  
8180.595573  
8187.185057  
8179.738554  
8144.591655  
8155.679018  
8189.254156  
8203.21637  
8220.521456  
8140.378784  
8220.265049  
8232.287807  
8225.684268  
8192.939074  
8200.523648  
8179.733013  
8174.251038  
8194.244841  
8196.907384  
8151.622274  
8116.257653  
8177.298078  
8110.25399  
8060.761918  
8023.683992  
8043.622496  
7976.219578  
8060.753181  
8017.491314  
7979.886613  
8055.693301  
8086.634492  
8079.908145  
8142.322553  
8150.675943  
8169.273305  
8134.654749  
8125.538271  
8135.193436  
8128.322464  
8154.920761  
8189.021067  
8183.37424  
8203.31978  
8239.590004  
8243.345854  
8195.215327  
8244.437076  
8224.441844  
8174.304819  
8161.424923  
8201.829444  
8219.452908  
8198.024842  
8223.544256  
8200.801377  
8199.836182  
8158.163811  
8133.703462  
8100.899958  
8136.866755  
8163.599113  
8129.672855  
8124.30024  
8103.287211  
8095.838147  
8144.568701  
8143.922614  
8127.814379  
8171.621894  
8190.871368  
8141.101265  
8238.545419  
8188.37788  
8150.246415  
8141.307621  
8161.27637  
8206.966818  
8203.555268  
8242.398348  
8233.687941  
8179.675509  
8176.638348  
8186.400042  
8125.371988  
8104.926169  
8097.299547  
8101.274961  
8086.827549  
8107.348958  
8132.168943  
8109.018556  
8112.487049  
8105.593229  
8072.088754  
8062.836343  
8118.477139  
8174.289517  
8196.730499  
8261.936755  
8220.870135  
8146.466268  
8067.547353  
8187.993524  
8198.683544  
8160.967459  
8159.059438  
8167.162738  
8159.208922  
8206.365874  
8262.797441  
8225.091958  
8143.004266  
7985.838937  
8092.613868  
8026.884945  
7961.279436  
7968.45667  
8006.749  
8065.065352  
8078.521505  
8079.982929  
8105.756734  
8151.714059  
8188.417007  
8164.018408  
8160.148625  
8164.371485  
8176.894076  
8139.535235  
8182.782605  
8188.011551  
8157.71927  
8133.371463  
8128.618299  
8169.00472  
8198.347351  
8173.28728  
8162.180562  
8145.408057  
8099.002653  
8069.664394  
8009.992362  
8027.405122  
8053.184528  
8060.139509  
8098.838425  
8075.406427  
8113.682846  
8146.429209  
8168.447062  
8127.088199  
8183.687469  
8168.546684  
8118.655852  
8121.36367  
8167.788974  
8165.205612  
8136.097158  
8184.047787  
8194.472221  
8168.528936  
8157.921017  
8125.033594  
8132.180949  
8136.009592  
8126.768892  
8132.045181  
8160.440635  
8182.118787  
8176.505544  
8186.264013  
8181.31839  
8143.54764  
8151.052505  
8112.533127  
8104.562363  
8187.678611  
8220.984851  
8168.514546  
8120.823264  
8133.30159  
8125.480477  
8158.814219  
8203.310929  
8213.112095  
8213.093057  
8213.892447  
8119.926282  
8098.171151  
8068.773449  
8116.447931  
8138.547759  
8152.1944  
8137.017368  
8098.585348  
8102.449371  
8103.817389  
8126.676583  
8117.57624  
8105.215593  
8082.134914  
8086.90604  
8088.614232  
8159.91713  
8157.869457  
8102.418273  
8062.931691  
8051.773623  
8076.594323  
8110.634856  
8135.522047  
8195.267517  
8201.635719  
8191.145812  
8194.138649  
8160.605595  
8164.461319  
8157.689621  
8136.408615  
8166.766181  
8153.640021  
8201.003387  
8160.135062  
8112.495739  
8146.225599  
8096.62986  
8146.640785  
8142.421653  
8133.162253  
8153.290385  
8151.573127  
8193.662285  
8237.824195  
8280.360077  
8268.340618  
8220.918862  
8145.050529  
8097.798172  
8111.181026  
8109.125556  
8110.741517  
8122.822497  
8104.196142  
8131.535534  
8125.647568  
8142.909604  
8169.17249  
8172.170173  
8156.053879  
8106.023253  
8117.147839  
8127.486189  
8168.959067  
8141.108498  
8097.433215  
8133.634006  
8133.636718  
8153.66229  
8194.314628  
8173.837598  
8162.899493  
8106.760984  
8132.799802  
8227.529428  
8228.517986  
8256.514077  
8214.115599  
8147.534104  
8068.96476  
8072.191484  
8205.673938  
8174.346004  
8194.99313  
8156.636093  
8139.767963  
8109.76395  
8133.769442  
8197.937398  
8208.559752  
8175.470998  
8051.349768  
7965.409712  
7969.68272  
8007.877325  
8076.439975  
8071.253943  
8083.93315  
8129.604863  
8131.147194  
8063.646555  
8170.293403  
8159.848349  
8125.53277  
8119.772705  
8190.377323  
8243.763637  
8244.756919  
8219.850399  
8176.395437  
8142.015195  
8134.507095  
8152.917209  
8236.334314  
8171.089329  
8157.359306  
8157.687172  
8160.78112  
8159.976585  
8160.211877  
8142.288077  
8114.605153  
8178.656357  
8197.522887  
8120.031042  
8113.591078  
8070.266493  
8139.644922  
8187.445377  
8224.046748  
8251.658793  
8227.794086  
8217.360204  
8220.840127  
8129.438245  
8088.563395  
8085.704378  
8087.534634  
8169.286758  
8203.158764  
8192.774865  
8124.624855  
8093.791296  
8118.133367  
8132.715198  
8168.794735  
8137.823364  
8168.206431  
8175.799543  
8160.21641  
8137.942054  
8121.611455  
8117.867527  
8035.261985  
8074.738527  
8148.958073  
8097.435849  
8078.15727  
8061.555999  
8060.211394  
8194.021417  
8213.69913  
8177.551453  
8072.429289  
7936.066838  
7924.210591  
7941.822503  
7936.226288  
7993.817236  
8080.282962  
8057.215141  
8110.404287  
8128.239158  
8133.323519  
8107.076318  
8182.466167  
8219.13406  
8213.755089  
8182.544233  
8169.35805  
8159.053099  
8183.85459  
8170.06953  
8183.862735  
8142.119307  
8189.833013  
8185.85222  
8165.146885  
8117.993451  
8132.942503  
8136.782788  
8167.771221  
8213.102564  
8204.796747  
8190.721989  
8147.372529  
8040.394767  
8021.465658  
8034.187792  
8101.97574  
8195.991008  
8193.334573  
8146.801862  
8179.19247  
8184.02788  
8144.470644  
8145.35699  
8135.296661  
8142.376932  
8159.008583  
8218.940408  
8261.553678  
8256.490147  
8255.338576  
8191.931561  
8139.228102  
8070.604125  
8058.756312  
8067.093306  
8080.151669  
8103.214733  
8181.88645  
8174.95716  
8206.035791  
8237.539212  
8223.159364  
8201.108814  
8169.858535  
8123.225817  
8228.826253  
8268.44481  
8201.435191  
8195.946449  
8161.691167  
8167.410059  
8196.238441  
8155.176454  
8181.578218  
8182.120571  
8218.766127  
8230.7408  
8222.093466  
8266.281867  
8251.218434  
8228.323399  
8211.963005  
8105.996576  
8181.265577  
8150.501786  
8113.276013  
8098.231793  
8107.695785  
8139.467855  
8156.046888  
8175.224805  
8146.153399  
8053.900433  
8077.224453  
8054.161516  
8060.152931  
8104.844741  
8044.667847  
7987.648993  
7967.126965  
8038.706061  
8032.232852  
8082.230452  
8094.018734  
8053.212163  
8098.971286  
8120.261201  
8195.802011  
8219.071538  
8223.732383  
8179.031239  
8186.908332  
8169.306792  
8201.098102  
8207.513641  
8196.269878  
8248.970126  
8227.238294  
8170.259012  
8124.174472  
8090.47827  
8081.169125  
8093.159075  
8127.45538  
8094.014377  
8102.603978  
8105.060728  
8117.65372  
8133.454632  
8122.287486  
8187.272199  
8111.607391  
8112.270379  
8140.730124  
8116.432575  
8148.838255  
8155.067339  
8094.379409  
8070.339473  
8055.879235  
8066.795169  
8046.561743  
8050.371641  
8117.922528  
8131.616616  
8136.531378  
8121.471953  
8163.646309  
8174.243742  
8136.128683  
8126.594899  
8139.479119  
8169.528524  
8180.423191  
8156.36502  
8119.470581  
8091.390448  
8161.044487  
8193.74022  
8209.365314  
8184.203844  
8155.454935  
8133.297422  
8153.818012  
8173.348856  
8141.437701  
8200.221658  
8205.500479  
8108.277678  
8079.783668  
8074.766482  
8088.89341  
8086.425322  
8112.182474  
8135.61827  
8164.281392  
8150.409105  
8106.777762  
8120.303811  
8171.121104  
8163.517723  
8084.564064  
8062.148958  
8064.294286  
8089.076472  
8151.504204  
8186.792827  
8217.031652  
8270.013403  
8297.693504  
8244.271603  
8211.853794  
8188.563586  
8191.423608  
8203.23096  
8169.294196  
8127.936726  
8119.962045  
8131.798939  
8179.355873  
8171.480729  
8215.870608  
8233.400149  
8243.342004  
8246.659861  
8163.926239  
8120.660814  
8134.402188  
8113.125967  
8138.898754  
8136.985768  
8089.018334  
8094.684119  
8138.555586  
8167.088916  
8171.212372  
8121.218847  
8086.478591  
8116.607779  
8129.515029  
8163.84675  
8149.202611  
8132.228668  
8140.999551  
8149.301372  
8148.415642  
8109.157412  
8112.849367  
8211.134841  
8184.779375  
8073.176846  
7996.105491  
7942.445683  
7941.57513  
8003.487381  
8012.270403  
7999.383274  
8027.400622  
8023.0132  
8095.296446  
8149.618082  
8141.278266  
8147.559004  
8157.784505  
8112.606491  
8162.447066  
8145.973869  
8105.745722  
8083.651008  
8101.02583  
8122.911499  
8169.945954  
8229.375835  
8235.267967  
8314.414037  
8279.324985  
8160.060429  
8102.568591  
8150.783269  
8139.372706  
8194.534602  
8175.605776  
8124.239483  
8078.498274  
8043.046749  
8085.192682  
8085.739133  
8056.98075  
8107.243391  
8145.725223  
8182.041908  
8180.537895  
8214.722417  
8194.096629  
8138.06376  
8119.558534  
8208.958417  
8193.390539  
8195.750333  
8178.879275  
8194.741023  
8199.180596  
8216.069026  
8281.379878  
8280.472045  
8247.495838  
8247.104952  
8212.334525  
8195.529666  
8196.2919  
8248.459569  
8233.576277  
8179.805928  
8166.689754  
8137.671931  
8120.121165  
8115.01821  
8069.182832  
8066.44187  
8089.035841  
8101.650727  
8089.209825  
8143.278062  
8146.843741  
8092.373628  
8198.763104  
8111.279872  
8165.373947  
8085.070433  
8072.57008  
8084.462576  
8110.513923  
8157.329646  
8166.310351  
8216.385926  
8268.171962  
8273.645307  
8264.024192  
8201.033523  
8137.604374  
8091.727003  
8064.540934  
8110.024292  
8160.025962  
8137.789416  
8136.920618  
8085.808673  
8100.343187  
8110.549318  
8117.334398  
8097.171227  
8090.591243  
8139.085469  
8197.172772  
8214.369637  
8209.530244  
8197.926322  
8094.735282  
8127.380509  
8187.013285  
8137.111651  
8081.300808  
8054.25664  
8083.206933  
8134.913271  
8165.373417  
8154.632038  
8156.608505  
8097.289697  
8049.465828  
8080.088593  
8080.467235  
8054.679924  
8044.137125  
8047.980516  
8133.986406  
8169.281846  
8175.391023  
8173.082579  
8111.011488  
8100.745154  
8082.998343  
8084.244861  
8091.6199  
8115.293428  
8131.874791  
8142.38163  
8152.233847  
8156.598302  
8190.073831  
8174.614028  
8112.570271  
8099.077291  
8065.162159  
8068.406612  
8079.255022  
8109.727871  
8127.655895  
8110.398838  
8109.947979  
8113.391207  
8215.184969  
8211.419086  
8231.296806  
8233.210008  
8233.147347  
8262.645407  
8306.442277  
8251.501535  
8192.356916  
8144.722904  
8089.742073  
8152.641399  
8175.878783  
8143.46344  
8064.03936  
8060.862572  
8061.074761  
8152.534107  
8217.234633  
8237.300658  
8155.133513  
8148.840301  
8153.689342  
8128.828982  
8210.308969  
8252.459279  
8150.470867  
8118.312879  
8098.562346  
8058.673652  
8026.101236  
8023.221433  
8047.308205  
8044.714879  
8138.926995  
8211.157393  
8232.56548  
8217.111267  
8208.247326  
8182.720865  
8128.014847  
8168.027604  
8147.713306  
8105.758208  
8070.421012  
8080.804592  
8135.796924  
8199.132631  
8240.818061  
8224.527991  
8252.810437  
8168.776133  
8094.797838  
8055.616727  
7952.554281  
7913.221895  
7971.558606  
7993.985639  
7991.735065  
8007.561047  
8006.867979  
8056.341001  
8115.399439  
8146.35344  
8152.546225  
8185.409831  
8166.413282  
8187.629417  
8225.801322  
8223.694213  
8217.216758  
8242.301197  
8247.49518  
8253.272495  
8234.323584  
8203.333779  
8137.527481  
8144.339943  
8109.77165  
8162.4653  
8187.19933  
8205.487538  
8164.550168  
8270.522492  
8238.338013  
8204.056298  
8174.345513  
8175.468469  
8138.359808  
8216.487019  
8271.057847  
8257.952868  
8140.124424  
7979.500869  
7922.29794  
7967.813277  
8008.92429  
8038.885204  
8002.63296  
8060.827429  
8077.126098  
8085.177127  
8040.943169  
8041.938385  
8008.759856  
8161.003725  
8159.538826  
8180.27651  
8203.124673  
8236.84094  
8230.35552  
8195.949384  
8238.880538  
8230.094828  
8218.630849  
8204.339991  
8200.5209  
8128.29436  
8133.466767  
8187.14539  
8151.232796  
8117.930814  
8150.810869  
8184.915605  
8229.595636  
8202.522926  
8128.298046  
8103.354883  
8140.616548  
8204.518004  
8211.609778  
8197.658245  
8186.159498  
8118.288796  
8075.673082  
8066.251598  
8097.990985  
8056.423193  
8077.223679  
8087.531685  
8091.278803  
8107.107108  
8146.541124  
8166.962981  
8184.216417  
8183.845824  
8102.951203  
8172.293927  
8191.793127  
8130.233731  
8116.988571  
8116.593581  
8164.956455  
8219.638315  
8188.654678  
8194.769577  
8189.830331  
8183.70315  
8183.302422  
8164.109993  
8158.111257  
8177.549731  
8174.527475  
8147.368454  
8187.47691  
8207.249892  
8158.957744  
8156.397593  
8171.800547  
8186.318423  
8271.424122  
8251.919577  
8220.415169  
8158.91432  
8139.957986  
8128.83633  
8101.800291  
8121.554705  
8110.974045  
8111.099462  
8070.83472  
8065.543601  
8044.616743  
8139.586013  
8152.920911  
8118.478684  
8065.812278  
8040.580746  
7994.218086  
7971.029191  
7951.879389  
7958.575876  
8020.582307  
8106.403689  
8109.876031  
8199.498674  
8231.681635  
8209.898157  
8189.770231  
8165.637099  
8196.973682  
8222.507356  
8218.786666  
8228.23457  
8265.008531  
8236.915998  
8225.391474  
8155.995405  
8143.768013  
8126.80465  
8129.774694  
8150.330011  
8116.617249  
8081.442855  
8094.415775  
8094.930865  
8125.18466  
8111.316726  
8112.126824  
8167.18678  
8115.861655  
8098.257164  
8107.871764  
8159.532921  
8197.695452  
8248.647002  
8228.460925  
8164.879628  
8098.657211  
8132.815368  
8153.113497  
8162.731738  
8137.251072  
8140.375465  
8172.304628  
8151.846105  
8177.674479  
8149.271389  
8096.86946  
8096.99843  
8074.045008  
8065.13732  
8112.77313  
8117.262443  
8121.102154  
8104.457576  
8066.990789  
8199.205748  
8215.109017  
8207.094525  
8179.143323  
8164.536412  
8156.049615  
8172.540631  
8169.126425  
8161.202255  
8155.550802  
8126.050022  
8143.601944  
8099.725608  
8104.435652  
8151.035479  
8112.701964  
8097.871756  
8066.577152  
7979.034707  
7991.655224  
8023.386979  
8066.476783  
8009.001884  
8031.598794  
8085.267839  
8127.872184  
8136.353285  
8109.195608  
8174.246772  
8208.780588  
8203.777111  
8185.325218  
8171.345551  
8208.499665  
8220.306359  
8221.601736  
8225.121745  
8210.832694  
8161.417455  
8152.760106  
8158.635265  
8163.859598  
8179.307465  
8178.880795  
8190.74376  
8189.077754  
8208.553408  
8219.108902  
8221.221359  
8224.149539  
8169.682103  
8145.307963  
8140.194095  
8180.293994  
8183.567856  
8189.801486  
8168.985161  
8138.464118  
8140.006774  
8099.803616  
8109.078313  
8125.817232  
8168.73239  
8185.126122  
8154.524457  
8160.852551  
8190.577109  
8159.009005  
8120.658886  
8154.753199  
8125.901151  
8110.005094  
8109.143037  
8134.88392  
8102.809769  
8046.206436  
8052.208487  
8089.925619  
8089.972285  
8122.797263  
8153.860452  
8162.141899  
8143.618187  
8175.717742  
8207.111014  
8240.918528  
8222.917982  
8140.724004  
8214.537517  
8178.339329  
8124.631908  
8106.174762  
8115.936428  
8131.425853  
8169.386911  
8184.087884  
8166.252687  
8205.705346  
8180.566495  
8139.164399  
8102.866664  
8086.987437  
8078.388337  
8093.768885  
8125.939575  
8128.702897  
8105.967377  
8136.890083  
8126.766356  
8112.142438  
8145.637346  
8144.97193  
8129.572341  
8101.753943  
8050.119775  
8043.03358  
8074.247613  
8075.920578  
8078.992053  
8099.312364  
8093.976372  
8107.732307  
8123.858298  
8160.27309  
8223.701591  
8223.552222  
8158.177979  
8244.509673  
8182.173428  
8178.491977  
8165.076153  
8171.080122  
8184.703225  
8179.699089  
8184.447395  
8161.39956  
8139.829935  
8148.483691  
8171.029087  
8176.864507  
8166.634021  
8147.554136  
8105.665809  
8082.307715  
8029.802673  
