7781.378576  
7697.675638  
7735.301449  
7666.305255  
7829.253267  
7866.490371  
7894.984526  
7799.937105  
7801.821627  
7725.735072  
7858.356969  
7874.039357  
7673.215016  
7819.083159  
7795.789903  
7843.282076  
7780.480835  
7782.528406  
7727.516178  
7729.766932  
7876.159453  
7589.999548  
7743.889806  
7829.576883  
7833.3764  
7828.43452  
7831.295288  
7540.102927  
7735.01719  
7836.726649  
7804.45469  
7733.941686  
7651.715878  
7837.588422  
7830.765165  
7817.395084  
7758.95943  
7837.660149  
7560.829173  
7859.673598  
7883.464284  
7822.908368  
7745.431942  
7769.574808  
7829.871352  
7773.986465  
7726.00112  
7684.718132  
7820.389246  
7742.636288  
7724.81953  
7722.357192  
7765.089291  
7604.170568  
7842.644438  
7837.00596  
7763.91911  
7802.118631  
7989.515682  
7823.154053  
7766.25932  
7795.606496  
7875.189733  
7855.978329  
7831.772763  
7920.656853  
7860.570248  
7631.138456  
7882.770601  
7834.75568  
7831.067239  
7753.374253  
7876.960923  
7841.268282  
7582.060784  
7703.120031  
7851.562127  
7923.986723  
7886.569975  
7788.260161  
7788.126343  
7827.174841  
7786.062105  
7854.796796  
7771.907363  
7732.074089  
7811.539501  
7784.093391  
7757.89181  
7696.212697  
7775.467659  
7684.264713  
7742.693582  
7804.057818  
7791.806116  
7768.852991  
7761.67003  
7728.189618  
7780.441586  
7739.454633  
7690.397102  
7768.940932  
7781.398962  
7769.631233  
7799.902243  
7786.96269  
7765.945528  
7758.007145  
7744.021693  
7771.989574  
7713.617755  
7766.4715  
7719.138837  
7770.353846  
7915.810116  
7791.599602  
7625.07251  
7665.62095  
7693.924453  
7649.683429  
7706.414824  
7729.099796  
7791.013176  
7762.205006  
7784.276432  
7815.994959  
7824.060985  
7795.631096  
7713.311337  
7788.835787  
7731.424259  
7721.796487  
7789.134593  
7770.692778  
7845.320707  
7806.037849  
7812.752513  
7770.951962  
7701.343556  
7757.448393  
7801.911492  
7794.737692  
7766.197783  
7815.195205  
7776.944774  
7793.930248  
7844.384155  
7815.262789  
7863.883487  
7786.460313  
7790.432897  
7805.531465  
7761.729593  
7784.070786  
7816.734605  
7735.795827  
7742.123808  
7841.010412  
7827.080401  
7806.083202  
7797.428869  
7793.943388  
7797.032557  
7793.209099  
7748.819853  
7742.218822  
7753.792954  
7814.317785  
7819.550961  
7852.325741  
7891.154498  
7813.823458  
7776.444444  
7720.981158  
7750.621539  
7800.354729  
7763.919297  
7798.885613  
7890.107616  
7843.851024  
7802.836691  
7739.147346  
7746.082548  
7749.382891  
7757.322337  
7762.355634  
7807.876975  
7780.780884  
7782.189001  
7737.739854  
7744.016278  
7725.565078  
7765.194135  
7796.274393  
7759.982846  
7787.412016  
7794.258667  
7832.638141  
7725.171552  
7809.471019  
7807.105677  
7640.231926  
7728.467443  
7790.110725  
7831.491706  
7864.110308  
7698.517916  
7731.508014  
7634.699384  
7777.855684  
7801.852223  
7818.827902  
7733.612247  
7741.618746  
7751.459638  
7819.319228  
7800.522676  
7777.149112  
7792.708726  
7809.420547  
7774.26118  
7794.49381  
7810.123815  
7713.827701  
7769.896671  
7769.898818  
7811.632576  
7793.959243  
7789.015402  
7779.422966  
7792.740572  
7752.828053  
7721.427232  
7812.728286  
7797.635678  
7820.136783  
7795.278335  
7759.928417  
7628.281178  
7847.784632  
7900.348274  
7776.472017  
7761.620103  
7696.957958  
7672.449025  
7777.488245  
7735.599552  
7743.881542  
7714.76775  
7726.738123  
7811.586153  
7848.030166  
7839.641336  
7792.152681  
7821.289364  
7827.962323  
7831.328728  
7827.089355  
7790.062249  
7773.047212  
7777.52985  
7776.817117  
7743.756017  
7844.736903  
7802.824736  
7824.791985  
7834.478228  
7775.866699  
7778.511108  
7835.807517  
7755.977798  
7768.00303  
7823.31795  
7796.864954  
7810.444709  
7793.626199  
7753.752858  
7862.914637  
7840.324937  
7801.860847  
7805.672651  
7745.325073  
7768.858032  
7822.680808  
7820.490873  
7856.00405  
7659.164156  
7718.109038  
7621.483556  
7676.444982  
7680.202752  
7711.64247  
7767.552612  
7802.924431  
7771.239473  
7793.825784  
7772.01513  
7756.483714  
7793.851139  
7732.149493  
7776.031954  
7756.216589  
7686.305528  
7705.052095  
7651.463551  
7652.141207  
7742.013026  
7752.203743  
7792.791762  
7775.897382  
7821.956586  
7757.394689  
7805.59212  
7785.229614  
7804.664788  
7785.402136  
7805.007626  
7791.360653  
7820.271441  
7847.359052  
7706.57987  
7750.627513  
7855.754689  
7791.401662  
7832.738339  
7836.404038  
7767.366749  
7799.468865  
7839.031753  
7717.97904  
7785.917926  
7752.439266  
7734.832756  
7791.587955  
7828.500898  
7737.623629  
7787.060669  
7879.599128  
7871.403651  
7808.13366  
7774.093219  
7728.544168  
7791.985423  
7830.583848  
7817.669082  
7862.171286  
7831.307538  
7773.953326  
7825.562823  
7789.488547  
7779.475536  
7880.575411  
7878.58662  
7831.197187  
7855.027186  
7828.669082  
7793.087007  
7800.127664  
7816.905001  
7744.246503  
7732.284122  
7769.785458  
7783.341452  
7737.824326  
7734.554242  
7713.848848  
7785.748557  
7682.981295  
7710.519495  
7716.44221  
7798.973504  
7758.908505  
7735.802842  
7794.294836  
7777.232731  
7793.749382  
7789.483693  
7761.143339  
7752.441693  
7769.181174  
7782.838767  
7818.896987  
7809.331665  
7783.052275  
7692.155582  
7540.490033  
7737.132066  
7727.934075  
7721.67912  
7786.70291  
7769.380917  
7762.699298  
7865.363159  
7752.570779  
7903.941205  
7795.906939  
7838.585227  
7761.831428  
7746.813283  
7831.04177  
7860.493265  
7763.210614  
7779.712797  
7845.459896  
7715.994212  
7788.978035  
7704.082003  
7808.153687  
7888.366189  
7839.921681  
7753.458618  
7727.924237  
7775.549833  
7825.601792  
7790.962869  
7821.79592  
7856.456062  
7768.576926  
7778.718427  
7758.622946  
7728.76686  
7748.434879  
7767.499397  
7692.260433  
7705.97723  
7794.084458  
7855.946167  
7825.282234  
7904.974229  
7797.621201  
7727.603537  
7733.208374  
7734.511755  
7714.704906  
7839.383832  
7886.300587  
7825.949592  
7763.475916  
7797.804537  
7806.366857  
7916.932273  
7778.949341  
7818.56818  
7792.872745  
7799.750115  
7729.674647  
7745.908095  
7864.966029  
7678.020594  
7656.358305  
7741.465145  
7779.71447  
7779.224308  
7777.464901  
7790.968132  
7838.440358  
7800.01895  
7726.009636  
7786.274924  
7817.822704  
7755.304479  
7793.962417  
7851.825059  
7787.65373  
7816.257906  
7706.158785  
7543.154268  
7845.855605  
7853.670338  
7746.405819  
7731.392614  
7689.220179  
7727.899766  
7646.66351  
7738.463896  
7702.182926  
7799.881096  
7784.626788  
7840.578577  
7797.637968  
7775.032593  
7683.564166  
7736.912612  
7716.963422  
7776.369133  
7781.333654  
7751.592709  
7827.588838  
7751.536664  
7831.580473  
7810.715914  
7875.244234  
7846.269503  
7824.607616  
7714.462374  
7656.695277  
7763.868466  
7893.464636  
7842.128834  
7824.198264  
7712.082914  
7740.350737  
7722.420116  
7813.610028  
7867.222958  
7783.468305  
7775.566442  
7780.502714  
7772.187428  
7868.083546  
7780.360481  
7764.056978  
7778.621683  
7821.533519  
7868.316442  
7777.349006  
7816.599466  
7784.686172  
7764.565853  
7755.474035  
7681.70362  
7802.913754  
7765.224035  
7776.457879  
7769.953836  
7785.588989  
7804.278112  
7794.356101  
7766.153306  
7707.255723  
7727.133358  
7797.18755  
7754.290807  
7774.45892  
7959.175695  
7863.687443  
7825.06036  
7763.375898  
7769.031947  
7743.256606  
7742.660479  
7741.707261  
7835.515776  
7769.203735  
7705.271348  
7729.81367  
7818.554185  
7683.713372  
7768.926083  
7718.356431  
7804.259421  
7753.759414  
7813.258854  
7802.325281  
7749.08071  
7716.565738  
7721.408634  
7758.742999  
7719.398258  
7745.64107  
7809.592795  
7871.364818  
7874.646865  
7787.225327  
7768.640905  
7718.390783  
7632.147231  
7756.974308  
7862.87668  
7866.254301  
7882.640611  
7791.370246  
7837.372939  
7821.123284  
7821.48123  
7800.894388  
7770.39372  
7737.316255  
7784.288265  
7709.774328  
7665.148718  
7836.090325  
7778.037619  
7760.734727  
7722.407104  
7695.184132  
7826.981539  
7763.942735  
7769.655137  
7832.353394  
7815.542552  
7761.520221  
7794.939984  
7843.66458  
7804.287203  
7717.593305  
7695.339355  
7835.210995  
7802.289443  
7788.891523  
7826.075583  
7798.170065  
7805.196885  
7847.731955  
7801.749706  
7814.473741  
7857.934068  
7824.035881  
7787.88078  
7771.692692  
7715.560274  
7743.67479  
7832.54289  
7780.606374  
7715.647806  
7786.315142  
7824.610553  
7824.69425  
7868.857644  
7773.103745  
7756.945147  
7788.365414  
7753.238597  
7673.631592  
7713.714822  
7746.157033  
7904.735955  
7794.938247  
7751.719073  
7850.198687  
7773.727395  
7707.611386  
7734.39405  
7654.057237  
7753.645687  
7784.833087  
7735.465009  
7766.05226  
7749.257834  
7753.632059  
7817.181626  
7723.308105  
7775.433903  
7662.532334  
7720.618609  
7794.548965  
7752.45273  
7789.588566  
7844.351311  
7739.132518  
7724.215239  
7708.920094  
7713.85949  
7758.147123  
7834.80379  
7785.70161  
7774.031149  
7697.083388  
7872.789924  
7807.83728  
7820.363971  
7814.655869  
7819.25033  
7686.718836  
7814.288976  
7818.387516  
7825.803833  
7830.997903  
7684.364516  
7724.552727  
7731.577184  
7793.021944  
7772.842386  
7724.355576  
7673.247774  
7725.043658  
7766.487298  
7745.142348  
7740.457469  
7714.003346  
7897.596866  
7816.755579  
7830.313426  
7857.550185  
7732.299352  
7818.585578  
7805.749081  
7795.284129  
7762.500093  
7770.490773  
7775.414493  
7792.644208  
7885.49241  
7751.971924  
7823.750546  
7781.080064  
7787.129  
7736.226634  
7736.577292  
7757.612743  
7782.556375  
7730.781085  
7788.797629  
7795.200885  
7812.998729  
7749.554357  
7837.754186  
7711.994083  
7673.638234  
7770.140036  
7735.589707  
7780.875898  
7854.990349  
7777.371869  
7816.050336  
7759.851196  
7840.344913  
7857.363023  
7832.70739  
7787.672852  
7819.716014  
7930.856998  
7815.398588  
7816.247458  
7777.46987  
7737.322639  
7730.938153  
7782.513586  
7900.20729  
7789.400304  
7744.133229  
7820.708697  
7761.846945  
7758.299058  
7818.489315  
7718.632856  
7799.104119  
7757.238224  
7763.824721  
7726.382475  
7706.653809  
7828.029756  
7836.409488  
7790.826689  
7868.551521  
7720.918349  
7691.143303  
7702.984583  
7811.829439  
7739.160846  
7789.480964  
7742.649658  
7750.127291  
7725.057373  
7773.162389  
7784.033131  
7802.499081  
7769.648854  
7738.941471  
7764.347197  
7801.227683  
7794.157399  
7764.62118  
7766.58262  
7892.08458  
7854.394926  
7774.846421  
7803.118947  
7798.375043  
7709.409941  
7784.193051  
7836.779907  
7754.501508  
7796.849143  
7784.051901  
7786.80728  
7752.35022  
7802.555348  
7785.269804  
7686.235294  
7609.845509  
7689.1277  
7894.824427  
7780.17423  
7798.803287  
7769.862147  
7775.065566  
7705.088085  
7775.248119  
7688.625294  
7779.768181  
7915.828585  
7793.822696  
7825.174331  
7676.799618  
7519.657227  
7734.310511  
7775.736206  
7871.763765  
7842.17316  
7736.465239  
7784.010922  
7803.842637  
7788.04872  
7854.517241  
7772.154397  
7815.817692  
7789.962366  
7822.311294  
7824.878971  
7902.741211  
7791.527164  
7779.576057  
7810.942325  
7856.252456  
7836.400707  
7810.452306  
7804.510419  
7744.54383  
7625.774766  
7721.58835  
7850.596069  
7931.175982  
7843.561344  
7669.797256  
7762.9022  
7691.402265  
7733.755974  
7858.463846  
7742.83774  
7800.79704  
7620.280891  
7871.031623  
7813.047873  
7793.078506  
7802.428725  
7903.97853  
7838.417057  
7767.876371  
7813.659338  
7798.355828  
7808.199556  
7673.054558  
7761.840153  
7703.581924  
7730.25507  
7592.641889  
7636.544843  
7761.462144  
7756.458654  
7780.637724  
7720.07722  
7852.430901  
7921.323623  
7854.918622  
7833.829425  
7789.396815  
7891.63949  
7904.796301  
7855.245921  
7802.243394  
7839.454633  
7846.308026  
7828.42143  
7954.442404  
7751.411298  
7754.200167  
7686.772468  
7760.09258  
7690.242331  
7731.865328  
7668.881412  
7756.199858  
7778.385728  
7762.606919  
7807.824441  
7830.572775  
7776.175315  
7869.842134  
7805.526863  
7722.894668  
7744.537389  
7878.724229  
7784.061969  
7844.608959  
7872.114559  
7782.198565  
7904.11191  
7773.042488  
7802.848518  
7707.113324  
7581.601914  
7630.874031  
7650.594662  
7793.942117  
7820.127923  
7729.644696  
7862.384773  
7798.69239  
7883.570298  
7692.695126  
7679.9809  
7716.025039  
7526.262107  
7657.017822  
7761.686114  
7725.288653  
7725.874067  
7808.501565  
7636.096349  
7581.033167  
7594.639957  
7706.201272  
7743.237434  
7660.879754  
7780.104657  
7786.191507  
7782.157205  
7960.319975  
7810.100658  
7816.472484  
7781.670209  
7790.462862  
7848.128935  
7814.886611  
7815.060051  
7850.678955  
7798.839966  
7798.979011  
7769.599688  
7744.132576  
7688.295015  
7899.196081  
7674.955128  
7717.98999  
7699.988899  
7716.67441  
7749.621754  
7813.57806  
7862.767219  
7958.607544  
7745.936337  
7614.076481  
7650.312227  
7674.668141  
7816.999189  
7853.569745  
7940.476024  
7852.734432  
7991.697696  
7782.838264  
7884.91906  
7822.702479  
7764.545805  
7958.726261  
7817.505508  
7862.159948  
7855.810741  
7872.782751  
7865.170417  
7872.090081  
7785.682445  
7595.17991  
7698.666116  
7921.874928  
7820.360186  
7556.30985  
7934.448127  
7841.820707  
7602.802117  
7588.749224  
7752.432488  
7710.60111  
7914.252161  
7800.930061  
7730.558903  
7943.371453  
7953.04383  
7793.688836  
7810.972714  
7765.506972  
7748.73263  
7806.568209  
7907.79248  
7907.229392  
7865.326675  
7874.322029  
7836.914788  
7781.8098  
7918.496625  
7890.276166  
7781.194602  
7567.755486  
7745.668536  
7722.658332  
7756.161908  
7703.271571  
7870.265395  
7783.198515  
7734.93974  
7759.280051  
7689.348877  
7638.251436  
7635.305571  
7738.957843  
7772.383624  
7759.346565  
7684.980533  
7613.664493  
7791.919268  
7753.80687  
7650.294017  
7862.748636  
7803.700382  
7781.793328  
7734.674446  
7856.039386  
7818.260153  
7812.579051  
7821.292875  
7896.183845  
7883.136913  
7881.339995  
7769.901058  
7759.730347  
7764.472132  
7894.311028  
7858.276324  
7826.258466  
7756.918917  
7800.371223  
7792.779412  
7837.69514  
7921.89573  
7937.544714  
7836.230189  
7787.367202  
7781.691399  
7842.67311  
7766.918988  
7812.407126  
7896.68215  
7745.270142  
7693.65811  
7711.420669  
7662.663409  
7774.488123  
7755.103896  
7717.87696  
7692.160803  
7711.163014  
7780.092422  
7769.897949  
7710.537792  
7715.820162  
7676.442124  
7713.039149  
7660.396319  
7739.034503  
7714.864337  
7700.763004  
7756.407973  
7726.080437  
7671.759127  
7670.615105  
7709.697531  
7512.168227  
7670.453656  
7797.319695  
7758.400362  
7788.604126  
7761.623284  
7915.975967  
7758.199276  
7899.145623  
7736.162354  
7795.532959  
7764.838099  
7728.766695  
7672.730368  
7820.067627  
7892.08611  
7828.575016  
7808.19639  
7830.375926  
7796.646183  
7721.371474  
7723.430133  
7796.751967  
7886.041475  
7829.595524  
7809.277624  
7747.805564  
7706.929501  
7702.090361  
7804.182452  
7765.80481  
7812.825547  
7807.262466  
7840.105742  
7789.382217  
7779.510965  
7749.701351  
7788.446914  
7907.534611  
7777.542818  
7772.703936  
7705.458503  
7893.016077  
7758.757181  
7840.613734  
7874.208216  
7803.043479  
7847.076502  
7782.054206  
7766.143303  
7900.677526  
7774.865069  
7768.491548  
7689.136568  
7794.008136  
7783.340354  
7802.89754  
7785.432287  
7837.345962  
7725.840296  
7854.905798  
7819.383796  
7795.810662  
7746.077134  
7676.948113  
7826.659115  
7790.284158  
7744.982903  
7720.926593  
7808.606445  
7787.563268  
7869.869248  
7896.013794  
7892.026382  
7826.239696  
7812.321224  
7599.13916  
7718.266027  
7596.503992  
7615.352302  
7628.341739  
7721.645544  
7726.384593  
7733.674115  
7753.68773  
7780.614315  
7732.055966  
7761.026769  
7667.864768  
7694.264469  
7711.612254  
7655.470208  
7684.338946  
7781.587309  
7775.537224  
7793.342414  
7902.313599  
7931.636173  
7895.312306  
7762.919879  
7756.676284  
7665.849839  
7753.616462  
7852.202479  
7838.562392  
7831.309642  
7858.588975  
7722.100227  
7657.546135  
7813.216876  
7723.789982  
7670.442519  
7731.416008  
7744.954238  
7694.149393  
7874.839521  
7831.01062  
7758.908778  
7751.922536  
7813.645852  
7936.276906  
7843.271973  
7773.121718  
7702.793364  
7878.490974  
7879.198501  
7848.132547  
7874.947431  
7851.460507  
7902.800293  
7869.163136  
7865.496876  
7821.639627  
7887.544714  
7755.497099  
7744.329791  
7673.311983  
7806.908217  
7777.668522  
7773.812608  
7730.865141  
7801.472886  
7791.354794  
7767.821447  
7876.19379  
7839.995663  
7772.576028  
7722.035501  
7720.839858  
7761.082168  
7724.682158  
7732.749289  
7654.984131  
7707.542279  
7751.022669  
7807.402961  
7838.6509  
7769.935123  
7786.825727  
7894.89754  
7891.510426  
7868.648028  
7861.575174  
7927.729779  
7843.340318  
7849.075597  
7874.188692  
7869.593606  
7920.806447  
7914.572517  
7845.429034  
7834.308235  
7826.113324  
7837.890539  
7796.470682  
7742.46223  
7746.454374  
7770.68806  
7762.842723  
7766.995828  
7859.052828  
7744.175063  
7731.371869  
7766.850112  
7818.165283  
7662.291482  
7700.054443  
7704.857113  
7669.44616  
7714.223238  
7761.299115  
7918.758401  
7665.43014  
7638.496101  
7643.53418  
7641.613762  
7803.741168  
7692.684937  
7709.068905  
7716.121747  
7752.416935  
7737.262006  
7932.726807  
7711.224581  
7656.863583  
7854.632777  
7648.502011  
7559.810719  
7586.816966  
7768.056303  
7778.841538  
7787.863353  
7781.039048  
7777.34696  
7757.222247  
7891.239703  
7642.423196  
7679.163754  
7737.932919  
7708.104148  
7792.872487  
7831.514311  
7747.471292  
7855.0597  
7792.171976  
7784.092012  
7796.382705  
7807.786083  
7824.166138  
7888.492676  
7810.236199  
7839.312277  
7769.87742  
7871.276561  
7829.476907  
7841.700375  
7856.991369  
7826.88473  
7798.562543  
7682.050329  
7706.01989  
7715.203685  
7779.537433  
7832.92884  
7823.358363  
7791.569458  
7752.78334  
7724.590454  
7782.632978  
7854.958331  
7817.654555  
7845.070987  
7734.804185  
7671.601484  
7872.027825  
7683.998004  
7521.483348  
7747.847182  
7716.51141  
7670.048957  
7800.597721  
7754.02356  
7745.195901  
7876.971213  
7709.258459  
7712.518533  
7687.202443  
7650.938311  
7747.663  
7632.039113  
7612.786197  
7682.419498  
7664.274795  
7833.873241  
7837.926679  
7801.919886  
7973.828024  
7793.742353  
7725.889361  
7761.162727  
7748.260728  
7751.542136  
7799.625409  
7789.210018  
7749.782248  
7808.729715  
7860.528787  
7855.125424  
7829.170554  
7868.58919  
7797.370426  
7823.597793  
7969.679063  
7898.861723  
7902.204023  
7895.91733  
7875.271542  
7828.00848  
7848.880723  
7845.279857  
7821.577486  
7950.289479  
7729.760979  
7765.144682  
7807.805341  
7848.383358  
7714.250941  
7819.242195  
7776.663567  
7747.955509  
7708.123068  
7734.33267  
7896.337208  
7670.435482  
7774.338795  
7766.579992  
7898.749002  
7801.305772  
7685.563254  
7867.779735  
7784.281982  
7766.646606  
7682.470114  
7728.843089  
7773.591531  
7728.806002  
7662.664005  
7644.075418  
7670.225737  
7713.220215  
7693.337144  
7681.635218  
7719.893016  
7710.866039  
7839.967515  
7803.074082  
7891.644538  
7791.841316  
8014.614875  
7814.123363  
7851.759723  
7692.181504  
7769.628892  
7735.887451  
7795.540944  
7816.210514  
7768.37062  
7770.34123  
7816.205236  
7772.112333  
7805.819752  
7718.923584  
7760.647181  
7879.59892  
7853.691112  
7854.910199  
7789.435188  
7986.012889  
7771.18992  
7675.504524  
7772.703297  
7797.958747  
7742.919527  
7684.29238  
7737.8248  
7775.535982  
7820.15444  
7857.871675  
7817.375072  
7765.916109  
7838.761209  
7704.856675  
7665.0448  
7767.768038  
7758.048031  
7761.044757  
7767.387803  
7741.157966  
7877.00563  
7818.44234  
7760.985668  
7788.621611  
7717.910508  
7946.111802  
7931.495354  
7890.394668  
7828.894775  
7864.171279  
7865.083144  
7803.439862  
7753.627851  
7796.10442  
7783.013062  
7712.165046  
7726.49083  
7851.012372  
7854.610725  
7850.518863  
7685.182086  
7704.031573  
7838.909776  
7721.714219  
7783.773258  
7711.352496  
7738.72183  
7784.170626  
7686.507547  
7766.17464  
7937.462445  
7791.020587  
7656.397188  
7758.84543  
7707.521477  
7649.476957  
7549.183084  
7643.291619  
7760.643734  
7798.387997  
7718.223827  
7811.547607  
7782.074549  
7874.249763  
7807.577421  
7798.506297  
7816.758459  
7862.577457  
7860.175745  
7838.736773  
7845.467264  
7781.270831  
7903.045144  
7758.681992  
7805.492518  
7773.479514  
7861.139806  
7718.721256  
7717.97285  
7837.091323  
7768.473654  
7718.508251  
7610.30211  
7623.96898  
7666.877829  
7800.340583  
7739.839298  
7820.034058  
7730.570528  
7492.631082  
7520.59245  
7692.505989  
7862.696031  
7742.31459  
7745.905187  
7792.546157  
7828.000431  
7827.593104  
7961.633753  
7822.300034  
7774.324578  
7798.431734  
7845.210061  
7833.702335  
7776.698407  
7749.573422  
7854.31976  
7792.775218  
7789.558141  
7695.387501  
7744.449484  
7625.335219  
7599.145896  
7842.273323  
7871.4878  
7808.2581  
7981.322725  
7720.131326  
7713.390632  
7706.535235  
7829.385038  
7738.56487  
7841.208367  
7833.71796  
7813.121984  
7658.017133  
7684.163215  
7846.432229  
7840.200669  
7937.772985  
7747.821727  
7732.199966  
7754.602561  
7755.970567  
7858.639476  
7749.414465  
7742.871848  
7690.245203  
7698.971622  
7809.536858  
7774.628913  
7710.582491  
7809.910724  
7781.88096  
7760.953075  
7857.246223  
7815.099581  
7840.759177  
7773.920891  
7770.639742  
7800.435346  
7929.38269  
7778.269783  
7811.894208  
7798.83509  
7767.184247  
7910.075798  
7790.855196  
7838.552663  
7796.183077  
7751.971787  
7761.65574  
7757.841933  
7824.812005  
7875.496259  
7798.010721  
7806.066097  
7849.760046  
7821.490256  
7811.940573  
7766.606137  
7792.172629  
7764.500014  
7750.355957  
7747.653902  
7787.609741  
7705.85791  
7778.651209  
7862.524515  
7788.021262  
7832.488805  
7755.31278  
7833.488166  
7785.398502  
7776.273093  
7844.021255  
7747.933666  
7752.110423  
7660.192835  
7660.269258  
7715.584918  
7809.562457  
7874.988604  
7795.930298  
7744.591  
7775.527473  
7925.725607  
7841.873966  
7833.053653  
7755.313283  
7811.883423  
7799.690911  
7764.951976  
7705.581284  
7689.602546  
7784.781839  
7743.286915  
7698.303065  
7723.675918  
7718.005048  
7752.904448  
7799.529627  
7756.976929  
7674.067727  
7789.242798  
7886.305355  
7656.9484  
7747.684893  
7826.128834  
7795.793033  
7729.099796  
7745.532205  
7774.494586  
7680.779685  
7730.713623  
7732.79248  
7706.983556  
7783.839269  
7729.270192  
7700.393174  
7729.894014  
7687.906437  
7810.447129  
7748.130335  
7721.121151  
7712.217529  
7697.790082  
7867.123966  
7886.612865  
7811.032478  
7670.234756  
7809.253468  
7889.175149  
7857.105792  
7848.247882  
7780.723898  
7767.528256  
7782.162504  
7965.291403  
7774.687163  
7737.608456  
7768.057703  
7800.088896  
7811.130845  
7688.971321  
7711.798771  
7900.188922  
7736.080897  
