8356.591445  
8254.087441  
8242.192383  
8187.489531  
8326.291055  
8318.874746  
8328.598184  
8237.875313  
8246.817168  
8231.419805  
8328.375664  
8359.012383  
8290.162461  
8305.413145  
8369.242441  
8348.985605  
8298.55459  
8232.298867  
8259.244375  
8257.24957  
8270.146387  
8197.447578  
8292.445918  
8327.416816  
8299.007578  
8297.617461  
8286.666797  
8240.770293  
8242.335469  
8342.881563  
8359.538887  
8232.180469  
8160.880605  
8327.60584  
8305.264238  
8261.426543  
8279.468066  
8309.246367  
8175.755938  
8381.885684  
8368.624863  
8337.831582  
8226.841055  
8264.305801  
8343.089648  
8320.311641  
8275.596387  
8147.87502  
8322.084805  
8350.275332  
8273.057266  
8177.735254  
8383.881523  
8165.185762  
8320.237676  
8271.817344  
8173.738086  
8363.667812  
8399.842598  
8335.918281  
8286.848125  
8263.879922  
8338.186387  
8418.79291  
8331.092227  
8383.822578  
8345.488496  
8225.594668  
8399.749902  
8332.437793  
8373.665449  
8258.796758  
8308.707109  
8306.359707  
8175.295039  
8266.025605  
8355.493125  
8410.343574  
8401.467617  
8314.706582  
8332.230449  
8286.135313  
8273.743711  
8317.697734  
8261.208281  
8236.92752  
8294.561191  
8267.237461  
8241.303047  
8185.542129  
8257.873145  
8283.982988  
8285.281113  
8269.441777  
8243.192148  
8238.64543  
8209.905332  
8201.799707  
8247.920957  
8237.289863  
8229.663828  
8280.943105  
8224.072148  
8337.491484  
8312.976328  
8304.23957  
8321.304609  
8317.040762  
8250.112559  
8316.492871  
8180.816582  
8308.740352  
8279.871934  
8237.909902  
8364.599785  
8361.564336  
8234.383965  
8252.005137  
8213.676895  
8230.750156  
8281.089219  
8247.512734  
8316.909844  
8241.473672  
8337.135488  
8352.443281  
8324.048008  
8369.200234  
8258.831445  
8324.293008  
8231.50418  
8239.86752  
8292.436016  
8256.305645  
8318.863574  
8336.122949  
8235.438652  
8284.768105  
8214.265  
8222.828965  
8210.760625  
8257.489043  
8276.693965  
8276.473477  
8323.619336  
8271.314902  
8323.696328  
8347.794004  
8388.514492  
8326.64373  
8325.486055  
8344.426367  
8250.19877  
8302.69959  
8290.592715  
8275.3975  
8295.435508  
8374.914824  
8327.577012  
8324.564141  
8331.942676  
8320.873203  
8325.784648  
8302.489707  
8217.715195  
8267.507871  
8255.544434  
8231.455918  
8314.738086  
8341.066035  
8302.469746  
8269.149258  
8224.355742  
8223.282676  
8227.381133  
8292.964746  
8273.127227  
8229.887812  
8350.793828  
8342.06373  
8331.793867  
8282.91625  
8260.97582  
8271.233965  
8289.039766  
8267.66959  
8329.097031  
8315.53248  
8248.803535  
8256.362109  
8312.120098  
8283.739512  
8282.620254  
8275.198184  
8286.333301  
8308.790762  
8308.689277  
8299.298066  
8302.059668  
8363.944434  
8301.51998  
8186.126973  
8235.296523  
8254.239844  
8347.776992  
8319.471895  
8272.049531  
8224.386602  
8229.653223  
8349.24168  
8234.068105  
8270.822129  
8267.807754  
8274.948867  
8294.800898  
8297.51625  
8287.472637  
8337.333086  
8278.063867  
8268.627813  
8269.799414  
8267.738398  
8263.138516  
8207.095273  
8243.1875  
8268.855176  
8265.403652  
8265.377051  
8310.221582  
8313.500137  
8241.952207  
8272.84918  
8182.506387  
8295.288613  
8273.892148  
8274.088965  
8320.778633  
8214.627324  
8176.009551  
8351.356074  
8354.939375  
8299.169414  
8269.741055  
8266.509707  
8197.749043  
8299.828848  
8302.561113  
8275.346641  
8325.816953  
8251.679141  
8282.50832  
8365.153516  
8351.260879  
8307.095977  
8310.978516  
8277.755547  
8356.65834  
8343.641191  
8288.385684  
8271.858066  
8317.621543  
8285.926367  
8236.352051  
8329.384004  
8304.029863  
8310.501562  
8321.893926  
8305.298008  
8283.548906  
8325.573613  
8307.370156  
8333.077168  
8338.423184  
8279.263008  
8280.981504  
8288.975254  
8290.052949  
8320.377109  
8273.7775  
8288.508848  
8292.973965  
8251.024063  
8310.208477  
8247.981816  
8332.981172  
8330.911621  
8260.290332  
8247.917031  
8226.688066  
8202.154707  
8255.140469  
8267.250742  
8293.380703  
8278.597324  
8294.926465  
8301.503496  
8293.390234  
8244.835527  
8280.79457  
8282.397246  
8293.625449  
8280.897324  
8205.16375  
8223.011777  
8225.5425  
8136.485605  
8233.774609  
8303.36752  
8274.063828  
8312.369414  
8302.300059  
8294.976562  
8288.702949  
8291.060371  
8303.705391  
8286.10791  
8285.053203  
8314.747676  
8296.018477  
8320.903984  
8269.375918  
8257.129121  
8342.876836  
8354.50998  
8362.272148  
8310.254648  
8243.392383  
8311.568223  
8312.89082  
8265.07377  
8324.504668  
8285.601328  
8296.847402  
8265.448086  
8339.56418  
8247.297793  
8261.250879  
8383.03541  
8312.738184  
8314.514082  
8272.238789  
8272.694863  
8287.075293  
8320.045879  
8300.003457  
8330.032012  
8254.683457  
8285.338574  
8341.509121  
8256.466699  
8325.348496  
8379.790859  
8324.611523  
8314.674121  
8316.088027  
8311.770215  
8339.80084  
8359.689355  
8338.95334  
8264.968242  
8179.04248  
8214.402305  
8306.969434  
8252.495996  
8245.551602  
8186.890977  
8252.495566  
8255.673672  
8223.477539  
8202.972852  
8290.073594  
8271.571738  
8243.536797  
8300.127051  
8273.14627  
8298.006855  
8316.596348  
8260.757559  
8306.842188  
8283.756738  
8300.685723  
8350.554824  
8375.619102  
8211.056367  
8222.981348  
8114.338828  
8240.136953  
8207.55459  
8313.290273  
8228.888047  
8224.001172  
8265.918086  
8317.53166  
8242.586836  
8346.803848  
8297.399121  
8285.765898  
8298.939863  
8307.412363  
8283.715176  
8311.437012  
8304.78582  
8303.930313  
8317.803457  
8249.330391  
8332.918027  
8249.611035  
8274.729102  
8399.389492  
8341.383633  
8305.483945  
8257.532617  
8261.963379  
8348.782734  
8268.746875  
8329.12623  
8367.2675  
8300.955547  
8342.81041  
8331.262871  
8290.756094  
8305.566777  
8295.951367  
8318.8325  
8240.871484  
8303.88834  
8343.367988  
8266.399609  
8293.612852  
8335.8475  
8201.478301  
8324.651816  
8228.441914  
8220.438047  
8383.060781  
8307.265527  
8310.808945  
8253.416016  
8297.774297  
8314.135898  
8353.250234  
8290.444648  
8312.611875  
8293.490859  
8262.385234  
8220.318184  
8260.508848  
8332.141484  
8177.707539  
8255.725176  
8251.686602  
8289.853184  
8262.093281  
8267.531328  
8287.069883  
8304.569473  
8322.385488  
8263.187109  
8287.768965  
8372.368809  
8254.100937  
8245.701113  
8277.107617  
8286.095137  
8303.133613  
8137.631836  
8149.611191  
8345.968672  
8372.877383  
8225.526797  
8217.98498  
8303.882871  
8253.769883  
8182.597559  
8243.824434  
8184.708418  
8323.427402  
8296.952109  
8337.764805  
8285.122988  
8309.800879  
8246.725098  
8266.336641  
8248.562402  
8285.335352  
8320.0075  
8261.136113  
8310.841484  
8276.514336  
8307.704473  
8316.762344  
8268.6775  
8307.774355  
8302.644258  
8177.109453  
8242.225879  
8243.874395  
8395.785254  
8306.730469  
8343.427109  
8271.295293  
8260.37541  
8288.186133  
8346.911094  
8366.382617  
8318.810078  
8310.724473  
8263.52627  
8243.525938  
8375.392441  
8276.064629  
8287.050684  
8249.760957  
8303.735137  
8314.490117  
8271.627207  
8268.1125  
8255.980723  
8275.193242  
8275.923672  
8265.068984  
8341.243105  
8268.58418  
8285.026309  
8236.082305  
8326.170234  
8302.44207  
8263.016406  
8288.813906  
8194.040137  
8205.844453  
8298.26541  
8247.082891  
8219.989785  
8458.506191  
8370.951504  
8303.492793  
8251.046562  
8239.879063  
8329.655742  
8295.889531  
8285.747383  
8321.714414  
8329.524102  
8307.216035  
8281.561445  
8304.056172  
8277.499609  
8225.297891  
8281.432676  
8295.963438  
8258.924961  
8295.112656  
8272.809238  
8283.089297  
8250.298613  
8257.274121  
8303.518301  
8299.408008  
8289.63625  
8292.940605  
8307.644199  
8365.035547  
8328.144434  
8226.086914  
8236.238262  
8221.785  
8317.690547  
8343.547578  
8366.42418  
8296.785234  
8292.28707  
8329.770586  
8320.940098  
8328.848828  
8254.626406  
8293.543438  
8248.768574  
8285.697148  
8177.636484  
8220.077031  
8320.576934  
8298.048867  
8296.557051  
8204.967148  
8242.28459  
8246.379824  
8251.840547  
8246.484062  
8269.927187  
8286.474609  
8277.288262  
8290.594766  
8307.205684  
8325.253867  
8230.842168  
8271.571191  
8344.259687  
8294.355898  
8235.597988  
8293.710234  
8310.936777  
8325.645937  
8352.490469  
8284.097266  
8312.800605  
8355.314375  
8286.855547  
8329.499297  
8317.75416  
8228.800781  
8275.906523  
8287.172031  
8287.183379  
8270.252949  
8322.284512  
8296.122578  
8332.351875  
8366.72123  
8309.838105  
8240.230898  
8309.58043  
8255.47043  
8235.238105  
8243.942344  
8209.571582  
8277.228652  
8381.121172  
8325.073066  
8282.15291  
8314.415273  
8253.19791  
8287.10752  
8264.915566  
8321.827363  
8301.27502  
8250.353496  
8340.825977  
8355.243184  
8316.840605  
8313.526543  
8268.765078  
8266.53627  
8191.511621  
8197.435332  
8292.59209  
8317.930762  
8332.835586  
8341.118633  
8276.479824  
8204.244746  
8229.32457  
8201.770859  
8255.072207  
8320.434453  
8368.383164  
8260.449766  
8207.544941  
8361.828027  
8338.231582  
8354.762715  
8287.046211  
8330.559336  
8219.393516  
8319.500137  
8298.489727  
8302.004531  
8329.378926  
8266.075703  
8272.040312  
8191.469668  
8292.110957  
8289.148594  
8205.323906  
8175.318496  
8251.781914  
8220.271758  
8193.695977  
8207.467383  
8142.850527  
8352.70123  
8351.539004  
8325.874238  
8295.132324  
8243.421484  
8362.878809  
8259.196543  
8341.829316  
8294.439824  
8221.771465  
8281.62084  
8348.86377  
8349.862539  
8293.16082  
8290.053926  
8243.304316  
8298.88707  
8210.87916  
8209.750547  
8252.003867  
8311.085078  
8269.106582  
8301.43082  
8287.078555  
8275.299434  
8250.926758  
8298.626172  
8292.347969  
8267.50873  
8220.099453  
8243.02293  
8216.469277  
8329.843516  
8287.467852  
8343.170762  
8303.471074  
8353.726445  
8348.666641  
8307.867676  
8276.777441  
8341.424922  
8374.348887  
8358.380273  
8322.476641  
8260.45666  
8277.27123  
8224.98959  
8289.369805  
8378.944727  
8320.101172  
8264.07457  
8253.647617  
8271.061973  
8318.986992  
8337.515762  
8255.396699  
8230.031348  
8240.191172  
8287.376738  
8217.365664  
8250.308867  
8343.635176  
8337.607207  
8292.000137  
8346.76875  
8193.938047  
8240.321582  
8257.048652  
8307.420996  
8280.902246  
8290.70377  
8293.029395  
8266.373711  
8299.171406  
8296.668945  
8269.770234  
8298.990957  
8259.945059  
8162.454316  
8398.047051  
8328.896777  
8333.75377  
8275.940469  
8274.254004  
8341.066855  
8257.438047  
8258.277266  
8281.651289  
8307.549805  
8277.627344  
8331.005039  
8304.964316  
8303.623809  
8284.661797  
8318.384199  
8309.862344  
8247.097969  
8321.078652  
8314.063633  
8205.986602  
8207.765977  
8219.87459  
8355.516367  
8345.489687  
8336.356816  
8276.623555  
8269.320078  
8183.655566  
8326.768008  
8264.647656  
8329.770547  
8393.33416  
8131.344414  
8288.376816  
8226.050352  
8104.329902  
8185.94252  
8260.152559  
8326.241895  
8318.659512  
8255.88582  
8261.332656  
8266.240488  
8336.256719  
8376.888027  
8278.792266  
8322.794062  
8269.814395  
8368.526562  
8365.295723  
8345.550977  
8302.432656  
8240.609316  
8350.002246  
8383.917656  
8337.102129  
8360.549883  
8296.933184  
8241.681797  
8211.473906  
8271.263379  
8380.691406  
8399.721484  
8333.16707  
8184.326133  
8314.309453  
8256.799004  
8251.42498  
8383.949434  
8284.991426  
8275.062559  
8160.982148  
8221.741152  
8249.021699  
8302.052637  
8329.489512  
8450.511406  
8381.067148  
8266.834102  
8172.731602  
8290.290234  
8311.291348  
8204.039922  
8243.200937  
8220.899238  
8155.035508  
8150.768965  
8253.459063  
8268.380586  
8257.252617  
8288.721719  
8266.868867  
8326.17332  
8384.602676  
8389.801504  
8342.300039  
8242.007734  
8360.696504  
8402.182207  
8358.280078  
8325.476836  
8311.288203  
8339.338672  
8359.867148  
8439.297793  
8283.303535  
8212.167441  
8261.161055  
8241.756953  
8193.169863  
8224.060723  
8171.697559  
8250.763711  
8250.516797  
8280.804512  
8312.994668  
8343.703477  
8206.614844  
8388.073437  
8324.478047  
8216.671934  
8232.86748  
8328.582441  
8371.94502  
8327.98002  
8352.823262  
8255.808828  
8378.678652  
8272.90084  
8293.54541  
8221.850078  
8164.935684  
8141.973203  
8233.328906  
8315.192266  
8333.334941  
8233.21873  
8294.326914  
8242.247109  
8333.172188  
8299.78041  
8260.880859  
8191.706758  
8041.49043  
8199.778281  
8244.947266  
8239.837578  
8285.145566  
8387.327168  
8214.271543  
8122.704609  
8103.445371  
8153.002891  
8114.363691  
8220.305898  
8330.505762  
8332.648633  
8320.663047  
8407.426777  
8300.077598  
8300.639219  
8317.520723  
8299.61877  
8376.590156  
8340.692188  
8349.92209  
8291.750879  
8326.062793  
8341.839961  
8310.518691  
8297.881406  
8333.490996  
8383.077227  
8237.99166  
8221.520469  
8219.883438  
8171.045  
8280.841035  
8316.352559  
8346.33002  
8402.234355  
8247.886602  
8189.343789  
8167.94248  
8259.561152  
8345.460703  
8342.71832  
8376.866992  
8383.482461  
8393.765039  
8327.303789  
8302.741816  
8286.134687  
8288.533887  
8355.984199  
8355.986602  
8347.558613  
8348.825391  
8352.073906  
8331.471289  
8402.35707  
8296.714355  
8188.658145  
8142.336758  
8331.195137  
8355.525801  
8206.778027  
8334.963008  
8336.812305  
8269.423672  
8179.887246  
8184.439102  
8148.346543  
8338.112871  
8400.460332  
8319.619453  
8430.398379  
8410.456191  
8275.166328  
8295.532969  
8253.729219  
8303.859902  
8358.611953  
8402.463438  
8420.843203  
8347.591406  
8322.914023  
8311.559375  
8249.578008  
8457.469434  
8271.373418  
8223.706289  
8059.432402  
8291.72166  
8317.866738  
8255.700137  
8142.598848  
8229.809277  
8333.764238  
8253.083496  
8285.591895  
8234.877246  
8143.12748  
8189.203613  
8255.358437  
8237.444609  
8271.465605  
8213.434043  
8167.54832  
8242.765957  
8202.903535  
8264.578789  
8307.793359  
8319.614004  
8287.345176  
8275.636836  
8366.10002  
8402.583516  
8331.009336  
8315.435977  
8362.937441  
8389.220234  
8372.10707  
8216.248066  
8271.905078  
8360.15502  
8367.803809  
8388.70543  
8374.624531  
8222.846992  
8321.674707  
8263.587051  
8292.765176  
8502.065625  
8385.481562  
8342.825215  
8298.46293  
8269.504141  
8370.252617  
8344.820371  
8354.559121  
8212.535293  
8250.999297  
8190.994004  
8217.415176  
8197.192949  
8313.325937  
8295.260664  
8207.920195  
8153.715234  
8269.941055  
8286.994336  
8268.391582  
8235.853945  
8256.335938  
8196.568379  
8193.792656  
8248.248691  
8209.068242  
8273.393945  
8242.018105  
8299.057891  
8263.228086  
8166.316777  
8243.606953  
8203.863105  
8070.305059  
8197.831152  
8304.900703  
8306.123086  
8279.947715  
8205.029922  
8328.967324  
8259.084863  
8337.914805  
8285.58543  
8334.619219  
8292.182188  
8258.472773  
8145.469063  
8351.657871  
8323.216543  
8281.404219  
8332.159277  
8305.346738  
8261.973906  
8302.914258  
8269.083359  
8311.801348  
8371.81332  
8329.799199  
8283.859668  
8257.604629  
8284.783398  
8237.33168  
8312.827539  
8294.278535  
8335.50041  
8323.220234  
8363.414355  
8292.007695  
8254.222344  
8273.96918  
8292.744141  
8341.395801  
8310.409102  
8276.439629  
8236.789219  
8324.639258  
8308.023242  
8341.274395  
8383.155703  
8341.138262  
8370.900195  
8297.406016  
8272.458223  
8350.173633  
8245.545508  
8260.192168  
8246.648281  
8321.838711  
8284.174121  
8279.459316  
8305.745957  
8323.270078  
8237.328984  
8322.646016  
8308.552441  
8258.98709  
8270.618477  
8171.106719  
8340.026367  
8294.332246  
8313.632793  
8294.337266  
8369.890195  
8237.152734  
8426.802383  
8344.236191  
8353.934668  
8390.538477  
8327.839805  
8167.96334  
8220.800664  
8108.658262  
8074.078477  
8112.964355  
8159.253848  
8235.403164  
8237.525879  
8270.13873  
8275.86459  
8209.467188  
8321.72002  
8140.357813  
8248.81207  
8235.202285  
8160.636816  
8191.040664  
8238.626738  
8275.062402  
8325.882969  
8408.418047  
8363.216016  
8346.299395  
8244.698516  
8247.27502  
8178.370254  
8264.109629  
8373.391641  
8355.914277  
8335.246152  
8344.59748  
8218.693594  
8204.618574  
8286.061484  
8252.095391  
8199.82834  
8246.064043  
8209.252754  
8190.220918  
8344.421055  
8359.159004  
8240.333965  
8277.716191  
8266.210254  
8495.056797  
8341.684785  
8284.753574  
8239.689277  
8354.95541  
8381.957715  
8378.940879  
8391.555215  
8317.041211  
8391.528125  
8413.076348  
8360.762422  
8324.815918  
8306.000273  
8302.543574  
8295.150801  
8309.425645  
8312.92502  
8276.345176  
8317.947148  
8260.172324  
8294.015391  
8267.148691  
8355.023242  
8401.344453  
8373.955547  
8257.593242  
8216.498711  
8271.32416  
8326.100449  
8299.17002  
8253.81668  
8145.549121  
8170.007734  
8233.063594  
8291.257715  
8312.85207  
8293.251523  
8237.846953  
8407.321094  
8338.275  
8371.191699  
8398.31832  
8385.083418  
8327.560293  
8332.31041  
8346.909238  
8288.230918  
8403.131934  
8425.982578  
8354.566172  
8350.653906  
8322.477871  
8323.89416  
8416.684629  
8336.837441  
8272.932363  
8296.166211  
8295.183555  
8283.649375  
8316.133613  
8307.269941  
8157.961738  
8268.354863  
8269.123047  
8181.27502  
8186.753828  
8197.145137  
8218.079102  
8236.336836  
8243.498125  
8329.873574  
8219.928906  
8193.73082  
8205.077949  
8159.671641  
8305.787676  
8194.614766  
8138.295586  
8252.463418  
8262.410098  
8244.35207  
8413.155508  
8228.440117  
8126.709805  
8341.412656  
8152.733086  
8101.010684  
8141.549238  
8245.183223  
8283.525195  
8297.088418  
8257.454258  
8255.412383  
8278.817324  
8335.428613  
8179.917383  
8209.706484  
8255.510664  
8204.581582  
8314.957324  
8364.591289  
8244.289531  
8294.910742  
8319.31334  
8336.528516  
8334.966777  
8322.526191  
8278.671445  
8379.479902  
8369.492012  
8326.123672  
8298.748848  
8408.228027  
8330.58877  
8306.245098  
8341.652402  
8349.104531  
8284.977129  
8207.256621  
8210.210996  
8169.301133  
8297.169199  
8409.028926  
8333.593047  
8290.86459  
8254.553555  
8227.558516  
8253.693379  
8395.357305  
8277.083574  
8409.878828  
8287.066855  
8235.863828  
8296.337129  
8180.796465  
8012.259121  
8252.864512  
8251.58293  
8269.783184  
8312.925898  
8282.005859  
8231.151094  
8376.886426  
8209.03791  
8231.712168  
8219.165254  
8266.889434  
8334.627012  
8084.338887  
8147.919414  
8238.37834  
8240.554766  
8396.92332  
8259.355176  
8442.324941  
8484.23625  
8305.564746  
8179.869277  
8240.055957  
8196.278145  
8234.886621  
8244.993867  
8224.913555  
8178.123066  
8271.229102  
8286.668008  
8319.223047  
8310.671133  
8366.571309  
8349.256172  
8295.582148  
8442.626113  
8402.256387  
8383.354043  
8403.528281  
8356.791035  
8308.150137  
8364.688203  
8310.987578  
8314.437344  
8351.973203  
8255.399707  
8272.301875  
8321.057656  
8349.769316  
8295.351484  
8336.642246  
8276.18416  
8242.797656  
8215.255234  
8332.442402  
8365.310195  
8328.110371  
8269.042051  
8364.197637  
8432.456641  
8347.652285  
8240.30957  
8317.363008  
8246.241758  
8259.750508  
8147.306348  
8225.753184  
8199.024727  
8165.631914  
8208.793242  
8188.378359  
8196.417363  
8223.282266  
8233.727891  
8264.590098  
8203.043867  
8218.496758  
8287.998965  
8281.994941  
8372.287676  
8381.439375  
8411.93377  
8374.182207  
8314.230527  
8251.529238  
8283.579883  
8367.426133  
8334.256934  
8339.415137  
8287.068145  
8306.925156  
8317.123125  
8312.450742  
8306.865137  
8269.183164  
8276.947246  
8358.87002  
8379.428848  
8374.202441  
8295.637969  
8397.937852  
8246.237012  
8167.51916  
8232.337187  
8359.369766  
8274.963145  
8212.798848  
8207.567383  
8227.564297  
8329.508496  
8407.265215  
8268.552266  
8271.536855  
8338.423398  
8212.786582  
8247.770566  
8310.218379  
8238.107422  
8218.02498  
8194.227852  
8272.021973  
8310.24127  
8319.382617  
8263.132988  
8289.276152  
8220.066934  
8410.25543  
8362.129609  
8374.328164  
8316.314492  
8332.131543  
8321.748359  
8294.536289  
8311.412109  
8370.817891  
8237.922363  
8182.362246  
8254.43707  
8411.196934  
8360.63377  
8327.937598  
8159.517383  
8387.055957  
8375.918477  
8244.720352  
8296.305078  
8194.102539  
8278.231191  
8308.362031  
8206.047051  
8294.56418  
8417.975977  
8284.666523  
8179.871934  
8291.888164  
8261.633926  
8155.321973  
8115.05123  
8118.380723  
8201.11873  
8286.068203  
8198.463516  
8294.865996  
8337.492773  
8373.610078  
8298.918711  
8303.165918  
8385.444961  
8323.979805  
8332.106152  
8366.398945  
8340.227715  
8306.876074  
8404.176191  
8286.972129  
8283.42082  
8286.931836  
8350.404434  
8251.534551  
8307.263477  
8368.174766  
8277.576973  
8229.383359  
8242.259531  
8167.042637  
8168.931855  
8269.165645  
8248.247754  
8258.156699  
8190.009824  
7987.696426  
8095.048887  
8183.701582  
8335.766426  
8251.148887  
8289.429297  
8306.810957  
8363.500156  
8331.202227  
8412.898945  
8314.883027  
8269.640391  
8331.92002  
8305.884805  
8344.097871  
8326.007734  
8235.489063  
8313.007246  
8262.197324  
8286.218066  
8248.36709  
8208.583555  
8158.138672  
8131.928652  
8374.878789  
8318.142422  
8321.633066  
8383.899512  
8254.567734  
8215.079766  
8248.384766  
8325.905078  
8317.986387  
8358.092266  
8342.838926  
8299.21334  
8247.397812  
8267.430234  
8293.192734  
8402.181641  
8443.732109  
8294.91791  
8258.797168  
8207.555039  
8235.075312  
8314.976504  
8266.186719  
8208.52375  
8204.125273  
8207.16168  
8289.742402  
8289.499902  
8290.608379  
8305.468242  
8270.155469  
8280.646055  
8358.565215  
8316.341309  
8304.639395  
8316.093867  
8332.882715  
8309.833418  
8365.767441  
8303.87498  
8298.358457  
8313.904629  
8262.910371  
8400.896191  
8311.027402  
8312.690996  
8280.17832  
8271.815859  
8235.038867  
8345.669766  
8347.864414  
8322.993457  
8286.271797  
8310.020762  
8330.290742  
8298.563105  
8258.335273  
8287.990469  
8321.556895  
8283.736289  
8275.954531  
8241.286582  
8291.003906  
8161.03252  
8392.955352  
8394.778828  
8298.305547  
8310.893594  
8261.354316  
8296.819141  
8281.07877  
8353.403652  
8362.885215  
8269.736875  
8235.15209  
8199.337812  
8188.766074  
8261.735176  
8316.879512  
8370.319902  
8314.493887  
8236.111973  
8330.400332  
8391.279082  
8329.199004  
8328.560742  
8289.342324  
8267.926816  
8316.867832  
8322.09791  
8195.895215  
8251.439746  
8345.94291  
8249.832227  
8217.785352  
8226.724766  
8221.955664  
8308.145527  
8347.223223  
8282.48875  
8169.999531  
8283.917227  
8282.903477  
8057.289863  
8196.639277  
8272.566445  
8275.942676  
8216.047363  
8253.30959  
8290.358086  
8198.953672  
8202.108535  
8199.129902  
8249.119121  
8311.373145  
8201.784219  
8210.372715  
8213.774141  
8204.197168  
8290.519316  
8300.656328  
8242.95207  
8217.652383  
8199.38707  
8375.414141  
8371.332168  
8326.211426  
8281.370996  
8324.979902  
8388.927539  
8343.122285  
8304.605039  
8279.432656  
8259.220703  
8283.911289  
8507.48125  
8358.312324  
8247.550547  
8228.663047  
8279.844844  
8279.045801  
8144.005391  
8296.014922  
8457.417695  
8241.576914  
