5350.143472  
5366.235085  
5339.631916  
5348.794769  
5406.054408  
5359.771159  
5367.344859  
5348.894668  
5331.160391  
5357.022595  
5399.707564  
5404.685623  
5364.63326  
5352.626334  
5301.939282  
5331.659149  
5322.343348  
5346.340116  
5326.396465  
5349.854554  
5332.532984  
5315.329605  
5336.296522  
5331.046883  
5332.101338  
5326.779715  
5369.235131  
5347.992743  
5352.551109  
5377.140464  
5373.956048  
5353.984309  
5340.158648  
5353.066209  
5350.8961  
5382.094371  
5378.022923  
5378.299211  
5363.554028  
5367.346937  
5353.203043  
5356.453262  
5365.978973  
5355.284851  
5369.857101  
5364.831207  
5359.972062  
5349.983811  
5329.682541  
5363.444152  
5378.823207  
5299.84796  
5356.311136  
5313.235548  
5374.785229  
5372.636105  
5336.892151  
5371.980308  
5370.775511  
5349.398736  
5333.78027  
5352.551535  
5377.737158  
5408.969852  
5365.392874  
5391.849109  
5363.844265  
5352.936914  
5355.35718  
5369.870644  
5359.164681  
5356.315745  
5347.020956  
5332.919343  
5328.096994  
5330.124378  
5329.800794  
5354.105325  
5365.978761  
5345.181554  
5333.535584  
5361.625894  
5359.011042  
5367.553585  
5336.049956  
5342.214138  
5319.952045  
5317.964159  
5308.11568  
5338.822377  
5329.991634  
5363.635724  
5350.323855  
5355.235243  
5354.45605  
5325.023448  
5336.777518  
5356.94408  
5350.2819  
5344.696394  
5331.380357  
5350.488502  
5337.283161  
5375.177141  
5375.63322  
5370.296557  
5348.785212  
5373.339  
5335.524494  
5341.700629  
5329.242818  
5337.774546  
5357.84821  
5349.699977  
5377.299187  
5370.796127  
5367.449296  
5333.604139  
5335.445507  
5331.397253  
5359.101438  
5345.236642  
5347.440587  
5337.180192  
5352.009021  
5370.103475  
5369.778992  
5412.718715  
5351.41236  
5341.945017  
5334.491659  
5331.586022  
5380.832053  
5352.494751  
5378.38055  
5374.958664  
5339.800587  
5338.584061  
5323.874995  
5337.245054  
5342.857162  
5362.421747  
5331.290991  
5350.869641  
5343.562628  
5344.760282  
5365.548252  
5358.8712  
5380.639433  
5370.822439  
5358.751505  
5335.933058  
5336.141892  
5348.995829  
5359.562779  
5344.419425  
5365.576019  
5373.927049  
5359.918768  
5343.510781  
5364.198517  
5357.65454  
5357.483315  
5341.445963  
5330.637313  
5357.075044  
5362.497908  
5368.571544  
5385.75422  
5364.555473  
5336.593586  
5362.8083  
5346.928566  
5338.519454  
5350.385736  
5405.055597  
5387.00145  
5310.738745  
5389.720834  
5349.552603  
5350.37299  
5368.231692  
5344.548593  
5360.845198  
5358.273039  
5336.843373  
5352.282612  
5331.55035  
5348.031938  
5342.943465  
5362.779323  
5348.809751  
5366.491839  
5364.69865  
5364.179983  
5374.757385  
5344.86047  
5343.736599  
5358.573735  
5351.050456  
5358.630407  
5388.80842  
5372.512165  
5367.694735  
5344.765824  
5335.999053  
5347.072597  
5356.761051  
5337.575892  
5367.458896  
5350.338643  
5319.937892  
5335.201322  
5343.097758  
5359.261423  
5361.161076  
5345.720284  
5345.253302  
5348.718522  
5326.105241  
5348.87731  
5354.250528  
5345.882323  
5340.172735  
5352.58995  
5363.081754  
5382.537206  
5341.269498  
5346.398221  
5347.298558  
5345.950464  
5354.995391  
5356.696354  
5372.479826  
5362.74606  
5353.539622  
5346.577278  
5332.854904  
5358.357326  
5377.188383  
5355.175607  
5314.241374  
5328.7659  
5343.483666  
5369.641612  
5358.489909  
5335.702798  
5339.112111  
5377.749707  
5364.674175  
5369.98863  
5392.775794  
5338.632328  
5332.705481  
5352.16983  
5362.563313  
5351.137494  
5365.353666  
5373.096327  
5343.981474  
5348.771501  
5367.016768  
5340.372405  
5351.72987  
5366.654019  
5368.235526  
5348.963883  
5349.281934  
5354.68863  
5362.783869  
5358.988688  
5354.641083  
5388.638603  
5350.027975  
5345.359598  
5349.303769  
5346.286886  
5329.049954  
5357.477481  
5339.062514  
5333.200564  
5316.472084  
5334.395212  
5342.803475  
5378.084549  
5415.938645  
5370.384256  
5358.296497  
5347.963072  
5387.271685  
5349.968841  
5360.939257  
5387.151142  
5330.599863  
5354.701717  
5370.298969  
5339.053826  
5360.072899  
5368.301358  
5366.689806  
5335.042501  
5322.433589  
5315.644375  
5323.034302  
5362.013119  
5340.646579  
5360.729037  
5361.478876  
5356.839339  
5338.032782  
5349.984558  
5352.414096  
5343.635116  
5353.526383  
5366.859694  
5363.808024  
5362.148829  
5328.26732  
5338.281404  
5363.414284  
5351.469886  
5347.777886  
5346.894231  
5339.465403  
5346.177931  
5357.213312  
5336.113606  
5387.181607  
5402.867072  
5361.137163  
5361.11742  
5319.371176  
5319.557474  
5348.685313  
5341.241006  
5364.784219  
5355.626412  
5394.51769  
5402.898124  
5374.304329  
5379.294924  
5336.228249  
5343.044338  
5339.364719  
5361.481244  
5405.323479  
5402.007839  
5384.095052  
5378.697152  
5351.865426  
5363.436169  
5400.278202  
5351.192542  
5362.225146  
5352.348949  
5379.871303  
5382.962265  
5376.077023  
5385.85265  
5333.923522  
5295.143093  
5339.021738  
5362.862117  
5349.917115  
5359.045444  
5328.752908  
5352.364133  
5352.697063  
5342.63609  
5341.457191  
5340.362897  
5338.659284  
5340.656367  
5343.1232  
5370.913596  
5321.056474  
5341.895123  
5331.859829  
5345.764198  
5356.830356  
5364.102749  
5357.64152  
5352.98515  
5315.092066  
5341.09227  
5345.817109  
5346.058281  
5347.542212  
5354.773009  
5353.839027  
5380.906977  
5363.956156  
5353.402367  
5310.852672  
5338.355989  
5343.220665  
5357.959627  
5365.88346  
5356.602326  
5372.841732  
5386.80127  
5366.210484  
5325.712602  
5321.986424  
5345.730916  
5334.947253  
5342.331434  
5342.841295  
5353.467144  
5351.492457  
5363.484535  
5341.019501  
5327.367885  
5347.548832  
5345.174304  
5367.864011  
5360.563214  
5364.898291  
5337.472597  
5378.54956  
5359.953753  
5357.874669  
5393.634902  
5373.245337  
5372.698804  
5411.208073  
5371.943223  
5364.167028  
5389.246317  
5386.291882  
5353.007965  
5385.879149  
5356.869414  
5339.075271  
5368.540212  
5362.589984  
5368.545087  
5364.842551  
5355.392296  
5356.333056  
5359.966134  
5346.873497  
5337.917894  
5324.191246  
5355.01077  
5362.181326  
5372.700881  
5350.976862  
5325.915071  
5344.531686  
5356.466105  
5330.309648  
5328.591507  
5333.705247  
5331.263284  
5366.195992  
5348.837711  
5353.851146  
5344.944717  
5330.024275  
5381.523806  
5352.450484  
5363.204773  
5362.283232  
5364.076025  
5345.754782  
5307.861869  
5366.188336  
5370.386488  
5352.135924  
5339.486098  
5351.82022  
5355.064417  
5336.497983  
5318.21873  
5311.986194  
5311.080545  
5322.088901  
5321.581187  
5342.810312  
5353.428142  
5350.553023  
5344.421392  
5334.188528  
5331.486266  
5341.618544  
5331.096232  
5352.836077  
5353.846633  
5361.260129  
5339.244897  
5342.712327  
5363.075682  
5386.875488  
5315.781137  
5381.957817  
5357.946639  
5369.226484  
5347.78861  
5359.268378  
5335.653663  
5348.468781  
5378.616521  
5375.149547  
5379.054494  
5357.227627  
5339.869691  
5362.100457  
5376.351511  
5385.253747  
5348.132946  
5358.092674  
5385.415894  
5357.54973  
5351.240519  
5332.95011  
5321.752318  
5306.186811  
5333.698084  
5366.06914  
5325.197912  
5379.637127  
5377.943885  
5363.950211  
5352.105586  
5368.596293  
5375.143123  
5353.235732  
5338.031334  
5340.974809  
5365.592196  
5374.9491  
5368.937044  
5361.61916  
5400.103881  
5375.302518  
5364.718058  
5356.249144  
5343.748956  
5378.043052  
5354.586409  
5342.438307  
5360.598217  
5331.217578  
5352.345849  
5385.951922  
5346.090747  
5333.42871  
5332.151712  
5345.286489  
5338.463792  
5362.707249  
5349.914862  
5347.200925  
5331.570006  
5310.828137  
5306.89944  
5336.252375  
5326.821439  
5357.573967  
5360.503001  
5384.726012  
5379.015197  
5372.683611  
5333.287959  
5399.792868  
5395.831852  
5389.136732  
5384.991399  
5390.411318  
5398.586209  
5393.795407  
5387.348832  
5348.289166  
5336.445371  
5338.11656  
5368.031742  
5359.401388  
5343.672418  
5338.12461  
5322.7016  
5287.606455  
5343.779539  
5332.793244  
5322.133286  
5302.807637  
5319.560122  
5330.06505  
5337.459511  
5299.201109  
5304.432904  
5294.905498  
5339.093587  
5359.379611  
5351.065597  
5355.511449  
5375.443386  
5376.041302  
5365.857278  
5379.876009  
5358.010453  
5362.929097  
5380.437461  
5365.202516  
5393.037932  
5391.274036  
5410.912928  
5407.554297  
5371.043234  
5380.542768  
5351.753627  
5365.54167  
5346.689091  
5360.872242  
5343.407025  
5348.765414  
5336.394712  
5341.977207  
5335.035686  
5356.511445  
5352.576699  
5355.752344  
5336.564662  
5337.840778  
5328.978066  
5325.335092  
5352.915241  
5418.407423  
5376.96759  
5370.704879  
5359.158433  
5358.847425  
5413.672187  
5386.804625  
5387.197869  
5343.085049  
5318.437203  
5341.957832  
5341.865995  
5352.608948  
5347.208193  
5349.955089  
5353.546818  
5314.696077  
5336.136479  
5356.878503  
5343.865246  
5345.869897  
5351.848531  
5322.993678  
5300.486016  
5342.193878  
5313.633662  
5332.132638  
5322.856883  
5318.375387  
5323.017502  
5359.470884  
5412.339773  
5375.885159  
5355.126469  
5358.896046  
5368.062407  
5377.118761  
5415.4675  
5412.506558  
5344.992435  
5345.141551  
5331.935029  
5360.335622  
5352.392679  
5340.612802  
5343.325768  
5347.107682  
5359.980801  
5339.427311  
5335.381083  
5348.7355  
5354.038199  
5342.141951  
5357.267082  
5355.758661  
5327.348622  
5350.549061  
5347.778052  
5379.575615  
5378.059363  
5364.526614  
5351.99475  
5345.992771  
5367.455138  
5386.04725  
5356.096552  
5336.226942  
5322.834269  
5312.379894  
5302.844815  
5310.214574  
5320.02424  
5337.711376  
5339.014082  
5347.302393  
5331.420964  
5320.69558  
5358.87078  
5349.752522  
5345.114175  
5371.285753  
5390.679744  
5382.075814  
5339.035807  
5358.788911  
5370.317102  
5367.011052  
5384.663891  
5355.483744  
5356.729322  
5360.164635  
5350.69447  
5363.278388  
5363.082425  
5366.633748  
5367.377333  
5364.779307  
5380.025032  
5350.734973  
5340.828074  
5337.138319  
5339.064217  
5333.7662  
5351.207311  
5387.614607  
5415.146591  
5400.631897  
5356.579618  
5326.326968  
5321.388945  
5318.286804  
5352.446617  
5372.832412  
5364.046298  
5349.102741  
5347.167039  
5323.685613  
5341.260961  
5349.768069  
5356.671494  
5381.407591  
5389.668496  
5370.409959  
5336.59406  
5330.489753  
5330.469136  
5342.658194  
5355.286479  
5350.202785  
5359.715932  
5341.935972  
5321.835626  
5375.364845  
5364.066453  
5351.52996  
5324.904026  
5337.830041  
5354.721123  
5372.563323  
5356.138831  
5353.074851  
5341.558459  
5301.781211  
5348.265796  
5356.485128  
5364.656515  
5343.83598  
5361.708803  
5363.733269  
5336.027156  
5354.155941  
5349.948061  
5312.119872  
5327.379961  
5325.691896  
5388.822319  
5403.582501  
5366.427494  
5334.460657  
5363.064464  
5386.270722  
5371.264997  
5393.37247  
5398.532958  
5351.706597  
5345.223684  
5341.540692  
5365.182477  
5334.756629  
5346.96677  
5350.423016  
5335.925312  
5347.444783  
5373.389012  
5389.747292  
5370.276818  
5359.650907  
5327.760801  
5318.974081  
5346.557696  
5351.413816  
5372.31772  
5384.22789  
5373.579028  
5362.999503  
5358.501402  
5389.79271  
5381.606873  
5368.217962  
5346.11871  
5306.630584  
5345.82785  
5375.316694  
5357.682526  
5363.043356  
5381.140565  
5349.191815  
5340.891627  
5374.285693  
5408.54954  
5361.73477  
5380.548826  
5324.650142  
5354.685594  
5288.458699  
5349.214099  
5369.667361  
5355.882626  
5350.889459  
5373.831039  
5301.081437  
5311.76952  
5283.872393  
5331.991861  
5320.98088  
5339.30596  
5337.744544  
5340.621244  
5309.433773  
5330.732455  
5343.866023  
5355.515245  
5340.126349  
5395.289959  
5394.25507  
5366.349704  
5384.502971  
5359.909507  
5362.895607  
5360.768558  
5394.398009  
5400.687719  
5354.850445  
5343.050812  
5368.171935  
5367.866398  
5376.25698  
5389.633777  
5362.148357  
5334.52234  
5352.752363  
5335.406227  
5319.76793  
5316.886435  
5291.883271  
5360.090472  
5413.318007  
5415.818119  
5396.004198  
5368.760613  
5335.740623  
5374.181941  
5332.931974  
5302.263237  
5353.061001  
5399.011866  
5387.928525  
5358.619056  
5353.85617  
5326.251264  
5358.897899  
5330.289473  
5354.667463  
5335.950241  
5306.122935  
5342.181595  
5337.587751  
5358.598782  
5365.214475  
5341.74892  
5370.212531  
5324.361955  
5353.916989  
5387.774823  
5356.41375  
5299.821654  
5253.124005  
5313.523775  
5388.148149  
5365.271873  
5371.074659  
5392.434825  
5298.990075  
5258.949235  
5252.278771  
5249.429774  
5281.263359  
5290.836793  
5334.394758  
5348.554979  
5345.294684  
5359.727332  
5351.758667  
5394.844836  
5359.661954  
5335.564467  
5360.67307  
5374.000728  
5358.893361  
5380.6751  
5387.722941  
5404.697991  
5380.413658  
5382.653654  
5383.131479  
5354.195084  
5319.733456  
5326.28633  
5367.403692  
5359.869054  
5377.917651  
5394.957973  
5383.254915  
5388.912189  
5325.659279  
5329.365389  
5311.957818  
5351.357906  
5401.108949  
5403.654382  
5397.133718  
5394.636633  
5408.448063  
5373.375853  
5358.096678  
5355.263465  
5376.77764  
5382.432016  
5388.715602  
5388.570462  
5361.274682  
5361.14687  
5332.303735  
5337.829867  
5329.550796  
5308.484947  
5306.369769  
5332.440935  
5356.363146  
5335.372924  
5321.521126  
5346.66293  
5367.600824  
5337.308914  
5358.289416  
5376.021758  
5378.400511  
5414.984543  
5366.379934  
5362.68858  
5347.050806  
5315.315648  
5335.00404  
5361.852565  
5374.30114  
5378.398417  
5386.72111  
5402.731509  
5396.251495  
5386.861023  
5367.75227  
5382.189471  
5385.752856  
5384.801255  
5384.732092  
5350.637816  
5347.70375  
5356.159475  
5330.733371  
5338.411732  
5364.496144  
5385.426015  
5365.367815  
5331.179369  
5287.463317  
5325.364767  
5326.795428  
5338.355132  
5360.176583  
5354.859444  
5327.222918  
5299.601983  
5315.500689  
5333.211679  
5333.447287  
5342.433985  
5335.308817  
5342.613386  
5342.45611  
5365.526205  
5375.030275  
5348.697483  
5338.120091  
5344.197666  
5359.915851  
5363.466104  
5388.335862  
5390.03063  
5408.496976  
5398.795486  
5334.20935  
5314.161375  
5316.363426  
5352.099018  
5364.313288  
5369.515961  
5378.377566  
5374.800334  
5356.478844  
5361.500016  
5362.400723  
5331.36814  
5399.001301  
5356.678794  
5312.9993  
5343.987693  
5335.449436  
5365.246281  
5352.693926  
5325.320256  
5315.827219  
5314.382923  
5314.960687  
5324.429822  
5334.806644  
5362.458712  
5323.752613  
5336.102438  
5330.371246  
5351.399786  
5331.201375  
5362.949465  
5361.314876  
5360.700547  
5375.553167  
5365.744828  
5327.35556  
5332.511255  
5305.155765  
5337.065571  
5361.314206  
5399.020208  
5382.260797  
5367.202965  
5362.205052  
5380.103946  
5367.891335  
5337.489673  
5360.290841  
5357.172085  
5345.254838  
5319.702568  
5325.942785  
5344.272562  
5353.11079  
5359.880397  
5357.607078  
5354.744349  
5327.947245  
5301.639229  
5338.686167  
5375.83743  
5373.818711  
5356.741391  
5333.512002  
5329.7261  
5336.175882  
5376.2333  
5374.890735  
5387.239934  
5362.796373  
5382.702914  
5363.905746  
5365.512354  
5407.633994  
5383.606704  
5369.972718  
5366.729168  
5342.42688  
5362.729715  
5372.230252  
5367.984145  
5352.501913  
5414.923189  
5397.220659  
5391.97297  
5385.624332  
5335.190368  
5356.34271  
5361.819191  
5387.565099  
5341.906809  
5307.268554  
5311.643089  
5337.243393  
5357.460566  
5358.686492  
5347.101111  
5349.613153  
5353.157635  
5352.101813  
5369.132773  
5381.226073  
5345.107569  
5328.704584  
5351.516735  
5351.163942  
5322.145349  
5309.717098  
5295.766942  
5399.496698  
5352.165326  
5348.388473  
5334.590741  
5314.600862  
5264.661124  
5284.711794  
5257.525914  
5243.560216  
5278.370515  
5312.94965  
5317.30652  
5306.711294  
5313.877451  
5330.515068  
5352.649467  
5349.495785  
5369.487315  
5359.001587  
5309.327045  
5309.55812  
5347.36915  
5351.944268  
5383.869861  
5423.981345  
5409.786318  
5404.61993  
5390.95866  
5352.942255  
5319.585039  
5376.800792  
5388.388259  
5369.927337  
5392.121882  
5374.83126  
5339.056913  
5299.519754  
5311.805638  
5348.946302  
5315.926459  
5310.756925  
5322.366133  
5374.009644  
5344.600408  
5406.514045  
5378.347294  
5384.148952  
5381.827445  
5389.035215  
5416.375113  
5363.135965  
5346.58315  
5368.734126  
5391.398242  
5413.426934  
5439.593885  
5406.600621  
5388.849204  
5393.00328  
5377.816634  
5375.568852  
5381.077811  
5412.936283  
5405.71544  
5370.567916  
5342.274049  
5379.725181  
5342.625939  
5342.628316  
5337.950202  
5330.641923  
5338.250847  
5325.864909  
5360.124679  
5372.070928  
5356.936566  
5377.301959  
5371.622287  
5336.586212  
5344.383706  
5315.485838  
5294.216107  
5305.040597  
5327.635727  
5400.6441  
5392.730432  
5419.264649  
5372.067118  
5374.924037  
5375.499706  
5350.341455  
5373.922618  
5355.348237  
5352.070747  
5379.685178  
5350.966161  
5352.208625  
5363.858021  
5351.48815  
5370.803636  
5362.645281  
5334.773936  
5334.654527  
5344.77079  
5325.687707  
5384.367681  
5365.432706  
5387.214958  
5364.904639  
5333.380993  
5343.140785  
5316.344614  
5320.087315  
5309.671228  
5301.795207  
5325.968432  
5343.856168  
5364.583248  
5351.062707  
5362.875227  
5356.829464  
5323.216129  
5314.602126  
5301.264133  
5296.675085  
5320.435722  
5292.37019  
5334.949849  
5351.801357  
5358.000956  
5354.86138  
5369.186283  
5323.052333  
5332.696509  
5355.878196  
5302.885354  
5325.607594  
5340.031744  
5354.205607  
5356.948326  
5357.213445  
5358.895576  
5353.824385  
5356.334172  
5370.196989  
5316.614573  
5317.47899  
5337.751895  
5327.203673  
5337.120708  
5331.339958  
5324.808625  
5368.243713  
5405.777281  
5393.775141  
5405.635316  
5393.743645  
5392.644356  
5406.187777  
5403.157335  
5374.843206  
5364.963817  
5375.364323  
5359.38905  
5398.741745  
5394.368555  
5348.942821  
5317.283551  
5300.357621  
5316.449731  
5373.095142  
5383.956735  
5394.211064  
5356.346774  
5342.500767  
5334.034933  
5303.592682  
5354.784004  
5375.562344  
5332.150148  
5329.574332  
5350.55321  
5355.326215  
5343.125833  
5316.686094  
5289.140175  
5316.239853  
5368.087234  
5359.094304  
5353.067821  
5371.754568  
5357.116628  
5391.306075  
5364.560435  
5401.79546  
5337.732342  
5364.039153  
5323.148233  
5303.306044  
5340.125197  
5402.825579  
5395.57954  
5385.708475  
5401.125715  
5367.834432  
5364.647009  
5335.421735  
5287.928757  
5287.83858  
5255.148743  
5259.748049  
5283.736702  
5291.858542  
5284.238113  
5333.179468  
5352.621881  
5339.657022  
5322.347614  
5363.617885  
5354.444014  
5389.37532  
5425.822855  
5406.465407  
5394.703116  
5397.200468  
5384.710717  
5387.953589  
5380.962995  
5371.553583  
5353.969807  
5364.329475  
5328.559564  
5353.607324  
5382.85639  
5408.002609  
5403.239733  
5376.900914  
5370.993843  
5335.977915  
5353.964905  
5346.47334  
5386.258415  
5405.112999  
5399.991812  
5394.817671  
5395.304304  
5310.224678  
5297.048484  
5307.955446  
5278.628269  
5296.424347  
5275.286158  
5310.161877  
5307.674313  
5311.391664  
5307.423757  
5328.541377  
5335.46747  
5371.523087  
5357.83956  
5349.589289  
5346.115384  
5362.611714  
5366.852768  
5389.50714  
5441.479149  
5441.958523  
5384.016727  
5368.108786  
5344.960589  
5336.1548  
5344.07341  
5404.228069  
5355.993049  
5372.553054  
5345.734322  
5370.727735  
5360.431142  
5342.416859  
5320.10911  
5306.723238  
5346.992024  
5392.878849  
5370.373047  
5357.820284  
5359.980767  
5352.974632  
5318.11397  
5333.006842  
5366.472047  
5331.298212  
5315.199839  
5289.115909  
5311.863391  
5324.083983  
5386.826777  
5355.36463  
5362.785502  
5376.456241  
5387.138368  
5396.834155  
5407.76656  
5355.833291  
5363.156871  
5355.073036  
5358.53084  
5382.947115  
5381.505594  
5371.640758  
5344.468489  
5332.710173  
5350.921734  
5372.292259  
5375.856548  
5391.251145  
5374.111315  
5367.767006  
5362.015947  
5352.86786  
5362.300854  
5337.741702  
5328.602188  
5352.356987  
5375.96002  
5391.55876  
5363.408695  
5343.05432  
5321.442391  
5384.515549  
5392.14829  
5357.716849  
5352.475822  
5305.598514  
5319.594718  
5327.237923  
5322.431063  
5378.145456  
5370.478613  
5350.950646  
5330.910129  
5340.237366  
5310.44977  
5275.759696  
5275.938513  
5298.14877  
5331.455871  
5335.127077  
5346.103858  
5389.85625  
5380.939269  
5332.278037  
5344.325895  
5364.1828  
5374.505139  
5407.437415  
5415.832332  
5411.933597  
5402.503949  
5381.921458  
5348.568023  
5309.381255  
5350.21244  
5352.008127  
5366.012064  
5333.332364  
5363.634289  
5366.998962  
5370.137  
5367.397292  
5392.855966  
5340.545508  
5300.367001  
5335.493863  
5320.045142  
5337.713673  
5330.611945  
5315.915789  
5367.972938  
5357.977342  
5335.500824  
5311.502127  
5323.143623  
5368.841641  
5379.83434  
5409.688376  
5362.235189  
5378.355549  
5367.036364  
5349.134438  
5364.156043  
5342.77711  
5339.126104  
5349.953619  
5350.397326  
5355.439739  
5352.63091  
5337.001406  
5301.937788  
5321.848041  
5311.705861  
5396.406385  
5389.357787  
5380.774379  
5377.83516  
5324.058675  
5325.44421  
5347.246262  
5378.649553  
5378.476587  
5377.469519  
5346.281257  
5362.319441  
5323.796966  
5331.256873  
5372.515542  
5351.107763  
5349.991999  
5328.54961  
5307.7857  
5316.783543  
5307.556213  
5350.813105  
5309.125388  
5312.281957  
5328.697861  
5351.887368  
5344.44751  
5326.554848  
5356.688957  
5355.941218  
5356.92142  
5377.110011  
5380.476952  
5366.59059  
5370.240394  
5363.314238  
5380.816043  
5347.943335  
5342.552964  
5350.236353  
5380.230889  
5364.817598  
5371.154914  
5377.52239  
5389.983505  
5375.911973  
5376.825934  
5356.22517  
5342.546588  
5362.692634  
5356.621959  
5346.029609  
5356.818797  
5378.364032  
5375.979412  
5377.256264  
5372.071995  
5337.551539  
5348.695758  
5331.069548  
5353.268606  
5364.989716  
5365.362008  
5352.448593  
5367.538976  
5347.943963  
5368.048261  
5373.242356  
5341.221086  
5364.798702  
5348.615521  
5353.527487  
5369.230053  
5361.134012  
5323.137105  
5270.35434  
5304.042646  
5338.669979  
5385.675961  
5379.712552  
5365.59691  
5352.268325  
5369.963951  
5373.382459  
5389.275452  
5398.035178  
5373.357546  
5332.491559  
5371.746756  
5340.257226  
5319.821327  
5340.758373  
5351.964049  
5367.244182  
5379.759527  
5351.535228  
5350.297407  
5367.447502  
5363.463194  
5347.208342  
5324.053927  
5372.418586  
5346.263677  
5300.80178  
5336.473486  
5348.810321  
5347.27778  
5341.07322  
5363.888041  
5348.796476  
5344.808424  
5333.375431  
5320.672573  
5316.259479  
5299.51568  
5320.51928  
5340.711803  
5370.330835  
5370.650632  
5385.997797  
5350.845686  
5369.234231  
5342.714861  
5359.967988  
5382.555873  
5376.625414  
5385.42237  
5368.779768  
5350.157244  
5355.471393  
5339.735298  
5340.793557  
5377.464499  
5368.413964  
5382.749578  
5392.85855  
5353.891558  
5330.388653  
5376.254338  
5393.508454  
5399.417595  
5330.220127  
5320.819309  
5318.855678  
5267.087058  
