9307.454014  
9169.393188  
9062.241159  
9141.011527  
9178.95738  
9140.869123  
9148.623832  
9149.298497  
9126.360003  
9068.35798  
9151.799491  
9114.553781  
9223.495449  
9104.101074  
8954.652274  
8998.965977  
8993.133911  
8965.785226  
8980.901385  
8941.842965  
9034.920323  
9078.170393  
8930.43832  
9071.737845  
9124.1826  
9008.23577  
9114.269479  
9236.900774  
9196.825788  
9230.716431  
9193.759312  
9178.067557  
9151.619019  
9135.791696  
9131.022269  
9240.473424  
9163.244402  
9196.184971  
9244.130336  
9089.809605  
9136.229858  
9161.473057  
9097.661307  
9102.695452  
9043.890747  
8972.750296  
9091.810965  
9013.781407  
9059.56114  
9129.667062  
9014.797241  
9089.805891  
8961.228603  
9027.69962  
8834.791539  
9044.729004  
9042.640102  
8973.714338  
9201.107265  
9129.810076  
9004.956944  
9054.006034  
9086.782366  
9082.33381  
9074.555908  
9059.429984  
9086.958095  
9060.690377  
9044.937796  
9166.837507  
9313.671805  
9151.725865  
9143.588675  
9093.689122  
9054.801392  
9044.124913  
9122.104109  
9113.451608  
9194.951678  
9192.408447  
9163.400007  
9204.298288  
9164.373605  
9154.378435  
9122.273804  
8995.272008  
9138.359218  
9048.534459  
9091.34307  
9152.862566  
9230.210624  
9032.919155  
9110.558332  
9038.879185  
9003.059937  
9042.294538  
9132.450091  
9144.944859  
9044.711792  
9060.854178  
9145.464983  
9138.311942  
9149.770159  
9207.000977  
9204.514352  
9231.025338  
9125.334211  
9112.716692  
9150.061733  
9173.659511  
9137.051113  
9149.721959  
9070.537842  
9053.489188  
9101.885672  
9146.128401  
9056.537755  
9092.578003  
9061.341204  
9141.74564  
9089.640102  
9086.699934  
9234.820365  
9094.453125  
9167.672154  
9065.452741  
9163.195469  
9148.858085  
9059.649571  
9083.458217  
9241.069842  
9091.31897  
9137.709054  
9047.244664  
9068.64338  
9083.446132  
9162.996355  
9003.618879  
9113.140241  
9029.638724  
9135.81597  
9022.727539  
8981.09314  
9074.96943  
8998.817627  
9043.386056  
9133.142508  
9152.423113  
9086.346034  
9223.582031  
9156.499826  
9228.553327  
9195.711687  
9229.200596  
9211.559989  
9169.132185  
9207.679478  
9094.997105  
9090.090018  
9030.845895  
9175.916504  
9128.916975  
9092.322475  
9027.215785  
9110.954712  
9240.629046  
9183.355591  
9112.163975  
9100.471732  
9122.674892  
9118.099749  
9178.648699  
9044.674351  
9146.666818  
9160.111433  
9103.97719  
9072.072946  
9073.519758  
9041.974941  
9118.140346  
9029.810268  
9057.037057  
9037.343454  
9129.350603  
8990.617815  
9055.929792  
9112.105748  
9067.254272  
9029.501134  
9112.918736  
9058.470721  
9082.487898  
9092.951573  
9150.276681  
9050.230591  
9036.608398  
9122.157192  
9111.484079  
9138.959839  
9015.603673  
9130.878348  
9041.503714  
9111.031512  
9228.178606  
9209.184378  
9272.257673  
9165.547119  
9135.642107  
9134.598982  
9056.71732  
9101.836321  
9064.074655  
9113.872088  
9039.864136  
9037.454084  
9167.481672  
9057.00715  
9018.794259  
8982.388236  
9061.506679  
9139.787127  
9079.888707  
9154.969988  
9086.688232  
9207.357823  
9101.988177  
9066.969814  
8977.530047  
9137.702323  
9099.67838  
9181.786307  
9124.912633  
9176.378401  
9149.420358  
9103.202689  
9089.999895  
9161.787912  
9174.814819  
9115.558332  
9101.125872  
9005.03765  
9039.417236  
9056.13773  
9129.058977  
9097.914237  
9113.169399  
9202.127476  
9104.066895  
9160.84246  
8943.940029  
9071.040004  
9052.457973  
9111.95731  
9077.377825  
9189.74578  
9123.929653  
9169.999547  
9079.52213  
9094.766061  
9089.599819  
9078.844884  
9083.52117  
9012.515956  
9032.086373  
9153.935913  
9101.160017  
9117.186663  
9289.465506  
9173.533936  
9102.913923  
9206.003313  
9134.943743  
9124.964094  
9038.006975  
9140.932146  
9097.286761  
9044.272356  
9151.011126  
9135.950003  
9016.738159  
9090.509888  
9126.670201  
8969.260463  
8992.689697  
8992.363421  
9079.788661  
9170.638323  
9070.263829  
9053.955026  
9080.225673  
9010.678188  
9103.449498  
9043.524728  
9042.080008  
9150.059047  
9254.962402  
9123.716727  
9126.415004  
9098.788801  
9115.127895  
9163.849627  
9152.204677  
9135.39924  
9065.311157  
9210.735073  
9113.353952  
9044.561802  
9075.308977  
9098.983241  
9088.124233  
9126.140433  
9103.195173  
9092.159023  
9043.901123  
9126.833304  
9163.21092  
9143.595232  
9157.284825  
9247.904018  
9183.273734  
9030.874268  
9095.207938  
8998.753209  
9115.136283  
9190.871687  
9089.710414  
9198.690901  
9096.795846  
9071.918684  
9087.86159  
9111.510341  
9150.843454  
9240.755702  
9059.353655  
9151.907418  
9161.112444  
9208.324986  
9131.051025  
8997.378244  
9070.899501  
9019.336217  
9161.274187  
9137.201904  
9001.927037  
8993.903809  
8976.059675  
9062.96167  
9017.892229  
9067.836077  
9099.67388  
9054.930437  
9045.875192  
9116.908866  
9115.228115  
9188.850324  
9233.262102  
9165.015799  
9003.624233  
9102.945347  
9038.236258  
8934.463658  
8936.555246  
9028.463832  
9052.963728  
9146.954119  
9237.59586  
9138.926392  
9217.539289  
9107.333583  
9154.752738  
9144.322126  
9163.577619  
9126.767473  
9049.224016  
9130.841832  
9159.383248  
9305.894409  
9247.285488  
9132.92906  
9169.392665  
9072.791818  
9114.383057  
9201.257307  
9271.296823  
9172.492658  
9266.475202  
9195.319406  
9101.368304  
9162.60301  
9164.387521  
9113.603167  
9133.167289  
9100.485613  
9152.208845  
9123.881086  
9146.258092  
9114.094988  
9091.608521  
9052.544294  
9045.668265  
9062.888166  
9161.61935  
9095.508667  
9098.726109  
9075.168928  
9057.799787  
9057.841326  
9025.549316  
9058.856777  
9087.115827  
8999.682111  
8974.538225  
9043.987026  
9072.362183  
9104.616368  
9146.319946  
9010.035156  
8988.403425  
9040.941336  
9161.988752  
9267.944737  
9149.476964  
9187.179339  
9119.258074  
9173.540475  
9163.706247  
9090.497245  
9108.33674  
9063.95255  
9032.305106  
9076.828945  
9051.013672  
9069.823382  
9127.719604  
9222.375296  
9128.91258  
9077.247489  
9183.949184  
9097.302386  
9063.020246  
9097.373012  
9123.011632  
9186.226127  
9133.850638  
9118.046404  
9116.151193  
9141.768555  
9197.156198  
9181.989589  
9154.298689  
9162.843331  
9188.47522  
9085.680141  
9170.607928  
9078.399501  
9092.919713  
9113.625209  
9110.320382  
9181.228847  
9122.073853  
9141.444423  
9189.51716  
9162.025984  
9166.225115  
9189.08803  
9205.481986  
9173.757307  
9171.408936  
9145.963466  
9075.2451  
8995.950195  
9068.12861  
9095.091169  
9006.808629  
9047.732317  
8992.224888  
9049.097238  
9130.936314  
9076.283378  
9141.454886  
9074.625471  
8999.322736  
9053.459438  
8988.560163  
8998.19247  
8906.513393  
8983.006627  
8999.481777  
9144.960868  
9143.466971  
9169.614205  
9051.437692  
9127.255162  
9156.093401  
9189.562081  
9137.925921  
9004.290545  
9066.141235  
9020.316755  
9163.476458  
9262.372593  
9221.148315  
9166.311279  
9097.397234  
9073.708426  
9124.824254  
9237.357736  
9274.946882  
9151.41626  
9138.40046  
9066.609584  
9207.020735  
9112.55481  
9184.531372  
9095.101004  
8960.625593  
9059.234061  
9098.671666  
9043.991455  
9040.215646  
9071.309797  
9198.95309  
9003.467268  
9047.468576  
9084.316023  
9091.469622  
9072.394496  
9161.183559  
9205.526507  
9227.242606  
9182.160069  
9048.00286  
9182.263184  
9077.836007  
9108.700265  
9055.433664  
9100.98727  
9203.19172  
9096.378575  
9059.755214  
8997.683001  
9015.206892  
9012.25701  
9069.4887  
9052.297712  
9028.929182  
9151.308018  
9160.461321  
9197.799473  
9322.913452  
9193.972552  
9205.555594  
9155.324759  
9014.025269  
9095.499355  
9076.430734  
9102.17688  
9118.355416  
9106.94172  
8994.967564  
9048.094448  
9132.394758  
9109.249512  
9059.67184  
9064.37432  
9069.718802  
9079.058646  
9110.306048  
9103.027553  
9143.132725  
9125.091954  
9108.994542  
9119.143066  
9065.917045  
9165.828142  
9262.744193  
9067.535034  
9057.459281  
9054.94519  
9022.29534  
8861.021153  
8916.218  
8925.281023  
8897.93478  
8994.324498  
9163.956438  
9059.721052  
9167.554217  
9105.917934  
9141.212838  
9156.11935  
9137.666347  
9108.922555  
9066.270159  
9163.322911  
9148.513759  
9140.769601  
9072.750628  
9129.17545  
9210.364293  
9138.710798  
9093.227277  
9325.597639  
9178.336652  
9204.547294  
9079.199184  
9182.147391  
9215.835815  
9247.334298  
9242.662877  
9188.735613  
9160.635463  
9125.318917  
9145.75483  
9099.879046  
9064.690203  
9104.7293  
9118.678275  
9143.960746  
9110.229597  
9012.545462  
9002.649937  
8965.899432  
9046.530134  
9013.817697  
9098.283761  
9095.030151  
9140.80181  
9043.33381  
9163.749477  
9197.028303  
9209.572841  
9186.583479  
9182.404471  
9038.657035  
9082.662301  
9068.82026  
9077.870815  
9058.787231  
9048.885132  
9140.855347  
9037.866804  
9136.52628  
9224.747489  
9184.444475  
9117.063564  
9147.97597  
9154.072091  
9038.934937  
9168.972412  
9077.45656  
9012.915737  
9051.772653  
9010.1476  
9129.651402  
9089.315133  
9114.947946  
9254.863543  
9109.559326  
9128.153669  
9036.01362  
9078.778669  
9117.785924  
9199.146118  
9155.638986  
9196.938215  
9204.336164  
9193.531651  
9047.006749  
9020.930071  
9061.069615  
9052.606306  
9100.308559  
9146.911168  
9169.357073  
9208.093994  
9087.849383  
9054.194162  
9077.884138  
9042.789533  
9025.141288  
9048.765259  
9051.801304  
9062.134173  
9012.042655  
9106.826573  
9092.72454  
9132.808925  
9020.348511  
9237.706682  
9137.531773  
9174.28683  
9135.651542  
9106.371826  
9177.76355  
9206.067435  
9116.252529  
9168.587873  
8965.56958  
9069.504098  
9022.640765  
9053.936576  
9128.801496  
9103.818255  
9095.239345  
9080.946777  
9111.179217  
9127.153599  
9087.057809  
9108.882673  
9107.233834  
9164.432181  
9173.696498  
9211.326538  
9095.388062  
9075.597046  
9133.674787  
9201.645455  
9047.774432  
9083.700928  
9191.031634  
9176.678292  
9097.703509  
9065.092529  
9072.715384  
9092.315744  
9046.875174  
9104.390451  
9063.818638  
9087.804757  
9021.72011  
9093.188634  
9063.682914  
9026.491002  
9071.429775  
9006.604806  
9096.356759  
9038.596749  
9221.970616  
9093.291051  
9106.434291  
9124.40332  
9109.703456  
9096.695714  
9113.393084  
9080.639927  
9030.342442  
9011.724365  
9035.396432  
9074.292306  
9177.335223  
9152.396694  
9122.261963  
9057.141881  
9183.591936  
9099.723894  
9072.484532  
9159.971226  
9077.236921  
9042.08599  
9103.472883  
9016.503104  
9015.956909  
9104.500959  
9085.47876  
9183.952863  
9077.672712  
9203.773577  
9104.680751  
9127.585414  
9079.223214  
9074.113996  
9150.790824  
9175.039952  
9150.351597  
9230.907715  
9120.63841  
9251.105242  
9239.191197  
9056.756348  
9101.637451  
9044.277483  
9095.338536  
8962.04698  
8997.234811  
9102.625506  
9134.016497  
9235.045375  
9091.443115  
9106.04677  
9109.946272  
9125.338449  
9135.566302  
9124.395089  
9045.815935  
9030.136265  
9094.484044  
9148.401053  
9110.775391  
9034.393903  
9013.271136  
9013.017038  
9086.453997  
9115.363525  
9167.256487  
9218.144601  
9203.241891  
9214.643293  
9156.161656  
9115.4631  
9163.338763  
9154.220058  
9275.216466  
9261.398751  
9361.917376  
9355.521816  
9223.550432  
9193.061907  
9074.244053  
8983.197876  
8983.801304  
8995.897217  
9083.25504  
9230.159511  
9070.87207  
9036.845232  
9181.936715  
9096.964547  
9190.477504  
9136.760393  
9126.951224  
9124.722953  
9046.189192  
9043.834508  
9024.685739  
9035.141392  
9073.295829  
9174.373012  
9094.938477  
9105.655971  
9086.793719  
9036.189523  
9002.592425  
9078.095564  
9019.409651  
9064.516357  
9059.221017  
9121.207816  
9110.155256  
9158.944458  
9135.345564  
9172.718959  
9161.537929  
9061.088693  
8992.022391  
8994.080636  
9019.325352  
9063.568935  
9264.976231  
9151.814401  
9069.147321  
9082.384626  
8932.59382  
9023.408151  
9074.246425  
9038.58245  
9062.475167  
9093.238944  
9227.604545  
9058.721052  
9098.400391  
9041.810739  
9139.989101  
9050.640538  
8961.196568  
9088.545794  
9001.576172  
9128.221139  
9158.511998  
9162.53751  
9153.11302  
9103.915022  
9087.638968  
9090.759644  
8999.224644  
9153.1811  
9211.75912  
9131.034738  
9101.923009  
9105.506662  
9137.35716  
9117.817958  
9257.770891  
9189.170986  
9225.977853  
9105.571498  
9110.184099  
9087.788993  
9026.891357  
9133.394531  
9081.674421  
9226.187169  
9130.917864  
9099.204694  
9011.384033  
9095.287772  
9136.775391  
9137.455444  
9234.619873  
9172.705915  
9122.593488  
9132.83027  
9208.896885  
9173.9055  
9078.443691  
8997.697301  
9002.699829  
9051.857561  
9005.11724  
9214.310896  
9190.319929  
9130.009644  
9100.482596  
9130.279384  
9108.944754  
9090.246652  
9135.631487  
9063.008214  
9127.091692  
9083.913714  
9140.180786  
9239.029628  
9252.815639  
9157.897984  
9200.051426  
9090.396676  
9085.848162  
9157.465698  
9181.454712  
9101.976301  
9088.29759  
9169.713588  
9221.959874  
9220.753906  
9224.982771  
9225.611119  
9145.992519  
9053.40407  
9062.356986  
9010.327968  
9059.336548  
8998.408412  
9043.458112  
9043.899902  
8998.837019  
9005.116002  
9126.369559  
9126.366682  
9137.309971  
9153.921875  
9099.987723  
9134.050119  
9068.688145  
9011.062674  
9020.316929  
8930.672032  
9034.809483  
9173.2726  
9135.521833  
9034.116525  
9112.349941  
9112.002755  
9204.170201  
9121.46371  
9066.06264  
9042.355137  
9029.539516  
9026.705776  
9073.952009  
9114.450788  
9152.936611  
9103.39005  
9108.422171  
9201.8509  
9184.36853  
9172.115914  
9117.194458  
9168.210397  
9058.471749  
8945.793736  
9048.036761  
9118.919922  
9087.357596  
9121.807268  
9148.894287  
9199.047573  
9054.287981  
9288.795358  
9385.073155  
9314.119367  
9243.956909  
9210.242397  
9233.096749  
9207.84171  
9115.09593  
9251.375889  
9228.388131  
9209.223092  
9284.433541  
9242.003488  
9152.136178  
9182.51634  
9259.325126  
9120.851249  
9010.354318  
8985.614502  
8902.825056  
8898.275007  
8811.951939  
8695.47508  
8754.320783  
8820.60655  
9002.729789  
9079.623064  
9087.195121  
9136.179147  
9065.766497  
9157.538749  
9292.859201  
9217.479004  
9193.805978  
9027.767822  
9003.405988  
8994.447423  
9060.064453  
9067.525338  
8990.084246  
9061.741647  
9029.617065  
9118.376674  
9242.180176  
9177.128941  
9102.035174  
9089.974679  
9040.866717  
9083.173009  
8906.820853  
8949.040248  
9028.559222  
9073.478603  
9168.251186  
9208.144479  
9177.474261  
9204.237549  
9086.456473  
9165.135533  
9272.534912  
9192.077724  
9156.412772  
9106.762102  
9144.92041  
9186.717704  
9203.143572  
9143.595459  
9140.793771  
9147.04133  
9117.230713  
9052.801705  
9042.893433  
9063.559658  
9040.217547  
9025.752319  
9055.53751  
9216.732683  
9142.649554  
9210.332729  
9057.434797  
9111.859637  
9069.187605  
9132.154506  
9047.937692  
9054.624826  
9147.223982  
9076.625349  
9149.514491  
9164.488368  
9133.358695  
9091.711025  
9100.024344  
9087.651263  
9149.059309  
9147.705619  
9143.696516  
9115.29269  
9104.783709  
9062.152745  
9040.78704  
9135.977574  
9070.323103  
9118.750977  
9194.122995  
9132.234235  
9067.354701  
9217.900513  
9192.192313  
9056.65632  
9135.732579  
9179.660086  
9103.689767  
9071.038783  
9087.265834  
9119.957241  
9177.770054  
9114.38494  
9079.417759  
9134.060878  
8997.021258  
9116.155169  
9124.136509  
9142.767875  
9088.266288  
8962.204311  
9057.081595  
9122.259818  
9169.069196  
9093.211652  
9095.143973  
9069.204171  
9024.166295  
9052.819406  
9070.525879  
9134.056257  
9130.364607  
9115.355451  
9207.988264  
9168.31829  
9172.898071  
9047.428659  
9058.56025  
9036.411028  
9056.731009  
9203.854667  
9116.901489  
9076.167759  
9099.596558  
9200.570783  
9074.680298  
9070.195539  
9090.173933  
9018.525879  
9051.682425  
9004.210292  
9092.518869  
9192.462926  
9048.542725  
9098.087263  
8986.544974  
8949.973354  
8984.797747  
8901.267561  
9049.378296  
9198.323887  
9171.11431  
9146.772252  
9063.764335  
9090.063668  
9070.219221  
9128.964617  
9092.170114  
9091.836217  
9087.786918  
9280.971209  
9263.984148  
9143.032889  
9146.370972  
9181.413714  
9036.051915  
8894.494193  
8958.491821  
8974.329834  
9027.749738  
9075.138864  
9144.740827  
9192.8814  
9236.404018  
9261.687029  
9082.323155  
9221.159807  
9132.305926  
9180.208723  
9155.983904  
9152.374599  
9228.296596  
9197.801705  
9154.772967  
9092.080026  
8977.864136  
9012.645333  
8850.054757  
8838.927229  
9032.177577  
9387.60791  
9101.074376  
9109.456526  
9115.766915  
9042.684553  
8878.779279  
8822.265154  
8929.042585  
8895.645351  
9068.411621  
9126.032157  
9222.334734  
9258.837088  
9193.397304  
9211.514282  
9203.194737  
9176.240914  
9206.092024  
9185.948521  
9106.099243  
9154.95942  
9108.847273  
9202.117292  
9236.331403  
9047.419067  
9132.151908  
9185.316197  
9302.434378  
9210.008475  
9204.239711  
9120.269967  
9025.968907  
9144.413609  
9137.979719  
9201.880807  
9284.371233  
9250.123605  
9190.156267  
9180.294992  
9055.849295  
8972.107858  
9151.90189  
9297.707729  
9279.228149  
9221.936454  
9008.260951  
9080.683943  
8984.715524  
8912.19397  
9005.969221  
8926.685582  
9092.653582  
9112.016776  
9138.827951  
9351.743025  
9103.748117  
9142.551705  
9085.929792  
8990.876378  
9000.459525  
9043.883371  
9039.525426  
9055.604614  
9034.886841  
9016.057983  
9159.831247  
9119.912092  
9099.856515  
9153.000436  
9114.253575  
9063.547363  
9038.678571  
9144.867798  
9183.938913  
9186.876552  
9247.778669  
9119.318673  
9176.140625  
9132.214687  
9129.997768  
9082.884766  
9129.355539  
9152.918039  
9061.959473  
9034.420741  
9146.582118  
9187.703857  
9162.799316  
9161.904872  
9032.878331  
9151.841134  
9146.426601  
9265.519863  
9142.929531  
9152.732997  
9303.376953  
9327.844099  
9202.574812  
9063.488735  
9068.21507  
9147.204572  
9077.699254  
9150.003889  
9195.299055  
9232.260951  
9305.6122  
9278.385359  
9100.976737  
9045.506592  
8926.452061  
8911.844378  
8961.364729  
9161.290126  
9140.587856  
9149.871129  
9154.01627  
9100.296108  
9042.955497  
9128.792742  
9223.609323  
9205.062465  
9252.177438  
9104.701538  
9053.934431  
8940.991856  
9020.181187  
9126.068429  
8991.420637  
9055.068063  
9026.803798  
9038.919625  
9144.759365  
9048.419521  
9161.586879  
9194.204869  
9136.550171  
9070.457415  
9233.891166  
9233.844517  
8982.827183  
9188.64692  
8984.239031  
8804.711094  
8679.88862  
8717.652169  
8860.153303  
8953.241752  
9038.270107  
9106.224644  
9041.052734  
9144.573853  
9228.365147  
9193.961775  
9289.380755  
9215.163417  
9290.312413  
9128.250122  
9186.594517  
9114.82019  
9055.007568  
9062.022984  
9130.975952  
9088.101946  
9129.176549  
9142.842756  
9088.173723  
9030.848615  
9051.592006  
9034.754953  
8838.940046  
9070.030831  
9099.971401  
9240.995693  
9343.349121  
9163.069406  
9212.313808  
9138.945121  
9172.934937  
9151.468227  
9040.037179  
9104.400303  
9160.798689  
8994.592808  
9198.139718  
9088.77138  
9147.411569  
9087.607649  
9050.458967  
9147.715768  
9135.433018  
9236.135027  
9138.610735  
9090.555437  
9071.880702  
9111.825056  
9110.006853  
9076.071568  
9084.462455  
9156.744768  
9193.767683  
9347.043108  
9133.670637  
9173.584089  
9082.251796  
9005.010603  
8904.415161  
8733.843785  
8897.488578  
8868.554356  
8821.224505  
8980.192174  
9030.92123  
9046.469674  
9213.594657  
9059.103742  
9162.772496  
9132.485369  
9124.640398  
9106.451643  
9126.352225  
9296.426915  
9262.666033  
9112.67892  
9144.459385  
9121.483224  
9046.286429  
9065.783552  
9063.980974  
9051.314593  
9096.571551  
9169.191092  
9080.027605  
9247.631662  
9274.457781  
9192.291486  
9081.339983  
9004.753523  
9017.185913  
8862.552734  
9033.709124  
9131.778564  
9122.564697  
9066.001535  
9041.057582  
9052.177961  
8971.833217  
9130.173933  
9093.153983  
9146.303345  
9102.259556  
9110.004674  
9280.321934  
9144.074027  
9135.332676  
9132.20799  
9004.598825  
9200.942156  
9284.823469  
9221.242885  
9197.857125  
9095.940447  
9135.762678  
9124.64005  
9155.441424  
9199.673479  
9081.477312  
9055.393241  
9048.02056  
8976.054775  
9078.618391  
9002.992362  
9051.162964  
9071.444807  
9051.777832  
9232.190046  
9182.077654  
9285.926095  
9211.429182  
9195.396676  
9155.829572  
9153.745274  
9089.580183  
9061.484061  
9192.807617  
9132.575265  
9184.567766  
9094.579677  
9232.368652  
9195.882045  
9138.974121  
9165.21882  
9124.832188  
9030.923462  
8970.486346  
9255.993234  
9163.604824  
9108.137974  
9067.266096  
8996.543004  
9141.832886  
9231.975481  
8990.43682  
9102.412615  
9165.52485  
9161.453247  
9051.591989  
8999.688599  
8863.049595  
8811.954415  
8954.778006  
8859.128418  
8952.578561  
9032.354754  
9205.872367  
9192.90046  
9333.297485  
9334.80263  
9193.306641  
9164.188267  
8952.257272  
9122.207118  
9077.721854  
9038.754953  
9039.747419  
9129.123413  
9074.07455  
9101.723528  
9233.103847  
9334.172346  
9238.996826  
9085.796997  
9058.834595  
9059.385812  
8999.4311  
9038.900966  
9142.09028  
9074.319179  
9182.41326  
9223.313738  
9189.77049  
9175.809378  
9233.508423  
9013.942836  
9045.978132  
9043.430559  
9058.535121  
9095.542759  
9064.826939  
9136.84647  
9125.221488  
9137.277693  
9081.073521  
9114.126134  
9018.790649  
9140.846523  
9089.734584  
9121.812029  
9213.269252  
9216.271449  
9267.517944  
9111.628139  
9117.725917  
9056.540963  
9013.329067  
9024.736084  
9063.532418  
9137.279297  
9272.052856  
9253.612252  
9314.193307  
9218.313267  
9178.841971  
8987.539621  
9109.301618  
8961.496495  
9015.883039  
8935.07816  
8985.69519  
9022.909842  
9050.467564  
9121.384312  
9143.525652  
9006.166975  
8953.714164  
9027.79044  
9026.506383  
9031.384382  
9199.143886  
9242.773908  
9206.69751  
9116.609462  
9068.559884  
8983.106498  
8990.843523  
8929.409023  
8929.464966  
8959.122663  
8966.7451  
9183.295567  
9265.012957  
9229.619873  
9074.347552  
8994.392473  
8992.350656  
9031.236712  
9063.633214  
9077.029628  
9164.546265  
9306.511143  
9221.914655  
9156.837524  
9296.798043  
9137.345459  
9110.151088  
9099.2229  
9098.374773  
9308.152326  
9237.08803  
9266.635359  
9229.275896  
9145.191284  
9147.985543  
9070.2982  
9145.693028  
9145.876552  
9189.974313  
9223.775426  
9231.325631  
9058.884574  
9063.661028  
9031.212664  
8953.914568  
9037.209699  
9053.721052  
9008.990566  
9062.181798  
9061.6107  
8981.740008  
9104.179182  
9104.771763  
9239.950562  
9044.067261  
9100.392578  
9046.175153  
9019.241228  
9063.715227  
9065.461373  
9089.250209  
9126.194929  
9073.358486  
9011.68879  
9153.722464  
9162.267648  
9279.298288  
9182.19029  
9163.209752  
9161.66823  
9034.981724  
