8796.705039  
8770.134232  
8746.765538  
8787.032541  
8804.87057  
8830.852468  
8853.837474  
8830.104899  
8801.272178  
8781.648081  
8788.31229  
8789.623246  
8819.425866  
8795.124929  
8714.292324  
8720.217566  
8700.340533  
8748.023648  
8733.267896  
8750.96095  
8766.634678  
8802.926587  
8751.017279  
8768.284939  
8722.914393  
8749.743265  
8716.003164  
8819.656638  
8875.121641  
8881.518768  
8831.741055  
8813.11827  
8750.014058  
8755.958392  
8794.444991  
8799.246123  
8765.148122  
8794.054214  
8790.594477  
8823.911538  
8829.966775  
8837.403566  
8790.760987  
8778.124511  
8748.453692  
8756.895449  
8754.339083  
8729.958442  
8783.998569  
8781.527102  
8787.293813  
8800.514833  
8738.975055  
8730.65714  
8679.201996  
8728.054895  
8732.586372  
8779.22643  
8788.96683  
8769.044099  
8725.358499  
8750.80816  
8718.867574  
8739.318263  
8775.063124  
8801.162431  
8833.758477  
8813.720762  
8781.157717  
8854.22132  
8873.791576  
8853.558383  
8768.618097  
8730.936894  
8707.022392  
8709.591615  
8721.989782  
8747.093396  
8784.89503  
8830.201356  
8831.349528  
8833.087697  
8827.117531  
8783.870967  
8744.615215  
8731.767019  
8718.574162  
8742.939804  
8766.588822  
8817.89917  
8836.609521  
8834.949889  
8807.296487  
8790.918002  
8748.005357  
8770.781908  
8779.459512  
8753.934164  
8742.29701  
8778.497781  
8828.126721  
8808.017069  
8798.39412  
8832.920225  
8838.464472  
8812.869718  
8827.187797  
8792.956631  
8819.94975  
8825.228932  
8805.332225  
8783.735482  
8795.704452  
8762.335552  
8796.524309  
8766.653383  
8764.828462  
8771.358641  
8742.506132  
8740.765008  
8753.868684  
8778.364285  
8823.433612  
8798.117317  
8796.199344  
8808.205873  
8822.327735  
8775.519237  
8764.990394  
8777.786307  
8838.595078  
8801.905757  
8777.87339  
8788.911481  
8732.659193  
8757.396637  
8778.513699  
8762.608753  
8767.246463  
8786.680788  
8817.34703  
8796.920032  
8794.06449  
8766.672013  
8765.570208  
8786.07306  
8744.305835  
8781.341253  
8745.782776  
8778.454292  
8790.052026  
8795.388551  
8805.648784  
8826.54526  
8831.64016  
8806.052902  
8799.914126  
8757.434604  
8755.873468  
8744.989039  
8777.34648  
8769.427011  
8797.09332  
8809.869659  
8838.691817  
8858.916575  
8838.524004  
8809.075724  
8750.181295  
8779.727532  
8770.226946  
8819.52062  
8766.242575  
8804.67179  
8815.601622  
8788.577965  
8791.633901  
8767.091257  
8747.987522  
8733.573574  
8747.233836  
8732.8146  
8766.86045  
8777.74347  
8800.121922  
8729.814285  
8768.558766  
8716.869714  
8727.042477  
8717.494519  
8725.934465  
8743.34291  
8762.716248  
8749.794053  
8723.850141  
8767.348922  
8773.537901  
8821.352061  
8808.31541  
8803.090276  
8781.268569  
8795.193412  
8784.062422  
8828.465583  
8869.682458  
8844.164413  
8836.548739  
8820.403457  
8799.924302  
8755.513465  
8755.47636  
8754.976443  
8746.717841  
8746.286843  
8757.142925  
8766.021601  
8767.196803  
8727.584785  
8720.285115  
8705.439524  
8750.36075  
8713.814436  
8748.569354  
8790.739298  
8851.177438  
8798.500908  
8804.700961  
8765.952186  
8815.142502  
8815.877494  
8838.27361  
8847.002455  
8815.761624  
8815.84782  
8785.250535  
8779.256456  
8786.525728  
8775.417586  
8762.373651  
8739.141973  
8739.319781  
8719.847297  
8746.941195  
8766.148666  
8783.66937  
8811.3523  
8848.615928  
8817.287636  
8814.646682  
8767.18736  
8773.204306  
8765.701669  
8796.364116  
8777.867917  
8784.387922  
8808.560369  
8779.09813  
8763.784521  
8774.536828  
8755.919535  
8748.432723  
8723.758101  
8723.091681  
8761.675988  
8786.871128  
8793.883484  
8805.55055  
8824.575997  
8868.31995  
8855.924717  
8855.172255  
8843.261528  
8835.674911  
8718.194349  
8733.815269  
8717.656005  
8731.475449  
8776.578686  
8783.059164  
8766.17802  
8774.79422  
8750.990748  
8745.037003  
8734.196711  
8743.965181  
8719.969734  
8778.027405  
8766.189502  
8779.388393  
8730.524597  
8768.313632  
8757.138265  
8773.517838  
8800.389517  
8808.52708  
8821.647119  
8818.659683  
8822.916119  
8814.015215  
8798.184801  
8783.014968  
8802.948387  
8817.223798  
8848.221148  
8863.050346  
8834.310367  
8797.098198  
8762.616117  
8786.71331  
8766.697751  
8812.585467  
8780.937386  
8774.076911  
8765.984974  
8774.103875  
8755.004425  
8793.137861  
8730.171785  
8752.347772  
8756.59635  
8738.932254  
8764.274177  
8751.596791  
8793.66456  
8842.140552  
8815.853993  
8815.804202  
8823.701193  
8831.775776  
8813.202512  
8769.662103  
8801.33523  
8815.755947  
8755.722539  
8763.306478  
8787.408832  
8800.057844  
8803.443232  
8780.178203  
8763.528201  
8736.484793  
8725.2006  
8750.194261  
8733.881989  
8750.997656  
8751.755913  
8791.308106  
8766.031793  
8810.234334  
8795.017824  
8805.446284  
8763.580814  
8792.956953  
8737.509751  
8826.31519  
8846.020764  
8834.592302  
8764.105507  
8781.634037  
8717.212791  
8699.894504  
8698.590493  
8697.293078  
8703.598514  
8728.036625  
8778.988555  
8789.604844  
8861.774401  
8852.619778  
8849.577878  
8820.611537  
8827.098312  
8769.165437  
8795.746063  
8779.382026  
8779.944388  
8813.876898  
8869.455278  
8839.204413  
8830.02875  
8799.294925  
8791.360865  
8754.310826  
8782.709496  
8755.558536  
8757.896959  
8791.317626  
8787.179642  
8833.748144  
8795.844969  
8791.334023  
8820.472792  
8791.243157  
8785.207317  
8775.264921  
8808.234121  
8820.684201  
8817.285337  
8811.871132  
8800.166878  
8760.592884  
8761.510782  
8747.190427  
8739.707597  
8737.313088  
8734.19642  
8739.153966  
8751.191599  
8802.87893  
8793.25143  
8782.186337  
8742.120288  
8744.715706  
8735.530725  
8735.20849  
8737.385035  
8748.742523  
8741.713565  
8787.422793  
8809.12701  
8815.215115  
8809.311632  
8859.916405  
8831.534766  
8800.709294  
8770.983035  
8720.273114  
8701.258532  
8744.311303  
8742.589603  
8749.761263  
8759.60811  
8734.986124  
8725.63332  
8736.484368  
8756.920132  
8747.340751  
8809.248071  
8799.12636  
8806.463638  
8802.315922  
8776.587856  
8785.802713  
8774.515547  
8739.004065  
8760.441943  
8781.380919  
8795.284298  
8799.458184  
8769.53853  
8801.122939  
8812.98141  
8802.737383  
8824.400855  
8822.112733  
8812.028591  
8812.092228  
8800.251393  
8807.988396  
8786.142866  
8796.15554  
8773.905756  
8803.619676  
8824.034244  
8846.414874  
8802.792312  
8803.798546  
8785.571282  
8813.247679  
8781.014488  
8753.812441  
8752.420598  
8753.777429  
8715.023916  
8725.35853  
8723.635073  
8746.985514  
8838.031008  
8836.317113  
8851.324411  
8832.65759  
8778.873995  
8738.018338  
8716.960606  
8716.955662  
8710.713737  
8749.499274  
8748.128339  
8747.23369  
8778.693301  
8808.370089  
8785.775437  
8789.228121  
8796.871337  
8827.836839  
8858.811525  
8847.323941  
8840.397141  
8814.229491  
8807.137277  
8815.599615  
8785.556412  
8792.220168  
8770.486413  
8740.572237  
8779.081063  
8833.798963  
8865.978292  
8844.810377  
8820.885869  
8727.018152  
8742.578425  
8729.213324  
8745.287404  
8748.949487  
8702.534464  
8740.704022  
8771.704517  
8800.401584  
8787.120567  
8806.694926  
8788.304687  
8722.529745  
8729.01811  
8746.01858  
8746.581553  
8772.118421  
8802.377825  
8826.490481  
8888.295869  
8885.187681  
8834.410454  
8822.266321  
8795.836211  
8760.633273  
8743.511163  
8754.630198  
8744.225214  
8768.529993  
8772.101044  
8773.080979  
8762.373484  
8754.427473  
8731.845269  
8766.791808  
8770.456938  
8769.805263  
8772.149182  
8794.253587  
8817.692226  
8808.910063  
8838.316022  
8789.405025  
8793.230029  
8755.087102  
8760.77933  
8744.690167  
8757.278771  
8819.010967  
8819.003831  
8800.522141  
8815.494173  
8787.508295  
8801.611441  
8796.625196  
8801.560645  
8796.896181  
8797.807919  
8748.006185  
8759.439581  
8750.164148  
8785.633803  
8758.417717  
8787.67941  
8821.604668  
8814.142856  
8796.678116  
8803.240352  
8746.967531  
8707.869447  
8670.191451  
8704.107844  
8692.035449  
8644.580555  
8671.729752  
8723.25396  
8755.721121  
8798.860008  
8789.684155  
8790.983001  
8777.913813  
8777.006075  
8773.036028  
8778.071372  
8805.358773  
8811.629873  
8813.367306  
8818.158367  
8807.11633  
8824.200785  
8793.993025  
8818.78113  
8871.844639  
8871.821276  
8819.622007  
8812.87182  
8788.779267  
8812.856454  
8824.01397  
8809.650059  
8790.647684  
8759.546336  
8734.416183  
8743.192724  
8767.304508  
8809.918243  
8796.972176  
8820.349193  
8841.922558  
8824.79908  
8801.301159  
8761.548483  
8744.91658  
8777.377337  
8752.661736  
8779.233934  
8784.859539  
8790.774596  
8787.13412  
8807.413093  
8836.701548  
8841.961092  
8856.971162  
8843.093279  
8794.104786  
8758.749355  
8765.074401  
8733.404688  
8725.024014  
8706.562093  
8750.6833  
8732.472535  
8749.662626  
8779.407609  
8806.501355  
8818.669171  
8844.8454  
8828.710535  
8837.820777  
8843.977882  
8805.649545  
8696.898916  
8709.658255  
8691.189475  
8776.440211  
8789.020272  
8761.227029  
8838.824073  
8772.321643  
8817.743288  
8776.528031  
8770.060153  
8745.892567  
8776.655774  
8769.4749  
8766.675793  
8806.218062  
8763.292702  
8774.430674  
8730.568798  
8744.787324  
8731.22931  
8747.049958  
8762.839406  
8788.433184  
8844.621224  
8816.112543  
8849.081247  
8814.174242  
8826.491782  
8801.994254  
8821.974907  
8791.587148  
8797.211041  
8771.208276  
8788.576717  
8769.73759  
8782.758404  
8783.469205  
8773.930733  
8748.513917  
8735.428784  
8750.66623  
8757.190074  
8780.349283  
8812.245077  
8776.011548  
8796.631243  
8734.906435  
8718.144268  
8717.970166  
8725.37771  
8767.876639  
8785.657706  
8812.53962  
8801.683289  
8832.101976  
8837.738074  
8838.506993  
8829.673822  
8772.037853  
8770.707335  
8784.515985  
8801.89923  
8790.399849  
8781.705518  
8789.08482  
8790.693567  
8805.885682  
8784.421522  
8811.522329  
8829.25734  
8786.333957  
8780.008996  
8742.173657  
8748.897084  
8757.442133  
8753.694361  
8761.398969  
8743.11648  
8784.17206  
8787.53225  
8786.729059  
8774.048702  
8794.661793  
8770.001992  
8762.384062  
8754.587574  
8787.349665  
8789.005569  
8784.253459  
8801.574546  
8825.792132  
8802.487296  
8813.305534  
8795.830151  
8766.703903  
8737.147202  
8756.732494  
8755.726288  
8782.777478  
8808.554705  
8825.180144  
8803.957215  
8838.048714  
8782.434893  
8805.109314  
8811.955777  
8783.203926  
8741.441233  
8780.848743  
8720.229746  
8710.925762  
8738.432308  
8736.028852  
8771.154421  
8752.712236  
8815.40245  
8790.404563  
8798.808115  
8775.868809  
8806.775159  
8789.615906  
8783.905362  
8769.325815  
8775.204973  
8720.535328  
8781.386401  
8775.630059  
8759.244445  
8714.976946  
8740.937099  
8751.261195  
8771.656274  
8767.232828  
8807.270684  
8801.990806  
8814.63176  
8768.883703  
8782.109414  
8772.276592  
8790.006128  
8778.927151  
8779.587759  
8764.344838  
8780.363983  
8816.475877  
8828.356257  
8812.139342  
8777.942913  
8750.667623  
8728.464393  
8751.634649  
8807.850543  
8813.358632  
8832.601175  
8820.08617  
8837.662424  
8833.795195  
8789.408556  
8808.758772  
8777.192768  
8792.551778  
8786.852175  
8845.234506  
8881.4579  
8861.75457  
8870.819426  
8783.472024  
8716.403683  
8688.647421  
8696.420998  
8743.448273  
8807.410735  
8768.234282  
8770.041654  
8815.867863  
8798.800828  
8841.929251  
8822.681927  
8816.955676  
8760.837312  
8767.737471  
8748.666446  
8742.547282  
8765.938528  
8784.02902  
8789.723055  
8759.121516  
8788.847565  
8785.101436  
8768.365542  
8755.91645  
8763.677293  
8776.43376  
8787.327088  
8801.720249  
8837.732032  
8827.294212  
8819.600746  
8766.966127  
8785.821277  
8770.546223  
8756.854886  
8716.853254  
8729.426592  
8731.727811  
8768.498555  
8847.374844  
8863.899617  
8810.91356  
8755.279437  
8723.669329  
8701.340477  
8722.723003  
8730.357986  
8740.290941  
8783.321004  
8775.986563  
8731.035118  
8741.989758  
8733.273394  
8746.312494  
8711.00897  
8682.619619  
8738.673389  
8740.614404  
8797.647222  
8786.01973  
8756.836586  
8784.497419  
8780.679522  
8773.975542  
8810.728359  
8770.442037  
8835.035875  
8863.301607  
8856.158763  
8823.16256  
8796.892802  
8817.03471  
8795.248645  
8894.954089  
8828.785538  
8843.190379  
8811.383792  
8782.907423  
8766.528891  
8743.212379  
8808.623451  
8798.664484  
8841.236366  
8810.276342  
8770.528281  
8698.992559  
8719.993772  
8747.856873  
8777.326437  
8808.64833  
8809.070316  
8821.399285  
8800.366201  
8827.367359  
8792.98182  
8797.772026  
8767.457144  
8778.740329  
8773.231055  
8787.84538  
8863.173629  
8863.257432  
8836.250428  
8804.327566  
8787.645878  
8757.975615  
8725.472661  
8745.724728  
8737.389497  
8726.679213  
8727.113094  
8713.993366  
8799.548283  
8865.868922  
8855.77297  
8828.001917  
8779.930864  
8765.683601  
8781.156832  
8792.841713  
8799.157283  
8790.619568  
8787.051433  
8852.371853  
8866.498741  
8859.842339  
8807.980116  
8797.768184  
8747.867649  
8756.198219  
8703.927509  
8707.369412  
8721.426094  
8719.07792  
8733.385027  
8738.786902  
8807.741833  
8808.264697  
8832.573847  
8868.117663  
8861.752455  
8886.323004  
8848.744973  
8808.080549  
8763.995421  
8757.764839  
8717.122649  
8769.591408  
8831.846423  
8760.248849  
8759.230393  
8793.10903  
8790.019882  
8785.888754  
8793.934112  
8800.393464  
8759.405363  
8754.359959  
8739.480945  
8759.557767  
8764.34649  
8752.831238  
8732.792581  
8737.276809  
8807.655036  
8823.040537  
8843.223399  
8874.966382  
8825.39397  
8754.095519  
8669.178171  
8687.539761  
8763.79805  
8748.379344  
8741.635022  
8732.469771  
8782.579668  
8788.889662  
8889.467305  
8899.971444  
8876.58176  
8871.124295  
8820.684784  
8811.139093  
8816.893867  
8747.614094  
8822.97438  
8809.005361  
8825.719065  
8880.723224  
8824.162763  
8839.345523  
8920.219768  
8925.103125  
8824.5817  
8777.496716  
8713.613133  
8616.395983  
8541.992836  
8537.832152  
8535.853446  
8588.528219  
8644.989866  
8682.058155  
8715.028043  
8732.865007  
8800.915579  
8804.11097  
8827.730196  
8861.746335  
8871.910105  
8889.651751  
8889.050407  
8808.812497  
8811.674744  
8786.884597  
8779.132661  
8729.828502  
8693.321127  
8717.836552  
8746.136102  
8791.292234  
8808.256721  
8821.163413  
8820.029405  
8771.040521  
8782.564246  
8725.333668  
8703.082018  
8772.461307  
8769.53098  
8806.068802  
8805.495759  
8805.180123  
8787.937546  
8775.032862  
8760.501037  
8802.285633  
8785.535154  
8805.928617  
8788.315176  
8811.098298  
8794.204359  
8781.254545  
8795.660844  
8754.643367  
8785.266573  
8760.72444  
8750.716294  
8756.880934  
8755.824848  
8759.287812  
8789.579768  
8815.5359  
8838.383997  
8865.252922  
8863.275701  
8850.441333  
8816.811223  
8820.621798  
8805.600178  
8800.322212  
8785.36405  
8774.485829  
8716.098628  
8725.758632  
8745.38656  
8731.611186  
8738.382335  
8738.267809  
8758.86183  
8768.913048  
8799.387381  
8782.891735  
8756.281008  
8752.137407  
8748.361545  
8717.865097  
8751.80027  
8763.580458  
8775.340836  
8818.493889  
8843.326094  
8851.609076  
8888.543193  
8873.461262  
8812.473676  
8781.691423  
8798.505756  
8779.126923  
8766.199247  
8752.170557  
8763.433615  
8784.725507  
8762.642285  
8732.011875  
8713.621064  
8732.792767  
8734.297404  
8766.209273  
8792.644159  
8820.281652  
8804.883212  
8840.426568  
8851.007278  
8833.737343  
8806.990815  
8770.950141  
8740.769111  
8712.147331  
8726.600345  
8731.95576  
8780.275791  
8812.514303  
8830.839617  
8855.655016  
8866.80657  
8828.980188  
8755.89736  
8714.0176  
8710.51603  
8695.498426  
8769.449221  
8770.024724  
8761.495993  
8743.63289  
8781.358755  
8752.96108  
8767.944686  
8764.715971  
8758.581727  
8735.191486  
8774.034775  
8806.213777  
8852.853908  
8811.542795  
8834.084834  
8762.055146  
8749.85418  
8729.519284  
8756.947819  
8752.813575  
8808.149699  
8846.477512  
8830.083968  
8828.550301  
8812.721576  
8805.858472  
8797.754473  
8720.330794  
8732.754256  
8751.072132  
8855.812944  
8842.611032  
8809.525986  
8759.495307  
8742.584286  
8727.787552  
8684.52498  
8678.047404  
8738.661363  
8805.355463  
8833.049148  
8784.759469  
8794.738537  
8790.566555  
8819.200983  
8785.066019  
8803.369396  
8783.447827  
8803.391864  
8808.475675  
8810.273667  
8777.567108  
8821.782259  
8827.545124  
8846.332549  
8799.919523  
8761.444304  
8683.104861  
8722.871122  
8797.786434  
8917.9775  
8918.997942  
8915.81967  
8831.282045  
8656.446165  
8570.537103  
8575.207081  
8642.399996  
8674.885333  
8690.940853  
8733.587037  
8766.942495  
8820.479417  
8839.751046  
8877.218576  
8880.135252  
8835.176902  
8833.019789  
8786.593991  
8735.972784  
8776.017566  
8781.756891  
8837.085067  
8853.464766  
8770.293292  
8773.316112  
8820.478752  
8786.67259  
8742.145235  
8728.078186  
8758.613452  
8730.896058  
8772.417691  
8767.876901  
8799.726819  
8856.041244  
8848.757458  
8872.938854  
8827.657875  
8787.207846  
8720.200293  
8780.488149  
8851.527498  
8875.49238  
8871.801934  
8827.910718  
8793.440301  
8785.522265  
8756.816445  
8744.034676  
8723.42996  
8734.991918  
8734.023111  
8804.736983  
8881.181413  
8806.986472  
8791.644747  
8730.329776  
8696.200042  
8684.373732  
8725.516592  
8704.840689  
8705.444432  
8708.599307  
8699.870683  
8787.438526  
8812.209024  
8827.499356  
8846.969893  
8818.216313  
8763.02694  
8752.385503  
8762.739013  
8829.780819  
8875.467993  
8925.172038  
8905.593367  
8882.747046  
8863.972701  
8875.448004  
8855.85358  
8822.672732  
8815.965803  
8782.010206  
8742.722578  
8790.681709  
8788.879885  
8767.288834  
8746.886199  
8738.481944  
8759.820054  
8756.465554  
8772.755739  
8766.467459  
8761.174278  
8812.494975  
8841.405008  
8853.070805  
8821.843298  
8805.121263  
8785.352958  
8752.703059  
8794.92388  
8798.565957  
8814.63629  
8941.04662  
8947.780249  
8933.814875  
8846.585376  
8778.346482  
8702.578412  
8730.230693  
8816.288328  
8810.735874  
8816.519583  
8794.690306  
8808.931237  
8809.310633  
8799.126188  
8857.401523  
8881.649986  
8869.259524  
8836.599619  
8720.451428  
8666.157179  
8653.247994  
8710.261642  
8667.718064  
8690.387257  
8716.65546  
8716.574698  
8733.58347  
8701.976309  
8729.477893  
8786.666574  
8759.917546  
8829.089635  
8909.202585  
8870.885967  
8788.803464  
8818.126671  
8718.78479  
8583.943813  
8529.809143  
8530.999938  
8631.187542  
8684.142673  
8775.933357  
8765.253862  
8720.052973  
8768.134316  
8803.693024  
8815.879838  
8866.667558  
8864.858728  
8897.820479  
8852.035048  
8859.163313  
8836.427607  
8791.023814  
8782.888672  
8767.975996  
8763.06285  
8762.756524  
8744.475113  
8741.540961  
8716.366337  
8723.756131  
8713.884261  
8671.942456  
8717.899605  
8785.984044  
8856.746973  
8972.935197  
8918.298705  
8875.00695  
8836.081944  
8795.945033  
8785.950198  
8756.780631  
8775.605071  
8799.566424  
8734.499926  
8746.687605  
8730.139633  
8712.133119  
8714.797424  
8740.503433  
8803.720424  
8817.403423  
8857.471026  
8830.425169  
8826.505418  
8827.049115  
8844.648769  
8801.709155  
8748.781561  
8750.851314  
8787.702816  
8884.436519  
8931.555582  
8807.02754  
8834.802249  
8768.951103  
8650.068649  
8612.818776  
8546.444375  
8615.17942  
8649.10344  
8628.267149  
8680.820633  
8755.246074  
8767.716373  
8853.583493  
8855.197855  
8827.804883  
8844.71823  
8818.182479  
8774.701977  
8781.013955  
8851.61325  
8819.034722  
8833.865101  
8810.215381  
8787.454019  
8799.241392  
8757.523656  
8771.469185  
8721.336479  
8714.676429  
8745.053615  
8750.282593  
8858.763093  
8896.048946  
8887.427425  
8859.053807  
8814.845692  
8771.861264  
8714.322469  
8731.844413  
8754.718094  
8822.171017  
8800.913991  
8786.204946  
8775.557448  
8760.99489  
8790.161574  
8783.963774  
8774.499585  
8791.854911  
8728.50802  
8782.090686  
8758.201707  
8759.966062  
8799.778385  
8787.643309  
8834.866704  
8884.699219  
8906.921333  
8899.419984  
8837.27516  
8774.834573  
8794.361313  
8787.675141  
8797.795508  
8742.392408  
8744.561329  
8702.183491  
8705.205467  
8731.524201  
8725.909839  
8723.869824  
8699.067882  
8702.819888  
8781.35645  
8821.223949  
8855.432096  
8868.049043  
8896.521749  
8852.959569  
8834.197283  
8774.757114  
8766.301417  
8761.147404  
8743.057963  
8798.750358  
8810.217268  
8839.641699  
8817.605349  
8779.794306  
8755.371966  
8748.187335  
8734.629621  
8742.761521  
8818.307823  
8819.649856  
8763.155076  
8741.766382  
8704.387996  
8764.284758  
8823.386258  
8741.441617  
8764.25837  
8805.156062  
8716.54347  
8740.914251  
8747.107707  
8635.035  
8602.158731  
8641.801783  
8589.221431  
8638.283774  
8696.134342  
8775.263624  
8838.572546  
8925.53997  
8958.959296  
8935.384427  
8873.342287  
8779.151294  
8785.916719  
8771.690091  
8748.530184  
8723.224716  
8734.468397  
8700.408704  
8672.164383  
8753.009893  
8830.940589  
8870.472235  
8815.874491  
8838.32223  
8802.813095  
8811.888067  
8812.224007  
8788.98454  
8769.738158  
8789.094024  
8788.653621  
8785.725864  
8790.292523  
8816.863327  
8794.879834  
8799.005087  
8821.800501  
8824.283321  
8841.665175  
8827.555839  
8792.621952  
8775.70369  
8784.461931  
8793.586493  
8789.231308  
8757.787749  
8755.172173  
8764.299006  
8792.332631  
8827.174258  
8829.161237  
8861.053491  
8830.021322  
8833.024966  
8792.233803  
8735.913933  
8735.080337  
8697.2699  
8705.235082  
8759.127938  
8808.84114  
8867.383815  
8903.591245  
8887.391238  
8820.121536  
8788.811341  
8745.852968  
8689.589349  
8656.151423  
8645.595546  
8657.461148  
8701.479885  
8755.52238  
8792.989811  
8785.511347  
8782.762546  
8808.638103  
8796.116157  
8770.505449  
8869.967625  
8906.694612  
8876.434919  
8818.230977  
8778.162475  
8746.107984  
8730.678638  
8686.850026  
8676.278014  
8637.409403  
8652.071264  
8774.955523  
8831.280725  
8843.538039  
8773.190307  
8737.904854  
8741.281105  
8737.428874  
8764.239744  
8772.795093  
8823.567622  
8917.522941  
8898.298344  
8884.481913  
8889.680519  
8798.199159  
8774.89977  
8748.076418  
8725.421545  
8768.543405  
8763.669225  
8794.678719  
8790.433409  
8752.792701  
8760.63326  
8733.73929  
8735.566806  
8785.159063  
8783.964334  
8867.701177  
8902.724643  
8905.027627  
8886.3577  
8842.074757  
8716.445876  
8693.941039  
8680.026523  
8675.001102  
8710.239644  
8758.383963  
8757.088484  
8838.62221  
8838.958398  
8910.434949  
8877.238805  
8858.561013  
8805.862681  
8774.723222  
8787.4927  
8765.905513  
8767.67277  
8748.008307  
8712.133963  
8677.424039  
8717.839424  
8740.155298  
8790.213267  
8813.833481  
8818.876198  
8816.297454  
8757.701023  
