9881.111051  
9830.405651  
9840.347133  
9869.43272  
9860.192019  
9909.984028  
9943.578222  
9904.016308  
9870.022241  
9890.028745  
9861.370946  
9878.465753  
9945.577521  
9888.919972  
9874.139518  
9825.650618  
9814.673037  
9844.229515  
9820.562231  
9859.03071  
9860.468276  
9872.917578  
9808.135976  
9858.072689  
9810.551556  
9833.100187  
9804.193656  
9916.735171  
9972.384393  
9952.244556  
9940.11328  
9882.782279  
9816.96788  
9880.218098  
9880.115844  
9873.782225  
9859.95671  
9889.33462  
9908.257187  
9916.324442  
9899.824294  
9917.404417  
9852.141273  
9817.558346  
9790.326319  
9840.135135  
9832.660619  
9801.928712  
9862.256205  
9882.315396  
9870.115841  
9837.636339  
9814.266629  
9841.65954  
9782.248735  
9831.885057  
9861.04176  
9899.545329  
9925.435562  
9899.972755  
9835.185663  
9854.531797  
9810.491196  
9840.82947  
9871.020485  
9873.11866  
9866.030435  
9882.460313  
9825.891287  
9868.867658  
9935.070099  
9944.603052  
9850.406834  
9841.781176  
9828.249484  
9824.25151  
9843.048785  
9870.697183  
9910.20525  
9942.275237  
9925.180032  
9942.828841  
9935.254282  
9883.65208  
9856.428413  
9860.404895  
9866.581363  
9849.215749  
9857.35445  
9878.431415  
9892.269268  
9901.053317  
9875.965739  
9863.400256  
9810.968081  
9850.334789  
9827.209506  
9841.939339  
9825.69345  
9838.726865  
9876.121091  
9893.559143  
9904.406511  
9940.470496  
9939.634663  
9901.139316  
9875.744777  
9827.475256  
9880.031052  
9889.332301  
9853.439358  
9833.221851  
9902.083732  
9897.40213  
9918.67272  
9907.487752  
9876.058948  
9837.796102  
9803.261948  
9828.949773  
9827.933189  
9851.632386  
9882.535003  
9898.753833  
9899.096125  
9874.488468  
9862.195289  
9881.165447  
9873.37678  
9903.461942  
9917.319168  
9930.219373  
9867.930941  
9842.368345  
9815.730163  
9843.021201  
9861.030592  
9845.502919  
9847.423625  
9837.402535  
9898.907283  
9836.402622  
9831.978224  
9825.234828  
9858.224997  
9883.482585  
9859.477303  
9884.258737  
9863.597275  
9903.581216  
9944.473687  
9932.523919  
9938.576065  
9956.956381  
9929.590869  
9882.788457  
9885.692083  
9831.719545  
9821.791013  
9810.639239  
9842.99324  
9838.267379  
9875.782204  
9887.720331  
9927.76843  
9939.182617  
9933.009397  
9918.979189  
9858.014254  
9859.093702  
9869.577251  
9939.135013  
9906.437929  
9937.69519  
9923.309826  
9867.601014  
9861.953673  
9838.256875  
9825.585826  
9830.154698  
9838.491654  
9816.215738  
9822.915147  
9847.505248  
9866.588558  
9843.170618  
9879.681505  
9845.944089  
9857.088912  
9853.915745  
9824.461788  
9840.410363  
9844.074171  
9825.434482  
9804.52963  
9867.594181  
9864.073851  
9885.856022  
9881.740764  
9872.083402  
9855.832285  
9865.032882  
9877.795011  
9938.120584  
9924.962875  
9938.964679  
9910.679147  
9881.507846  
9896.388284  
9862.035186  
9863.303162  
9822.781984  
9830.772991  
9820.957907  
9861.359345  
9890.513251  
9866.693437  
9818.866224  
9821.289855  
9813.841182  
9815.295541  
9780.992092  
9876.523208  
9881.893336  
9887.199604  
9819.831712  
9832.434898  
9814.061928  
9849.04758  
9869.966757  
9919.526319  
9931.064217  
9896.23735  
9914.196515  
9915.124571  
9923.384622  
9969.213724  
9894.587884  
9840.318085  
9846.09931  
9816.31183  
9800.130397  
9796.441864  
9850.849757  
9896.916103  
9918.048259  
9937.006116  
9902.632772  
9893.375597  
9820.43355  
9834.996455  
9823.476806  
9875.465943  
9865.353387  
9878.276909  
9890.002263  
9885.311087  
9851.716391  
9868.193451  
9849.711751  
9847.360253  
9843.211277  
9846.803261  
9871.054876  
9893.240412  
9868.019108  
9859.017748  
9900.666286  
9954.701405  
9956.391982  
9949.278848  
9938.905363  
9922.24529  
9823.842369  
9846.535072  
9818.058123  
9853.854643  
9874.208769  
9879.284752  
9886.354852  
9870.509699  
9858.391427  
9813.813087  
9798.207161  
9791.299791  
9782.877972  
9825.5846  
9830.105439  
9883.250757  
9866.742565  
9891.02716  
9878.842707  
9883.291471  
9893.512785  
9910.025389  
9927.277543  
9877.924736  
9885.379655  
9886.911228  
9882.667547  
9852.335315  
9857.974155  
9869.669826  
9900.906768  
9905.259757  
9870.04261  
9834.024135  
9833.810913  
9864.658066  
9849.155714  
9899.90089  
9887.54802  
9912.325003  
9892.28337  
9902.311681  
9894.564375  
9908.589418  
9872.517032  
9861.880659  
9856.238009  
9850.046249  
9872.217735  
9838.930709  
9861.97095  
9883.132181  
9876.836182  
9866.958082  
9852.594024  
9836.917822  
9821.532209  
9837.875178  
9883.917421  
9905.905969  
9873.171993  
9894.4102  
9900.582951  
9874.323206  
9868.022699  
9857.000731  
9869.300818  
9867.839024  
9875.974851  
9901.993507  
9854.258981  
9827.825402  
9823.792947  
9852.873732  
9832.836532  
9869.516071  
9855.5043  
9903.812979  
9898.999193  
9908.695994  
9885.919604  
9914.306564  
9892.265835  
9862.999325  
9830.968274  
9865.873542  
9783.177814  
9782.078244  
9837.805085  
9850.612491  
9866.950386  
9862.088309  
9850.080985  
9802.888496  
9842.810208  
9851.588766  
9896.943299  
9896.731434  
9906.191155  
9874.299172  
9914.960399  
9919.164898  
9932.214214  
9946.663088  
9961.302752  
9879.205139  
9886.159587  
9859.565499  
9854.776521  
9856.506309  
9893.735008  
9887.205164  
9877.633352  
9883.563142  
9875.960367  
9922.164514  
9891.677433  
9875.637462  
9925.777871  
9898.301993  
9895.833583  
9891.937939  
9921.528256  
9914.767489  
9884.4099  
9855.843005  
9845.472905  
9839.322994  
9885.264376  
9849.105815  
9854.553425  
9861.672186  
9847.90449  
9820.735159  
9800.240567  
9826.279971  
9824.421246  
9801.019696  
9791.712268  
9838.721638  
9823.300365  
9848.830484  
9849.296559  
9833.937004  
9818.851518  
9876.147643  
9897.413093  
9929.625873  
9895.441151  
9896.208986  
9894.82455  
9891.818328  
9856.756442  
9835.643116  
9831.941662  
9872.816406  
9841.507286  
9846.189306  
9860.71624  
9837.197108  
9858.111227  
9882.354176  
9911.855381  
9893.889703  
9925.932437  
9888.058438  
9858.736763  
9831.020173  
9848.986194  
9856.452733  
9841.172967  
9838.189563  
9870.212662  
9859.993214  
9864.922316  
9837.489651  
9808.879413  
9837.072823  
9857.790365  
9864.410863  
9893.518005  
9881.114302  
9858.071786  
9856.893012  
9845.680639  
9873.981213  
9893.02574  
9899.000437  
9873.365655  
9895.793721  
9903.022558  
9936.025586  
9935.908933  
9936.607598  
9911.243738  
9912.709494  
9869.69443  
9874.104897  
9897.904633  
9874.921916  
9851.395793  
9882.2031  
9872.191558  
9888.853283  
9897.321984  
9880.105555  
9881.529756  
9860.489031  
9845.730379  
9828.885819  
9822.808079  
9812.674088  
9781.9753  
9830.633551  
9874.489174  
9876.887048  
9890.238143  
9891.847235  
9864.585358  
9879.008388  
9868.200495  
9911.240255  
9909.870585  
9907.467774  
9887.529533  
9885.62842  
9909.465744  
9917.172736  
9895.021459  
9863.886507  
9872.723708  
9849.437247  
9856.843595  
9907.339388  
9915.613839  
9877.239604  
9862.631752  
9814.416231  
9834.185719  
9825.954568  
9868.980375  
9868.372111  
9811.244297  
9824.267101  
9860.63661  
9889.683607  
9871.447521  
9869.693646  
9886.862397  
9851.147276  
9855.241959  
9877.596119  
9863.732363  
9883.318227  
9928.430596  
9947.905393  
9988.879199  
9925.515754  
9882.14431  
9877.129017  
9865.015124  
9834.577618  
9841.741809  
9854.675593  
9862.958626  
9866.594425  
9857.0296  
9840.388596  
9832.451177  
9881.587321  
9842.309307  
9811.640679  
9846.926953  
9876.286096  
9858.699173  
9874.431395  
9895.96211  
9899.399321  
9892.465588  
9859.53544  
9870.411372  
9869.68409  
9876.038187  
9868.862118  
9872.465557  
9932.557491  
9914.97239  
9882.574582  
9868.872742  
9844.273886  
9833.114415  
9850.137026  
9849.689954  
9857.453749  
9839.491076  
9860.148321  
9857.182163  
9838.27925  
9842.737397  
9815.956304  
9859.785812  
9899.007542  
9864.749866  
9861.189264  
9893.173785  
9842.5665  
9785.4599  
9778.566234  
9796.332789  
9818.089995  
9803.920238  
9846.371763  
9874.361544  
9876.993292  
9897.722195  
9876.997066  
9858.490663  
9848.522663  
9829.69104  
9864.879564  
9869.320654  
9893.009292  
9874.273076  
9912.830285  
9915.153636  
9917.056142  
9916.238672  
9920.417319  
9927.687501  
9943.514186  
9929.974017  
9895.937412  
9902.237373  
9873.048796  
9901.741836  
9917.472188  
9918.117943  
9910.020569  
9882.58132  
9825.95396  
9837.699149  
9851.776306  
9853.439636  
9846.624008  
9860.739497  
9893.183559  
9857.219748  
9854.918425  
9816.775346  
9823.038603  
9855.752553  
9830.955552  
9867.152235  
9873.079185  
9891.0499  
9864.286596  
9904.414267  
9911.97207  
9907.583323  
9966.186138  
9953.906519  
9900.094474  
9864.613483  
9866.472293  
9864.813226  
9873.825761  
9855.363309  
9844.653672  
9824.641658  
9835.790903  
9866.690652  
9896.637143  
9910.672275  
9922.029602  
9896.483742  
9899.727779  
9873.607024  
9849.204339  
9768.200182  
9759.252007  
9774.366309  
9853.809326  
9872.744239  
9868.060735  
9912.026771  
9900.24206  
9933.332171  
9884.92749  
9884.939494  
9850.576615  
9880.467942  
9856.186487  
9860.817808  
9897.835661  
9874.00367  
9862.679309  
9842.849664  
9887.518802  
9869.048248  
9860.749853  
9826.508086  
9835.662307  
9867.312176  
9871.40824  
9914.577802  
9914.53081  
9929.598  
9889.194676  
9881.582757  
9849.883906  
9874.444875  
9833.080199  
9853.369312  
9842.568673  
9891.451625  
9887.158408  
9891.348724  
9872.086533  
9872.315186  
9894.468638  
9905.739473  
9922.46418  
9906.366859  
9856.395804  
9858.399442  
9800.557481  
9822.762583  
9835.078175  
9855.372057  
9889.324231  
9894.77689  
9886.447301  
9863.241106  
9881.95849  
9862.366778  
9862.009095  
9902.258668  
9866.85647  
9905.491616  
9917.538095  
9933.226893  
9919.684922  
9903.994215  
9860.867727  
9837.286199  
9849.883079  
9811.70853  
9854.995843  
9845.32748  
9835.104616  
9850.085625  
9866.657114  
9870.658268  
9876.393638  
9870.382661  
9860.365583  
9858.111321  
9902.497035  
9885.903  
9873.740424  
9844.688948  
9877.000656  
9868.425164  
9880.505712  
9877.166248  
9893.703899  
9873.93955  
9866.369606  
9858.937713  
9878.908111  
9840.397231  
9858.826423  
9853.958191  
9868.023845  
9849.597132  
9833.29858  
9819.33092  
9817.737933  
9845.192445  
9891.821799  
9895.403722  
9938.86423  
9890.628864  
9897.270298  
9908.300647  
9888.931755  
9852.899832  
9884.122942  
9843.730913  
9853.793732  
9880.542485  
9855.909505  
9866.77597  
9833.973416  
9876.395619  
9861.077336  
9887.287432  
9858.052277  
9882.829276  
9851.999815  
9867.154849  
9859.02269  
9864.889267  
9844.236953  
9899.967739  
9901.476659  
9861.543493  
9834.375786  
9841.235511  
9833.971028  
9849.161275  
9848.060474  
9904.999277  
9876.564505  
9901.494527  
9856.522755  
9852.883696  
9848.019781  
9835.963028  
9814.185994  
9820.852168  
9838.544065  
9869.254658  
9907.273392  
9897.025309  
9877.250292  
9845.524723  
9834.991092  
9840.794251  
9876.853789  
9917.92626  
9925.812822  
9947.958333  
9947.783993  
9955.972972  
9917.439999  
9850.432586  
9868.096874  
9846.797296  
9820.074053  
9826.554842  
9892.012908  
9934.051629  
9904.924675  
9909.28153  
9832.793233  
9790.788413  
9804.183254  
9838.855743  
9834.26941  
9894.177511  
9889.724186  
9915.532862  
9920.836798  
9873.910661  
9905.284634  
9896.068152  
9912.951909  
9864.081475  
9856.468539  
9817.629996  
9808.411209  
9836.310371  
9869.119613  
9858.130239  
9850.808817  
9866.569249  
9875.067022  
9887.629782  
9848.925553  
9826.204793  
9838.233265  
9865.008601  
9892.639812  
9944.19342  
9896.239289  
9884.302773  
9863.758053  
9884.223345  
9870.594882  
9839.797252  
9843.000693  
9838.424797  
9831.309982  
9867.012164  
9907.030078  
9907.526578  
9860.640044  
9848.316633  
9842.376093  
9820.814782  
9848.107796  
9869.313961  
9865.976572  
9872.824046  
9849.589359  
9846.587576  
9915.0825  
9861.346999  
9834.554346  
9821.116217  
9812.018764  
9843.300511  
9836.892598  
9892.553169  
9895.279078  
9876.435764  
9890.158489  
9892.790812  
9918.003342  
9915.752783  
9869.576429  
9898.049056  
9908.665622  
9900.393002  
9901.979989  
9898.428654  
9921.995794  
9892.629719  
9944.281641  
9926.900683  
9939.414061  
9912.68148  
9863.339063  
9831.581556  
9802.125668  
9852.826922  
9853.842026  
9888.855832  
9881.008911  
9853.723737  
9812.444985  
9838.096049  
9876.22975  
9871.864472  
9885.695456  
9884.76054  
9904.138062  
9906.317961  
9894.44417  
9828.968411  
9825.092385  
9826.11751  
9834.178291  
9813.702558  
9831.797293  
9891.648302  
9899.876243  
9897.47239  
9875.141973  
9879.477477  
9878.792883  
9854.877158  
9844.675973  
9835.020629  
9876.501011  
9877.874682  
9875.634813  
9917.879315  
9959.702458  
9911.432694  
9876.354357  
9854.130035  
9864.508195  
9882.976373  
9877.248042  
9875.376105  
9867.481761  
9893.744849  
9938.644707  
9924.158625  
9907.280842  
9879.635892  
9895.101705  
9865.695903  
9896.586779  
9846.117883  
9821.119178  
9830.384127  
9839.490448  
9846.830455  
9843.636644  
9879.267677  
9892.836416  
9902.470508  
9893.284041  
9880.463817  
9904.340712  
9868.016952  
9814.678152  
9791.853581  
9820.129111  
9790.345625  
9824.90692  
9916.521196  
9934.920455  
9840.032942  
9873.43394  
9896.596676  
9891.771036  
9865.702396  
9858.72126  
9839.983215  
9845.369586  
9841.492169  
9846.238574  
9871.539659  
9868.889129  
9860.433245  
9864.657022  
9920.329436  
9937.601515  
9901.657293  
9922.718175  
9886.343945  
9860.799709  
9821.558199  
9832.165442  
9855.322757  
9889.611619  
9877.190202  
9869.364334  
9857.47848  
9871.065885  
9934.009929  
9944.885609  
9927.007312  
9911.043114  
9882.567402  
9915.762359  
9965.78613  
9918.402915  
9935.97423  
9925.655261  
9922.959224  
9951.975142  
9923.006981  
9901.681815  
9940.045517  
9969.166359  
9888.782422  
9829.926849  
9813.607567  
9753.92124  
9691.762443  
9643.146986  
9609.597818  
9680.105712  
9718.699329  
9773.63932  
9814.404247  
9807.722133  
9861.809151  
9882.263254  
9932.32128  
9966.339856  
9957.512334  
9939.455634  
9891.425021  
9852.809223  
9887.034209  
9850.735937  
9856.144906  
9842.022051  
9843.99196  
9860.48094  
9900.977002  
9934.978514  
9928.627964  
9916.888944  
9894.50447  
9846.090149  
9819.421848  
9789.222738  
9793.874647  
9865.666661  
9844.025142  
9889.790583  
9897.209852  
9907.152095  
9889.270828  
9858.381562  
9845.999407  
9853.544803  
9844.812264  
9879.356961  
9876.598205  
9884.166152  
9869.238721  
9870.017678  
9899.192635  
9866.406279  
9890.173434  
9890.11864  
9875.925458  
9872.300669  
9853.110093  
9847.936572  
9882.222943  
9931.594157  
9932.25716  
9935.032074  
9886.375095  
9859.378491  
9873.504005  
9889.802093  
9868.865541  
9873.00804  
9886.927217  
9861.163431  
9850.432766  
9851.427786  
9863.127792  
9865.258916  
9880.567851  
9882.843254  
9890.519409  
9902.696592  
9889.692851  
9883.488788  
9902.146106  
9882.923892  
9874.206055  
9855.109126  
9870.881569  
9859.229098  
9848.077569  
9880.235475  
9893.60076  
9903.583807  
9939.476283  
9937.59403  
9842.496802  
9820.765903  
9851.394168  
9828.731539  
9831.618464  
9830.050637  
9846.513428  
9857.50395  
9858.650823  
9847.082648  
9841.368456  
9834.962778  
9835.620081  
9852.028536  
9855.179495  
9843.481628  
9859.17442  
9897.281529  
9904.244896  
9892.532044  
9870.733725  
9863.577832  
9862.323576  
9868.795807  
9884.342456  
9879.115306  
9880.555122  
9940.97336  
9938.673004  
9917.844733  
9914.836965  
9862.971864  
9864.508925  
9839.675145  
9840.158198  
9820.664631  
9865.602572  
9861.971537  
9840.36482  
9807.684833  
9857.989145  
9849.501444  
9874.379533  
9888.920467  
9865.141622  
9856.80583  
9856.299777  
9904.833343  
9958.070263  
9917.762077  
9879.784636  
9830.363795  
9834.664847  
9815.086266  
9857.250807  
9876.168979  
9929.270847  
9925.574824  
9880.460255  
9876.338492  
9854.258038  
9862.597852  
9861.047686  
9810.581744  
9873.082752  
9907.316129  
9973.780306  
9902.891997  
9896.778273  
9931.333035  
9902.87466  
9819.889172  
9765.344258  
9745.394679  
9781.180766  
9839.5983  
9851.718053  
9834.047406  
9894.862976  
9904.243535  
9914.872036  
9902.89462  
9912.481727  
9905.872993  
9916.338499  
9912.808644  
9911.253011  
9891.662765  
9905.382819  
9880.993812  
9871.761393  
9816.957865  
9815.489184  
9759.162173  
9835.330369  
9870.199714  
9973.03252  
9924.98184  
9917.125881  
9838.643409  
9751.88523  
9703.811239  
9727.184728  
9765.18149  
9791.097577  
9801.841389  
9796.968731  
9847.92838  
9871.912383  
9890.550595  
9917.155061  
9899.339785  
9887.155659  
9901.752024  
9867.439717  
9881.364626  
9885.963193  
9875.25231  
9911.253417  
9933.154329  
9880.541224  
9890.807894  
9922.608727  
9892.832604  
9893.169714  
9872.204953  
9894.208338  
9867.083747  
9884.738279  
9891.051102  
9880.683796  
9918.761261  
9914.692301  
9919.689886  
9885.221308  
9896.26942  
9845.666632  
9909.314107  
9962.593197  
9933.360025  
9897.021685  
9881.575801  
9869.391668  
9843.28789  
9811.915508  
9829.270697  
9817.35807  
9869.113806  
9836.49205  
9872.260684  
9925.054053  
9860.086355  
9884.537255  
9866.730936  
9856.908649  
9838.924918  
9853.235067  
9827.258327  
9809.323324  
9801.090538  
9815.573495  
9883.042127  
9866.738341  
9897.358108  
9905.099472  
9908.111022  
9884.532616  
9883.084159  
9909.508701  
9940.923896  
9957.498203  
9939.52298  
9955.51623  
9883.757646  
9918.42493  
9895.809638  
9882.116025  
9867.423837  
9861.521994  
9834.175889  
9804.781137  
9851.328558  
9874.484158  
9876.947399  
9880.98013  
9868.292722  
9896.10589  
9912.694804  
9911.321178  
9908.775279  
9907.97156  
9921.106553  
9873.56243  
9861.046514  
9831.218181  
9827.85122  
9839.758423  
9846.484016  
9907.075355  
9916.555699  
9916.684986  
10003.67021  
9957.446147  
9903.30934  
9877.239966  
9838.654442  
9815.789805  
9853.089696  
9904.296181  
9897.530352  
9909.173987  
9862.177105  
9877.941712  
9875.110678  
9862.958055  
9919.45127  
9978.349495  
9925.296939  
9913.853237  
9851.239253  
9821.583539  
9824.303598  
9869.780898  
9830.76917  
9839.440672  
9850.924944  
9854.573598  
9844.26266  
9846.148155  
9876.097668  
9878.231009  
9845.841991  
9890.170246  
9906.879939  
9938.069808  
9851.559768  
9835.319235  
9784.666915  
9705.353881  
9675.957977  
9683.20145  
9744.211423  
9788.561789  
9821.003045  
9861.41881  
9849.387872  
9872.202066  
9885.421212  
9918.017665  
9947.018694  
9902.493744  
9921.15532  
9897.659744  
9923.116137  
9916.084507  
9900.199984  
9905.414408  
9891.266096  
9902.696651  
9906.469662  
9894.64596  
9870.003703  
9820.809919  
9820.8004  
9840.941677  
9803.726024  
9850.446274  
9889.07231  
9944.097789  
9950.279926  
9927.454298  
9902.612308  
9881.153992  
9855.527849  
9840.484487  
9829.825996  
9845.438904  
9872.450664  
9875.940786  
9896.782908  
9860.629756  
9852.864297  
9859.411929  
9862.788114  
9922.372506  
9928.833973  
9947.981401  
9891.336454  
9867.051763  
9874.398401  
9880.883966  
9858.00207  
9863.226093  
9847.443466  
9900.83693  
9922.057913  
9969.855987  
9860.736725  
9888.725571  
9818.185554  
9716.854266  
9723.837313  
9666.590405  
9731.259462  
9734.352489  
9737.032836  
9779.269973  
9854.048459  
9835.376223  
9902.695109  
9902.337644  
9899.111797  
9880.638859  
9875.605831  
9851.645458  
9888.456616  
9944.379195  
9942.827184  
9902.416183  
9889.725545  
9874.368052  
9872.109461  
9836.285015  
9844.360332  
9835.105103  
9849.416632  
9902.340781  
9888.306367  
9936.264683  
9940.828983  
9926.480786  
9897.489556  
9856.650686  
9835.790865  
9831.658515  
9846.398785  
9881.276806  
9913.225672  
9879.212467  
9871.077189  
9866.594976  
9846.640169  
9883.857737  
9864.813048  
9868.541336  
9864.254091  
9894.946408  
9909.171889  
9854.363339  
9823.861384  
9883.848235  
9889.618384  
9922.204846  
9958.989617  
9972.170229  
9951.60475  
9923.137429  
9898.346154  
9911.647228  
9901.275446  
9915.27762  
9825.200836  
9804.393569  
9789.804736  
9792.77332  
9801.510171  
9813.802877  
9833.058763  
9846.602316  
9836.911391  
9914.764527  
9908.780518  
9958.333553  
9946.339569  
9974.699245  
9954.469577  
9931.126747  
9890.881771  
9891.361782  
9868.252624  
9854.045563  
9893.929187  
9923.866144  
9907.706752  
9865.093114  
9841.40168  
9813.629537  
9837.19969  
9828.895038  
9882.915938  
9950.464024  
9930.909278  
9847.697534  
9833.623791  
9825.619974  
9881.731377  
9908.487313  
9848.793814  
9866.765908  
9908.953687  
9837.084226  
9735.600242  
9734.166405  
9688.626059  
9722.095877  
9746.234868  
9701.948195  
9738.915802  
9777.155726  
9847.166076  
9860.018389  
9944.519383  
9975.914905  
9988.004018  
9949.778325  
9868.989415  
9878.815704  
9864.881558  
9864.090796  
9867.801139  
9878.029119  
9865.188701  
9880.559046  
9923.937066  
9961.090095  
9885.118148  
9895.20788  
9889.41068  
9842.103531  
9823.053259  
9856.619531  
9850.05251  
9856.888201  
9882.70061  
9878.248225  
9891.178234  
9893.951219  
9894.009829  
9856.912899  
9899.572625  
9911.23824  
9927.004729  
9898.386717  
9862.265036  
9858.190088  
9842.411051  
9839.558297  
9857.460186  
9836.134537  
9811.252817  
9855.264575  
9877.12778  
9936.904472  
9945.331908  
9958.855116  
9948.930562  
9892.308629  
9849.032884  
9859.286041  
9856.73654  
9863.698485  
9822.209495  
9848.587188  
9905.729381  
9927.265937  
9952.700383  
9961.741488  
9951.44619  
9865.775863  
9844.015625  
9831.28224  
9794.082764  
9780.362271  
9786.340382  
9787.33741  
9840.667031  
9886.411491  
9875.901656  
9872.326728  
9852.349034  
9900.819004  
9927.207731  
9890.627596  
10027.99211  
9985.823027  
9902.580392  
9836.879315  
9823.217914  
9785.740921  
9798.884418  
9773.50796  
9748.833375  
9779.720026  
9779.335884  
9891.491216  
9912.887901  
9877.772434  
9827.17078  
9841.423244  
9829.183155  
9810.511991  
9839.127556  
9858.50258  
9900.120353  
9980.649597  
9914.134778  
9927.135241  
9942.241829  
9869.982987  
9880.957393  
9843.882507  
9817.432707  
9888.046054  
9869.359536  
9896.587946  
9876.204571  
9860.229844  
9868.718912  
9842.614791  
9855.575215  
9890.351664  
9883.645469  
9922.392261  
9939.484104  
9921.287234  
9920.340236  
9901.675645  
9852.093577  
9824.172525  
9832.236363  
9820.002036  
9858.915671  
9852.305698  
9856.405741  
9925.486365  
9931.071395  
9959.173397  
9906.011331  
9896.99443  
9884.209516  
9869.752665  
9910.199361  
9865.402245  
9848.149003  
9812.670645  
9810.02158  
9775.485366  
9826.976955  
9850.973902  
9884.232376  
9892.28686  
9877.236711  
9891.718885  
9852.187796  
