8175.536936  
8198.65685  
8176.71523  
8104.52062  
8127.096313  
8148.105672  
8201.503255  
8028.721965  
8232.570536  
8234.759399  
8105.28361  
8187.257538  
8176.983215  
8156.985738  
8153.281097  
8101.154846  
8161.083201  
8137.890238  
8086.082153  
8159.714823  
8063.245483  
8082.365794  
8185.017588  
8015.807363  
8060.331533  
8156.655324  
8043.52006  
8122.277954  
8096.319397  
8163.116201  
8227.549937  
8157.837646  
8160.322072  
8224.837189  
8093.962219  
8195.251434  
8223.424805  
8115.229726  
8176.731181  
8184.73528  
8120.513804  
8261.223714  
8167.895162  
8197.88089  
8162.468475  
8204.604279  
8149.223389  
8038.861582  
8137.328166  
8202.111572  
8152.517853  
8157.277588  
8135.09789  
8267.054616  
8060.351858  
8172.678192  
8118.63206  
8185.846995  
8129.418274  
8151.525716  
8183.573446  
8071.534922  
8110.126363  
8129.010498  
8231.626617  
8023.237783  
8150.771566  
8173.677938  
8184.857473  
8057.234121  
8220.05777  
8115.984914  
8142.17924  
8228.589478  
8201.580607  
8082.413472  
8128.235636  
8176.125122  
8153.593882  
8089.3868  
8127.74705  
8184.117889  
8187.651662  
8081.721069  
8075.271423  
8136.094554  
8173.151784  
8182.349874  
8175.92573  
8029.288208  
8152.009084  
8193.540009  
8092.197225  
8188.287059  
8206.91394  
8120.258433  
8075.591187  
8143.928884  
8168.638804  
8207.325673  
8032.474213  
8161.074351  
8183.690297  
8090.06485  
8113.13973  
8178.722341  
8084.665873  
8126.909617  
8229.158763  
8141.346914  
8167.292959  
8117.350922  
8251.752075  
8099.220428  
8154.738749  
8174.213074  
8257.992096  
8120.346598  
8186.562358  
8218.479228  
8231.309143  
8115.777191  
8122.95636  
8168.684438  
8223.996674  
8076.910583  
8187.152079  
8183.22521  
8215.164124  
8107.568644  
8162.674215  
8194.549418  
8119.314189  
8110.418213  
8176.310974  
8090.842794  
8180.986023  
8197.003113  
8187.503438  
8078.036825  
8223.139414  
8205.452616  
8126.685974  
8115.668772  
8135.749146  
8197.033925  
8095.499054  
8106.772797  
8163.297496  
8236.408671  
8110.046295  
8063.708038  
8174.64032  
8206.687093  
8100.155691  
8124.275462  
8206.623759  
8115.058736  
8204.239115  
8181.585276  
8001.791667  
8108.460154  
8194.09549  
8148.678792  
8121.758392  
8110.228129  
8174.805359  
8188.177928  
8139.082336  
8067.844808  
8094.198069  
8209.580048  
8160.300232  
8098.40919  
8192.137217  
8201.229747  
8115.375387  
8048.03481  
8129.709961  
8144.2677  
8269.016001  
8155.133341  
8126.135488  
8139.138316  
8197.297241  
8054.430278  
8070.549754  
8105.52358  
8217.539459  
8177.228587  
8123.26002  
8128.395915  
8164.377726  
8149.008718  
8143.989726  
8133.030579  
8052.305206  
8129.194112  
8107.587341  
8171.07078  
8120.764842  
8148.88264  
8155.409688  
8176.428986  
8067.897278  
8180.060282  
8100.378723  
8176.695557  
8236.15919  
8194.409922  
8132.164785  
8185.093984  
8214.309642  
8126.615763  
8125.282023  
8030.260824  
8088.787923  
8093.882507  
8145.745473  
8085.258331  
8129.332489  
8096.768555  
8208.844828  
8043.99174  
8202.396067  
8137.182454  
8169.162455  
8121.229126  
8039.775564  
8159.24292  
8210.944865  
8186.575297  
8235.349538  
8029.555837  
8095.692525  
8186.539805  
8161.605377  
8134.966543  
8153.963053  
8262.633586  
8194.534322  
8105.81192  
8148.166402  
8133.251597  
8182.243378  
8125.801188  
8050.014476  
8112.591797  
8238.286591  
8125.025452  
8073.683634  
8123.741231  
8155.425761  
8168.028575  
8111.915731  
8125.657379  
8222.401784  
8140.007426  
8232.250987  
8068.625112  
8069.960531  
8122.542063  
8161.235647  
8146.615702  
8080.53362  
8122.833303  
8154.00942  
8185.941986  
8068.351532  
8058.417643  
8180.228689  
8250.679586  
8310.806163  
8236.585846  
8089.646413  
8136.900197  
8234.080648  
8094.582367  
8113.259969  
8139.841532  
8196.564616  
8137.359151  
8101.542643  
8090.183248  
8135.665283  
8010.004669  
8083.498647  
8136.747986  
8243.299805  
8221.562337  
8140.992493  
8084.476949  
8132.266632  
8109.472524  
8171.627675  
8041.214539  
8096.135061  
8152.7848  
8204.526591  
8171.189799  
8037.908457  
8037.905182  
8186.031382  
8278.353994  
8127.041555  
8152.632497  
8268.481079  
8163.834585  
8075.821075  
8099.196696  
8219.978963  
8229.334554  
8117.621887  
8138.31308  
8225.637065  
8244.960266  
8225.513672  
8224.18808  
8132.846324  
8154.664693  
8136.631063  
8157.47759  
8145.576274  
8156.201324  
8142.148621  
8182.197611  
8220.198313  
8198.317169  
8158.877258  
8235.611155  
8137.021332  
8187.151377  
8273.695007  
8151.473501  
8249.141907  
8220.906535  
8111.903524  
8171.293193  
8218.236359  
8163.908559  
8267.386739  
8161.408417  
8166.868205  
8150.34787  
8114.31189  
8160.794952  
8201.6468  
8210.335337  
8043.042979  
8200.681498  
8252.448446  
8203.233785  
8102.532583  
7969.688405  
8022.66451  
8072.655629  
8058.785828  
8083.950795  
8171.205424  
8128.227702  
8117.699544  
8192.176809  
8147.954356  
8107.554504  
8089.036804  
8076.58254  
8089.644653  
8168.316884  
8166.59611  
8171.45693  
8053.475688  
8157.024953  
8111.980347  
8194.335083  
8143.634206  
8204.719096  
7990.097982  
8162.2547  
8119.184987  
8185.484985  
8133.032522  
8191.422729  
8093.371409  
8065.294403  
8120.22053  
8135.915263  
8198.040395  
8176.322927  
8193.13033  
8080.506734  
8193.675659  
8285.576162  
8233.8308  
8267.463186  
8132.132812  
8130.329447  
8175.009878  
8107.170308  
8171.760773  
8150.73587  
8120.478099  
8062.716593  
8082.933411  
8082.483775  
8124.729767  
8151.666168  
8095.242493  
8025.54365  
8065.693766  
8097.844208  
8106.550059  
8121.242269  
8139.483653  
8149.016866  
8082.560465  
8104.838623  
8118.422658  
8129.065338  
8219.075185  
8131.237925  
8043.837718  
8073.896444  
8184.586161  
8175.999827  
8213.326894  
8201.155182  
8195.173584  
8051.317383  
8144.969777  
8121.656759  
8156.585052  
8161.868256  
8147.245738  
8106.955861  
8131.613047  
8094.297404  
8138.915914  
8179.805013  
8100.884033  
8219.963694  
8132.398366  
8116.952169  
8073.40743  
8141.658417  
8160.553172  
8172.900808  
8140.522207  
8258.750519  
8248.145732  
8134.914937  
8051.147654  
8194.005575  
8196.166941  
8194.079763  
8239.390645  
8168.062887  
8146.146067  
8229.47521  
8227.531647  
8195.678121  
8191.305379  
8112.221181  
8111.239919  
8173.99115  
8133.661845  
8158.117574  
8183.722178  
8141.307007  
8108.830811  
8136.240316  
8161.992737  
8193.591929  
8153.695414  
8151.915527  
8152.383128  
8133.831991  
8108.933055  
8180.300425  
8140.606618  
8168.900024  
8151.390859  
8124.985596  
8133.54361  
8175.88798  
8102.784454  
8093.76944  
8126.801605  
8141.667226  
8089.617249  
8102.950907  
8117.223368  
8140.044454  
8199.18869  
8145.234873  
8161.45104  
8156.663422  
8105.265981  
8167.261495  
8119.113413  
8192.706502  
8167.393524  
8189.999257  
8140.415883  
8111.67748  
8199.402374  
8083.229858  
8110.085378  
8111.795146  
8161.618846  
8299.13207  
8174.422221  
8134.357107  
8061.529307  
8156.164988  
8197.704814  
8139.082611  
8184.430542  
8099.613586  
8213.254466  
8157.313761  
8165.320994  
8152.330546  
8157.959381  
8128.964152  
8102.912404  
8156.418376  
8088.499288  
8105.784821  
8108.053294  
8174.908437  
8178.922048  
8105.755137  
8190.171946  
8124.319244  
8134.522644  
8110.977804  
8118.345866  
8128.84609  
8167.489787  
8145.935211  
8164.499746  
8178.370148  
8096.193064  
8129.327159  
8175.280833  
8226.922251  
8191.22403  
8139.304352  
8137.650106  
8137.800944  
8168.781067  
8103.554596  
8096.756978  
8097.994161  
8197.66627  
8175.278859  
8177.917043  
8182.95521  
8176.84671  
8200.528676  
8115.059621  
8135.123128  
8093.677836  
8095.137746  
8121.770518  
8075.019175  
8125.918427  
8141.550537  
8147.706024  
8125.052236  
8126.349803  
8152.209086  
8170.874532  
8116.337484  
8114.931925  
8131.986745  
8153.986715  
8140.113017  
8135.275614  
8234.48053  
8163.63033  
8162.872955  
8182.292725  
8075.208852  
8139.070058  
8108.269623  
8157.522034  
8151.704488  
8204.586294  
8126.112569  
8131.125397  
8104.500814  
8090.574158  
8160.142395  
8130.979543  
8158.960724  
8105.917908  
8153.65035  
8086.163493  
8129.949412  
8142.989624  
8221.600403  
8172.201487  
8246.701548  
8170.467916  
8166.751119  
8154.845398  
8201.158295  
8212.492228  
8135.244222  
8212.110535  
8182.159342  
8129.978811  
8173.086121  
8148.921234  
8144.006551  
8080.845744  
8076.837463  
8074.417328  
8099.400909  
8088.846608  
8152.966746  
8158.707509  
8153.8579  
8155.329427  
8136.449615  
8136.59553  
8124.435008  
8096.261678  
8101.683441  
8121.687866  
8191.491394  
8218.054606  
8216.876862  
8184.575745  
8173.221029  
8156.235311  
8154.258921  
8220.874156  
8175.452779  
8105.90447  
8053.95167  
8123.12499  
8115.179667  
8167.177266  
8077.086558  
8094.977559  
8197.742177  
8165.02062  
8176.11677  
8151.528107  
8183.957184  
8189.277018  
8117.740122  
8220.467743  
8227.296285  
8215.468129  
8117.334208  
8147.543081  
8115.067688  
8165.76889  
8113.044891  
8155.631246  
8102.029256  
8120.901072  
8130.204508  
8150.928935  
8184.407908  
8147.454987  
8142.143595  
8081.569672  
8084.681  
8069.715434  
8117.670593  
8143.986837  
8128.194204  
8145.075043  
8127.098836  
8160.658875  
8166.478536  
8168.863129  
8235.497487  
8200.653798  
8149.443848  
8202.510559  
8176.300588  
8170.011027  
8132.917765  
8109.747854  
8210.60321  
8167.984243  
8113.512105  
8140.076497  
8171.648214  
8159.589874  
8091.119588  
8127.811503  
8106.931366  
8167.769552  
8119.037231  
8191.8591  
8154.030548  
8120.179799  
8175.048238  
8070.516846  
8070.208059  
8139.601115  
8087.872335  
8091.608734  
8076.892161  
8146.62913  
8149.069082  
8183.246073  
8191.899363  
8154.350087  
8145.418966  
8238.399729  
8118.060496  
8053.477783  
8041.151825  
8092.435537  
8113.223989  
8112.353668  
8111.51239  
8155.492727  
8117.931722  
8143.258128  
8191.710124  
8169.217855  
8163.455627  
8198.848043  
8168.157196  
8129.055684  
8166.911702  
8137.639994  
8144.907786  
8104.654399  
8144.966502  
8149.300852  
8120.668833  
8142.205475  
8082.715841  
8084.64561  
8104.797353  
8130.250783  
8135.124481  
8195.679738  
8162.714478  
8138.880595  
8137.167592  
8114.205444  
8085.784648  
8181.908427  
8120.125885  
8033.420288  
8182.473785  
8170.164449  
8225.88325  
8201.553314  
8188.90802  
8144.959829  
8199.965637  
8192.255127  
8194.654989  
8235.974243  
8146.496684  
8226.870087  
8219.397166  
8157.850749  
8199.313009  
8170.427755  
8148.194194  
8132.177572  
8100.441508  
8062.370504  
8186.398844  
8066.533783  
8049.06724  
8150.202281  
8193.103434  
8193.262461  
8088.662333  
8082.397685  
8008.148905  
8116.009369  
8158.608846  
8151.752085  
8178.110209  
8237.869181  
8173.153615  
8130.362233  
8137.857524  
8095.487996  
8071.987844  
8080.725464  
8133.103933  
8104.438344  
8202.53417  
8087.261831  
8107.603821  
8137.086222  
8138.401937  
8182.37266  
8141.673289  
8183.778788  
8165.345703  
8200.568054  
8158.396352  
8207.074483  
8198.574249  
8221.875641  
8274.250051  
8203.355123  
8181.902303  
8115.312612  
8134.263509  
8123.727702  
8221.381989  
8213.512543  
8125.002899  
8141.198995  
8079.40448  
8097.593892  
8091.267598  
8210.616933  
8122.323435  
8137.873169  
8193.345815  
8195.591715  
8186.255758  
8195.748037  
8181.835266  
8115.546672  
8180.00767  
8161.858744  
8127.732473  
8183.431061  
8185.831238  
8156.388275  
8132.669484  
8153.76709  
8087.574005  
8047.460999  
8069.451691  
8084.266368  
8111.355255  
8119.523651  
8168.846456  
8188.132345  
8097.779205  
8132.673676  
8112.125163  
8151.950216  
8111.838267  
8135.250844  
8199.309052  
8096.639821  
8169.684377  
8180.108704  
8172.805339  
8212.58665  
8199.485779  
8185.114736  
8180.615265  
8214.031637  
8163.692708  
8159.927043  
8131.092529  
8143.766296  
8120.247162  
8190.700684  
8182.99941  
8151.796132  
8089.982035  
8173.924113  
8202.454366  
8151.043294  
8169.65741  
8118.327993  
8114.062174  
8137.835531  
8104.237935  
8179.683634  
8200.247101  
8104.687225  
8154.598612  
8198.189046  
8114.540975  
8170.863963  
8235.29008  
8224.570679  
8177.0212  
8093.735209  
8233.419739  
8141.670034  
8125.508433  
8125.597992  
8122.713999  
8128.250641  
8112.08018  
8138.634694  
8141.366313  
8133.35612  
8199.761576  
8115.077576  
8093.549774  
8072.773448  
8116.216939  
8157.248881  
8121.320262  
8157.200348  
8146.698598  
8129.792755  
8102.686269  
8050.171071  
8049.507395  
8166.354757  
8118.59908  
8162.636444  
8133.006795  
8185.545787  
8299.26476  
8215.836233  
8195.778402  
8143.225311  
8105.328573  
8116.180918  
8132.994303  
8171.614024  
8161.405965  
8171.742055  
8109.086894  
8175.820618  
8190.864736  
8111.423299  
8141.993958  
8110.037109  
8156.494965  
8163.091166  
8150.017751  
8120.772634  
8115.313019  
8160.136546  
8190.082855  
8142.970469  
8143.483999  
8140.728566  
8176.960236  
8199.59492  
8229.472249  
8165.933563  
8107.074687  
8083.963745  
8097.299337  
8085.414775  
8033.821462  
8109.121613  
8112.353638  
8209.765676  
8192.205037  
8177.204895  
8167.854492  
8120.772746  
8118.733256  
8096.997223  
8091.551595  
8192.991374  
8231.353363  
8273.568492  
8256.340261  
8134.331217  
8132.581299  
8129.274892  
8107.977325  
8128.956045  
8183.686717  
8104.970306  
8134.521698  
8104.47875  
8130.037059  
8157.323619  
8119.003113  
8076.092753  
8078.94871  
8078.313059  
8137.139893  
8167.759104  
8162.123749  
8143.987844  
8149.589254  
8131.159892  
8146.412028  
8168.130971  
8197.729553  
8269.553813  
8106.202321  
8065.687917  
8105.23645  
8124.487752  
8119.058787  
8105.637177  
8098.782949  
8139.654205  
8139.857188  
8176.245239  
8169.615468  
8128.367228  
8160.406921  
8164.839986  
8146.370412  
8055.863871  
8111.067871  
8055.669159  
8305.444224  
8203.579549  
8169.730977  
8213.672404  
8224.134267  
8112.268239  
8113.508779  
8043.384633  
8119.855265  
8006.928426  
8021.006073  
8072.484741  
8048.368886  
8068.760366  
8086.0861  
8158.555288  
8185.181834  
8203.241852  
8181.609629  
8196.53125  
8195.580709  
8256.628265  
8195.991933  
8167.483958  
8269.497609  
8114.523834  
8167.916606  
8094.723348  
8193.331299  
8150.412292  
8240.918406  
8239.2388  
8136.904999  
8063.361216  
8078.16035  
8150.105408  
8183.069743  
8160.919373  
8222.492025  
8140.602559  
8117.209971  
8117.896484  
8134.549001  
8187.984996  
8129.153656  
8079.219523  
8166.801381  
8094.603739  
8149.559733  
8169.818136  
8124.31428  
8178.863668  
8156.450033  
8125.066121  
8182.851135  
8146.352783  
8116.164836  
8071.215444  
8043.592061  
8088.452118  
8131.901286  
8145.865936  
8218.462006  
8155.053385  
8178.530731  
8179.964579  
8213.201609  
8105.423828  
8232.536519  
8185.386495  
8155.858439  
8104.11909  
8101.783081  
8180.790802  
8232.591807  
8236.965383  
8125.497843  
8150.942708  
8115.916361  
8125.613953  
8136.915304  
8116.046661  
8192.165009  
8179.316213  
8162.660166  
8113.642405  
8107.242106  
8139.070577  
8126.280192  
8155.176402  
8146.458811  
8266.263509  
8183.215251  
8139.614705  
8166.469808  
8165.065592  
8161.446187  
8161.712413  
8161.712372  
8138.840505  
8145.863363  
8191.352244  
8142.242859  
8067.096965  
8060.194295  
8125.844584  
8203.270172  
8073.243429  
8076.253225  
8142.234924  
8133.510824  
8184.471598  
8161.499532  
8198.597605  
8131.749654  
8126.767893  
8203.025726  
8136.939687  
8103.006439  
8092.151601  
8162.087463  
8173.879242  
8212.882802  
8201.995443  
8203.555847  
8134.680664  
8142.360738  
8168.897461  
8169.943115  
8097.983154  
8086.697347  
8132.937673  
8123.818003  
8106.954264  
8110.482412  
8079.761617  
8126.194265  
8196.923452  
8115.520701  
8082.284943  
8075.735881  
8240.89447  
8160.255381  
8116.893331  
8155.920888  
8191.733877  
8092.831319  
8096.809001  
8175.590342  
8161.896932  
8209.889811  
8157.033885  
8192.287018  
8250.189392  
8240.270213  
8136.631165  
8139.575328  
8053.360667  
8137.48234  
8171.665192  
8149.129242  
8228.261119  
8301.123189  
8173.367279  
8178.507487  
8098.117716  
8180.522074  
8110.906932  
8182.478963  
8195.756144  
8149.556936  
8125.269897  
8092.280996  
8111.684092  
8137.981435  
8107.482951  
8109.228312  
8131.81426  
8185.47167  
8209.18748  
8116.977712  
8137.065755  
8209.780945  
8197.709096  
8080.182678  
8103.900004  
8099.961934  
8132.334625  
8092.609131  
8135.619568  
8258.455414  
8224.890137  
8164.714712  
8049.299286  
8102.22583  
8138.918905  
8139.187185  
8091.56957  
8046.852549  
8070.034434  
8068.49295  
8108.019755  
8105.088053  
8143.76943  
8175.855804  
8158.131877  
8268.680125  
8205.679484  
8172.279399  
8214.915232  
8230.316833  
8172.664317  
8124.622904  
8187.549296  
8168.73938  
8065.932515  
8097.602448  
8166.192454  
8147.505035  
8143.664073  
8114.739299  
8086.301229  
8120.309123  
8120.380269  
8113.75238  
8191.011759  
8155.860463  
8117.522797  
8138.836568  
8155.627747  
8176.215312  
8222.296895  
8214.556163  
8235.228465  
8190.751912  
8161.613922  
8179.835917  
8227.3697  
8160.29834  
8122.947449  
8102.326609  
8091.482249  
8091.335876  
8123.491821  
8077.346263  
8163.158244  
8151.344798  
8175.851613  
8134.174489  
8140.791036  
8109.152313  
8145.36792  
8103.648448  
8118.157094  
8107.464945  
8090.079244  
8128.528585  
8127.199829  
8142.477142  
8101.064016  
8154.647664  
8126.759399  
8092.534576  
8229.576111  
8197.7223  
8228.996246  
8124.496216  
8236.471344  
8233.680766  
8240.249797  
8154.621134  
8110.458201  
8091.096924  
8150.860046  
8072.377431  
8139.965505  
8168.252492  
8190.295634  
8127.024363  
8088.795359  
8064.311391  
8094.96759  
8078.54715  
8137.151825  
8105.364258  
8084.570302  
8036.811218  
8052.160645  
8070.349854  
8106.161875  
8065.603739  
8181.697266  
8183.563975  
8215.971903  
8192.766683  
8214.83194  
8159.441844  
8228.406972  
8169.65626  
8128.147186  
8136.612579  
8189.941691  
8248.066498  
8118.609639  
8138.426086  
8149.814992  
8164.923553  
8144.945221  
8142.865997  
8241.149526  
8168.228271  
8266.591064  
8162.787089  
8157.824992  
8189.656504  
8197.515666  
8144.090434  
8104.052307  
8129.460236  
8084.407593  
8068.101064  
8083.441477  
8100.288605  
8117.496043  
8074.560791  
8035.725749  
8117.371989  
8186.455739  
8321.991272  
8389.954732  
8337.103139  
8256.506165  
8236.131856  
8225.601176  
8129.780151  
8114.299957  
8161.165232  
8145.05957  
8128.946421  
8042.106425  
8040.637278  
8069.08489  
8044.896037  
8080.434977  
8066.485992  
8100.544495  
8131.236735  
8172.683004  
8191.179891  
8170.804443  
8187.321228  
8163.883677  
8116.448812  
8144.93159  
8176.906158  
8139.855245  
8057.088989  
8179.476949  
8177.005615  
8149.537944  
8030.34609  
8118.219238  
8167.660299  
8228.713003  
8190.041901  
8158.514109  
8158.395203  
8140.970683  
8140.392487  
8078.874064  
8174.605235  
8138.773905  
8137.143778  
8083.120026  
8071.404806  
8125.481995  
8162.086955  
8194.581055  
8202.209676  
8165.875468  
8214.339284  
8180.495951  
8161.414134  
8215.009155  
8129.438243  
8099.642609  
8083.167979  
7987.149261  
8121.388947  
8244.136393  
8179.203003  
8159.846639  
8180.206309  
8118.766693  
8234.214539  
8119.26238  
8091.239655  
8113.958883  
8170.383057  
8170.609029  
8141.638346  
8105.997457  
8140.855194  
8161.772237  
8184.071309  
8066.514486  
8100.863078  
8115.425354  
8149.33666  
8181.41745  
8183.644714  
8204.876963  
8183.786387  
8164.407786  
8143.917999  
8189.220652  
8149.38089  
8068.131439  
8074.891632  
8086.309326  
8067.072622  
8137.653524  
8107.831472  
8226.350881  
8191.61379  
8127.312978  
8065.479451  
8138.600647  
8177.164764  
8224.506002  
8159.213257  
8300.668569  
8197.898387  
8213.51651  
8203.687714  
8202.344116  
8276.521332  
8111.556936  
8157.96993  
8116.783498  
8088.501648  
8045.645467  
8101.507477  
8100.080414  
8118.829325  
8051.207672  
8070.75646  
8115.055817  
8118.96582  
8215.020192  
8159.102244  
8202.787374  
8207.061167  
8213.015025  
8180.190389  
8156.165883  
8123.055837  
8172.498169  
8123.91157  
8115.520345  
8082.415405  
8105.424327  
8154.307149  
8142.075419  
8240.329254  
8269.265523  
8150.537821  
8150.073374  
8101.424845  
8148.373566  
8116.391652  
8101.884847  
8139.229177  
8155.398448  
8120.016266  
8201.234263  
8125.379222  
8100.396901  
8052.141266  
8130.319143  
8044.483215  
8142.570953  
8135.793162  
8201.0507  
8188.932678  
8224.561483  
8203.845327  
8116.003479  
8131.893545  
8179.25529  
8304.87264  
8319.481923  
8084.135437  
8260.820567  
8197.107218  
8064.088999  
8001.543538  
8026.829519  
7958.807343  
7965.826009  
8035.328308  
7998.299225  
8089.007955  
8039.792124  
8055.759481  
8038.542928  
8168.988159  
8083.065623  
8070.236399  
8063.724141  
8007.542226  
8092.404765  
8018.785075  
8018.336741  
8072.479777  
8156.068034  
8218.74586  
8142.764577  
8227.095998  
8195.604645  
8219.698476  
8194.90272  
8208.247274  
8176.918966  
8149.435028  
8223.505493  
8139.752268  
8116.319285  
8105.907979  
8098.404948  
8138.249797  
8125.439697  
8121.677948  
8202.968618  
8180.635396  
8217.07783  
8255.459361  
8173.901042  
8187.516866  
8166.046611  
8165.777629  
8140.145996  
8110.639099  
8097.556498  
8158.335775  
8207.646454  
8202.496246  
8245.349742  
8184.391123  
8135.450572  
8132.395386  
8125.329437  
8173.950907  
8143.987305  
8094.172384  
8129.178711  
8141.351634  
8166.777507  
8150.856018  
8157.855499  
8210.912893  
8247.098806  
8140.419912  
8201.106598  
8115.284424  
8177.250885  
8140.979228  
8083.428009  
8141.901265  
8122.630768  
8104.189626  
8135.105326  
8223.047791  
8136.67512  
8139.432007  
8049.762797  
8145.277486  
8206.585765  
8239.610138  
8147.946167  
8130.244965  
8048.007334  
8161.360016  
8153.626699  
8028.457906  
8117.238902  
8101.608816  
8145.328837  
8149.616892  
8139.859416  
8120.633921  
8128.764242  
8063.4823  
8090.674479  
8096.431885  
8136.585541  
8194.855387  
8143.544729  
8232.245107  
8286.279195  
8136.157013  
8207.911143  
8199.213867  
8186.814707  
8163.950928  
8170.266113  
8212.857117  
8179.932465  
8127.273285  
8082.461955  
8077.60435  
8095.782725  
8101.680929  
8183.919362  
8149.94987  
8091.128448  
8081.281962  
8131.839254  
8128.304718  
8219.852743  
8176.046102  
8047.466339  
8110.041545  
8110.468028  
8124.822845  
8096.276031  
8147.134583  
8148.992696  
8157.906565  
8132.825409  
8223.58786  
8176.566864  
8185.357747  
8154.06428  
8203.888357  
8174.084534  
8124.942566  
8101.825826  
8144.563243  
8133.857432  
8212.206299  
8137.20109  
8155.029907  
8120.61322  
8160.28358  
8115.681793  
