8293.509878  
8292.288715  
8284.818848  
8204.165114  
8295.268095  
8280.125347  
8305.339149  
8192.965144  
8324.726976  
8366.992911  
8223.793495  
8338.894362  
8260.192899  
8289.829252  
8268.646832  
8238.896559  
8252.662767  
8212.688279  
8209.616023  
8257.877329  
8172.301777  
8207.38824  
8288.65487  
8132.6624  
8190.538668  
8248.303373  
8155.012  
8279.462431  
8223.096999  
8265.305072  
8336.115835  
8244.137752  
8279.103431  
8338.259935  
8215.961773  
8329.531945  
8348.069665  
8238.074125  
8315.090351  
8276.314509  
8242.07266  
8361.536058  
8257.11931  
8286.759747  
8261.781381  
8318.657893  
8272.713614  
8162.734197  
8286.74308  
8320.843788  
8256.776104  
8281.239023  
8225.266573  
8385.015127  
8161.287964  
8265.352642  
8262.99846  
8289.165743  
8253.452825  
8264.688524  
8306.498432  
8163.634136  
8241.012094  
8254.955397  
8333.546274  
8132.64701  
8304.249211  
8284.469342  
8301.067627  
8172.747925  
8349.466224  
8207.874671  
8293.908363  
8335.354924  
8344.702327  
8190.413555  
8239.026762  
8284.391611  
8249.605835  
8215.260047  
8261.807983  
8326.833233  
8297.392024  
8162.591628  
8181.994873  
8269.548612  
8284.874925  
8301.64963  
8285.70643  
8205.009287  
8257.192758  
8294.195284  
8248.254385  
8319.39639  
8309.204505  
8193.614896  
8217.217661  
8268.4669  
8265.68857  
8303.159677  
8163.340135  
8302.005324  
8294.303871  
8210.437256  
8257.033813  
8325.149884  
8189.870812  
8263.235107  
8343.17333  
8271.548161  
8271.910635  
8275.491925  
8347.986807  
8223.234647  
8278.126333  
8297.533109  
8364.579402  
8236.379742  
8296.887958  
8331.067787  
8346.876183  
8178.590417  
8280.723276  
8282.963003  
8322.805683  
8188.816772  
8300.735953  
8318.650306  
8315.304979  
8218.974431  
8292.167377  
8304.036612  
8231.180946  
8232.123507  
8289.263878  
8187.623507  
8309.734046  
8310.653264  
8284.419377  
8220.516874  
8311.084848  
8333.658203  
8201.581947  
8239.877948  
8253.734788  
8296.940561  
8196.999061  
8248.03941  
8283.289194  
8351.708346  
8219.896165  
8171.351722  
8313.407978  
8321.71183  
8199.638259  
8251.771541  
8324.00924  
8239.871253  
8347.739211  
8283.477586  
8147.177659  
8275.699923  
8291.011428  
8247.741446  
8192.133395  
8263.570134  
8310.214881  
8329.035316  
8233.197416  
8185.721088  
8220.208665  
8302.660682  
8268.813486  
8177.223154  
8330.184364  
8314.301626  
8193.486798  
8179.592896  
8273.16934  
8272.417236  
8347.637723  
8267.672692  
8270.608521  
8254.445078  
8308.679331  
8193.83775  
8197.428551  
8225.009315  
8328.694092  
8289.896081  
8221.124549  
8257.954947  
8268.443763  
8272.303157  
8235.097534  
8229.070237  
8170.600304  
8269.224497  
8243.818481  
8277.28063  
8231.033419  
8276.455754  
8281.71152  
8239.860953  
8221.165621  
8326.767841  
8203.413339  
8344.424138  
8363.637216  
8287.157133  
8227.550377  
8323.946252  
8315.188448  
8250.166795  
8219.484262  
8175.061786  
8216.608013  
8227.843459  
8274.213144  
8164.53079  
8266.717219  
8232.526048  
8281.065843  
8165.455998  
8338.930148  
8267.948843  
8285.990479  
8210.628653  
8183.66133  
8276.929124  
8330.492986  
8308.830895  
8322.423715  
8168.006601  
8247.083346  
8312.675706  
8315.254742  
8242.643893  
8258.10929  
8346.791551  
8280.783767  
8248.018179  
8278.901189  
8244.568669  
8290.177471  
8222.778358  
8199.050471  
8247.007127  
8341.755146  
8256.30804  
8171.333383  
8249.659029  
8282.73784  
8274.215107  
8214.560425  
8273.520001  
8301.320641  
8267.734967  
8327.533006  
8174.620577  
8178.534743  
8254.751061  
8262.092003  
8266.643264  
8205.419143  
8234.694712  
8268.886193  
8313.002338  
8197.214111  
8209.614709  
8302.064707  
8363.680533  
8384.679124  
8351.681857  
8209.573383  
8274.260911  
8329.035551  
8208.883911  
8266.906072  
8235.049607  
8315.028424  
8290.945651  
8215.170711  
8195.065514  
8255.213398  
8120.641639  
8227.992967  
8262.299044  
8334.957717  
8304.849234  
8260.063777  
8215.366061  
8265.306612  
8249.537767  
8287.516705  
8148.282471  
8204.617629  
8305.712806  
8322.978478  
8301.512216  
8153.754977  
8170.475145  
8281.619901  
8360.381986  
8255.951904  
8270.230891  
8375.290527  
8301.998197  
8161.697604  
8230.021437  
8284.758291  
8284.642954  
8218.114662  
8260.184016  
8320.527015  
8365.842708  
8326.902034  
8285.913123  
8227.794387  
8279.73846  
8256.887141  
8288.040471  
8262.67872  
8252.502545  
8242.933519  
8298.29171  
8296.551495  
8319.159968  
8289.414607  
8355.277663  
8247.799288  
8309.277024  
8387.972994  
8268.450665  
8349.216196  
8324.14579  
8236.766724  
8319.562566  
8323.570538  
8257.570237  
8341.631808  
8261.940364  
8303.585243  
8281.336886  
8250.60345  
8260.484769  
8305.769015  
8346.261653  
8173.31789  
8336.277344  
8351.301683  
8338.346135  
8232.68119  
8058.398344  
8199.275898  
8207.314716  
8200.901414  
8186.307805  
8276.385949  
8231.096426  
8258.670147  
8296.767484  
8251.622052  
8216.051166  
8205.055673  
8227.678655  
8200.000479  
8284.887489  
8305.89316  
8284.264057  
8182.220525  
8303.492619  
8238.276611  
8319.387442  
8254.060613  
8322.183913  
8106.546819  
8314.675828  
8253.031306  
8307.973886  
8223.838492  
8275.661687  
8190.314932  
8192.633066  
8267.646522  
8261.580951  
8308.868737  
8282.741173  
8321.203717  
8215.370859  
8300.844623  
8410.462468  
8344.4372  
8385.473633  
8238.531128  
8260.209679  
8318.852107  
8219.349206  
8282.289091  
8256.551326  
8202.170636  
8191.733117  
8223.102135  
8187.714093  
8268.48245  
8279.401405  
8194.167189  
8133.734948  
8195.025954  
8237.599422  
8206.196843  
8213.542527  
8257.5368  
8273.116211  
8174.294067  
8228.881366  
8260.378089  
8231.368474  
8300.762508  
8244.37192  
8160.820003  
8210.049889  
8312.220637  
8297.701613  
8342.543382  
8311.434505  
8313.713745  
8168.83928  
8249.865291  
8238.720816  
8275.463069  
8286.309692  
8224.817646  
8192.880559  
8243.696937  
8205.612784  
8263.723098  
8313.552547  
8245.08728  
8327.759766  
8256.099994  
8253.01616  
8203.618577  
8257.508207  
8273.848802  
8302.144081  
8244.618887  
8365.595619  
8352.49892  
8289.8125  
8182.381714  
8338.646128  
8285.137939  
8322.699547  
8324.303476  
8250.660391  
8277.263813  
8350.204815  
8344.589008  
8277.342567  
8305.131845  
8212.371883  
8208.679293  
8309.294434  
8240.705238  
8244.3045  
8288.070998  
8258.937209  
8245.678993  
8250.735539  
8255.839994  
8331.038274  
8286.963764  
8267.642465  
8265.149855  
8257.108821  
8209.231267  
8285.504179  
8238.604145  
8282.541748  
8269.833214  
8215.906813  
8234.899142  
8281.72245  
8220.072829  
8221.054697  
8229.778931  
8272.333505  
8214.062838  
8214.099572  
8228.087308  
8260.129535  
8283.277344  
8258.964863  
8256.258564  
8247.074698  
8231.601008  
8296.452327  
8232.154015  
8320.535203  
8287.244197  
8293.251596  
8273.660814  
8249.34545  
8336.78033  
8231.431434  
8250.959398  
8258.046171  
8278.295833  
8406.070087  
8287.003878  
8303.581242  
8208.574256  
8278.361967  
8305.18765  
8240.739004  
8298.012498  
8229.076003  
8304.707726  
8293.104567  
8260.154428  
8276.451529  
8233.808556  
8241.676974  
8230.055749  
8263.874239  
8223.457313  
8229.498854  
8244.026809  
8298.014864  
8301.540161  
8248.870436  
8277.122005  
8240.434345  
8230.405311  
8235.627995  
8250.381254  
8253.207416  
8274.867009  
8274.919387  
8242.084707  
8262.64394  
8223.694599  
8206.259118  
8276.336294  
8334.168551  
8346.900654  
8277.862014  
8283.754789  
8260.73384  
8299.175058  
8221.359572  
8201.002836  
8218.87761  
8321.847459  
8299.256855  
8308.297072  
8306.149808  
8299.549147  
8303.153884  
8234.895189  
8242.485896  
8217.535137  
8236.774621  
8258.671499  
8200.094961  
8238.181791  
8253.273203  
8259.31157  
8240.277494  
8249.675969  
8267.864417  
8257.314669  
8238.18319  
8230.547157  
8282.579158  
8247.054988  
8255.68657  
8248.622991  
8319.740629  
8261.890447  
8253.007418  
8303.607995  
8245.848398  
8242.692599  
8216.007343  
8247.92981  
8268.781832  
8299.436439  
8237.301232  
8266.480394  
8210.462787  
8231.003841  
8254.219097  
8252.1501  
8266.534987  
8246.129244  
8280.335224  
8234.033785  
8234.970027  
8243.15333  
8336.159367  
8280.017879  
8354.618549  
8282.404353  
8268.492582  
8283.220412  
8288.637123  
8327.904428  
8246.497652  
8324.731342  
8298.553326  
8267.541861  
8293.544903  
8260.77601  
8251.542715  
8210.560885  
8224.583355  
8201.241596  
8226.508451  
8225.141545  
8252.967839  
8260.990479  
8265.896729  
8243.505963  
8270.711538  
8273.653546  
8257.079965  
8216.172147  
8224.072594  
8228.623545  
8313.276048  
8323.406917  
8324.635385  
8282.337365  
8255.531419  
8255.641864  
8231.575975  
8329.883451  
8305.735445  
8221.457585  
8170.256761  
8225.886052  
8227.114455  
8274.313899  
8208.55989  
8233.467022  
8333.866164  
8275.929537  
8275.92149  
8259.676063  
8283.309786  
8277.281673  
8241.610586  
8330.413405  
8358.840013  
8366.247512  
8287.06619  
8270.836661  
8239.454994  
8293.585966  
8222.330125  
8263.570613  
8228.097328  
8230.898071  
8238.879498  
8254.976347  
8266.738967  
8267.477577  
8249.99846  
8233.099515  
8218.001803  
8191.795513  
8234.980788  
8276.627441  
8254.831355  
8273.725595  
8244.566247  
8280.853948  
8272.593797  
8275.365253  
8350.628164  
8304.827364  
8258.546744  
8291.22537  
8301.484704  
8292.858633  
8245.996948  
8230.079026  
8311.859779  
8295.091093  
8234.595299  
8245.080942  
8317.358389  
8291.100229  
8227.89902  
8273.434383  
8245.732375  
8272.886747  
8231.706421  
8296.643442  
8286.620934  
8229.18689  
8304.163396  
8213.804284  
8220.804875  
8262.171931  
8223.404964  
8238.523672  
8205.798265  
8258.977088  
8243.802481  
8303.578397  
8301.936195  
8261.579299  
8272.783109  
8353.292978  
8268.216816  
8172.20875  
8158.557429  
8198.148776  
8257.793025  
8219.467069  
8222.82635  
8263.820791  
8224.387273  
8272.606614  
8299.421978  
8297.19736  
8244.047335  
8286.577346  
8270.292424  
8227.253671  
8257.588351  
8234.124728  
8237.469313  
8230.334886  
8237.904457  
8268.829374  
8236.502939  
8265.360924  
8171.609544  
8226.602361  
8218.959454  
8234.820651  
8262.816181  
8299.619723  
8286.254366  
8279.636972  
8260.116587  
8243.414945  
8234.145799  
8317.52109  
8251.883855  
8158.739389  
8262.972431  
8272.494019  
8339.849469  
8309.400034  
8285.243399  
8262.187754  
8299.033325  
8294.11745  
8308.693125  
8333.593675  
8288.683941  
8312.868361  
8347.824641  
8276.681997  
8308.620455  
8285.006836  
8291.023813  
8233.259625  
8210.321148  
8198.528978  
8279.995746  
8184.326378  
8184.169199  
8264.468684  
8304.436749  
8322.255315  
8193.529297  
8212.954421  
8137.224234  
8214.755324  
8272.528987  
8275.82744  
8306.862577  
8373.932411  
8298.494225  
8275.814838  
8259.843797  
8239.871441  
8195.674232  
8209.033109  
8233.382634  
8229.096407  
8312.230056  
8202.218468  
8232.87285  
8265.110755  
8237.917114  
8280.179988  
8262.377601  
8293.415518  
8291.735802  
8315.243145  
8266.877009  
8330.049739  
8276.379094  
8341.122098  
8396.145592  
8355.106802  
8299.079299  
8257.640193  
8237.542668  
8221.540396  
8320.784555  
8362.597281  
8241.744394  
8275.935913  
8186.087646  
8196.494122  
8200.625366  
8334.618286  
8213.153546  
8241.451472  
8297.234403  
8307.670758  
8272.143461  
8306.596774  
8285.094079  
8219.027062  
8277.484009  
8259.364586  
8242.004498  
8301.78386  
8301.266479  
8237.143714  
8261.645339  
8273.35099  
8229.636334  
8174.25939  
8188.765935  
8203.002761  
8225.806312  
8247.979652  
8271.248141  
8307.04157  
8237.476882  
8263.296668  
8246.510498  
8276.948054  
8214.394597  
8235.209125  
8286.911771  
8197.443068  
8300.351722  
8303.536236  
8307.47291  
8311.712834  
8326.727445  
8263.428993  
8288.656832  
8292.546452  
8258.875113  
8286.334294  
8283.488065  
8273.521944  
8220.182767  
8289.63701  
8321.729558  
8236.364821  
8216.129141  
8251.446721  
8288.609413  
8283.959407  
8324.131611  
8260.731934  
8258.368164  
8280.221069  
8216.484168  
8258.788584  
8311.313129  
8227.506395  
8252.06434  
8346.708027  
8264.752732  
8298.284208  
8327.175791  
8313.137958  
8304.697613  
8253.926551  
8356.842999  
8289.279541  
8245.16149  
8230.873253  
8255.883892  
8243.863394  
8224.923302  
8246.961942  
8271.065486  
8240.547899  
8314.059063  
8257.077909  
8203.419931  
8179.89286  
8205.599121  
8279.502432  
8264.749859  
8270.316726  
8274.639639  
8242.454487  
8217.53279  
8174.318087  
8181.029926  
8271.330632  
8227.587872  
8255.354426  
8262.602267  
8283.116652  
8408.739643  
8361.980281  
8310.072848  
8275.481689  
8231.256132  
8210.919293  
8254.70381  
8295.758357  
8263.161368  
8278.654663  
8216.233305  
8314.146513  
8303.643583  
8249.027954  
8274.321252  
8255.965764  
8266.549176  
8273.228995  
8274.01463  
8223.751521  
8248.02079  
8311.176936  
8303.851901  
8274.181838  
8253.083224  
8283.29896  
8279.926232  
8297.08375  
8329.549157  
8267.42365  
8240.834116  
8191.871019  
8209.02694  
8197.568143  
8173.692627  
8225.586848  
8214.644944  
8327.245709  
8284.186364  
8288.836116  
8294.347534  
8232.35914  
8241.721032  
8202.635282  
8226.65055  
8281.60776  
8335.144954  
8329.405921  
8365.047955  
8251.438195  
8228.710553  
8239.687556  
8212.538189  
8205.903902  
8244.720243  
8222.485812  
8232.307476  
8226.074698  
8237.687021  
8288.383244  
8279.233427  
8188.211069  
8184.738122  
8160.886916  
8279.318444  
8303.592079  
8261.528987  
8269.441049  
8247.677781  
8240.970515  
8278.383169  
8276.159011  
8295.671931  
8377.803655  
8237.971079  
8226.399001  
8257.486732  
8234.365629  
8252.16456  
8243.676514  
8228.188674  
8252.430946  
8261.309749  
8288.777663  
8306.261165  
8234.685697  
8282.94643  
8272.224328  
8265.108859  
8167.943688  
8259.938955  
8251.836135  
8402.449773  
8345.181425  
8286.967933  
8311.345215  
8308.347177  
8238.747915  
8210.845769  
8184.493033  
8234.616258  
8170.867516  
8126.721633  
8200.423152  
8161.179021  
8168.35514  
8219.962055  
8283.866126  
8294.187754  
8299.757043  
8331.422373  
8314.83452  
8321.220647  
8340.120831  
8289.910128  
8267.643508  
8357.163283  
8236.507465  
8260.393254  
8223.938505  
8338.668927  
8261.118878  
8361.914457  
8356.746967  
8282.90886  
8188.942805  
8188.769597  
8250.496366  
8272.450918  
8247.740309  
8346.38546  
8291.677866  
8236.021729  
8245.947322  
8265.130033  
8307.278264  
8253.541776  
8199.236591  
8285.621357  
8207.186796  
8280.502338  
8289.328707  
8255.805307  
8262.81666  
8277.167659  
8222.633301  
8287.979577  
8268.647874  
8270.57251  
8201.356783  
8160.999822  
8214.080134  
8238.964675  
8283.406569  
8318.743662  
8278.231483  
8271.710346  
8287.014141  
8311.551072  
8220.031635  
8327.602154  
8311.654804  
8262.812265  
8232.426795  
8210.280658  
8279.647621  
8341.310143  
8340.614953  
8262.172992  
8263.616803  
8219.325393  
8261.090914  
8230.349393  
8221.711717  
8311.930373  
8314.091337  
8262.973605  
8248.940092  
8229.002272  
8255.454233  
8243.341215  
8250.234272  
8265.423819  
8370.323505  
8318.315909  
8290.494319  
8273.745605  
8288.643696  
8292.493117  
8268.033663  
8264.625244  
8281.738939  
8265.283391  
8284.922354  
8278.717426  
8184.358305  
8183.457003  
8230.449425  
8281.196993  
8207.574698  
8187.17364  
8268.152466  
8259.763569  
8303.281241  
8284.474365  
8303.213999  
8251.245408  
8212.22445  
8302.414861  
8254.490216  
8215.338614  
8231.094097  
8295.992976  
8290.827646  
8315.319871  
8330.841449  
8340.261315  
8263.583721  
8258.267963  
8290.016357  
8305.122249  
8234.789119  
8172.532461  
8242.858652  
8238.03372  
8234.217097  
8241.683566  
8200.471605  
8232.196101  
8311.978469  
8239.173499  
8184.673997  
8208.559993  
8376.657987  
8303.443604  
8226.6561  
8240.896156  
8292.358736  
8203.338557  
8241.24662  
8278.968816  
8301.932148  
8306.724309  
8257.500901  
8302.976253  
8337.674542  
8366.425387  
8265.388766  
8243.829102  
8179.322275  
8277.95336  
8301.416495  
8228.026855  
8308.854718  
8372.423387  
8316.046067  
8264.924382  
8202.151639  
8283.64008  
8197.958214  
8284.982779  
8339.558209  
8265.853628  
8297.148034  
8228.186138  
8237.831449  
8246.293335  
8232.672927  
8199.247549  
8254.434345  
8332.107225  
8323.491399  
8220.303382  
8224.474168  
8328.866427  
8310.226215  
8193.394052  
8182.868408  
8188.248507  
8246.769982  
8268.29788  
8241.324031  
8332.353516  
8348.653827  
8281.292199  
8135.783428  
8199.971802  
8253.609197  
8258.037795  
8231.56742  
8154.180195  
8205.301936  
8202.628249  
8227.621422  
8247.805091  
8247.811627  
8296.290424  
8262.766921  
8355.340154  
8306.421931  
8288.71783  
8307.650203  
8331.796884  
8269.043016  
8249.896738  
8265.874211  
8245.660907  
8185.571946  
8214.28895  
8284.1193  
8292.394663  
8292.224797  
8279.079515  
8235.122211  
8250.066772  
8243.598389  
8255.56666  
8305.344379  
8274.096905  
8230.70397  
8276.802378  
8278.659386  
8321.716158  
8345.793682  
8348.875704  
8341.326097  
8322.662701  
8269.578303  
8289.716572  
8322.18611  
8286.534508  
8260.689209  
8204.573946  
8217.183105  
8200.171096  
8257.408654  
8204.804669  
8261.876418  
8259.02263  
8276.90102  
8273.275747  
8292.4455  
8217.475445  
8245.744526  
8195.259503  
8238.517757  
8236.104652  
8219.486694  
8242.948702  
8220.693463  
8279.04111  
8232.034546  
8291.706064  
8259.051176  
8258.775372  
8343.95351  
8319.026339  
8354.990131  
8245.264517  
8376.714863  
8345.205538  
8354.748291  
8280.552603  
8231.798218  
8207.190495  
8246.972882  
8205.199735  
8258.832097  
8271.804847  
8315.01832  
8248.65487  
8208.679425  
8217.531607  
8204.741502  
8229.272714  
8266.064218  
8226.983211  
8218.169086  
8140.693951  
8183.258714  
8167.076116  
8215.288753  
8218.10298  
8262.603074  
8279.585722  
8337.523682  
8306.349534  
8339.837994  
8291.043157  
8304.328416  
8260.767343  
8196.609816  
8230.882662  
8284.908626  
8378.479793  
8238.557871  
8249.259484  
8260.231755  
8253.999164  
8235.512254  
8265.5879  
8343.941697  
8265.607844  
8333.370324  
8247.079092  
8262.101403  
8279.468196  
8265.171443  
8257.632963  
8228.951839  
8243.259146  
8253.943754  
8189.97861  
8240.465708  
8260.64425  
8251.922326  
8237.209238  
8187.472976  
8238.05096  
8290.348314  
8437.210881  
8515.699566  
8446.714111  
8346.498826  
8308.414278  
8293.074238  
8211.292039  
8255.733661  
8274.606389  
8239.820876  
8251.56558  
8166.641771  
8177.943491  
8197.524123  
8198.116042  
8238.357882  
8187.780874  
8233.132512  
8251.737906  
8279.921612  
8296.650128  
8318.402532  
8276.00816  
8282.839891  
8245.37285  
8253.303523  
8265.332444  
8240.433321  
8181.125272  
8300.531485  
8290.208271  
8257.45336  
8172.892484  
8290.43411  
8295.895902  
8336.787269  
8326.366727  
8280.837393  
8286.578332  
8282.690082  
8245.763709  
8208.372831  
8288.969595  
8270.412654  
8251.46337  
8224.220741  
8204.557242  
8241.256413  
8256.900794  
8270.689819  
8274.990197  
8279.102389  
8297.544809  
8273.398109  
8295.544725  
8340.765625  
8274.404269  
8235.446956  
8221.747493  
8134.981577  
8206.641085  
8334.209078  
8307.828961  
8258.322669  
8292.930411  
8202.90564  
8333.538133  
8229.696787  
8233.49153  
8210.967304  
8274.103394  
8265.600342  
8259.197313  
8241.436242  
8240.260892  
8278.422758  
8282.088163  
8212.918081  
8230.082172  
8233.95952  
8272.406288  
8286.308509  
8291.487051  
8303.546913  
8321.39979  
8286.374793  
8238.993436  
8305.039973  
8274.686974  
8169.909283  
8199.912748  
8207.807204  
8196.697472  
8250.359722  
8231.476628  
8343.74708  
8306.161903  
8233.00646  
8201.863366  
8241.400954  
8306.634784  
8358.478074  
8318.138437  
8366.89763  
8309.398794  
8300.947782  
8315.861478  
8316.079843  
8385.378718  
8264.904748  
8259.491981  
8250.373751  
8189.675725  
8176.534217  
8223.383273  
8233.867141  
8259.700054  
8199.263907  
8226.429763  
8251.970281  
8242.284771  
8310.179734  
8271.873291  
8295.240272  
8312.549044  
8321.45212  
8287.589769  
8268.323073  
8250.163602  
8272.52371  
8238.475933  
8223.026809  
8184.234901  
8210.625798  
8275.819683  
8230.399583  
8293.436035  
8398.85991  
8315.463867  
8223.401809  
8244.842614  
8309.030264  
8233.083862  
8221.942871  
8233.519672  
8274.616615  
8228.994197  
8317.585139  
8278.504977  
8239.709858  
8204.57604  
8263.478281  
8148.924889  
8264.272602  
8230.8907  
8320.038593  
8327.854051  
8310.069223  
8299.60421  
8250.937528  
8248.464421  
8287.423039  
8401.35406  
8396.138071  
8226.429857  
8319.653564  
8345.394015  
8208.38855  
8161.277456  
8142.928241  
8072.652184  
8131.961801  
8184.371338  
8101.251878  
8208.536893  
8176.402156  
8179.493868  
8199.008019  
8285.630146  
8197.364821  
8229.084153  
8199.606258  
8134.338924  
8191.997296  
8135.392099  
8186.958139  
8167.546988  
8275.312763  
8328.054058  
8261.635977  
8317.24077  
8302.576904  
8318.930101  
8308.420805  
8292.267325  
8294.612023  
8289.600192  
8335.088783  
8254.338905  
8220.564772  
8238.477051  
8236.78309  
8242.741248  
8261.750441  
8258.778189  
8325.123216  
8249.554772  
8315.44227  
8376.274517  
8296.01893  
8298.917002  
8280.579524  
8266.343985  
8255.666551  
8233.345187  
8217.957454  
8265.176147  
8310.53356  
8318.694195  
8344.513888  
8329.918955  
8234.10053  
8255.403339  
8219.093215  
8296.846041  
8248.281165  
8223.889376  
8260.439491  
8259.802659  
8309.84421  
8245.043373  
8270.95628  
8324.360624  
8348.517973  
8261.718694  
8293.161612  
8225.541053  
8278.322087  
8264.792753  
8208.551532  
8248.900663  
8240.704928  
8221.791156  
8221.012968  
8311.305702  
8259.757155  
8243.563157  
8173.250282  
8293.377348  
8346.461125  
8337.13763  
8269.362342  
8239.542696  
8212.246948  
8270.854877  
8253.908025  
8142.525428  
8209.865685  
8239.492432  
8252.23553  
8291.33098  
8213.883723  
8224.793316  
8254.774114  
8211.794443  
8186.691603  
8207.214628  
8298.414307  
8301.871958  
8270.622117  
8362.948261  
8400.139677  
8290.960402  
8338.347572  
8334.930288  
8309.998516  
8282.694477  
8262.154945  
8272.673678  
8294.924307  
8241.740713  
8235.608511  
8229.090266  
8199.051147  
8199.83298  
8283.495906  
8279.329355  
8235.239295  
8205.78525  
8230.202017  
8270.108276  
8336.543767  
8298.503925  
8191.556256  
8216.436495  
8225.780752  
8203.768714  
8210.327402  
8248.82112  
8282.366173  
8285.233276  
8263.032461  
8318.225483  
8267.198834  
8304.592849  
8239.641254  
8317.286152  
8285.119131  
8248.473745  
8218.448684  
8237.79433  
8284.109431  
8337.398888  
8232.597853  
8298.320435  
8246.706242  
8274.194007  
8238.912307  
