12211.34692  
12125.25352  
12120.35186  
12105.67459  
12155.95574  
12136.18924  
12144.95408  
12129.18114  
12091.55889  
12118.07508  
12122.5697  
12144.98737  
12206.7104  
12195.84379  
12115.56328  
12106.19727  
12045.32606  
12034.19074  
12049.59319  
12080.19272  
12079.40823  
12148.95916  
12074.56055  
12105.25428  
12073.50685  
12067.13065  
12019.32646  
12195.83096  
12237.1133  
12257.36292  
12220.78176  
12178.43105  
12139.22889  
12124.70414  
12183.15258  
12157.38233  
12099.27851  
12131.09136  
12170.56441  
12161.52336  
12209.15054  
12199.38119  
12108.99947  
12097.96243  
12067.72087  
12076.15902  
12069.3173  
12035.24316  
12090.98322  
12093.30054  
12082.94302  
12100.99692  
12052.70044  
12063.12897  
12007.31659  
12069.33526  
12091.28907  
12144.20207  
12187.39342  
12192.83676  
12110.16333  
12103.1166  
12084.72508  
12075.00074  
12074.75333  
12066.01387  
12103.13521  
12104.9158  
12075.72084  
12135.8158  
12253.4507  
12216.84531  
12143.40375  
12102.47648  
12073.1659  
12072.60203  
12110.23502  
12106.56659  
12159.2533  
12179.99291  
12208.15266  
12238.53545  
12210.07213  
12140.92558  
12087.58601  
12091.49794  
12071.18095  
12051.02422  
12063.16272  
12125.21647  
12160.52106  
12141.65709  
12182.05872  
12137.66291  
12074.7404  
12083.54525  
12090.52561  
12115.61512  
12107.69229  
12119.61309  
12191.95948  
12234.70637  
12211.70857  
12221.56841  
12262.21566  
12188.93221  
12133.50718  
12098.05777  
12172.51579  
12164.82149  
12139.70225  
12093.72876  
12129.15616  
12130.8847  
12191.7328  
12183.01835  
12130.46262  
12077.54506  
12059.93208  
12054.37715  
12038.81816  
12044.95036  
12133.38695  
12137.91502  
12143.99171  
12110.42051  
12148.2612  
12103.10667  
12118.30363  
12124.56141  
12236.32367  
12188.73046  
12142.92539  
12158.05485  
12091.85093  
12095.98872  
12123.07597  
12053.27996  
12060.74795  
12077.39139  
12136.52108  
12077.13457  
12067.93151  
12083.16254  
12096.36082  
12145.28296  
12141.34301  
12203.6085  
12165.61873  
12235.31108  
12227.73095  
12215.23986  
12215.85259  
12216.45028  
12179.04531  
12147.68496  
12164.2709  
12084.80606  
12049.44267  
12058.48238  
12102.15879  
12079.76451  
12152.88459  
12145.20428  
12203.17101  
12222.65458  
12186.73536  
12134.04731  
12083.94929  
12098.84625  
12098.97426  
12179.69342  
12128.98679  
12188.61482  
12207.03616  
12150.16328  
12094.67385  
12063.17137  
12039.71728  
12070.89015  
12074.13787  
12045.77303  
12073.87007  
12105.36852  
12132.83339  
12087.14552  
12141.31286  
12074.84766  
12089.53792  
12106.33596  
12069.0475  
12063.63647  
12100.24013  
12077.60755  
12045.04017  
12107.55138  
12142.99813  
12199.53187  
12189.11026  
12163.76672  
12124.45768  
12149.76446  
12165.35655  
12205.82253  
12225.49952  
12231.8196  
12186.83688  
12164.47141  
12114.40192  
12084.925  
12049.29943  
12078.76031  
12078.38  
12099.89571  
12145.45418  
12173.00181  
12149.80696  
12065.72509  
12063.6151  
12069.4343  
12069.40956  
12015.66163  
12090.01802  
12124.53785  
12165.40375  
12074.44112  
12084.28323  
12039.61357  
12095.82012  
12112.96709  
12202.67717  
12222.12044  
12189.62323  
12169.26796  
12143.88899  
12195.1361  
12220.33659  
12164.31182  
12111.43327  
12094.11825  
12081.25379  
12046.68967  
12071.56966  
12081.16144  
12122.91707  
12115.676  
12182.29381  
12143.55621  
12165.5404  
12045.79018  
12059.40318  
12075.3773  
12117.54405  
12114.91956  
12147.91571  
12193.61099  
12150.23054  
12093.44614  
12137.33076  
12101.76038  
12116.0095  
12107.7052  
12115.53259  
12161.56433  
12165.16931  
12142.82586  
12154.97261  
12153.23402  
12199.1117  
12206.47986  
12215.96406  
12227.15872  
12195.13309  
12060.0334  
12049.16579  
12042.61039  
12076.66001  
12123.01033  
12142.16889  
12128.71945  
12147.44424  
12148.96363  
12097.9608  
12057.14539  
12055.5832  
12007.53181  
12071.82569  
12071.43537  
12131.74662  
12087.24182  
12132.65014  
12121.50579  
12149.612  
12179.80793  
12215.40449  
12187.66717  
12144.47942  
12147.75337  
12152.30324  
12140.92056  
12104.72069  
12090.08888  
12141.19957  
12161.60768  
12173.11461  
12143.01151  
12094.48814  
12062.05089  
12113.2691  
12097.43284  
12144.04414  
12129.18181  
12124.21841  
12106.23618  
12169.43139  
12150.99682  
12176.85069  
12110.25568  
12110.85283  
12094.74562  
12105.51493  
12109.9914  
12076.36994  
12096.31038  
12137.9407  
12129.49433  
12104.73373  
12102.48221  
12127.24784  
12106.9915  
12080.84334  
12160.44173  
12155.32982  
12139.14234  
12169.71429  
12203.82845  
12149.07204  
12150.86599  
12120.36428  
12150.16116  
12151.43794  
12147.67789  
12170.9418  
12094.03326  
12066.87278  
12045.611  
12056.27407  
12022.375  
12079.39719  
12074.77905  
12124.05011  
12126.67349  
12159.13088  
12099.5685  
12193.41265  
12193.13351  
12213.83854  
12122.83551  
12177.05567  
12109.32104  
12090.11428  
12121.719  
12114.81962  
12097.65395  
12085.79107  
12075.48172  
12044.7789  
12096.3346  
12103.8852  
12137.11946  
12092.70099  
12136.93486  
12112.16795  
12152.33625  
12159.81192  
12156.9059  
12167.26123  
12226.57141  
12102.39679  
12119.11343  
12083.44849  
12106.61499  
12086.91612  
12133.06918  
12151.29615  
12174.17856  
12213.86371  
12197.76724  
12249.93495  
12207.9772  
12170.21966  
12179.32954  
12106.70131  
12091.90967  
12057.8508  
12138.80327  
12179.51421  
12157.1371  
12139.20688  
12125.46102  
12080.91614  
12118.54255  
12104.99077  
12105.56187  
12134.28429  
12132.6563  
12073.98026  
12057.68389  
12097.19868  
12102.52519  
12065.3503  
12048.57031  
12092.92957  
12131.96639  
12112.60027  
12111.60044  
12076.50824  
12042.05446  
12109.39516  
12183.82948  
12192.63153  
12120.23776  
12140.55629  
12157.77056  
12186.27105  
12177.85107  
12102.47572  
12072.316  
12121.27667  
12097.37181  
12101.86105  
12153.47837  
12123.16845  
12094.05855  
12114.46613  
12135.78226  
12146.87515  
12184.60058  
12139.052  
12104.49403  
12114.42124  
12108.08925  
12100.61104  
12095.12961  
12083.82959  
12129.99039  
12140.18226  
12152.4387  
12097.46162  
12075.52964  
12077.75586  
12129.35776  
12123.50021  
12153.41851  
12123.04531  
12101.64012  
12082.82516  
12112.21812  
12130.12256  
12123.55427  
12120.73079  
12081.03027  
12094.68405  
12126.74289  
12204.83785  
12174.88791  
12206.59332  
12147.85288  
12128.788  
12064.23808  
12082.38911  
12161.75682  
12123.25329  
12082.46606  
12095.12134  
12084.68364  
12127.02686  
12200.82953  
12184.85069  
12164.53482  
12147.10418  
12115.74163  
12078.78999  
12090.54627  
12084.86679  
12076.13788  
12132.07682  
12134.31612  
12131.53223  
12123.86617  
12115.58066  
12111.5814  
12126.97436  
12093.63851  
12157.69436  
12171.61679  
12167.44267  
12168.72638  
12187.89211  
12206.45004  
12197.30758  
12182.53108  
12148.7722  
12152.92437  
12153.93591  
12125.80406  
12186.54667  
12173.28085  
12124.35281  
12097.60444  
12050.27333  
12125.9787  
12090.28187  
12077.69183  
12084.32077  
12031.84969  
12056.02462  
12135.73998  
12145.2043  
12091.07344  
12096.52158  
12116.79496  
12124.88276  
12134.97  
12151.27266  
12104.59991  
12139.4985  
12215.27654  
12237.293  
12297.43353  
12248.21923  
12180.05999  
12155.77248  
12126.85679  
12119.15383  
12136.20029  
12123.60354  
12115.87513  
12114.9953  
12120.81458  
12073.36799  
12081.7397  
12122.3999  
12100.36052  
12087.20831  
12062.17586  
12112.87203  
12186.49205  
12226.91083  
12221.02364  
12169.19221  
12169.5898  
12110.80363  
12116.89169  
12093.39173  
12119.47311  
12096.08546  
12135.60615  
12171.26335  
12153.86652  
12127.22663  
12105.15336  
12061.08899  
12040.59429  
12036.19894  
12027.57139  
12076.11612  
12066.05892  
12081.98481  
12096.40635  
12085.2336  
12094.82082  
12046.88771  
12086.33477  
12148.93478  
12174.30026  
12149.01446  
12180.05308  
12148.8991  
12043.15958  
12037.79205  
12065.24451  
12055.4351  
12029.74478  
12079.73324  
12128.78721  
12129.03134  
12150.41971  
12118.97276  
12089.04453  
12057.93757  
12086.99562  
12127.92006  
12149.70133  
12173.96189  
12141.09159  
12150.25406  
12165.11698  
12138.75328  
12183.6868  
12188.44023  
12251.68555  
12260.61329  
12235.05658  
12203.37831  
12196.27455  
12150.87475  
12174.34667  
12166.69147  
12127.4262  
12118.87886  
12108.07058  
12098.61327  
12133.88472  
12131.73335  
12149.42614  
12131.74408  
12164.24679  
12196.234  
12167.85248  
12135.17362  
12098.61477  
12110.40394  
12125.80509  
12106.41032  
12117.48994  
12114.38811  
12114.15016  
12094.75653  
12143.04906  
12162.67602  
12173.74229  
12198.3531  
12180.00837  
12109.87171  
12093.12671  
12115.50363  
12107.92532  
12119.28541  
12126.73601  
12134.00298  
12094.5322  
12122.33729  
12132.68476  
12159.58286  
12176.27223  
12198.84973  
12179.08717  
12153.46921  
12132.15144  
12048.81291  
11957.10933  
11943.41583  
11951.24422  
12098.48761  
12155.44922  
12173.82655  
12234.39863  
12160.39856  
12169.60782  
12102.56933  
12088.08078  
12065.13422  
12123.10036  
12102.9257  
12126.01453  
12142.8372  
12104.76384  
12079.96319  
12052.05574  
12109.60591  
12139.18872  
12122.3441  
12105.84622  
12090.97988  
12108.57057  
12080.03074  
12130.02467  
12121.80973  
12174.8517  
12135.46474  
12159.24904  
12103.5912  
12127.9899  
12119.45641  
12147.24672  
12162.15495  
12176.20106  
12154.96998  
12119.93866  
12108.6022  
12106.84727  
12148.80969  
12147.85822  
12176.34118  
12200.42168  
12172.48926  
12142.73835  
12089.92649  
12054.3423  
12046.40345  
12078.01528  
12104.91617  
12119.80844  
12148.20586  
12156.93315  
12170.03736  
12177.28944  
12187.38571  
12217.02638  
12179.38971  
12200.65962  
12218.74683  
12225.45022  
12224.23794  
12210.01903  
12159.3683  
12143.7263  
12123.76943  
12122.99587  
12162.15215  
12111.24695  
12084.03305  
12079.28312  
12116.76956  
12127.91715  
12132.58854  
12134.06786  
12087.60156  
12069.57196  
12120.52473  
12081.02145  
12098.34718  
12101.68965  
12151.60939  
12120.31237  
12156.6746  
12147.55882  
12160.12045  
12128.83428  
12114.63426  
12111.86907  
12131.16085  
12114.26923  
12134.65283  
12119.45052  
12123.37741  
12096.21046  
12117.01617  
12112.5124  
12104.46456  
12133.3209  
12196.30539  
12182.32448  
12205.04529  
12147.43006  
12140.50418  
12137.42686  
12094.11069  
12061.32762  
12093.65149  
12042.03596  
12035.37867  
12095.03669  
12095.78241  
12084.5812  
12042.673  
12101.30691  
12059.81885  
12064.51482  
12022.11499  
12061.83466  
12033.75002  
12053.6532  
12069.85772  
12101.63011  
12096.1097  
12169.61983  
12133.6683  
12086.59332  
12027.64216  
12049.64041  
12068.20078  
12092.89403  
12087.47974  
12127.83049  
12147.42784  
12133.02398  
12117.34207  
12078.31786  
12094.6914  
12095.45614  
12107.39785  
12072.02664  
12115.23903  
12195.66232  
12234.39514  
12238.13733  
12175.96811  
12133.88741  
12122.00516  
12114.60595  
12157.45787  
12192.54837  
12204.25104  
12241.12482  
12225.42245  
12213.82984  
12142.11959  
12105.07533  
12107.81941  
12117.0009  
12107.95321  
12086.61854  
12179.4724  
12220.36646  
12179.5374  
12173.32299  
12061.75798  
11985.15516  
12027.47224  
12096.85703  
12164.64513  
12204.67862  
12140.91483  
12204.11546  
12226.47016  
12181.6739  
12194.73152  
12174.60261  
12186.17009  
12121.18199  
12129.49843  
12087.64386  
12103.81117  
12102.53913  
12156.21125  
12144.83169  
12100.51973  
12151.50816  
12148.08065  
12150.21655  
12149.30996  
12123.21379  
12123.0517  
12154.79403  
12174.15777  
12221.31466  
12166.32121  
12147.87102  
12131.52507  
12148.69056  
12102.63498  
12054.12261  
12016.51532  
12053.58006  
12043.08344  
12113.84326  
12147.61145  
12145.50101  
12076.33103  
12030.04356  
12028.34739  
12022.87435  
12060.1084  
12070.38811  
12088.0615  
12119.99796  
12118.57798  
12094.28397  
12119.8977  
12104.89504  
12108.68848  
12069.14672  
12068.33581  
12076.39971  
12062.25332  
12128.92322  
12152.51014  
12126.36293  
12145.34766  
12150.58177  
12131.92051  
12153.307  
12112.66981  
12159.84806  
12147.1814  
12148.26617  
12115.8725  
12095.86957  
12117.16629  
12110.17907  
12244.95486  
12231.82087  
12254.52754  
12217.1395  
12176.97515  
12104.67363  
12058.71029  
12071.77287  
12101.58313  
12148.65725  
12138.01443  
12124.73198  
12071.94402  
12136.83011  
12161.5782  
12169.61141  
12173.53915  
12150.04405  
12191.10525  
12192.58244  
12218.99884  
12151.88754  
12120.0904  
12074.68713  
12094.1277  
12073.68595  
12109.32108  
12179.56906  
12194.30509  
12180.65849  
12144.892  
12104.04301  
12098.43539  
12094.72162  
12110.95128  
12087.69153  
12132.91003  
12163.40121  
12135.80427  
12196.97898  
12216.60213  
12189.80738  
12137.59324  
12091.18777  
12095.50488  
12116.07768  
12080.71455  
12107.68875  
12120.18112  
12178.49573  
12231.11391  
12213.81901  
12177.96679  
12134.64442  
12144.72081  
12112.4219  
12162.89818  
12088.94095  
12085.68058  
12073.43542  
12103.84941  
12127.18716  
12108.94719  
12181.58064  
12176.80011  
12144.71466  
12139.5201  
12097.56  
12114.7969  
12097.06385  
12023.14448  
11998.60776  
12049.46963  
12059.86805  
12128.37737  
12162.40723  
12025.34053  
12063.83365  
12210.99999  
12235.78413  
12229.36629  
12173.02148  
12182.77442  
12117.92318  
12104.04754  
12094.76056  
12095.84842  
12126.12384  
12140.22127  
12145.03464  
12132.72952  
12152.39508  
12126.20182  
12159.21054  
12219.90019  
12152.62311  
12115.38985  
12069.84478  
12068.30937  
12107.79313  
12145.71349  
12124.7479  
12110.30501  
12115.83535  
12130.83393  
12218.01487  
12240.93039  
12249.66612  
12207.18569  
12141.01208  
12174.44144  
12151.23997  
12126.85173  
12202.72675  
12167.10886  
12189.90934  
12244.11807  
12214.49604  
12197.81441  
12255.87387  
12226.01626  
12126.26515  
12112.3015  
11996.78263  
11941.75399  
11921.9396  
11875.75138  
11829.82112  
11889.80275  
11980.99635  
12030.73953  
12073.36286  
12109.19605  
12148.25377  
12147.91821  
12214.52749  
12253.3203  
12252.25253  
12190.65506  
12133.10942  
12069.44157  
12094.67702  
12058.34236  
12061.23556  
12051.01051  
12093.69067  
12110.08085  
12124.52188  
12160.08666  
12169.35616  
12116.50386  
12083.07965  
12028.99067  
12043.92885  
12023.00267  
12043.76548  
12125.16025  
12130.07224  
12150.12797  
12171.3394  
12173.89249  
12135.06724  
12090.81869  
12061.24472  
12104.24999  
12099.8667  
12106.34  
12107.31317  
12146.71354  
12158.28981  
12147.06489  
12135.50207  
12118.59974  
12164.31837  
12135.79959  
12139.63888  
12143.59217  
12135.2053  
12174.75273  
12195.72354  
12230.44184  
12208.30297  
12213.91315  
12181.17302  
12159.21176  
12135.33869  
12142.15044  
12120.70724  
12148.09017  
12136.85067  
12119.53066  
12091.25758  
12110.37722  
12129.71297  
12104.76041  
12120.55933  
12139.29147  
12183.04504  
12138.96455  
12133.15251  
12118.28543  
12131.23715  
12133.67287  
12142.04545  
12119.78094  
12135.67388  
12102.28714  
12097.79885  
12143.52682  
12151.02006  
12171.96365  
12231.40205  
12213.67379  
12131.50925  
12091.66127  
12144.51955  
12079.46603  
12039.86687  
12032.76362  
12085.82245  
12126.42773  
12102.0368  
12104.26597  
12070.89901  
12103.45441  
12118.51216  
12135.99752  
12131.7192  
12126.05836  
12129.52407  
12154.9139  
12147.76188  
12121.98167  
12101.8146  
12106.08973  
12089.60234  
12078.16085  
12143.59729  
12163.21939  
12149.55166  
12219.2869  
12175.19064  
12169.30675  
12168.31722  
12109.79032  
12114.82839  
12101.82511  
12104.52196  
12078.61891  
12103.60773  
12095.92751  
12070.14122  
12070.9213  
12113.7309  
12095.93565  
12127.30917  
12113.01793  
12124.15632  
12109.92816  
12116.07533  
12155.7781  
12203.54066  
12181.79248  
12157.62551  
12062.94139  
12078.45472  
12131.46463  
12176.81097  
12160.15807  
12199.90784  
12162.32418  
12114.90349  
12074.17511  
12089.69446  
12071.42859  
12085.26869  
12035.84417  
12091.07568  
12115.22139  
12209.01359  
12198.7937  
12118.95028  
12141.64467  
12144.23184  
12047.60537  
11970.01769  
11973.94077  
12052.93269  
12095.63676  
12154.92301  
12078.12581  
12148.31213  
12166.90658  
12189.96047  
12170.68372  
12173.82837  
12124.35376  
12164.15973  
12165.51979  
12164.42048  
12142.31895  
12145.58045  
12130.16635  
12136.67699  
12070.00634  
12090.81364  
12035.03293  
12072.15275  
12199.2608  
12313.10092  
12202.07356  
12213.48803  
12121.02748  
11981.39879  
11916.51562  
11937.88624  
12010.91576  
12038.77377  
12070.14643  
12093.60867  
12151.19711  
12172.56694  
12191.43021  
12195.489  
12219.41771  
12192.71858  
12205.09399  
12159.10861  
12141.94596  
12138.65459  
12127.69749  
12189.86588  
12178.72156  
12125.32502  
12094.22754  
12166.20357  
12183.4999  
12189.92314  
12179.79261  
12184.99673  
12145.29806  
12131.15641  
12179.2825  
12177.41866  
12220.08497  
12182.49191  
12197.89808  
12134.83744  
12119.36906  
12089.11733  
12194.17223  
12205.92604  
12177.85866  
12109.52486  
12097.38276  
12126.20111  
12085.70481  
12023.24448  
12050.41103  
12067.71438  
12128.41708  
12068.3399  
12100.87902  
12138.70171  
12109.18099  
12145.07265  
12115.85259  
12068.28918  
12079.23378  
12121.3402  
12059.64512  
12037.73419  
12058.34412  
12071.49878  
12158.95169  
12168.25228  
12180.80008  
12196.78154  
12208.81429  
12183.606  
12146.55993  
12185.12788  
12177.42262  
12191.68095  
12208.47417  
12174.27425  
12148.54466  
12140.41403  
12193.56565  
12138.08125  
12101.37323  
12110.5245  
12082.28333  
12039.43334  
12137.70544  
12176.41629  
12208.50999  
12145.38141  
12153.96682  
12172.40013  
12182.25197  
12159.33023  
12141.03767  
12147.02687  
12186.69999  
12130.70533  
12138.66603  
12113.12042  
12157.02069  
12149.05583  
12140.38841  
12195.06045  
12219.01549  
12193.63957  
12290.0354  
12203.64141  
12130.13146  
12102.26377  
12076.54141  
12067.24984  
12078.66882  
12165.2057  
12147.38198  
12171.12163  
12109.90984  
12119.76775  
12110.16917  
12117.80173  
12155.63897  
12247.22095  
12197.95103  
12194.46204  
12149.95397  
12105.22274  
12117.52446  
12169.87741  
12093.05834  
12045.1679  
12061.50384  
12109.09744  
12129.548  
12130.33645  
12159.90316  
12152.99589  
12064.91242  
12149.9993  
12212.51026  
12186.27435  
12107.07161  
12122.84372  
12008.17959  
11922.36907  
11892.17125  
11847.67185  
11904.28302  
11952.80636  
12086.1357  
12070.448  
12032.15999  
12065.81739  
12133.87582  
12123.70066  
12179.13229  
12127.35869  
12155.70383  
12137.11489  
12185.14399  
12157.6767  
12138.39506  
12132.12389  
12155.37327  
12152.23483  
12167.14029  
12181.53929  
12165.51968  
12093.61691  
12078.895  
12077.21352  
12061.024  
12116.65512  
12171.09696  
12201.89076  
12328.96412  
12222.92005  
12150.85697  
12134.50723  
12084.93307  
12086.06119  
12078.76642  
12143.17431  
12178.04097  
12126.44459  
12145.75738  
12154.71291  
12147.78786  
12148.50349  
12151.18127  
12216.73068  
12217.46296  
12200.7914  
12126.49678  
12073.71045  
12131.67072  
12142.134  
12097.34126  
12094.71774  
12124.6793  
12129.94532  
12249.93483  
12278.63167  
12153.80971  
12196.02849  
12132.42929  
11924.89836  
11910.52298  
11905.60936  
11967.36254  
11934.72889  
11939.92243  
12010.35198  
12114.14263  
12152.69951  
12188.10683  
12182.46711  
12180.5675  
12135.35906  
12134.63565  
12141.06534  
12174.46953  
12229.54714  
12157.8734  
12139.90751  
12131.17279  
12100.43829  
12100.00958  
12083.27981  
12084.10105  
12085.87661  
12103.06198  
12144.47916  
12122.97153  
12158.99917  
12145.55693  
12165.09665  
12156.41691  
12122.21721  
12083.39622  
12103.25179  
12134.68317  
12154.53071  
12162.73741  
12115.68108  
12102.90112  
12105.51769  
12057.32921  
12139.97291  
12115.98186  
12081.46886  
12107.36258  
12125.00362  
12144.66771  
12149.87245  
12136.14863  
12176.8348  
12168.48039  
12242.3466  
12241.05443  
12259.86569  
12199.47736  
12148.36098  
12116.00349  
12133.49442  
12167.81752  
12176.61753  
12077.24503  
12068.25713  
12012.26845  
12010.27579  
12037.89709  
12025.7565  
12085.3396  
12125.01932  
12129.48421  
12218.77305  
12174.96642  
12205.28781  
12176.45452  
12233.29548  
12206.73405  
12194.94015  
12139.42516  
12120.90806  
12142.12981  
12094.65041  
12164.81202  
12138.76856  
12141.20935  
12122.30902  
12086.2509  
12055.22495  
12033.81365  
12077.63634  
12061.01766  
12139.931  
12106.34607  
12065.12345  
12038.55864  
12063.58168  
12167.54286  
12177.35138  
12016.1918  
12081.01007  
12073.58486  
11967.39893  
12009.58357  
11993.31352  
11969.42742  
12011.3678  
12029.56889  
11958.59735  
12017.69915  
12070.95675  
12101.8968  
12149.81387  
12235.64563  
12269.05098  
12256.5447  
12216.67409  
12177.35319  
12157.68615  
12136.57286  
12142.75411  
12170.29385  
12174.35203  
12144.43059  
12106.40296  
12134.08388  
12210.0931  
12112.2903  
12159.13534  
12195.84485  
12181.05936  
12153.44916  
12139.72344  
12120.1768  
12146.6648  
12173.44089  
12139.27056  
12181.29807  
12178.28105  
12184.06128  
12127.50092  
12173.26177  
12209.86283  
12214.183  
12161.16161  
12109.24838  
12108.6878  
12077.77027  
12057.20148  
12064.99839  
12106.71453  
12073.69452  
12110.75516  
12152.43824  
12198.59294  
12210.43717  
12206.5573  
12198.52117  
12155.54249  
12154.69835  
12121.07969  
12119.52058  
12114.74803  
12056.1938  
12089.08953  
12170.7063  
12159.53608  
12193.45007  
12199.36595  
12185.18281  
12108.74799  
12048.32679  
12041.50955  
12018.36252  
12006.76885  
12024.32646  
12051.36343  
12128.02615  
12165.80878  
12146.62333  
12117.78989  
12146.66291  
12182.71317  
12229.69721  
12181.60155  
12247.40926  
12250.96271  
12189.61111  
12075.92049  
12027.31156  
11991.54114  
12011.69514  
11990.16784  
12022.00731  
12045.34207  
12077.63366  
12205.26119  
12179.23651  
12150.48009  
12076.271  
12116.14076  
12143.66545  
12132.25688  
12150.88771  
12139.45571  
12191.03136  
12245.05565  
12190.10731  
12208.84731  
12217.75819  
12124.75777  
12134.78974  
12101.10841  
12073.17118  
12123.92791  
12085.05245  
12123.02712  
12100.67284  
12099.3217  
12119.13279  
12082.2533  
12090.1069  
12115.91752  
12117.26239  
12135.52243  
12172.59923  
12166.77666  
12178.90574  
12142.79237  
12074.87505  
12042.73438  
12068.48089  
12061.28682  
12094.5709  
12119.0973  
12144.39373  
12225.20793  
12224.71926  
12253.10973  
12194.2274  
12173.97119  
12184.03  
12142.61261  
12173.92356  
12154.37718  
12116.30059  
12069.51363  
12050.18107  
11987.62444  
12068.96283  
12079.249  
12128.47004  
12115.58261  
12116.91763  
12177.20321  
12136.20651  
