9658.34834  
9642.385889  
9498.304761  
9449.243799  
9413.998389  
9497.553711  
9461.343115  
9227.774194  
9713.01145  
9563.274683  
9388.020581  
9516.833521  
9564.08186  
9473.596021  
9631.640063  
9367.476465  
9536.747217  
9472.317944  
9427.52915  
9579.207275  
9443.487451  
9494.604395  
9518.355054  
9312.533276  
9497.227148  
9510.671118  
9316.184155  
9422.671729  
9354.737622  
9470.863696  
9535.828076  
9376.074927  
9596.729199  
9664.032959  
9447.6927  
9627.882471  
9578.385205  
9344.875195  
9519.270093  
9561.967554  
9461.185986  
9613.293799  
9461.752612  
9633.30188  
9549.131128  
9577.691357  
9469.942334  
9337.903296  
9516.738135  
9517.879858  
9594.518799  
9401.968677  
9547.459937  
9627.396143  
9429.737842  
9482.353369  
9445.100635  
9550.576245  
9487.080322  
9495.603638  
9546.576929  
9405.603564  
9409.721143  
9492.627832  
9592.859375  
9351.15874  
9527.135034  
9525.39314  
9483.706787  
9276.826831  
9593.434863  
9486.722095  
9484.10293  
9643.174194  
9506.838452  
9346.710889  
9569.667676  
9538.84585  
9481.68667  
9474.289551  
9406.740332  
9539.844434  
9550.261035  
9560.940112  
9376.861548  
9501.549121  
9565.662549  
9527.3896  
9488.709082  
9241.239673  
9550.57373  
9483.892187  
9442.336328  
9565.023975  
9501.339575  
9527.048584  
9336.11001  
9529.137305  
9520.112964  
9610.286011  
9278.269849  
9532.687012  
9563.8646  
9480.693433  
9383.011572  
9566.210327  
9487.664233  
9452.846973  
9570.363721  
9464.192383  
9536.55415  
9494.874463  
9677.159521  
9435.93479  
9443.957495  
9540.203174  
9632.765234  
9396.767627  
9621.543286  
9547.594971  
9635.182275  
9464.581616  
9358.410962  
9521.9802  
9606.588062  
9380.216748  
9612.908936  
9637.315625  
9562.372925  
9425.439136  
9434.893359  
9571.327808  
9425.056885  
9430.998364  
9548.440063  
9413.291772  
9601.621606  
9589.264307  
9515.205029  
9237.906445  
9624.491235  
9557.912061  
9393.637598  
9386.473242  
9602.325684  
9605.394067  
9440.307495  
9419.187695  
9530.162354  
9572.111646  
9536.917847  
9202.927271  
9535.052856  
9616.990552  
9515.124048  
9493.524902  
9516.486304  
9526.43418  
9557.985449  
9492.982153  
9204.088184  
9452.832983  
9557.707251  
9500.700439  
9338.748828  
9279.145532  
9598.808765  
9579.455737  
9449.452881  
9391.561865  
9508.308911  
9583.635693  
9554.342554  
9329.001221  
9542.270361  
9570.695703  
9529.158862  
9507.403174  
9454.247827  
9527.413599  
9665.626514  
9437.276196  
9401.693677  
9538.635352  
9630.138403  
9353.180884  
9351.468701  
9494.955371  
9631.60415  
9528.833081  
9441.306201  
9431.060547  
9542.087256  
9569.879443  
9553.699609  
9505.558008  
9352.523779  
9402.497217  
9490.438843  
9552.063184  
9444.860059  
9479.633691  
9546.968555  
9471.345679  
9228.460693  
9562.281104  
9461.028735  
9500.854468  
9631.152002  
9555.48313  
9554.216357  
9525.960474  
9568.298779  
9466.528296  
9523.653906  
9449.477197  
9505.678784  
9454.543604  
9548.952246  
9419.281079  
9439.362231  
9437.033691  
9597.441772  
9354.948389  
9626.097363  
9513.013721  
9550.679297  
9487.934277  
9218.815063  
9503.888208  
9657.012061  
9544.44585  
9546.370386  
9356.470898  
9480.631494  
9530.718677  
9489.900488  
9474.755396  
9495.622827  
9635.577954  
9551.389819  
9453.334985  
9536.258008  
9560.025122  
9576.542554  
9499.268994  
9317.021313  
9512.434814  
9596.778638  
9416.447046  
9303.453101  
9405.511841  
9530.430298  
9523.093799  
9373.691138  
9384.64895  
9664.427173  
9530.349902  
9588.9729  
9431.042651  
9419.368848  
9518.874854  
9518.229395  
9534.825928  
9419.062134  
9372.637036  
9466.215771  
9549.510986  
9439.086011  
9374.924927  
9535.325952  
9603.610571  
9681.33623  
9552.608423  
9489.572485  
9508.769775  
9604.061279  
9457.604443  
9457.561426  
9519.359351  
9594.206641  
9483.745361  
9557.654761  
9458.940845  
9439.648877  
9312.909644  
9426.199902  
9523.283911  
9688.783472  
9525.094824  
9322.412158  
9367.32063  
9564.178687  
9462.816138  
9520.327588  
9372.70332  
9378.807495  
9462.437207  
9573.709961  
9514.307178  
9370.415527  
9408.221948  
9570.848071  
9687.334009  
9433.960254  
9401.122461  
9650.965381  
9535.784448  
9408.544653  
9403.716309  
9615.655347  
9583.337793  
9471.88689  
9523.840845  
9547.690088  
9608.987549  
9604.422192  
9624.384277  
9386.353076  
9386.720142  
9507.462134  
9582.864136  
9495.970361  
9508.504004  
9423.675122  
9592.575342  
9621.31355  
9606.797241  
9537.098364  
9583.894678  
9560.587769  
9539.893018  
9617.556226  
9547.286401  
9603.497412  
9525.544067  
9387.869482  
9527.479419  
9575.467407  
9503.608252  
9652.311597  
9465.588232  
9491.757349  
9482.801904  
9506.045923  
9512.46499  
9550.354492  
9491.582617  
9288.721313  
9605.164087  
9635.871191  
9585.581885  
9527.436646  
9312.700244  
9380.53396  
9434.53689  
9350.786914  
9429.114209  
9494.679883  
9487.360425  
9507.704248  
9474.720776  
9397.995923  
9469.559204  
9424.46748  
9344.005615  
9427.595215  
9549.958569  
9504.680078  
9556.12041  
9336.884399  
9497.489868  
9527.54165  
9587.271582  
9530.124683  
9495.822119  
9287.374707  
9403.039185  
9490.787817  
9563.13186  
9487.764282  
9513.856909  
9391.314233  
9304.059399  
9342.18252  
9456.062183  
9571.250513  
9519.285376  
9573.597827  
9395.990894  
9540.989087  
9651.181201  
9599.509741  
9625.652808  
9554.043188  
9389.534131  
9485.395605  
9515.728271  
9548.898975  
9473.320288  
9518.9646  
9407.757227  
9427.760498  
9464.138379  
9455.740063  
9489.902319  
9562.782715  
9301.017847  
9377.004395  
9475.274487  
9506.246973  
9462.101392  
9493.991821  
9500.801904  
9476.954614  
9418.750439  
9525.282495  
9490.360303  
9574.813501  
9399.741968  
9420.890356  
9400.357227  
9555.652686  
9528.012329  
9568.799634  
9526.481836  
9533.928906  
9410.906104  
9554.802246  
9491.653442  
9562.238696  
9540.705884  
9561.957568  
9574.589136  
9545.255176  
9314.909033  
9479.356836  
9636.355347  
9447.134961  
9603.333521  
9425.48252  
9461.440283  
9389.593652  
9477.674683  
9497.730176  
9614.437061  
9499.431812  
9594.004688  
9537.271167  
9439.373633  
9401.039014  
9537.669653  
9508.050049  
9511.740918  
9624.885303  
9440.842261  
9432.786304  
9553.896118  
9592.134326  
9565.338135  
9578.765381  
9390.453735  
9510.035767  
9561.110425  
9471.69729  
9612.930225  
9432.539355  
9472.14668  
9472.5854  
9449.901001  
9565.534888  
9522.105078  
9552.576855  
9511.714575  
9524.953247  
9498.271338  
9543.531201  
9476.952637  
9507.240869  
9574.582422  
9541.000708  
9523.125854  
9489.517432  
9510.544922  
9466.861572  
9446.649756  
9554.159497  
9397.755835  
9408.244678  
9304.613867  
9476.250659  
9458.832642  
9568.505444  
9542.692847  
9577.076172  
9453.423804  
9505.553198  
9477.48396  
9492.840454  
9459.581543  
9505.889478  
9576.35752  
9451.689111  
9512.108496  
9545.912183  
9416.583228  
9367.098657  
9408.139795  
9579.347998  
9634.663477  
9607.286475  
9398.431006  
9368.215747  
9490.845093  
9536.149292  
9454.379028  
9514.818066  
9472.908984  
9617.14209  
9525.963916  
9511.286792  
9471.766846  
9451.373193  
9427.793188  
9437.5104  
9425.878369  
9430.676367  
9429.583569  
9424.016895  
9563.944849  
9503.179541  
9493.939062  
9545.89314  
9546.94812  
9476.933813  
9485.310718  
9476.919409  
9460.474512  
9516.221631  
9486.608813  
9582.562402  
9506.967065  
9530.796265  
9560.794019  
9586.948975  
9684.702466  
9503.890259  
9357.119507  
9418.206104  
9476.487402  
9494.701733  
9402.428467  
9479.253882  
9447.912109  
9622.89668  
9492.881689  
9593.793359  
9574.274268  
9615.900635  
9593.034521  
9544.63103  
9495.207739  
9445.251807  
9324.064795  
9435.856689  
9369.888062  
9448.793848  
9450.013574  
9423.014966  
9399.873291  
9505.626392  
9499.146729  
9488.164453  
9570.014795  
9473.046753  
9487.015332  
9515.067676  
9477.591333  
9512.616821  
9746.404492  
9567.726636  
9588.478857  
9420.19187  
9407.950757  
9502.521094  
9446.090576  
9513.484497  
9448.786377  
9475.196533  
9424.83313  
9406.261426  
9436.779395  
9466.187402  
9484.919946  
9494.710254  
9527.387183  
9493.753931  
9447.180957  
9466.22312  
9498.696143  
9483.000024  
9433.461914  
9544.902124  
9602.700073  
9545.477734  
9590.052759  
9502.523682  
9586.345996  
9593.617847  
9551.992017  
9543.416992  
9415.328564  
9456.156396  
9488.907788  
9415.265186  
9381.540723  
9442.50332  
9412.364893  
9498.525  
9477.06001  
9538.878857  
9547.61062  
9549.884277  
9507.976562  
9560.236035  
9559.849316  
9479.440625  
9442.365576  
9392.866724  
9396.986841  
9428.632153  
9563.316968  
9621.213794  
9568.924854  
9462.005933  
9544.301343  
9492.310107  
9563.976831  
9576.034302  
9563.532153  
9411.485693  
9402.641772  
9425.797314  
9464.107202  
9467.470264  
9378.459277  
9417.967578  
9445.543384  
9498.728638  
9527.892383  
9506.093213  
9617.631689  
9689.34856  
9519.621216  
9591.179834  
9519.999341  
9571.091089  
9429.169116  
9560.558911  
9415.312134  
9507.152441  
9433.943384  
9501.938892  
9440.567383  
9429.034058  
9533.157544  
9507.483911  
9521.754785  
9533.58147  
9441.683765  
9491.155933  
9455.289575  
9434.460352  
9417.704761  
9461.710889  
9433.879297  
9475.243359  
9485.084204  
9509.735864  
9496.294531  
9574.383398  
9568.629932  
9544.801978  
9511.493774  
9585.029248  
9593.798193  
9520.904956  
9548.599756  
9492.783838  
9583.082397  
9429.801758  
9475.038501  
9456.634497  
9438.884131  
9518.728052  
9324.451343  
9476.312183  
9429.620679  
9488.386987  
9508.090479  
9638.680151  
9433.906958  
9505.022534  
9476.682251  
9408.089233  
9382.753027  
9484.654395  
9424.095312  
9443.660474  
9459.154053  
9481.004053  
9540.156226  
9490.925659  
9578.798169  
9550.727808  
9550.679224  
9595.611694  
9426.975122  
9372.719727  
9365.700757  
9438.713257  
9400.243408  
9388.944165  
9506.27002  
9513.629053  
9472.451392  
9475.159619  
9509.958105  
9519.039624  
9538.534253  
9546.465723  
9534.822681  
9520.951392  
9561.381445  
9545.778882  
9416.378223  
9462.855933  
9469.628613  
9548.980322  
9451.45769  
9457.106226  
9411.38877  
9429.930981  
9403.889624  
9415.269263  
9521.562207  
9654.756543  
9693.638867  
9547.990552  
9504.474268  
9405.414038  
9413.00415  
9438.189526  
9410.378735  
9445.613672  
9572.24873  
9517.737817  
9631.85083  
9519.433057  
9590.881494  
9476.717407  
9517.788135  
9559.121216  
9510.97207  
9642.827075  
9525.483887  
9557.778125  
9579.413525  
9518.119556  
9535.436206  
9513.049878  
9461.544922  
9462.164648  
9349.24248  
9395.859106  
9697.606348  
9513.401611  
9381.035303  
9590.898706  
9482.65957  
9547.68313  
9369.319556  
9360.097412  
9367.161499  
9392.603638  
9485.580737  
9473.798364  
9528.114844  
9581.798877  
9517.191455  
9462.857739  
9445.736108  
9428.13667  
9460.753394  
9406.202686  
9469.801318  
9544.121875  
9472.022876  
9445.874854  
9544.921851  
9504.824927  
9525.690356  
9473.548413  
9490.307935  
9461.314136  
9523.850293  
9472.308887  
9453.387744  
9621.687402  
9630.756787  
9673.794312  
9616.317017  
9532.729663  
9477.891528  
9468.502881  
9453.0302  
9458.61394  
9614.051758  
9463.990283  
9483.42334  
9448.919507  
9490.986182  
9434.510059  
9373.391626  
9560.935815  
9464.624658  
9458.175903  
9545.530371  
9514.255396  
9507.1573  
9515.575586  
9583.339111  
9505.432568  
9584.810474  
9622.585889  
9532.528247  
9561.566992  
9560.204395  
9491.062744  
9462.47207  
9435.919067  
9446.810254  
9403.907178  
9398.854321  
9397.818945  
9464.554468  
9523.730957  
9475.874219  
9542.736621  
9475.936694  
9491.496094  
9424.174731  
9444.162769  
9425.480884  
9573.057251  
9485.430811  
9420.317554  
9537.391479  
9535.425342  
9481.024487  
9509.125586  
9584.647168  
9563.829883  
9547.212891  
9609.844824  
9550.405127  
9533.285742  
9544.08103  
9486.54563  
9400.458765  
9621.494897  
9567.326636  
9472.473071  
9399.565186  
9598.334937  
9544.130005  
9542.611938  
9475.683228  
9404.368433  
9355.277002  
9462.856128  
9428.790308  
9463.748853  
9574.773047  
9539.261206  
9508.909961  
9522.968945  
9430.827612  
9510.872925  
9545.99668  
9619.592896  
9532.367847  
9472.258545  
9611.68064  
9520.465405  
9468.101221  
9508.992651  
9450.255615  
9536.340161  
9452.396851  
9488.167749  
9482.889258  
9471.00415  
9471.194946  
9473.288867  
9400.29873  
9459.018213  
9456.10249  
9469.771753  
9518.042725  
9505.624561  
9487.398096  
9470.315918  
9467.496387  
9358.272778  
9391.419189  
9574.797168  
9587.393408  
9587.564331  
9332.150781  
9481.969873  
9677.221973  
9548.165088  
9565.777295  
9476.89104  
9437.272363  
9480.670605  
9519.048999  
9582.315796  
9424.488525  
9565.241016  
9542.360352  
9584.404858  
9505.414551  
9445.763403  
9436.950928  
9421.115601  
9405.814941  
9610.773438  
9520.252734  
9449.664697  
9370.168188  
9505.069824  
9524.760791  
9476.901587  
9528.353931  
9527.4125  
9553.331152  
9654.963623  
9722.815576  
9521.468164  
9464.192627  
9406.992407  
9370.490942  
9399.762354  
9406.487109  
9333.885303  
9476.967285  
9470.976318  
9525.88811  
9520.719995  
9528.760327  
9458.737524  
9444.347192  
9524.245068  
9409.56333  
9474.078003  
9550.437256  
9633.388525  
9622.854492  
9524.067163  
9563.620532  
9497.180151  
9475.166064  
9465.480127  
9579.128955  
9464.5802  
9438.954834  
9444.924243  
9605.278735  
9530.596411  
9458.434424  
9430.102734  
9487.766333  
9299.71311  
9586.721802  
9522.822363  
9510.230347  
9443.022217  
9397.502881  
9430.195312  
9417.861035  
9468.146851  
9610.754834  
9575.520898  
9393.557251  
9430.533984  
9351.941357  
9446.582373  
9378.124072  
9444.667554  
9418.150049  
9420.328955  
9555.801758  
9626.325977  
9508.971924  
9452.301855  
9638.923071  
9557.781055  
9580.622388  
9389.06106  
9467.790479  
9324.284155  
9842.565967  
9623.507837  
9533.46189  
9608.327856  
9624.328564  
9508.941724  
9454.490454  
9416.721631  
9497.460596  
9356.144849  
9374.203418  
9357.086768  
9268.087842  
9292.804712  
9368.796753  
9441.099512  
9541.293359  
9610.037329  
9474.71521  
9610.01145  
9483.959863  
9684.95957  
9560.6979  
9597.305103  
9706.836719  
9515.000903  
9549.591113  
9467.638477  
9449.790649  
9437.94856  
9623.696997  
9543.557739  
9517.64541  
9420.107642  
9348.959546  
9491.016919  
9560.869043  
9575.457788  
9571.910889  
9461.584155  
9410.506274  
9483.183936  
9387.063428  
9481.400098  
9521.009058  
9407.339941  
9548.21814  
9419.393652  
9592.138037  
9522.589893  
9506.991016  
9502.788867  
9484.829907  
9511.131689  
9601.741431  
9584.633154  
9451.469385  
9356.570972  
9344.826318  
9406.983838  
9503.266602  
9528.481152  
9548.802686  
9565.404663  
9570.325977  
9428.916333  
9599.468701  
9423.136206  
9598.434814  
9479.638501  
9519.038086  
9486.953662  
9409.266943  
9474.044971  
9615.011377  
9572.520776  
9432.173437  
9496.754077  
9434.893237  
9400.547388  
9392.888721  
9471.496143  
9616.825879  
9629.309326  
9447.491406  
9451.911255  
9400.384692  
9349.727295  
9419.956787  
9397.817358  
9456.885059  
9735.686694  
9560.195654  
9508.257324  
9553.752808  
9546.320166  
9590.116064  
9515.798877  
9506.087085  
9486.521875  
9441.984082  
9586.941455  
9507.352271  
9433.217944  
9371.858691  
9418.97373  
9652.252393  
9402.420874  
9414.465894  
9443.45022  
9478.908862  
9560.056567  
9532.890479  
9558.365381  
9452.41582  
9552.342969  
9556.558691  
9506.859473  
9461.123218  
9454.508545  
9484.13877  
9507.062524  
9578.138818  
9551.467261  
9580.219458  
9597.038672  
9435.757788  
9492.106128  
9543.949707  
9474.253638  
9492.018579  
9447.208569  
9487.156567  
9462.463965  
9423.696729  
9480.545532  
9478.059253  
9643.595776  
9446.616309  
9509.379883  
9376.828369  
9607.683325  
9503.591699  
9469.138721  
9541.782593  
9653.543384  
9391.456152  
9365.12373  
9444.33999  
9468.327881  
9532.581519  
9455.514966  
9612.269165  
9658.892041  
9647.344775  
9497.805444  
9561.517261  
9354.257471  
9468.545093  
9455.142139  
9442.076245  
9667.421216  
9714.521265  
9618.54021  
9523.532495  
9441.425293  
9624.792529  
9408.405005  
9500.449219  
9457.858472  
9414.058521  
9504.848682  
9424.786401  
9446.794556  
9442.182031  
9532.919604  
9414.931665  
9393.409692  
9507.997314  
9586.364233  
9511.082227  
9568.017578  
9654.287451  
9560.117773  
9518.729053  
9439.207422  
9331.646411  
9475.104712  
9366.653882  
9452.498755  
9712.966626  
9538.984863  
9531.919043  
9371.372656  
9488.730542  
9541.002246  
9443.514453  
9423.376074  
9340.724365  
9335.090454  
9286.866626  
9437.068115  
9373.189087  
9437.72478  
9519.253296  
9376.506201  
9625.062915  
9613.611304  
9602.569092  
9651.038403  
9573.289673  
9486.754517  
9447.582715  
9552.212134  
9524.472485  
9427.177368  
9478.745337  
9439.377393  
9559.364307  
9558.571143  
9420.560864  
9359.342358  
9404.806323  
9434.500684  
9417.94668  
9551.925391  
9444.634766  
9463.699707  
9428.125659  
9527.113525  
9621.05437  
9637.203638  
9649.425317  
9617.233154  
9612.789941  
9514.393628  
9641.876465  
9669.837622  
9590.297656  
9485.649072  
9456.307471  
9490.942041  
9375.033984  
9494.899609  
9384.00791  
9507.913794  
9491.450635  
9563.387573  
9603.738892  
9508.9021  
9411.278467  
9417.237842  
9339.819336  
9421.853735  
9444.455591  
9382.945752  
9351.133569  
9552.287524  
9463.653467  
9454.51272  
9480.292944  
9314.392725  
9384.51084  
9523.072827  
9686.83728  
9658.242065  
9426.416089  
9626.703564  
9651.004028  
9589.948169  
9511.285693  
9445.259497  
9452.403491  
9500.283838  
9380.420776  
9435.151904  
9630.749854  
9597.832129  
9525.428662  
9451.100732  
9390.726392  
9415.132666  
9418.130762  
9491.991528  
9404.967773  
9372.237524  
9353.030859  
9351.948242  
9283.331543  
9347.302075  
9255.100513  
9402.705103  
9465.296436  
9617.435815  
9587.373096  
9555.983716  
9541.697925  
9630.302881  
9573.603516  
9574.236133  
9485.196997  
9643.484595  
9635.218896  
9502.262207  
9449.184131  
9599.783789  
9526.651978  
9460.199194  
9365.055933  
9584.293115  
9549.750171  
9630.297583  
9529.235449  
9453.132178  
9551.920044  
9552.125708  
9480.748242  
9561.194507  
9534.76416  
9458.306006  
9386.726099  
9446.652759  
9423.060425  
9491.55271  
9445.276367  
9140.945679  
9668.966089  
9540.231714  
9609.209521  
9821.643408  
9809.757568  
9667.508057  
9650.972876  
9651.297559  
9547.105322  
9250.706421  
9423.347168  
9547.683057  
9545.736621  
9444.378687  
9358.92688  
9302.512183  
9299.214673  
9363.019214  
9347.308691  
9460.369141  
9493.916675  
9513.087817  
9617.959766  
9521.966382  
9573.409229  
9486.988501  
9557.540771  
9469.775195  
9515.496655  
9460.040649  
9558.378345  
9611.325854  
9465.309326  
9424.626733  
9300.316504  
9367.381543  
9544.782324  
9631.241284  
9511.795801  
9506.260889  
9546.665649  
9523.819629  
9529.240967  
9427.826611  
9713.817896  
9513.184033  
9448.856592  
9389.860498  
9367.796362  
9404.430786  
9457.050659  
9540.689819  
9508.37395  
9475.569629  
9629.245996  
9486.320679  
9602.098022  
9601.641357  
9529.746558  
9458.467578  
9438.042383  
9194.843066  
9445.813257  
9628.669971  
9510.107471  
9505.930444  
9439.230029  
9511.497192  
9771.805981  
9521.453516  
9485.037817  
9378.667578  
9482.466968  
9532.148438  
9309.304688  
9306.464795  
9461.97915  
9612.68689  
9539.466309  
9432.419727  
9375.655493  
9392.200562  
9500.711084  
9492.65791  
9540.312769  
9550.637036  
9627.441699  
9488.264551  
9570.96582  
9592.07832  
9523.198169  
9412.297754  
9413.104395  
9382.899243  
9455.39126  
9506.391675  
9487.792163  
9607.987085  
9569.437842  
9518.022607  
9364.089136  
9431.059082  
9470.629883  
9593.517554  
9456.442163  
9772.952637  
9697.082666  
9591.210107  
9658.188647  
9668.01084  
9704.844922  
9452.372583  
9396.133643  
9427.152686  
9425.746191  
9389.187354  
9495.299829  
9464.024609  
9485.343628  
9355.353955  
9318.273462  
9368.745215  
9341.299878  
9654.99729  
9442.976807  
9491.92229  
9455.619653  
9632.80918  
9547.064966  
9502.959131  
9494.491821  
9577.360718  
9546.672534  
9447.962256  
9410.493018  
9355.432471  
9437.022607  
9435.258447  
9643.17583  
9678.459546  
9533.507129  
9602.048267  
9543.654443  
9546.580615  
9541.185864  
9460.787061  
9425.925879  
9406.489307  
9487.411157  
9524.226221  
9447.229736  
9325.917236  
9239.201318  
9509.465283  
9415.505273  
9411.031348  
9457.368311  
9565.868164  
9546.36792  
9592.6104  
9478.080981  
9529.401855  
9397.658447  
9617.844067  
9718.273169  
9709.895532  
9456.836646  
9709.185376  
9606.068286  
9384.36936  
9367.120557  
9449.392749  
9286.45376  
9232.620801  
9282.065161  
9258.012158  
9265.899292  
9206.290967  
9348.918579  
9364.697095  
9685.899097  
9500.739478  
9423.959937  
9375.064844  
9367.364331  
9505.293921  
9500.905371  
9363.631567  
9399.855054  
9468.370898  
9572.915942  
9401.791431  
9617.846851  
9585.342578  
9668.929614  
9668.92688  
9581.525635  
9553.984277  
9461.258862  
9483.233911  
9454.450464  
9361.777979  
9383.476074  
9380.747021  
9374.341016  
9313.884009  
9468.521411  
9503.502441  
9543.735474  
9696.932568  
9573.390015  
9528.968262  
9520.638989  
9569.601953  
9473.903418  
9480.135889  
9429.669019  
9396.776123  
9474.751245  
9593.952759  
9598.445215  
9647.62627  
9572.602563  
9567.418018  
9444.255884  
9520.381958  
9647.586133  
9565.310889  
9433.096045  
9464.38623  
9491.575  
9521.327173  
9501.750293  
9502.44021  
9642.674438  
9631.542773  
9514.304932  
9509.056812  
9483.691382  
9610.703418  
9391.107593  
9405.534399  
9440.855542  
9352.490308  
9443.354321  
9659.184351  
9605.241455  
9438.811182  
9435.150439  
9394.347461  
9616.589551  
9519.569214  
9618.554224  
9481.951611  
9563.597021  
9492.151025  
9639.703198  
9482.664429  
9339.97312  
9295.831592  
9289.301074  
9690.270947  
9562.222217  
9395.537793  
9491.487939  
9499.504688  
9409.611963  
9404.480151  
9379.783423  
9458.957739  
9542.938599  
9508.921436  
9643.966162  
9647.072339  
9399.366821  
9648.549365  
9611.917187  
9528.773511  
9514.252075  
9520.801807  
9572.479663  
9503.444165  
9474.889111  
9463.609717  
9312.75769  
9413.534424  
9378.070801  
9663.379126  
9562.256738  
9437.393188  
9351.782227  
9434.441138  
9433.194019  
9577.951904  
9526.223608  
9398.327856  
9468.595801  
9437.809424  
9434.512769  
9334.237256  
9471.728345  
9467.975073  
9538.088379  
9448.746606  
9653.825977  
9636.254565  
9608.217554  
9568.489063  
9571.910376  
9593.475391  
9446.223755  
9409.032007  
9427.823706  
9476.681104  
9545.342749  
9588.91062  
9455.970386  
9437.596167  
9470.336182  
9475.289673  
