6759.086808  
6687.873198  
6693.486204  
6685.708443  
6714.122328  
6760.417125  
6777.749263  
6726.650471  
6715.773695  
6768.113414  
6662.122541  
6740.741548  
6746.989631  
6731.897061  
6746.805415  
6679.55799  
6661.082759  
6698.374725  
6671.670144  
6724.197745  
6701.346822  
6684.172638  
6649.769558  
6652.092498  
6653.858443  
6687.132635  
6613.609783  
6754.198109  
6730.984295  
6732.397035  
6724.485556  
6706.188077  
6684.014773  
6699.010591  
6732.947346  
6719.798198  
6789.040865  
6702.562713  
6728.051935  
6687.677211  
6700.67017  
6694.856516  
6723.976634  
6669.907484  
6719.911523  
6739.994203  
6681.035156  
6683.656792  
6708.668892  
6706.231223  
6691.763237  
6634.585369  
6670.324467  
6713.75823  
6715.256179  
6647.714453  
6683.98766  
6708.501935  
6682.167019  
6722.905513  
6704.797434  
6704.56843  
6678.845188  
6705.662891  
6739.95902  
6698.582395  
6664.486461  
6717.818164  
6679.595206  
6723.184846  
6763.199237  
6745.764142  
6688.666539  
6724.989764  
6712.540803  
6676.029368  
6731.979838  
6706.198535  
6703.860121  
6728.276225  
6738.062979  
6777.919656  
6743.032369  
6747.047852  
6671.298544  
6743.10965  
6674.237775  
6737.345898  
6727.057502  
6694.118643  
6672.107919  
6718.690004  
6676.419487  
6737.438246  
6682.636541  
6705.151873  
6644.780469  
6710.028374  
6702.215927  
6694.181365  
6741.869869  
6691.54731  
6741.540128  
6733.915652  
6754.82413  
6715.276252  
6713.34525  
6642.254306  
6714.037598  
6719.278951  
6713.950968  
6708.893315  
6710.987473  
6687.061657  
6702.193306  
6680.68339  
6729.178471  
6725.740314  
6714.72002  
6778.244931  
6755.534517  
6775.998553  
6687.297408  
6740.341868  
6713.624237  
6678.229643  
6712.327876  
6725.029492  
6709.890359  
6721.82168  
6716.21329  
6771.258478  
6712.507227  
6682.126048  
6715.704537  
6714.911612  
6689.881055  
6753.98196  
6711.595721  
6702.409224  
6733.430007  
6696.68821  
6715.266424  
6648.723793  
6644.59114  
6735.615163  
6683.846831  
6709.880646  
6669.052965  
6703.263983  
6736.141149  
6668.43679  
6746.205593  
6740.504767  
6729.781001  
6706.917543  
6713.042871  
6672.785369  
6756.885378  
6718.264409  
6662.910662  
6717.031712  
6711.100506  
6725.162704  
6743.153569  
6708.959775  
6722.560405  
6777.669886  
6705.579173  
6703.311239  
6712.268075  
6692.837722  
6713.646005  
6711.450107  
6712.270978  
6749.591122  
6714.164604  
6676.60862  
6706.221271  
6705.088885  
6706.552406  
6674.55926  
6687.616096  
6702.508256  
6723.948136  
6693.263805  
6711.002015  
6671.009339  
6697.990421  
6694.678809  
6657.960884  
6636.899201  
6700.655549  
6751.393359  
6602.22176  
6687.817232  
6636.478675  
6708.327077  
6734.06021  
6739.528285  
6701.887722  
6706.570428  
6740.851012  
6786.568901  
6759.011026  
6763.028986  
6760.313716  
6731.317267  
6770.831667  
6758.621555  
6729.536293  
6682.897967  
6742.489684  
6673.109934  
6686.512482  
6683.885005  
6689.372328  
6664.04264  
6686.874032  
6653.767383  
6678.900542  
6682.915554  
6735.003729  
6720.244052  
6730.944895  
6706.781774  
6711.258212  
6698.265172  
6675.329679  
6726.038485  
6694.878995  
6751.858168  
6713.769531  
6784.741895  
6734.958798  
6756.814622  
6727.772896  
6654.159739  
6676.496014  
6693.101349  
6688.485795  
6694.478613  
6646.370863  
6693.297408  
6704.620206  
6717.715225  
6684.430824  
6756.599716  
6671.534189  
6705.407804  
6685.012074  
6689.580247  
6707.614853  
6763.035192  
6692.545543  
6700.648509  
6744.513849  
6693.475613  
6708.560858  
6699.600586  
6726.609393  
6754.819469  
6672.563805  
6713.514187  
6697.672567  
6681.485183  
6701.153045  
6747.841788  
6782.324867  
6718.356854  
6752.411399  
6742.777619  
6757.166859  
6719.408203  
6766.006126  
6743.072115  
6772.418244  
6709.121671  
6710.067578  
6729.426571  
6695.007741  
6688.003338  
6656.274041  
6665.607191  
6689.548251  
6679.731037  
6722.156827  
6731.456987  
6747.837225  
6673.851713  
6667.141051  
6689.53465  
6714.000275  
6724.872994  
6723.459952  
6713.564879  
6700.296467  
6702.679324  
6745.448571  
6720.820881  
6690.203658  
6695.673704  
6681.434988  
6744.504261  
6710.362589  
6712.161  
6690.678764  
6694.87239  
6702.484047  
6669.062296  
6761.308123  
6698.500808  
6687.968075  
6777.042907  
6764.675302  
6741.801767  
6741.972044  
6746.482013  
6690.124964  
6677.504217  
6657.824654  
6689.547283  
6684.998393  
6708.614125  
6745.993945  
6744.362926  
6730.508771  
6728.028303  
6749.813423  
6745.809952  
6741.396307  
6718.896937  
6712.096946  
6704.034499  
6721.347736  
6720.225382  
6705.285707  
6701.521458  
6741.169371  
6702.001944  
6646.511293  
6649.286594  
6716.16147  
6658.822825  
6667.25285  
6666.283816  
6685.038388  
6653.761541  
6656.072772  
6675.921298  
6666.081552  
6698.168732  
6742.492809  
6694.562109  
6763.740554  
6837.377903  
6729.493848  
6651.795224  
6726.715243  
6672.948429  
6655.175044  
6683.894025  
6658.637482  
6691.61701  
6732.435156  
6720.79731  
6722.333443  
6776.242037  
6742.106889  
6716.757227  
6710.122443  
6760.890314  
6710.840039  
6770.026048  
6748.148304  
6709.58054  
6772.027814  
6738.247097  
6687.93307  
6702.099805  
6697.517933  
6683.124485  
6695.832085  
6714.165439  
6675.651625  
6758.923517  
6716.84533  
6690.521183  
6710.83679  
6667.234553  
6743.477761  
6787.409615  
6771.667108  
6736.449103  
6727.922825  
6742.071262  
6748.480087  
6736.281028  
6669.256507  
6678.259499  
6648.948242  
6706.069096  
6688.682342  
6672.85617  
6686.728374  
6687.943146  
6666.928809  
6653.013068  
6654.972283  
6713.637882  
6667.427495  
6674.230176  
6729.176944  
6698.572461  
6684.785183  
6710.43196  
6685.028578  
6713.332244  
6755.231357  
6757.39834  
6755.762314  
6714.141229  
6763.663778  
6714.779696  
6749.235502  
6739.369274  
6704.508665  
6691.925763  
6715.918235  
6690.312003  
6654.754972  
6699.449281  
6710.956721  
6725.798233  
6735.471129  
6698.232475  
6687.515048  
6726.589915  
6711.381809  
6765.937988  
6678.56123  
6721.271094  
6706.018359  
6712.654128  
6726.199672  
6710.167702  
6735.753809  
6750.437411  
6696.361035  
6727.531641  
6688.176838  
6760.470046  
6709.789489  
6768.405531  
6723.262003  
6689.188983  
6713.817383  
6737.692303  
6753.700435  
6759.159819  
6764.626758  
6730.190474  
6755.323251  
6772.959766  
6772.210858  
6761.93212  
6708.657875  
6698.032857  
6687.984641  
6700.614631  
6706.875604  
6709.964036  
6675.63647  
6641.292898  
6684.681676  
6697.44771  
6716.349893  
6729.839311  
6676.301021  
6676.753773  
6659.097638  
6638.474228  
6636.168803  
6641.451545  
6637.912536  
6641.769185  
6699.504972  
6672.723384  
6645.310813  
6636.202885  
6704.046183  
6736.9481  
6735.629616  
6740.887962  
6723.388228  
6666.747186  
6687.429279  
6688.014515  
6741.237536  
6744.055655  
6732.140554  
6709.415918  
6754.503258  
6753.399254  
6727.736879  
6729.804838  
6737.424183  
6793.448908  
6696.918093  
6722.441522  
6662.793936  
6691.509029  
6720.302823  
6710.813015  
6731.730779  
6667.051199  
6726.68465  
6735.51092  
6796.416335  
6713.802637  
6682.524822  
6733.235662  
6685.987562  
6718.889586  
6713.770952  
6717.478276  
6701.867685  
6726.660227  
6706.772514  
6726.36305  
6735.874006  
6690.134695  
6667.9807  
6709.401012  
6707.308176  
6680.906774  
6745.360849  
6680.586373  
6734.9682  
6718.209792  
6719.959917  
6663.547505  
6724.087234  
6702.856534  
6712.832013  
6699.097816  
6721.399902  
6656.904377  
6748.640403  
6682.315918  
6738.690217  
6722.89225  
6711.556854  
6747.100968  
6686.388823  
6714.837287  
6743.276669  
6726.442907  
6761.131969  
6724.321635  
6704.933674  
6722.550266  
6731.159846  
6695.02793  
6719.95538  
6680.153232  
6706.712527  
6697.436444  
6685.901278  
6699.824849  
6704.216442  
6726.056747  
6650.00775  
6741.268413  
6808.048739  
6752.905611  
6681.293821  
6742.147994  
6716.8053  
6726.587686  
6653.120011  
6644.686177  
6636.769904  
6600.125222  
6657.475257  
6683.541531  
6704.280531  
6697.287074  
6701.773304  
6671.999032  
6679.773881  
6663.79161  
6733.410414  
6676.602282  
6741.190652  
6708.049743  
6690.817898  
6749.627779  
6810.118049  
6764.360565  
6758.821653  
6641.529341  
6775.25451  
6762.166628  
6756.282182  
6711.470623  
6698.709553  
6778.708851  
6787.990341  
6786.255593  
6728.139426  
6705.233505  
6703.088237  
6687.740918  
6711.310458  
6663.499583  
6727.159446  
6667.89122  
6705.875506  
6738.946982  
6690.810245  
6646.02587  
6631.0996  
6690.943945  
6660.651607  
6738.475435  
6678.411506  
6683.698899  
6682.278356  
6708.067285  
6732.957262  
6694.454989  
6732.529226  
6733.789533  
6728.045517  
6643.601074  
6733.501243  
6690.906428  
6728.482457  
6655.456552  
6633.47998  
6670.592294  
6682.568963  
6734.322124  
6747.41084  
6753.99842  
6745.342898  
6683.814364  
6690.764471  
6712.23014  
6754.889444  
6724.308638  
6707.386541  
6706.699059  
6742.489426  
6712.080957  
6737.593901  
6762.661728  
6739.538876  
6744.258771  
6751.989222  
6711.389622  
6737.108523  
6712.93473  
6724.48489  
6749.98544  
6726.559233  
6730.390678  
6720.788565  
6692.321067  
6710.561301  
6726.315092  
6719.640927  
6657.476687  
6720.240794  
6720.118448  
6699.501536  
6776.579679  
6694.794158  
6716.168679  
6681.263068  
6765.05886  
6725.402219  
6756.872807  
6698.438858  
6726.257377  
6699.581614  
6713.399521  
6721.9818  
6717.374751  
6708.676403  
6750.65483  
6708.022496  
6701.37089  
6704.883798  
6704.590332  
6662.85063  
6692.870721  
6659.922425  
6688.624423  
6664.251687  
6704.20483  
6767.660742  
6709.937766  
6667.416548  
6677.650488  
6693.511932  
6674.253098  
6686.727299  
6675.5644  
6677.746262  
6689.028968  
6707.39438  
6730.624148  
6684.13449  
6687.490776  
6719.172381  
6721.216655  
6703.841042  
6669.068768  
6704.520641  
6658.868865  
6684.447638  
6709.358958  
6677.077805  
6663.409064  
6724.663619  
6719.866131  
6730.01812  
6765.932937  
6820.821085  
6733.979226  
6721.3591  
6714.978862  
6702.705105  
6666.909313  
6717.61693  
6667.70799  
6717.989853  
6681.820881  
6691.731472  
6717.269691  
6748.856365  
6670.87437  
6673.163201  
6693.413991  
6692.336293  
6690.679661  
6724.694345  
6701.218812  
6671.169309  
6644.808665  
6711.081383  
6664.865305  
6713.664693  
6712.597132  
6755.226349  
6768.817063  
6767.522976  
6757.333656  
6765.128596  
6746.274405  
6733.552939  
6739.003631  
6753.284979  
6754.318004  
6735.133869  
6748.081135  
6746.468741  
6757.436657  
6736.086195  
6728.216229  
6733.551003  
6717.518395  
6709.540297  
6755.579235  
6687.917001  
6681.24407  
6720.569771  
6700.966246  
6677.324361  
6658.480185  
6612.135955  
6681.166255  
6682.125799  
6708.771174  
6695.911301  
6764.06321  
6693.620472  
6745.31748  
6703.927566  
6736.900151  
6719.685831  
6687.079359  
6703.646262  
6674.704723  
6675.935716  
6695.99731  
6732.529439  
6677.667596  
6690.588858  
6663.745517  
6709.300417  
6748.04636  
6745.046396  
6801.429155  
6763.177725  
6737.975213  
6770.177184  
6733.500462  
6721.056676  
6732.391495  
6728.157342  
6707.509357  
6760.574547  
6769.36535  
6704.351021  
6728.821076  
6715.064631  
6636.752344  
6660.765314  
6636.958141  
6673.360787  
6747.126243  
6757.487802  
6690.03956  
6716.341699  
6690.086026  
6700.76108  
6694.956623  
6753.530433  
6682.502211  
6700.672567  
6692.95475  
6686.672576  
6699.245517  
6709.697132  
6717.139693  
6705.907812  
6681.777202  
6667.558993  
6668.154324  
6648.618155  
6668.479457  
6726.477939  
6676.972417  
6738.127326  
6736.952264  
6697.449352  
6717.270783  
6674.069318  
6726.324041  
6688.740856  
6679.810121  
6711.613725  
6662.256543  
6700.529661  
6685.506277  
6730.997026  
6711.446742  
6693.450222  
6715.835627  
6694.739604  
6697.722283  
6719.830726  
6713.339329  
6704.503542  
6739.78291  
6769.014924  
6703.429084  
6702.138645  
6696.000888  
6661.537003  
6695.846387  
6687.525231  
6649.894567  
6616.16954  
6678.353702  
6684.245783  
6675.590811  
6666.369309  
6664.149529  
6688.513299  
6669.622212  
6659.081214  
6696.633683  
6697.214382  
6665.327299  
6673.055753  
6699.187908  
6731.768786  
6724.690811  
6901.109233  
6807.102841  
6781.059792  
6752.322319  
6778.714968  
6759.440305  
6705.344425  
6743.048082  
6738.564764  
6746.025  
6716.999529  
6710.697727  
6639.460476  
6668.085787  
6707.984038  
6737.452228  
6718.667232  
6696.835787  
6743.018723  
6764.489418  
6757.615962  
6735.527255  
6749.727193  
6688.686852  
6734.438858  
6710.348739  
6714.30348  
6777.746005  
6785.06804  
6731.724325  
6720.508221  
6705.946085  
6718.605007  
6689.288938  
6739.201758  
6698.104146  
6699.426864  
6643.455247  
6709.402859  
6752.041557  
6714.18022  
6737.975675  
6721.760689  
6685.533594  
6708.294025  
6756.320144  
6761.971689  
6707.679723  
6677.922718  
6700.432937  
6748.178844  
6757.305842  
6713.361923  
6695.566957  
6725.636097  
6707.593759  
6732.88639  
6707.842862  
6690.745304  
6672.751562  
6711.176314  
6688.446351  
6648.418972  
6668.15008  
6702.588778  
6762.30372  
6734.233469  
6749.798757  
6773.152779  
6759.967436  
6729.850799  
6719.834748  
6694.582386  
6704.73299  
6707.545508  
6723.738095  
6681.799121  
6715.686515  
6715.59747  
6714.116717  
6727.298917  
6733.525755  
6735.73671  
6713.602539  
6695.556321  
6658.63109  
6705.721085  
6679.736151  
6705.552433  
6729.647097  
6642.495401  
6729.094984  
6734.222115  
6754.927459  
6742.549308  
6736.560982  
6743.420215  
6678.358603  
6642.280593  
6710.193422  
6723.711879  
6735.014977  
6721.235192  
6703.68908  
6724.848491  
6723.015927  
6731.355788  
6732.518297  
6702.726909  
6685.103897  
6729.377832  
6757.867188  
6704.331392  
6694.719354  
6758.987571  
6751.248739  
6806.906871  
6795.544656  
6796.964533  
6822.432857  
6845.839364  
6842.438956  
6705.1504  
6730.389853  
6693.050604  
6623.910787  
6537.528169  
6539.458043  
6538.050994  
6593.168271  
6609.583896  
6622.355744  
6578.693155  
6636.384712  
6622.620969  
6676.414045  
6756.145401  
6732.171085  
6676.981392  
6688.968706  
6698.83489  
6685.556019  
6732.992338  
6713.063157  
6701.229341  
6688.220179  
6756.010556  
6736.078826  
6749.232191  
6663.153205  
6744.711683  
6733.416486  
6733.047124  
6667.093954  
6648.462402  
6666.918839  
6740.892702  
6731.786648  
6775.259002  
6749.585067  
6725.990803  
6679.48133  
6696.864489  
6736.02342  
6783.093484  
6716.804128  
6781.600142  
6726.083381  
6702.439799  
6692.246777  
6678.128755  
6679.93916  
6651.990847  
6732.432173  
6714.184748  
6737.20214  
6732.731081  
6673.427912  
6683.350852  
6666.096724  
6701.964577  
6739.254119  
6736.268226  
6730.605415  
6774.780194  
6728.596413  
6760.187456  
6733.529767  
6751.961062  
6714.660245  
6726.150959  
6714.285689  
6693.677202  
6634.149689  
6709.878587  
6688.94098  
6661.77215  
6702.952646  
6685.756658  
6732.277397  
6720.590971  
6728.685662  
6707.044842  
6761.490714  
6720.828205  
6709.461852  
6750.790279  
6649.163601  
6667.050941  
6700.429812  
6700.428436  
6736.167037  
6774.647461  
6719.878178  
6695.213237  
6762.003933  
6763.365057  
6728.025284  
6714.051926  
6732.667827  
6716.073828  
6690.156383  
6705.804332  
6692.252557  
6689.135254  
6632.272381  
6659.649032  
6743.107147  
6662.254146  
6639.793031  
6706.52761  
6721.323571  
6743.184499  
6736.697798  
6694.170304  
6712.606987  
6724.591362  
6672.782067  
6735.35649  
6670.97112  
6706.961097  
6740.072931  
6741.415856  
6730.955611  
6740.193564  
6728.893395  
6728.319913  
6714.9591  
6700.260698  
6724.646112  
6728.032431  
6694.237109  
6662.991442  
6707.362615  
6711.001349  
6639.755025  
6710.603604  
6680.341202  
6629.947692  
6655.199015  
6694.615021  
6743.735094  
6719.352486  
6734.191016  
6670.424432  
6701.113503  
6714.735254  
6684.020233  
6704.706259  
6732.962065  
6708.535787  
6689.443022  
6739.250675  
6711.611337  
6748.52468  
6748.99905  
6714.529909  
6717.939373  
6782.852983  
6762.615776  
6816.62927  
6765.521768  
6771.566593  
6752.84921  
6777.610138  
6692.047417  
6678.604998  
6649.131152  
6707.596147  
6674.620694  
6651.98402  
6613.245898  
6718.709925  
6669.35111  
6653.831365  
6672.03062  
6718.090225  
6684.4121  
6719.379643  
6698.056756  
6751.480185  
6738.728471  
6740.744221  
6723.248961  
6654.722825  
6689.815572  
6659.38394  
6664.345703  
6753.135174  
6802.438361  
6699.658718  
6777.397168  
6726.847203  
6735.058665  
6664.497647  
6612.04802  
6627.465208  
6673.726252  
6681.06638  
6657.33283  
6660.701358  
6667.959677  
6663.833292  
6698.837056  
6704.911674  
6700.171893  
6661.905611  
6732.745579  
6732.571768  
6710.417063  
6705.944078  
6721.533736  
6763.21464  
6705.431774  
6763.427379  
6750.247772  
6732.606152  
6732.590607  
6689.49288  
6718.542978  
6714.552166  
6672.609517  
6712.65245  
6711.269469  
6689.650107  
6694.91258  
6693.687456  
6679.987385  
6737.770162  
6675.676358  
6717.408851  
6757.402725  
6766.290989  
6791.359899  
6779.358638  
6736.20032  
6734.78813  
6744.516939  
6731.004581  
6720.517303  
6675.891726  
6751.685911  
6741.771458  
6750.192241  
6701.049308  
6740.205123  
6699.794611  
6688.337962  
6704.42128  
6710.088787  
6693.035112  
6645.63362  
6683.443714  
6646.02745  
6669.811603  
6658.668155  
6695.180016  
6710.021671  
6668.341388  
6643.715394  
6686.856552  
6750.846831  
6727.163104  
6784.172745  
6747.812287  
6782.088175  
6755.510289  
6751.637429  
6778.07658  
6740.816167  
6727.751012  
6725.129661  
6724.689222  
6659.601962  
6689.222354  
6714.987695  
6722.059224  
6738.786816  
6691.258372  
6671.685574  
6697.049032  
6709.035138  
6707.144185  
6711.273988  
6719.004075  
6730.95973  
6702.74035  
6676.875506  
6693.511594  
6630.679501  
6680.801749  
6698.197159  
6701.702504  
6694.261408  
6726.121618  
6776.631889  
6758.260183  
6724.299157  
6769.015279  
6719.746893  
6725.732342  
6793.546937  
6775.834846  
6757.409668  
6713.669798  
6695.721484  
6716.93244  
6767.600977  
6781.133549  
6725.525  
6694.926554  
6719.146635  
6733.441397  
6706.277326  
6660.783656  
6677.645845  
6685.78774  
6649.437287  
6692.842507  
6676.921555  
6645.52555  
6605.964826  
6728.333319  
6706.178622  
6690.16005  
6721.674361  
6768.17057  
6846.75372  
6708.841548  
6724.486745  
6725.315225  
6687.055673  
6643.815945  
6620.109224  
6671.01614  
6712.010849  
6701.835689  
6608.808567  
6646.640492  
6706.828693  
6721.908176  
6691.379643  
6686.810929  
6700.702814  
6693.665634  
6680.194327  
6734.233745  
6691.658185  
6698.55396  
6699.55008  
6758.616939  
6719.712864  
6766.4125  
6737.704679  
6765.983434  
6705.912482  
6685.465563  
6696.967241  
6644.595872  
6669.839515  
6715.222612  
6754.738219  
6719.777592  
6758.991113  
6703.868493  
6776.044132  
6723.213166  
6701.615643  
6697.902521  
6713.137837  
6716.389542  
6689.420392  
6670.330149  
6660.693963  
6704.836053  
6626.430629  
6699.013468  
6784.506206  
6775.878924  
6802.124094  
6764.237846  
6753.116699  
6739.93362  
6735.74913  
6726.946538  
6687.220685  
6678.220206  
6715.890803  
6736.20783  
6764.132591  
6751.185689  
6700.30704  
6704.956721  
6653.325186  
6664.779936  
6608.224787  
6626.332227  
6583.677273  
6639.331188  
6698.833461  
6682.690607  
6663.696351  
6693.956126  
6700.660502  
6702.34699  
6724.651296  
6680.228081  
6632.060112  
6691.937322  
6757.438219  
6744.560183  
6738.267214  
6724.036071  
6726.450968  
6722.071884  
6763.120179  
6744.974885  
6689.762811  
6695.124112  
6692.619425  
6746.625089  
6740.996804  
6791.055158  
6747.111364  
6755.981197  
6717.909872  
6700.446751  
6703.762154  
6708.519602  
6722.732857  
6718.480797  
6759.542188  
6739.167472  
6716.498686  
6755.911497  
6794.783168  
6696.896325  
6688.57255  
6650.357582  
6666.9  
6689.689116  
6704.089799  
6702.191761  
6675.255922  
6713.276944  
6712.086728  
6746.420384  
6766.403915  
6688.247363  
6671.478489  
6714.65617  
6736.340439  
6768.041522  
6777.060929  
6750.851056  
6724.985822  
6692.578862  
6720.126651  
6721.753835  
6710.013272  
6684.76851  
6689.547292  
6674.561106  
6739.428054  
6751.661417  
6778.432999  
6732.111852  
6746.323162  
6716.245437  
6730.246307  
6735.144141  
6748.514977  
6756.072638  
6730.582369  
6734.419984  
6725.67587  
6697.684162  
6698.377211  
6738.433319  
6666.670446  
6677.004572  
6664.508825  
6724.76772  
6769.05831  
6764.034419  
6724.719789  
6699.758496  
6669.868253  
6738.994229  
6752.362349  
6731.491531  
6729.178951  
6744.083975  
6739.221191  
6696.966042  
6699.872567  
6579.288774  
6580.71543  
6562.422923  
6613.246165  
6614.048535  
6663.574405  
6724.820579  
6641.466468  
6679.747923  
6730.500213  
6689.533833  
6772.82753  
6690.592285  
6722.978178  
6723.213654  
6697.907244  
6756.907342  
6686.373313  
6634.060298  
6722.13236  
6770.265465  
6768.433114  
6760.046067  
6676.431978  
6720.155291  
6715.229137  
6724.042392  
6686.959402  
6709.042108  
6724.031268  
6687.612527  
6692.597772  
6632.866078  
6661.169442  
6662.07611  
6606.957715  
6675.128471  
6693.910751  
6751.700027  
6747.956623  
6774.41345  
6745.55324  
6738.190518  
6658.413752  
6743.328853  
6671.058656  
6684.638494  
6694.994727  
6695.02389  
6711.915749  
6710.405904  
6765.262473  
6750.438734  
6754.107688  
6754.609109  
6721.399805  
6712.954838  
6755.367489  
6636.309437  
6737.863423  
6721.115288  
6724.989249  
6757.666344  
6781.92975  
6765.301145  
6766.711097  
6724.227433  
6750.890856  
6699.327894  
6724.978897  
6667.954998  
6669.625471  
6680.660201  
6666.041664  
6663.525533  
6667.531863  
6651.157182  
6633.660875  
6683.172976  
6716.750044  
6774.867711  
6764.853116  
6798.877725  
6740.210094  
6753.706747  
6695.814666  
6720.693661  
6663.667072  
6652.53821  
6623.741903  
6628.68489  
6689.767951  
6720.92888  
6668.898118  
6624.571973  
6679.845961  
6653.050559  
6673.974299  
6703.547212  
6724.429341  
6755.57983  
6797.370792  
6754.25625  
6713.154519  
6787.695384  
6718.953089  
6788.674041  
6683.274281  
6757.912189  
6807.243208  
6700.591575  
6752.837633  
6679.757484  
6660.349148  
6677.09557  
6669.009757  
6694.450542  
6730.090403  
6750.975382  
6757.836905  
6727.051163  
6699.050133  
6711.048988  
6769.731916  
6678.883043  
6688.737651  
6692.58331  
6686.87951  
6696.924405  
6654.137536  
6596.65862  
6710.814986  
6734.609632  
6714.371289  
6738.464782  
6696.440687  
6749.864107  
6749.66044  
6689.315758  
6724.514648  
6712.608674  
6707.270046  
6695.701873  
6657.286399  
6788.771103  
6768.730504  
6738.878986  
6708.329883  
6695.500675  
6679.641788  
6669.915359  
