10324.64075  
10284.67859  
10264.79373  
10270.01169  
10281.06835  
10296.70068  
10266.68884  
10260.65593  
10282.45884  
10285.97214  
10259.33864  
10276.92903  
10282.78575  
10318.50255  
10353.26422  
10326.23495  
10293.41229  
10297.05239  
10308.21051  
10228.0596  
10232.49409  
10235.12597  
10232.50337  
10273.03594  
10290.63619  
10275.35623  
10339.17659  
10357.20381  
10333.91843  
10313.73577  
10271.05594  
10244.3711  
10237.48491  
10254.6683  
10231.25927  
10216.63027  
10248.02954  
10250.73007  
10245.26917  
10264.59295  
10287.11591  
10282.0438  
10256.61081  
10279.89485  
10302.1587  
10450.34906  
10418.59474  
10392.72034  
10366.40742  
10299.17806  
10108.93563  
9990.939276  
9936.625981  
9882.994643  
9870.735634  
9908.300375  
9947.800467  
10002.24566  
10047.76332  
10113.44666  
10168.22069  
10217.71487  
10251.71151  
10267.22915  
10315.37215  
10354.61185  
10358.67007  
10375.74424  
10373.0233  
10380.46188  
10346.74108  
10400.9849  
10433.94997  
10441.79846  
10407.52542  
10360.10055  
10334.06506  
10308.1157  
10313.0469  
10337.36954  
10359.50415  
10371.35141  
10349.46942  
10337.93662  
10332.37852  
10305.64381  
10283.68519  
10296.16115  
10264.72472  
10280.55763  
10281.32278  
10315.06797  
10342.83194  
10318.83914  
10286.83683  
10261.04086  
10229.88343  
10244.00909  
10224.21832  
10279.31742  
10328.22433  
10362.7091  
10399.0443  
10372.08572  
10328.78123  
10311.8391  
10248.07894  
10230.98642  
10198.55969  
10218.24699  
10239.43942  
10289.31062  
10322.30983  
10295.14813  
10304.85052  
10289.71693  
10283.68657  
10313.31223  
10326.14203  
10321.50175  
10338.79293  
10316.39458  
10345.03281  
10341.70471  
10334.04519  
10329.78561  
10372.85024  
10361.65904  
10366.88763  
10372.83919  
10465.03628  
10355.98277  
10310.3331  
10289.78273  
10156.54094  
9998.804026  
9947.808937  
9936.77437  
9988.150363  
9968.682028  
9973.667971  
9970.388641  
10040.45571  
10118.37216  
10181.28359  
10255.96348  
10256.63952  
10315.63754  
10325.68058  
10369.54353  
10372.78066  
10368.63206  
10397.88151  
10387.91352  
10403.84825  
10419.43596  
10391.88751  
10382.15661  
10358.85335  
10347.3516  
10344.99869  
10369.80246  
10356.19745  
10370.4842  
10348.60782  
10358.33142  
10376.11402  
10370.13922  
10383.38253  
10366.82452  
10353.80521  
10356.62933  
10316.76704  
10263.9234  
10184.26406  
10141.96177  
10114.57374  
10088.4684  
10135.35443  
10137.99416  
10151.61951  
10176.29732  
10167.01287  
10193.55385  
10196.92109  
10219.70903  
10222.9621  
10182.86282  
10219.69449  
10241.49217  
10317.08985  
10328.0758  
10334.6065  
10355.8787  
10334.78095  
10333.96691  
10320.46795  
10334.56879  
10333.9796  
10339.16936  
10363.07973  
10340.48178  
10340.50193  
10298.1235  
10272.65196  
10261.19653  
10212.58149  
10206.27164  
10184.52896  
10176.7924  
10219.0821  
10223.51377  
10285.94669  
10276.16804  
10291.51842  
10318.04001  
10303.0978  
10300.87277  
10299.92263  
10260.15058  
10223.84001  
10210.21747  
10222.23159  
10220.89327  
10194.61828  
10202.39889  
10217.94046  
10266.91953  
10267.14435  
10290.95502  
10293.00458  
10275.85446  
10299.54221  
10286.87555  
10297.31443  
10296.74439  
10323.48097  
10264.01152  
10296.45721  
10333.01251  
10291.43252  
10304.77722  
10252.50759  
10289.67287  
10287.30735  
10310.27882  
10384.87998  
10352.31742  
10310.19699  
10290.00034  
10263.7716  
10285.5815  
10273.22348  
10295.14904  
10297.73541  
10295.77022  
10300.06415  
10240.84293  
10218.56189  
10174.2024  
10196.1872  
10218.27746  
10203.65933  
10253.56872  
10265.00619  
10244.65386  
10305.16363  
10316.63086  
10378.06618  
10381.50279  
10411.82615  
10380.43253  
10429.03173  
10429.68123  
10437.13552  
10413.55811  
10324.94679  
10231.72542  
10146.53062  
10137.23617  
10107.98561  
10118.71323  
10166.63806  
10189.40909  
10221.77164  
10310.48546  
10356.03682  
10352.693  
10311.09124  
10256.65574  
10194.30716  
10217.11669  
10205.13052  
10234.72088  
10235.31965  
10253.27963  
10283.58665  
10323.8378  
10323.78415  
10310.49509  
10357.62533  
10352.5757  
10376.44231  
10387.44834  
10310.27374  
10348.81554  
10340.96633  
10360.07324  
10356.05835  
10245.25292  
10217.2842  
10176.21069  
10188.44759  
10182.53415  
10175.92999  
10223.82369  
10259.3812  
10333.97208  
10324.61884  
10363.87641  
10337.75068  
10317.5527  
10257.77437  
10249.14236  
10224.13774  
10192.23907  
10215.16911  
10217.0202  
10222.08282  
10263.51294  
10316.78323  
10312.55234  
10321.24353  
10342.70338  
10377.70635  
10412.76773  
10372.83097  
10413.89545  
10385.04607  
10422.4105  
10414.03613  
10419.67041  
10450.21872  
10407.9356  
10364.91211  
10310.07641  
10330.89564  
10321.6524  
10255.60913  
10249.44746  
10237.85078  
10247.49613  
10183.07807  
10202.71958  
10190.8948  
10243.93197  
10262.91036  
10356.98302  
10308.28092  
10331.30104  
10372.07153  
10284.13273  
10148.79205  
10051.4622  
10021.48804  
10042.50082  
10076.47928  
10126.72267  
10158.21506  
10198.35533  
10260.64728  
10332.87908  
10335.23367  
10352.42693  
10320.66806  
10329.6953  
10356.22873  
10335.0535  
10334.36895  
10315.90682  
10309.79632  
10337.8154  
10386.39246  
10414.08292  
10404.84338  
10379.55278  
10393.90408  
10368.08755  
10327.40649  
10302.18215  
10289.20224  
10283.39456  
10288.63891  
10295.1317  
10313.52366  
10330.62529  
10356.05793  
10346.56446  
10371.04377  
10336.01389  
10274.53014  
10256.34866  
10241.92783  
10339.70365  
10325.00817  
10345.7846  
10360.21274  
10307.62185  
10253.1949  
10245.54154  
10227.00979  
10194.26204  
10207.61197  
10193.64973  
10247.31049  
10299.7168  
10362.7749  
10370.40018  
10264.98934  
10325.19496  
10279.67609  
10153.40413  
10015.85639  
9908.596285  
9901.662229  
9948.187333  
9967.067947  
10034.36506  
10091.0093  
10159.29875  
10218.40097  
10247.79959  
10274.40361  
10257.27334  
10311.67167  
10331.95236  
10400.69462  
10370.55361  
10354.26301  
10333.66672  
10295.64087  
10309.15104  
10319.10874  
10387.46608  
10394.51975  
10356.8385  
10364.36094  
10335.86313  
10292.19489  
10288.02737  
10248.32413  
10235.50138  
10259.25784  
10274.49324  
10313.04273  
10339.78341  
10336.17488  
10352.83833  
10357.18995  
10344.07518  
10332.80234  
10349.53798  
10366.30688  
10419.84885  
10430.13188  
10371.35486  
10415.09051  
10414.18633  
10367.88367  
10306.72779  
10228.13713  
10200.25983  
10174.46411  
10095.82213  
10051.21536  
10072.17643  
10061.79098  
10135.42467  
10149.26366  
10179.49136  
10191.28464  
10179.21293  
10268.40115  
10288.86449  
10348.98031  
10352.29578  
10414.44329  
10392.0324  
10362.09728  
10355.23105  
10323.89441  
10318.02673  
10339.40532  
10339.46327  
10331.00009  
10320.75473  
10336.83661  
10311.55019  
10312.05843  
10309.29854  
10344.27294  
10276.8575  
10221.40702  
10242.3298  
10252.14939  
10278.65894  
10271.68741  
10252.42808  
10302.50645  
10321.84932  
10311.12154  
10263.06138  
10327.3429  
10361.77407  
10356.93616  
10320.67484  
10293.05232  
10232.98513  
10226.95178  
10232.29879  
10237.22355  
10270.85976  
10296.93622  
10322.78505  
10331.13035  
10343.36608  
10311.17713  
10281.88738  
10260.30318  
10299.44156  
10245.01978  
10309.66907  
10422.40797  
10368.52655  
10241.60916  
10205.71808  
10127.00852  
10105.02922  
10087.25161  
10138.12383  
10206.86639  
10272.714  
10321.96451  
10369.64594  
10408.7188  
10433.88651  
10479.31082  
10474.22275  
10483.57517  
10508.30978  
10500.61746  
10442.74776  
10378.22883  
10367.81242  
10322.6749  
10280.63971  
10292.82131  
10295.54201  
10399.90815  
10294.01167  
10300.26127  
10366.76475  
10390.85226  
10242.3883  
10063.58221  
9970.806763  
9914.959601  
9909.232505  
9916.153712  
10000.31458  
10062.98793  
10173.43595  
10245.49921  
10332.09344  
10364.60314  
10395.3399  
10357.63909  
10315.38451  
10351.53507  
10319.27289  
10335.3704  
10343.70719  
10354.6493  
10354.30377  
10347.1878  
10331.55029  
10347.56746  
10390.4638  
10389.94335  
10371.60411  
10322.45029  
10303.21348  
10275.38282  
10278.40567  
10303.8513  
10305.20765  
10332.42559  
10320.43702  
10309.89196  
10315.21471  
10292.41208  
10293.21304  
10261.6946  
10308.91256  
10292.9277  
10344.46987  
10339.45255  
10346.575  
10272.16067  
10236.12127  
10192.07127  
10220.43122  
10219.32767  
10237.39434  
10202.23351  
10241.42587  
10225.20991  
10246.45247  
10250.69286  
10284.67911  
10298.42437  
10305.13112  
10316.9902  
10322.899  
10360.59978  
10365.06023  
10412.12686  
10475.59479  
10373.85512  
10372.33231  
10316.86177  
10160.41394  
10042.11176  
10014.33593  
10007.97181  
9933.766532  
9999.598824  
10034.28563  
10051.30588  
10130.61401  
10202.05906  
10222.27548  
10185.36844  
10127.68475  
10236.47585  
10318.13137  
10371.69371  
10374.38761  
10381.39562  
10418.08021  
10429.2806  
10448.54451  
10439.48019  
10456.96055  
10418.12071  
10417.20822  
10397.28899  
10429.41301  
10400.36121  
10381.4736  
10315.37841  
10276.70316  
10240.02385  
10280.67041  
10267.64413  
10351.134  
10332.97272  
10358.90194  
10335.48575  
10291.93771  
10242.17273  
10222.47856  
10251.30471  
10264.03834  
10321.9288  
10388.82362  
10425.16725  
10415.791  
10329.12559  
10272.57998  
10265.95104  
10286.96815  
10266.61981  
10321.50948  
10344.38766  
10299.97829  
10282.34355  
10194.10077  
10140.95027  
10195.2475  
10137.17871  
10011.25054  
9889.082484  
9802.522521  
9817.03648  
9904.238709  
9967.165531  
9981.92793  
10037.06645  
10114.90278  
10144.7375  
10185.41983  
10191.39871  
10196.89514  
10229.041  
10268.06792  
10326.89346  
10348.03394  
10449.99227  
10508.20134  
10457.63888  
10505.63641  
10468.24421  
10442.60965  
10401.04504  
10356.57404  
10330.00343  
10334.85332  
10316.31826  
10308.70713  
10329.00048  
10332.34522  
10382.43049  
10382.58111  
10374.2517  
10345.73532  
10308.67042  
10288.63807  
10306.96199  
10304.0104  
10332.74399  
10362.69385  
10402.84953  
10404.98787  
10361.26724  
10270.69877  
10228.80622  
10201.02987  
10224.34662  
10206.03712  
10231.96602  
10260.34458  
10314.2615  
10331.25412  
10346.94645  
10360.26664  
10363.29746  
10319.9092  
10269.1895  
10264.73761  
10248.91203  
10217.30827  
10283.07294  
10280.8297  
10300.06205  
10301.37968  
10274.91494  
10263.55076  
10227.4886  
10217.48672  
10223.22342  
10279.61706  
10317.32964  
10278.65224  
10352.30128  
10394.65047  
10363.18157  
10382.55726  
10309.81226  
10254.49728  
10173.64328  
10147.30291  
10117.47111  
10146.94356  
10240.00339  
10281.35945  
10355.15666  
10357.0841  
10399.10067  
10356.53341  
10264.06198  
10181.92159  
10159.44937  
10147.24052  
10178.04702  
10236.90246  
10263.27283  
10308.1916  
10309.36102  
10350.97388  
10269.80074  
10238.75031  
10228.20888  
10211.02044  
10225.63929  
10218.7089  
10319.63108  
10325.21387  
10349.67526  
10314.34996  
10306.67961  
10294.44688  
10289.57578  
10291.8308  
10311.89968  
10342.02474  
10325.99465  
10392.46691  
10416.72474  
10386.94023  
10226.77426  
10067.99762  
10059.86744  
10040.70864  
10025.15239  
10036.12006  
10082.02785  
10130.78406  
10226.00781  
10213.53484  
10189.08289  
10195.26838  
10300.65227  
10298.82463  
10313.96098  
10300.01047  
10304.70113  
10287.02702  
10332.40664  
10347.98014  
10384.11862  
10361.60076  
10349.83686  
10340.90597  
10311.31642  
10339.24575  
10345.0486  
10353.80668  
10313.88984  
10329.54589  
10286.80318  
10310.50697  
10309.15854  
10339.31495  
10338.59139  
10335.1072  
10343.6859  
10358.20153  
10341.20506  
10359.85404  
10346.25156  
10352.65293  
10363.94967  
10360.5971  
10322.89944  
10265.3348  
10245.50156  
10230.32292  
10247.50752  
10299.69065  
10268.81429  
10330.11671  
10344.45787  
10334.80536  
10354.83909  
10326.41116  
10329.0381  
10337.2103  
10344.7881  
10334.05421  
10327.45771  
10362.60059  
10328.33203  
10403.32379  
10413.43483  
10422.66431  
10452.14798  
10338.03021  
10325.71128  
10349.11224  
10296.59901  
10140.98382  
9998.583736  
9980.246479  
9922.452081  
9957.337562  
9962.188921  
9958.042073  
9982.429533  
10036.31018  
10073.51571  
10106.89889  
10141.39589  
10164.703  
10228.64518  
10307.66397  
10354.72272  
10377.52746  
10429.01665  
10448.26944  
10399.43685  
10319.19899  
10250.94765  
10220.22753  
10228.59949  
10226.53125  
10261.17075  
10306.17624  
10349.95533  
10369.89723  
10377.13867  
10387.89794  
10401.76324  
10430.19834  
10475.90085  
10477.66386  
10421.73726  
10369.6482  
10298.45522  
10235.81224  
10238.49065  
10240.3481  
10251.55592  
10394.05822  
10337.82115  
10394.93768  
10388.05217  
10302.78782  
10366.56902  
10343.87719  
10353.32629  
10372.4476  
10353.46645  
10324.68297  
10257.34698  
10230.74956  
10228.38315  
10207.25472  
10209.04604  
10218.98129  
10218.82744  
10224.69801  
10224.41999  
10237.30871  
10263.73713  
10268.52854  
10242.78485  
10249.36285  
10217.93291  
10196.82083  
10204.91862  
10243.22624  
10271.8115  
10322.97036  
10359.99218  
10324.87159  
10289.76465  
10186.9157  
10207.02772  
10213.98014  
10228.35262  
10243.40608  
10293.85039  
10334.17161  
10339.94481  
10308.46669  
10298.61335  
10281.27107  
10263.38205  
10225.99024  
10244.37503  
10275.84049  
10289.58391  
10287.41081  
10294.55289  
10331.21181  
10327.72128  
10300.53295  
10291.07234  
10218.12664  
10201.77871  
10201.044  
10239.14011  
10237.29355  
10258.75802  
10265.49278  
10301.2547  
10336.2928  
10359.03778  
10339.78565  
10346.828  
10333.32773  
10314.04133  
10295.5639  
10314.13407  
10327.11578  
10336.97472  
10328.95289  
10351.27954  
10306.96594  
10339.25825  
10329.50909  
10293.97079  
10216.36901  
10167.27777  
10218.19251  
10222.78761  
10240.7957  
10249.01477  
10240.37466  
10305.33142  
10351.67711  
10399.97257  
10392.75816  
10427.32818  
10447.63988  
10477.38081  
10466.49658  
10439.66807  
10352.67143  
10364.53614  
10344.14257  
10348.01708  
10321.92706  
10281.13222  
10325.75336  
10334.90492  
10203.27745  
10150.61842  
10075.04091  
10026.07232  
10031.45158  
10078.96577  
10115.53754  
10163.66697  
10177.0555  
10219.41013  
10291.28899  
10276.97792  
10326.23139  
10317.90259  
10274.08053  
10329.46684  
10355.12332  
10325.999  
10296.80287  
10242.30716  
10257.41801  
10246.37043  
10256.11244  
10290.82295  
10312.1442  
10315.60296  
10337.68412  
10331.55855  
10331.46446  
10284.56755  
10243.53624  
10194.78631  
10193.75834  
10171.28995  
10187.55395  
10195.79589  
10187.27341  
10234.55601  
10332.28395  
10309.29218  
10309.44675  
10343.38365  
10311.81067  
10343.70799  
10380.33471  
10409.85659  
10367.06018  
10245.83202  
10174.679  
10144.02602  
10202.77367  
10150.51659  
10160.15991  
10131.05907  
10159.73242  
10187.92558  
10295.29184  
10303.40741  
10298.89879  
10297.36956  
10311.16655  
10292.14762  
10262.97715  
10267.43738  
10248.07647  
10279.55396  
10306.21582  
10298.67659  
10327.69464  
10322.94971  
10315.20945  
10285.52459  
10266.78999  
10264.9849  
10299.071  
10327.16594  
10353.39212  
10403.72734  
10373.46359  
10453.10682  
10386.93212  
10218.61485  
10086.3675  
9977.376684  
9980.186555  
9977.463058  
10032.9248  
10083.74272  
10076.24191  
10143.16139  
10202.88746  
10243.41236  
10272.26593  
10309.06631  
10317.86781  
10325.28067  
10343.61562  
10358.64032  
10360.57726  
10384.94478  
10404.03774  
10441.6087  
10419.86405  
10424.85028  
10373.53653  
10290.29275  
10310.34232  
10303.82588  
10329.69074  
10286.1086  
10283.75916  
10314.80901  
10334.79182  
10358.97416  
10349.84845  
10316.29145  
10319.92232  
10304.73515  
10297.95846  
10319.01835  
10302.01675  
10307.53288  
10351.18743  
10372.26946  
10332.61641  
10317.49959  
10305.38405  
10257.62027  
10281.68809  
10274.85799  
10252.62599  
10244.12016  
10312.31796  
10323.76817  
10309.2794  
10303.15876  
10299.09169  
10286.16965  
10269.53398  
10242.65205  
10228.76431  
10251.45599  
10237.58189  
10243.3735  
10199.38212  
10177.88141  
10156.34832  
10169.43498  
10281.18378  
10282.86127  
10248.87193  
10345.13154  
10316.80111  
10199.00707  
10035.29772  
9916.018362  
9863.353229  
9862.529772  
9889.301563  
9987.6287  
10021.79698  
10085.5193  
10240.38094  
10442.1884  
10335.45443  
10382.84887  
10416.25344  
10408.43501  
10431.65303  
10465.82124  
10460.01892  
10450.9016  
10423.66563  
10472.47214  
10457.89031  
10473.3889  
10498.14965  
10473.33376  
10408.23484  
10349.6339  
10355.48794  
10370.28529  
10404.72308  
10382.88476  
10377.47044  
10326.06181  
10293.81802  
10272.07577  
10239.68941  
10230.61025  
10265.99373  
10290.31942  
10308.18213  
10280.55025  
10230.86754  
10218.84573  
10219.7924  
10216.85853  
10193.09438  
10220.19179  
10268.24772  
10298.46402  
10347.44778  
10367.23334  
10340.21206  
10360.71325  
10349.93844  
10274.29217  
10188.4642  
10120.29629  
10055.86488  
10034.3694  
10041.48952  
10111.0894  
10165.85895  
10219.8224  
10235.39669  
10229.16102  
10250.02527  
10286.25688  
10241.96088  
10213.1951  
10271.17563  
10312.85071  
10359.99652  
10361.26239  
10368.03933  
10348.74204  
10317.0732  
10318.85498  
10287.94647  
10315.83497  
10301.23115  
10311.14493  
10316.28532  
10333.25775  
10362.4992  
10386.26563  
10352.74209  
10317.71572  
10311.18539  
10308.42495  
10242.32079  
10241.15531  
10244.66962  
10234.77579  
10268.98337  
10305.693  
10287.48389  
10297.41415  
10321.28413  
10333.58497  
10287.27598  
10246.24781  
10288.38371  
10262.61882  
10265.63195  
10265.11635  
10269.55044  
10264.21012  
10258.22028  
10233.27266  
10230.35106  
10198.63531  
10250.167  
10229.70086  
10269.49603  
10308.38529  
10361.46271  
10360.82256  
10334.91796  
10329.69106  
10272.56818  
10277.44007  
10305.03682  
10273.43197  
10279.79789  
10275.01941  
10273.81154  
10291.14486  
10330.82595  
10361.4038  
10306.52824  
10256.59318  
10271.91893  
10297.79584  
10300.96143  
10286.78642  
10317.13666  
10281.33182  
10215.79715  
10219.64967  
10237.73818  
10244.08966  
10256.925  
10185.09077  
10175.27295  
10238.0481  
10287.66305  
10333.78464  
10299.77171  
10278.74732  
10257.47969  
10296.53693  
10286.5331  
10315.91238  
10304.68105  
10307.64318  
10338.60718  
10321.98607  
10319.83046  
10308.95451  
10339.38293  
10332.77537  
10364.43746  
10343.06369  
10318.47442  
10289.61768  
10307.71676  
10329.95418  
10374.62447  
10389.64335  
10390.78227  
10333.99357  
10283.33447  
10217.4187  
10231.34077  
10213.19578  
10136.8116  
10217.17036  
10241.62994  
10236.07298  
10241.81463  
10391.13967  
10452.45692  
10351.06288  
10191.84014  
10082.0702  
10008.71215  
10016.60065  
9996.703984  
10048.46952  
10096.73072  
10149.93049  
10175.24532  
10231.50881  
10299.44073  
10315.02323  
10291.44836  
10275.62576  
10283.95316  
10333.14017  
10396.07972  
10380.35101  
10442.61032  
10494.21027  
10500.65556  
10423.99352  
10328.02362  
10275.5702  
10246.9416  
10233.89915  
10221.25813  
10205.45044  
10246.4782  
10306.92568  
10356.91813  
10357.70848  
10376.37516  
10341.39247  
10339.21663  
10336.17876  
10377.30351  
10364.0528  
10372.13576  
10358.93903  
10344.64875  
10299.11071  
10318.63718  
10320.61706  
10335.33616  
10366.55749  
10389.4605  
10394.5479  
10389.37187  
10390.9754  
10364.27455  
10403.06038  
10421.8328  
10306.96854  
10180.66824  
10038.70682  
10078.58606  
10102.45605  
10086.08064  
10058.10464  
10044.87307  
10067.90088  
10158.82664  
10242.26852  
10274.47974  
10289.18223  
10269.06571  
10272.67473  
10305.73306  
10311.59495  
10306.93869  
10275.02791  
10290.19052  
10255.85788  
10271.41208  
10288.50938  
10323.56481  
10306.04038  
10309.81629  
10307.42581  
10312.4994  
10303.85076  
10261.47257  
10218.04549  
10198.57254  
10208.9049  
10214.6141  
10212.73579  
10216.66185  
10224.61154  
10252.80125  
10287.31658  
10333.46889  
10327.59466  
10285.55969  
10281.88532  
10241.22924  
10220.5928  
10191.62574  
10190.39782  
10242.89803  
10288.83002  
10336.47691  
10320.17314  
10296.92893  
10334.76731  
10289.26181  
10282.17726  
10273.34186  
10285.41317  
10277.73906  
10309.17441  
10318.06354  
10306.65235  
10289.09178  
10277.09908  
10244.6887  
10226.72059  
10236.01493  
10232.8292  
10278.29646  
10325.0626  
10350.75937  
10345.58931  
10296.69193  
10242.07469  
10218.30199  
10154.97567  
10154.13108  
10161.29026  
10170.99067  
10189.80245  
10197.33989  
10198.88866  
10205.80663  
10239.42885  
10257.33388  
10252.74152  
10270.69171  
10289.48317  
10307.51527  
10316.97866  
10303.51481  
10294.03813  
10271.71046  
10272.37587  
10243.68923  
10208.71072  
10204.23913  
10263.25189  
10274.12389  
10302.6365  
10371.54437  
10401.49544  
10420.14966  
10428.01048  
10318.88782  
10264.11649  
10226.1327  
10212.24143  
10214.73518  
10219.6327  
10198.8604  
10228.09831  
10269.12402  
10297.6679  
10326.43284  
10320.62129  
10331.84545  
10336.95473  
10334.60927  
10376.2385  
10403.6939  
10429.46265  
10431.31481  
10436.33614  
10492.60056  
10406.54075  
10390.84682  
10420.73245  
10412.86595  
10335.95471  
10232.01851  
10195.24718  
10139.01549  
10149.87053  
10150.34944  
10183.47976  
10156.4702  
10154.62789  
10184.52191  
10212.67587  
10190.5951  
10167.28224  
10183.87413  
10225.90668  
10270.77457  
10328.92148  
10359.75918  
10385.04356  
10326.12346  
10291.23462  
10266.09256  
10238.58923  
10204.07953  
10217.32306  
10196.33735  
10220.18353  
10246.96869  
10265.46961  
10272.31702  
10300.47707  
10339.5245  
10352.4631  
10347.07961  
10354.61729  
10360.50031  
10284.31218  
10264.58637  
10289.1819  
10284.58563  
10272.28446  
10291.81012  
10346.35469  
10369.68237  
10398.44012  
10417.35688  
10335.89988  
10286.58154  
10241.82863  
10225.48331  
10192.85826  
10192.19672  
10248.04541  
10280.80305  
10298.2851  
10335.86821  
10307.30039  
10278.16677  
10301.62823  
10340.06015  
10319.22494  
10367.50827  
10369.11381  
10331.44127  
10342.10326  
10342.91727  
10284.19768  
10264.9552  
10192.83113  
10169.46413  
10184.20909  
10153.9583  
10180.97793  
10188.05019  
10202.77926  
10193.14273  
10216.67517  
10284.01164  
10310.02784  
10341.48467  
10303.53368  
10305.18481  
10275.926  
10261.96127  
10269.14228  
10277.59009  
10350.61809  
10404.67841  
10398.45049  
10406.9768  
10319.91362  
10301.75093  
10368.71737  
10371.72041  
10252.41314  
10133.47893  
10095.04693  
10094.0011  
10042.90777  
10034.40729  
10032.90376  
10147.82776  
10209.98767  
10227.01252  
10257.04608  
10248.16052  
10259.86918  
10276.39343  
10267.05057  
10266.90751  
10280.44539  
10295.1957  
10324.51722  
10325.03287  
10343.83116  
10341.96997  
10343.62244  
10345.77961  
10347.72956  
10359.38953  
10344.57309  
10341.59862  
10290.65837  
10259.48134  
10283.14425  
10268.12215  
10263.80461  
10279.27023  
10316.70676  
10360.02369  
10324.62922  
10298.65571  
10254.80326  
10209.70276  
10187.7133  
10192.10423  
10172.85004  
10183.60633  
10160.13332  
10211.68609  
10257.09166  
10289.19067  
10290.30947  
10254.1911  
10229.32163  
10212.63671  
10239.12945  
10258.86405  
10282.33943  
10327.53408  
10353.38214  
10340.77885  
10330.92191  
10326.02589  
10321.64697  
10313.24604  
10334.74682  
10317.61414  
10319.14483  
10245.13548  
10232.7694  
10261.2005  
