8581.873016  
8558.85257  
8539.615753  
8561.664246  
8603.920212  
8568.658798  
8581.594398  
8556.315025  
8556.156807  
8589.975868  
8622.906929  
8580.089661  
8572.152885  
8593.364235  
8557.22834  
8582.936905  
8604.73513  
8625.465317  
8532.340645  
8542.572617  
8574.380226  
8512.138031  
8537.118301  
8579.431007  
8510.858185  
8578.497574  
8600.253723  
8528.051132  
8551.863876  
8602.281898  
8610.869354  
8578.934143  
8575.758018  
8560.914246  
8486.091255  
8535.442841  
8574.170502  
8505.481796  
8549.746017  
8560.391937  
8566.120216  
8533.871727  
8581.435722  
8505.544487  
8357.035652  
8335.46344  
8512.248314  
8571.637039  
8546.305145  
8530.463074  
8519.691582  
8452.189896  
8503.762123  
8503.987694  
8459.457031  
8386.853096  
8472.825127  
8458.889206  
8485.973625  
8465.260117  
8495.96064  
8518.212837  
8515.560638  
8535.102264  
8558.773125  
8545.865196  
8562.50103  
8600.552467  
8589.591263  
8552.850395  
8521.79496  
8622.21904  
8580.398735  
8568.659691  
8555.395027  
8608.26281  
8578.021187  
8579.778481  
8598.321434  
8606.438805  
8622.453697  
8593.549049  
8635.813896  
8651.219299  
8678.727554  
8635.209145  
8637.716888  
8592.386833  
8688.912903  
8621.504204  
8638.491646  
8665.531754  
8646.356003  
8652.101799  
8649.192123  
8627.38456  
8655.08078  
8622.955635  
8617.930206  
8558.728516  
8555.032608  
8610.719002  
8578.597099  
8540.79847  
8587.646263  
8539.323677  
8570.5877  
8518.99836  
8550.242119  
8544.70977  
8528.717026  
8631.877129  
8543.064919  
8601.796951  
8591.98436  
8552.562149  
8580.680336  
8609.314583  
8565.676277  
8614.077255  
8604.459129  
8619.965637  
8667.873138  
8658.912086  
8675.697968  
8685.441437  
8647.282837  
8667.98159  
8638.193245  
8443.068825  
8432.35688  
8657.491798  
8568.903648  
8506.424461  
8434.739883  
8452.601379  
8431.883514  
8428.966537  
8416.661446  
8385.199165  
8328.902298  
8400.054352  
8423.633034  
8400.531136  
8453.544441  
8447.930519  
8550.104546  
8516.742928  
8519.707863  
8594.070633  
8613.481369  
8571.438416  
8530.531067  
8565.19178  
8625.401382  
8500.735748  
8625.781891  
8525.184891  
8664.42643  
8604.273811  
8751.246933  
8690.915001  
8660.337891  
8703.752159  
8674.814545  
8756.829033  
8675.740829  
8669.574516  
8637.295715  
8662.057106  
8664.243401  
8607.820007  
8640.6436  
8581.428955  
8583.804359  
8528.60733  
8539.401329  
8506.052132  
8533.450974  
8499.608879  
8507.938713  
8515.170486  
8495.427597  
8512.956337  
8449.033096  
8497.456726  
8450.541046  
8439.979218  
8412.425667  
8458.583382  
8538.905525  
8550.125015  
8599.178482  
8629.497314  
8650.807961  
8672.673988  
8647.017082  
8618.367554  
8507.434052  
8583.837952  
8547.688728  
8597.497864  
8611.555702  
8567.588799  
8584.845238  
8522.062393  
8613.869965  
8587.015778  
8570.817024  
8570.631096  
8586.199112  
8549.686272  
8501.338692  
8500.827782  
8518.653328  
8524.91423  
8530.637733  
8579.855354  
8570.058281  
8587.096901  
8645.329124  
8623.937584  
8677.227722  
8567.665665  
8613.578362  
8567.393578  
8542.082932  
8519.308922  
8506.648636  
8588.291885  
8502.974716  
8554.142639  
8483.714607  
8568.962723  
8479.021347  
8597.819641  
8585.00985  
8520.783516  
8583.037415  
8544.63797  
8527.349266  
8553.027931  
8506.254387  
8651.064857  
8528.967636  
8604.865189  
8698.989532  
8674.993103  
8677.774559  
8567.893745  
8591.910202  
8592.228333  
8528.761055  
8475.575508  
8495.289505  
8553.735725  
8494.670212  
8544.552994  
8600.749016  
8516.129639  
8559.292274  
8535.180962  
8461.199791  
8572.698227  
8561.26693  
8647.277687  
8616.456261  
8659.142288  
8658.397186  
8707.42878  
8677.529251  
8620.761642  
8492.263367  
8591.349419  
8647.329239  
8559.809883  
8619.623505  
8572.625198  
8555.336052  
8498.733047  
8536.500214  
8493.55175  
8536.725601  
8479.444244  
8424.187256  
8556.621948  
8563.25222  
8622.256638  
8661.142014  
8616.95974  
8588.640266  
8516.441315  
8558.517937  
8505.890335  
8596.895943  
8564.271233  
8537.598564  
8573.417763  
8547.23877  
8531.264137  
8534.671402  
8479.621475  
8629.24202  
8580.182121  
8615.94239  
8590.624992  
8648.601364  
8622.731606  
8622.34343  
8555.791977  
8611.261154  
8515.915802  
8580.526642  
8511.027458  
8539.499939  
8463.64286  
8478.076965  
8423.941284  
8488.956337  
8491.78714  
8526.668198  
8457.179169  
8527.728447  
8556.050507  
8548.847176  
8526.634262  
8520.584915  
8547.232735  
8500.79425  
8522.138451  
8561.846062  
8554.856613  
8588.564568  
8463.375061  
8526.21524  
8490.107948  
8549.422478  
8598.313354  
8615.47747  
8668.945984  
8572.136078  
8601.458458  
8555.506226  
8594.349747  
8591.135262  
8529.727959  
8483.200714  
8516.632294  
8553.838661  
8544.073044  
8578.562859  
8547.755447  
8632.82933  
8655.703247  
8656.037727  
8544.889244  
8626.666168  
8432.9636  
8594.20224  
8708.010498  
8608.261902  
8643.841576  
8504.470093  
8512.520203  
8524.508171  
8566.884918  
8526.111542  
8521.833359  
8612.148354  
8645.767258  
8651.533783  
8648.872986  
8592.915245  
8510.157234  
8637.068481  
8608.625893  
8611.31588  
8565.064117  
8536.321838  
8587.644798  
8530.684258  
8675.527382  
8635.725616  
8763.911148  
8710.245293  
8650.405586  
8655.239372  
8579.074165  
8605.918709  
8554.054573  
8490.205025  
8489.293182  
8515.315056  
8517.281731  
8460.209961  
8490.284805  
8535.803963  
8580.168556  
8666.989265  
8694.676125  
8679.593658  
8511.680603  
8513.586655  
8510.117615  
8515.417412  
8575.936638  
8539.231735  
8566.918541  
8470.467484  
8426.17157  
8509.126541  
8451.425697  
8454.390175  
8459.351151  
8472.911926  
8590.62542  
8480.432198  
8489.236526  
8672.733856  
8657.119614  
8634.63916  
8559.414261  
8605.081566  
8527.889099  
8511.143936  
8486.858276  
8502.134155  
8523.176292  
8572.550407  
8590.561928  
8533.229126  
8584.627426  
8452.26738  
8554.174721  
8512.404404  
8620.4356  
8582.838364  
8601.995178  
8538.440506  
8614.587929  
8504.541512  
8469.998482  
8505.104279  
8679.355652  
8663.673363  
8622.799332  
8675.346603  
8567.602089  
8598.401405  
8595.650696  
8634.675514  
8541.999428  
8646.319527  
8578.028542  
8574.788109  
8545.82045  
8565.829033  
8561.82122  
8587.120422  
8549.312195  
8550.958305  
8624.500504  
8703.7463  
8774.009865  
8633.397087  
8595.209534  
8519.354172  
8470.766281  
8526.769691  
8524.387917  
8579.613594  
8545.619209  
8490.689491  
8482.887993  
8432.976067  
8552.731628  
8486.135353  
8481.922523  
8510.805183  
8585.567253  
8508.652016  
8492.273605  
8526.776604  
8576.600662  
8548.629005  
8568.088295  
8680.917969  
8636.218559  
8649.14183  
8710.241333  
8776.357834  
8626.952827  
8607.181953  
8639.935738  
8675.005112  
8594.5588  
8583.237846  
8535.024765  
8612.359306  
8565.702583  
8641.988167  
8656.102768  
8609.47049  
8554.84491  
8620.834129  
8636.397743  
8568.262505  
8583.303696  
8621.643799  
8619.17804  
8603.921318  
8503.479195  
8568.351234  
8584.584175  
8489.643562  
8482.109146  
8503.26358  
8508.0802  
8508.06369  
8486.699669  
8504.139351  
8467.142883  
8494.931206  
8529.40638  
8560.895775  
8559.365501  
8520.437004  
8526.668747  
8519.664902  
8321.218933  
8463.528107  
8621.557434  
8551.813095  
8536.8731  
8588.739464  
8534.512848  
8614.492294  
8574.543839  
8534.00827  
8520.957619  
8578.176353  
8545.579849  
8595.703949  
8601.07206  
8513.634453  
8558.746307  
8449.435089  
8567.677521  
8570.515923  
8685.763039  
8602.64875  
8539.338669  
8555.544067  
8556.774918  
8473.885742  
8488.306152  
8479.649948  
8477.500198  
8505.634338  
8450.138283  
8779.182335  
8756.610931  
8821.408936  
8765.708641  
8682.627686  
8646.076263  
8667.944466  
8511.393021  
8527.168594  
8540.487038  
8464.943665  
8508.628258  
8617.135689  
8713.277588  
8666.173752  
8579.269371  
8581.129379  
8436.570381  
8477.728165  
8538.299957  
8569.415085  
8572.256866  
8605.611282  
8507.400726  
8680.614449  
8642.143349  
8637.231766  
8578.757858  
8581.448029  
8581.820847  
8582.126167  
8536.396637  
8419.671539  
8521.038773  
8479.014885  
8558.420364  
8546.126305  
8672.822891  
8618.750282  
8691.082039  
8641.458794  
8651.690445  
8525.50766  
8450.173027  
8635.880264  
8617.219513  
8607.916191  
8543.34507  
8611.315361  
8569.922943  
8564.884453  
8520.453522  
8603.203674  
8628.27092  
8569.176628  
8576.554527  
8514.963127  
8536.160927  
8554.418556  
8575.546089  
8529.424011  
8588.298325  
8528.171158  
8539.256653  
8434.157692  
8522.798271  
8466.888367  
8417.158707  
8634.542847  
8609.888641  
8641.549698  
8583.242737  
8497.840111  
8527.733276  
8498.220284  
8357.35302  
8351.806076  
8368.10743  
8330.774696  
8363.212502  
8404.054955  
8442.089134  
8465.219032  
8522.334167  
8652.029488  
8646.115273  
8605.707748  
8677.224854  
8612.193817  
8575.723251  
8708.298386  
8743.341255  
8742.492737  
8570.632271  
8639.819817  
8547.21508  
8690.83725  
8608.935272  
8700.402046  
8648.610352  
8581.92952  
8695.111809  
8621.650024  
8680.448822  
8655.42881  
8575.207222  
8746.203247  
8688.045647  
8701.590149  
8654.48214  
8628.438736  
8542.290787  
8368.184036  
8496.83345  
8571.714531  
8623.947723  
8709.56488  
8741.057808  
8732.718033  
8597.115601  
8461.374573  
8482.915527  
8521.208961  
8681.694115  
8627.414558  
8658.961639  
8403.57872  
8449.300179  
8554.031952  
8460.174507  
8395.039536  
8391.870026  
8346.949348  
8309.450722  
8226.050636  
8230.130989  
8279.831642  
8280.166901  
8300.83271  
8344.496964  
8416.937027  
8450.236435  
8398.377815  
8442.285675  
8410.743752  
8368.221268  
8516.015274  
8586.441475  
8497.251602  
8512.478439  
8712.383232  
8785.04393  
8773.651787  
8777.376953  
8722.00563  
8697.402405  
8655.597694  
8686.855499  
8699.553413  
8728.680428  
8640.906509  
8698.84861  
8654.974419  
8695.469009  
8644.291443  
8627.250679  
8599.448013  
8639.536789  
8480.31662  
8521.060272  
8669.217934  
8715.039871  
8626.681252  
8714.375992  
8717.23378  
8669.130318  
8638.184303  
8611.515633  
8606.126793  
8607.059258  
8532.213249  
8453.299965  
8653.667633  
8564.776466  
8570.539124  
8639.780731  
8666.024155  
8713.68708  
8739.857826  
8623.056511  
8501.070404  
8648.365326  
8637.980904  
8615.08387  
8592.807068  
8647.468147  
8603.352226  
8586.56456  
8600.850403  
8609.539841  
8572.604538  
8597.848442  
8542.417297  
8538.820511  
8457.898087  
8462.887321  
8530.492775  
8470.378471  
8592.317673  
8514.162209  
8496.350731  
8456.677338  
8410.105209  
8400.429756  
8326.197311  
8466.817291  
8533.695572  
8791.154671  
8626.479347  
8583.91684  
8563.828438  
8567.041527  
8523.611244  
8417.609512  
8465.916084  
8414.401268  
8573.991356  
8578.592758  
8610.540886  
8521.572037  
8584.328575  
8555.55352  
8562.757965  
8574.615341  
8506.12088  
8548.00341  
8616.139374  
8789.660133  
8746.661751  
8685.538307  
8630.585251  
8659.397133  
8592.540955  
8593.539642  
8521.570366  
8399.148567  
8514.393456  
8630.334923  
8567.942635  
8506.701683  
8413.201561  
8391.344749  
8432.155952  
8393.72319  
8382.222389  
8371.420036  
8342.858833  
8331.842583  
8406.372581  
8341.427589  
8408.692085  
8522.66423  
8507.36763  
8693.466888  
8674.783134  
8634.931915  
8510.993652  
8561.065834  
8550.423561  
8678.484459  
8743.767807  
8673.620407  
8554.597939  
8597.633415  
8565.805962  
8531.857544  
8653.854675  
8716.878036  
8634.565102  
8634.625397  
8684.190437  
8631.198341  
8610.73175  
8580.736969  
8630.982224  
8622.305145  
8630.827103  
8598.322861  
8595.186035  
8586.766525  
8530.519058  
8634.175636  
8660.182846  
8611.834732  
8628.355423  
8626.31176  
8653.798279  
8619.995712  
8585.897812  
8720.794899  
8506.504837  
8573.218735  
8638.799263  
8687.113228  
8665.235214  
8680.15329  
8619.194984  
8588.501236  
8634.365944  
8605.335281  
8622.799828  
8628.712601  
8623.741989  
8643.21376  
8661.814468  
8718.489662  
8556.918114  
8485.803581  
8586.061661  
8584.147209  
8597.164665  
8505.946503  
8507.681198  
8503.949013  
8448.903961  
8458.189629  
8424.133072  
8408.313606  
8439.446144  
8482.768898  
8462.399811  
8404.6502  
8344.364517  
8512.130791  
8526.861801  
8633.209877  
8435.346504  
8525.449242  
8593.545761  
8601.886635  
8555.71595  
8591.568031  
8544.131943  
8464.65834  
8510.455841  
8498.767349  
8551.265038  
8560.327431  
8641.23674  
8598.809471  
8759.792267  
8592.429543  
8515.497917  
8604.752281  
8655.890984  
8692.618454  
8624.929413  
8600.427513  
8574.231041  
8519.144638  
8476.168991  
8480.83754  
8639.625374  
8600.314606  
8460.005943  
8597.544441  
8564.076691  
8587.115181  
8616.722076  
8563.847145  
8617.37056  
8694.752861  
8624.738068  
8642.185982  
8560.723152  
8517.886726  
8497.068138  
8509.747559  
8511.913391  
8668.372032  
8574.90712  
8524.905357  
8467.228104  
8467.433853  
8466.558121  
8487.179527  
8496.189041  
8583.745667  
8574.924431  
8500.108551  
8470.099846  
8553.671715  
8561.874634  
8709.569115  
8597.298164  
8641.664345  
8592.693977  
8563.447136  
8552.312096  
8544.160988  
8515.413956  
8485.920593  
8572.714645  
8530.928268  
8633.343903  
8657.248093  
8662.781822  
8665.102074  
8579.885986  
8529.013985  
8501.94873  
8586.386597  
8563.993446  
8562.085472  
8567.386627  
8681.74939  
8641.858116  
8579.11496  
8565.281563  
8550.006241  
8474.700378  
8519.373146  
8518.015259  
8540.070358  
8490.544067  
8620.093132  
8618.49781  
8647.913986  
8591.496719  
8624.702194  
8571.159248  
8611.249016  
8568.509155  
8512.679199  
8520.761169  
8602.93737  
8553.924942  
8638.496872  
8528.989723  
8621.653412  
8553.845123  
8544.607597  
8599.588409  
8495.114967  
8522.919411  
8497.667152  
8499.329086  
8513.107422  
8510.151405  
8480.568802  
8467.678764  
8520.725731  
8476.902229  
8521.340782  
8470.024147  
8577.640511  
8592.358643  
8672.42823  
8645.470497  
8738.244972  
8667.586227  
8679.456703  
8670.729576  
8515.588623  
8603.787964  
8595.67498  
8542.321114  
8603.23204  
8575.969261  
8503.066933  
8581.173927  
8537.851463  
8522.677895  
8513.805779  
8498.787651  
8463.550034  
8512.439743  
8595.947617  
8696.769035  
8670.893242  
8733.957329  
8668.121567  
8573.110168  
8516.942299  
8576.217178  
8686.005943  
8531.338417  
8550.145905  
8491.455963  
8507.089142  
8404.47831  
8470.688927  
8520.546349  
8575.497482  
8570.601166  
8588.524269  
8517.375488  
8569.629318  
8555.93026  
8555.965401  
8529.302948  
8497.581551  
8477.164627  
8489.683586  
8557.278908  
8620.412697  
8658.265121  
8517.156403  
8507.425209  
8535.209496  
8609.621063  
8622.328033  
8645.863983  
8661.693794  
8612.104919  
8510.462479  
8485.87159  
8536.843887  
8620.304977  
8530.34967  
8559.916016  
8463.272331  
8481.389465  
8497.888939  
8458.113724  
8553.930428  
8539.13549  
8576.239624  
8585.515594  
8586.138908  
8504.645721  
8548.65937  
8540.0811  
8522.456429  
8532.352188  
8532.608643  
8541.135048  
8498.954124  
8527.785873  
8532.259529  
8596.179657  
8609.962303  
8568.209229  
8592.536453  
8555.024246  
8669.358925  
8623.08709  
8618.378075  
8589.498047  
8496.466293  
8464.249359  
8337.695755  
8505.906334  
8656.999352  
8542.179466  
8447.61866  
8595.098297  
8579.50238  
8562.926849  
8561.496529  
8597.900749  
8598.430267  
8589.159157  
8544.127769  
8558.583664  
8585.929993  
8586.696007  
8640.718811  
8657.482841  
8568.684906  
8659.091263  
8532.100845  
8621.731697  
8593.239586  
8615.047653  
8587.114906  
8646.412598  
8617.523697  
8580.543938  
8634.961166  
8649.712395  
8660.856911  
8612.198875  
8570.472595  
8583.114227  
8562.42231  
8630.319611  
8568.035301  
8575.584076  
8591.447678  
8618.765648  
8569.836731  
8631.751381  
8570.137016  
8578.956268  
8583.636688  
8579.775887  
8626.316223  
8586.388168  
8660.273247  
8609.576927  
8532.205254  
8588.98378  
8592.33371  
8581.08139  
8607.052681  
8581.626289  
8595.141289  
8595.893547  
8533.167427  
8554.079918  
8574.406471  
8590.39296  
8472.524872  
8472.135521  
8468.13855  
8335.273445  
8610.217285  
8590.635651  
8497.270767  
8427.228043  
8519.44046  
8433.410606  
8446.707321  
8322.389908  
8311.126274  
8358.375999  
8355.465256  
8452.970543  
8392.050117  
8542.359589  
8498.185829  
8503.306877  
8535.557465  
8469.427109  
8471.61161  
8434.311546  
8457.360977  
8506.340652  
8744.158051  
8650.829208  
8658.51963  
8724.870636  
8787.887611  
8851.47905  
8619.13279  
8696.708511  
8644.697052  
8549.68103  
8584.358589  
8643.502327  
8653.409233  
8654.663483  
8606.193512  
8638.235588  
8533.073944  
8653.319901  
8579.689316  
8595.413429  
8526.584198  
8571.781624  
8601.375832  
8497.539719  
8490.891792  
8566.621925  
8450.46328  
8521.091095  
8502.116348  
8578.052299  
8603.671394  
8604.698792  
8459.003403  
8646.747681  
8566.176025  
8610.057602  
8589.274353  
8562.663589  
8609.469971  
8508.583344  
8378.656723  
8349.969704  
8353.982697  
8581.938164  
8546.41452  
8553.321381  
8570.516708  
8596.869728  
8560.727104  
8533.923752  
8516.784882  
8665.110115  
8716.842751  
8637.12381  
8630.779984  
8604.286827  
8552.153786  
8597.733734  
8575.905396  
8708.211838  
8672.687447  
8609.26004  
8633.665031  
8559.260422  
8735.127258  
8713.946083  
8664.170128  
8604.226837  
8712.446785  
8692.222443  
8668.638763  
8562.644836  
8566.767876  
8546.570457  
8649.218719  
8611.310516  
8546.105957  
8585.339859  
8638.460587  
8651.156097  
8597.908615  
8539.013718  
8516.144356  
8480.544983  
8450.300285  
8468.719864  
8503.870064  
8541.855003  
8561.104614  
8538.339729  
8552.22625  
8508.520897  
8533.760132  
8438.240402  
8516.1455  
8468.509903  
8552.255585  
8522.386482  
8560.212517  
8603.524025  
8612.085381  
8512.763153  
8578.48835  
8569.631538  
8548.993126  
8588.003181  
8517.607346  
8554.744888  
8588.888443  
8644.891747  
8567.349205  
8504.252327  
8500.458771  
8591.319031  
8575.346146  
8560.497803  
8637.156616  
8587.993736  
8555.974289  
8535.006706  
8622.734146  
8545.5326  
8653.159515  
8568.770554  
8501.640167  
8526.309433  
8573.375221  
8646.673195  
8652.95314  
8533.359352  
8581.425987  
8549.680283  
8575.208557  
8559.055176  
8509.664841  
8566.511696  
8524.306053  
8660.225319  
8575.385345  
8553.883736  
8516.976677  
8494.232613  
8587.537003  
8494.372261  
8536.114029  
8519.852905  
8537.393738  
8558.41964  
8571.608109  
8559.74353  
8566.483765  
8558.075821  
8532.153297  
8446.421883  
8579.60511  
8607.760849  
8457.408554  
8467.962318  
8435.999657  
8275.944504  
8585.981689  
8580.369202  
8540.008636  
8531.315086  
8543.525826  
8498.065681  
8437.86528  
8413.30883  
8403.863815  
8467.360802  
8467.186562  
8456.814323  
8446.623039  
8477.091179  
8512.523087  
8516.83786  
8447.284111  
8483.189545  
8582.801826  
8607.816048  
8439.922867  
8641.873177  
8522.192299  
8572.887276  
8555.510086  
8569.14006  
8555.48671  
8521.930901  
8473.854568  
8455.910713  
8414.569511  
8640.333191  
8679.324936  
8705.263588  
8742.929085  
8768.840149  
8735.976379  
8743.019524  
8739.348679  
8601.58136  
8824.198837  
8778.782074  
8787.496803  
8696.024483  
8728.449905  
8725.472099  
8739.210182  
8723.597534  
8717.170937  
8729.471977  
8690.026443  
8809.503395  
8603.038948  
8386.763573  
8618.809395  
8611.094566  
8608.218224  
8635.22628  
8581.747856  
8553.912415  
8431.329552  
8390.234985  
8400.832664  
8375.445648  
8520.582123  
8586.726944  
8504.773087  
8472.019943  
8487.778221  
8408.404884  
8448.145729  
8527.359268  
8499.293045  
8629.722168  
8639.123924  
8571.421394  
8493.54332  
8602.642929  
8509.151939  
8614.015556  
8582.809097  
8653.077484  
8616.472412  
8767.255829  
8665.602402  
8716.38604  
8660.514755  
8583.05069  
8628.664352  
8553.943924  
8672.692909  
8537.880905  
8573.568298  
8483.365028  
8423.098526  
8448.43045  
8562.519241  
8504.778664  
8566.357262  
8482.93409  
8533.549644  
8577.068932  
8575.866249  
8515.804016  
8407.752899  
8638.623688  
8652.49556  
8617.36541  
8582.202332  
8570.010521  
8599.953171  
8566.027603  
8598.95472  
8530.858185  
8610.565163  
8594.900436  
8607.854614  
8607.431778  
8583.100655  
8569.977661  
8583.613594  
8532.750038  
8506.484848  
8416.169998  
8479.847496  
8474.663322  
8588.762863  
8500.016792  
8563.82563  
8603.697334  
8514.228096  
8543.498222  
8478.000748  
8452.845352  
8474.966331  
8414.656441  
8527.134186  
8473.798836  
8552.478439  
8492.259911  
8541.078896  
8439.698402  
8520.000847  
8529.009369  
8502.825554  
8468.7696  
8588.490173  
8490.83947  
8567.303535  
8582.476707  
8575.922226  
8516.590431  
8560.7444  
8657.355782  
8590.433372  
8518.93911  
8568.013832  
8567.282509  
8644.1511  
8566.241684  
8567.847473  
8588.061478  
8474.384705  
8588.767464  
8551.826912  
8493.355743  
8477.018845  
8467.188965  
8528.774315  
8614.844391  
8696.667603  
8688.568535  
8572.279671  
8601.468735  
8576.518074  
8634.277969  
8614.003845  
8664.918663  
8731.848328  
8747.251297  
8667.173248  
8628.915779  
8639.136894  
8652.554642  
8644.027748  
8644.317291  
8619.14222  
8562.747208  
8625.201004  
8569.920479  
8553.608727  
8526.383377  
8538.745605  
8475.692223  
8524.908852  
8565.55867  
8534.333694  
8495.282639  
8419.797684  
8456.747772  
8560.612175  
8473.960388  
8587.888939  
8576.908768  
8693.043922  
8598.053902  
8621.663773  
8634.913345  
8554.163399  
8614.654022  
8551.817398  
8478.571701  
8623.670082  
8625.173782  
8619.527611  
8525.375259  
8572.303558  
8565.602501  
8600.33181  
8523.198105  
8527.112488  
8593.222336  
8591.973587  
8528.932648  
8527.054108  
8423.695786  
8555.505112  
8538.480835  
8533.105713  
8582.453125  
8606.455505  
8693.693306  
8650.70546  
8549.075729  
8524.498505  
8541.523178  
8449.430077  
8515.364174  
8523.071983  
8630.775986  
8657.815277  
8532.03215  
8511.135933  
8558.421249  
8593.312714  
8552.148865  
8529.442345  
8705.937958  
8625.59462  
8659.522308  
8604.301498  
8640.653183  
8541.018623  
8567.170311  
8494.806694  
8489.072083  
8527.40036  
8547.351936  
8598.081505  
8542.295258  
8474.5625  
8449.229675  
8535.828644  
8562.082527  
8588.426819  
8602.413528  
8631.802254  
8574.763748  
8530.266853  
8572.410583  
8513.582001  
8592.201881  
8556.59227  
8615.638245  
8562.51841  
8281.168762  
8543.085167  
8567.741692  
8568.323441  
8544.547325  
8543.255226  
8524.306831  
8514.620872  
8438.583321  
8514.675972  
8493.13694  
8471.481285  
8512.379997  
8531.633759  
8564.515419  
8602.521729  
8538.552063  
8564.063705  
8515.852921  
8497.146996  
8523.106544  
8475.520309  
8549.516159  
8684.831673  
8616.760406  
8657.443039  
8508.912125  
8603.291618  
8577.315681  
8644.444527  
8540.951004  
8735.92823  
8719.036652  
8698.851181  
8627.888985  
8662.865067  
8516.29303  
8598.209396  
8602.226242  
8602.494522  
8593.862617  
8514.600189  
8623.446259  
8559.469704  
8596.414642  
8497.945328  
8550.609825  
8613.460808  
8495.300865  
8603.384666  
8503.880646  
8566.579575  
8636.134842  
8602.616226  
8574.463112  
8538.517708  
8535.887772  
8560.470543  
8484.910706  
8552.77935  
8608.167953  
8678.587814  
8546.526115  
8561.194298  
8560.630341  
8624.841537  
8575.60318  
8581.517906  
8457.852165  
8489.947739  
8555.213814  
8464.190636  
