11311.30091  
11261.02715  
11244.72528  
11241.27218  
11240.58305  
11240.48508  
11234.22666  
11222.70038  
11240.26175  
11264.40528  
11254.791  
11262.80692  
11273.47022  
11320.4036  
11342.18979  
11337.23785  
11293.45377  
11268.81114  
11296.33139  
11242.00394  
11236.21594  
11227.34957  
11249.28249  
11250.96033  
11259.02799  
11250.74012  
11315.16926  
11345.27972  
11347.48522  
11324.04027  
11282.70274  
11246.41656  
11259.87509  
11252.38969  
11232.27193  
11246.11877  
11266.12564  
11236.2401  
11244.04989  
11267.70036  
11259.53921  
11289.58257  
11279.35094  
11275.32206  
11256.10598  
11395.4857  
11435.44497  
11438.02386  
11394.5042  
11256.78924  
11027.9144  
10858.07101  
10799.30639  
10780.65539  
10760.27201  
10782.87381  
10865.25863  
10935.19827  
10985.37932  
11054.35594  
11150.15315  
11195.74709  
11226.62586  
11265.44  
11293.9587  
11303.48437  
11328.75107  
11336.7863  
11369.20954  
11372.9329  
11353.46878  
11403.54798  
11428.22613  
11430.4369  
11388.72107  
11340.7846  
11277.80742  
11269.21129  
11282.98743  
11314.48209  
11337.95834  
11354.21905  
11349.88039  
11358.92882  
11346.02721  
11285.91531  
11243.37654  
11254.17057  
11247.0775  
11254.22103  
11302.28211  
11335.06124  
11376.25308  
11363.98627  
11305.20778  
11287.98432  
11260.38979  
11250.11473  
11244.34667  
11272.57644  
11346.93568  
11379.71089  
11411.75747  
11375.4933  
11353.27653  
11345.95469  
11265.76107  
11191.89091  
11167.92399  
11184.35453  
11218.77562  
11275.87545  
11302.23626  
11317.6787  
11323.28098  
11320.08511  
11323.86339  
11312.35982  
11296.39202  
11292.26527  
11274.44879  
11291.08959  
11303.60206  
11315.58871  
11318.89505  
11308.00396  
11327.11454  
11345.33555  
11324.11622  
11313.08494  
11416.73399  
11399.61667  
11334.73108  
11298.55991  
11150.76571  
11007.571  
10919.09306  
10913.44971  
10980.34099  
10945.03456  
10936.91069  
10933.88689  
11004.56873  
11068.14285  
11162.88024  
11233.53057  
11259.39794  
11315.70817  
11342.95303  
11367.31185  
11368.67991  
11388.88099  
11388.0544  
11394.8143  
11392.65296  
11362.55535  
11362.87556  
11358.93167  
11331.32615  
11325.1792  
11326.44762  
11339.27654  
11335.45169  
11342.3447  
11355.61847  
11373.95118  
11386.10768  
11389.08769  
11408.4849  
11405.72814  
11377.88175  
11344.62934  
11288.70752  
11231.18894  
11177.66692  
11107.99498  
11076.13529  
11035.81741  
11049.59986  
11064.81048  
11080.71872  
11117.70958  
11102.89175  
11157.66492  
11168.19298  
11205.99747  
11165.69709  
11134.35763  
11141.02018  
11199.16565  
11269.02706  
11315.2056  
11327.84037  
11349.86252  
11341.84874  
11324.51447  
11312.41777  
11308.91831  
11314.79696  
11353.19819  
11369.77613  
11364.15943  
11355.00804  
11306.7843  
11273.02531  
11265.36975  
11269.12377  
11245.3473  
11211.92353  
11203.99356  
11212.96276  
11227.94442  
11255.01456  
11271.71564  
11277.19848  
11291.26832  
11299.60116  
11302.06615  
11286.98231  
11260.98081  
11223.60699  
11232.12918  
11257.29024  
11238.20212  
11214.9342  
11207.63616  
11194.32778  
11219.01042  
11236.90887  
11275.20628  
11265.7588  
11276.43971  
11277.30558  
11286.5492  
11280.79783  
11320.86059  
11305.44301  
11240.65218  
11268.60627  
11302.59452  
11275.72145  
11293.74675  
11244.98685  
11262.20685  
11247.83823  
11297.27858  
11352.2118  
11344.77141  
11302.79717  
11256.00332  
11247.14408  
11233.14499  
11213.53494  
11235.10656  
11264.99472  
11279.91327  
11281.8259  
11267.23155  
11222.81694  
11153.20187  
11215.19866  
11222.65809  
11202.10565  
11240.75672  
11230.43896  
11257.42698  
11287.65442  
11342.84119  
11347.28111  
11387.5368  
11366.41508  
11329.73257  
11337.64056  
11394.11833  
11386.69336  
11392.02648  
11339.33816  
11232.93642  
11179.25098  
11128.64673  
11110.40079  
11073.55112  
11165.70871  
11147.82215  
11181.05031  
11299.5277  
11319.55418  
11355.28526  
11313.70058  
11268.69216  
11205.38522  
11233.35646  
11200.6675  
11218.74245  
11236.92982  
11257.51711  
11286.29928  
11327.90184  
11323.62682  
11311.27147  
11320.67286  
11313.63861  
11322.09373  
11323.1733  
11276.10595  
11295.23714  
11339.5589  
11354.17171  
11370.44111  
11271.5562  
11250.89855  
11199.37983  
11224.06572  
11204.00814  
11215.06699  
11226.13512  
11250.32991  
11318.61004  
11259.45869  
11279.68422  
11260.85349  
11227.23942  
11212.88305  
11214.22014  
11215.32001  
11177.52295  
11197.33113  
11199.9961  
11193.19703  
11232.80779  
11285.84423  
11287.33824  
11285.62392  
11287.3887  
11330.11656  
11343.92442  
11334.17546  
11353.22515  
11349.24089  
11376.09239  
11370.31043  
11365.67835  
11404.007  
11424.80565  
11363.21795  
11307.66552  
11317.39641  
11290.86267  
11217.7694  
11211.61993  
11257.06215  
11231.10994  
11174.21695  
11199.61704  
11189.28878  
11205.6861  
11287.36868  
11332.0894  
11303.36814  
11351.76138  
11358.14456  
11281.07426  
11031.38504  
10938.57886  
10905.11641  
10918.97855  
11006.80162  
11067.63935  
11129.67307  
11189.99262  
11267.89996  
11339.71843  
11343.93214  
11334.06403  
11310.37259  
11325.47915  
11350.67706  
11328.10672  
11303.86335  
11262.3686  
11263.59693  
11312.38844  
11363.27976  
11417.96709  
11409.76377  
11371.54056  
11384.72244  
11379.07779  
11374.10944  
11332.05225  
11341.48382  
11331.10178  
11310.65604  
11330.14124  
11324.70497  
11335.39449  
11322.0826  
11314.07762  
11357.11809  
11345.44459  
11300.31691  
11271.64525  
11282.83829  
11335.88703  
11336.95256  
11358.82491  
11360.66215  
11301.36377  
11242.22556  
11241.83862  
11201.21001  
11193.18067  
11180.15716  
11202.35969  
11236.73289  
11322.17195  
11371.04729  
11379.57837  
11320.27473  
11328.14521  
11286.61708  
11108.05068  
10995.48811  
10853.50505  
10853.70071  
10866.1114  
10890.08422  
10979.30862  
11028.01062  
11108.55555  
11169.90583  
11232.80438  
11258.49924  
11263.75147  
11282.32341  
11330.08657  
11395.56118  
11369.15608  
11339.17778  
11326.74912  
11272.78491  
11289.65878  
11296.43528  
11372.9411  
11376.51876  
11340.05383  
11326.42283  
11291.6367  
11268.39335  
11295.61093  
11281.50441  
11262.51219  
11288.99725  
11304.99717  
11335.67651  
11358.02612  
11351.06484  
11303.96718  
11297.86635  
11266.84376  
11297.06349  
11286.70626  
11339.13223  
11398.0311  
11364.57668  
11319.99877  
11335.45651  
11319.47395  
11323.44024  
11293.82972  
11234.58662  
11239.53751  
11212.59315  
11136.03894  
11069.88496  
11098.37215  
11062.01445  
11092.51628  
11126.37057  
11185.57823  
11192.49566  
11197.09411  
11204.97979  
11269.55731  
11322.58468  
11356.24277  
11422.75656  
11402.84419  
11363.4493  
11353.30687  
11321.25376  
11311.74963  
11313.23581  
11338.2565  
11336.02395  
11325.60783  
11342.03156  
11320.47293  
11292.8658  
11259.51957  
11290.51332  
11253.87189  
11208.53205  
11201.89359  
11228.38024  
11282.72779  
11277.85182  
11267.53908  
11269.30488  
11314.52941  
11299.68654  
11240.51923  
11292.35282  
11329.06274  
11313.51925  
11309.8225  
11312.93852  
11283.41269  
11272.09592  
11269.53297  
11243.63984  
11245.2904  
11249.77126  
11262.12335  
11289.54108  
11308.46433  
11293.01405  
11270.82789  
11248.57828  
11275.47602  
11224.30025  
11309.84623  
11373.69849  
11261.43407  
11150.17375  
11147.78684  
11058.67462  
11049.61344  
11075.24291  
11122.19253  
11194.22665  
11264.52376  
11326.49793  
11362.92342  
11396.27303  
11420.01891  
11434.77627  
11453.30151  
11450.11465  
11467.63071  
11472.69999  
11420.0777  
11381.99708  
11365.99871  
11350.52217  
11309.72588  
11295.82967  
11297.98039  
11383.70812  
11317.94161  
11371.37552  
11415.41131  
11391.18309  
11220.54457  
11028.20499  
10934.63804  
10916.31666  
10891.32591  
10912.36344  
10967.27717  
11018.08107  
11113.65326  
11202.3688  
11283.22156  
11327.57534  
11349.8101  
11358.25214  
11270.06719  
11311.31169  
11311.58985  
11305.94223  
11323.61668  
11322.83819  
11301.15308  
11331.07803  
11313.688  
11339.41405  
11409.35653  
11377.05341  
11365.04885  
11313.08555  
11307.46662  
11286.85111  
11323.4535  
11304.40111  
11317.30606  
11331.10543  
11301.1137  
11323.97893  
11322.16234  
11316.782  
11271.49825  
11256.15914  
11273.59923  
11282.48415  
11320.05537  
11342.65908  
11333.59756  
11237.06796  
11175.88638  
11140.95008  
11149.78377  
11198.97847  
11217.51359  
11220.18884  
11247.07224  
11277.06313  
11263.97319  
11285.13766  
11302.23677  
11303.66773  
11306.53445  
11304.64534  
11300.93305  
11321.79039  
11289.67724  
11390.3053  
11440.5755  
11433.92677  
11385.30068  
11318.80675  
11141.81134  
10981.24548  
10976.6535  
10979.79328  
10940.3944  
10974.5505  
10991.35322  
11048.25799  
11117.70913  
11201.68306  
11240.52141  
11174.88682  
11118.59532  
11212.19146  
11291.28057  
11332.22742  
11348.08029  
11340.95024  
11379.80771  
11401.81874  
11426.70689  
11421.31187  
11432.33113  
11420.18164  
11401.2799  
11411.74117  
11393.90305  
11394.19137  
11375.93179  
11304.22828  
11246.01455  
11235.70787  
11278.05599  
11255.96926  
11322.53395  
11368.47606  
11366.0851  
11341.68932  
11320.52738  
11242.4139  
11218.22446  
11204.00548  
11239.98054  
11276.23898  
11349.31797  
11389.50298  
11383.08488  
11309.82545  
11250.943  
11217.41474  
11237.6805  
11278.03427  
11348.20924  
11350.42139  
11322.53581  
11276.81403  
11186.17008  
11100.02575  
11161.05276  
11096.10827  
10928.87809  
10814.70801  
10759.28879  
10795.12157  
10865.60773  
10941.56321  
10943.02642  
11008.5376  
11064.59594  
11080.04664  
11122.2538  
11152.34744  
11162.32651  
11191.84364  
11238.76504  
11308.60285  
11297.55453  
11394.34924  
11424.93237  
11448.00079  
11482.87653  
11474.00259  
11449.83932  
11385.29213  
11351.97347  
11318.14569  
11313.14931  
11319.74652  
11329.33373  
11321.78912  
11355.49954  
11390.3165  
11407.48387  
11394.4247  
11345.89222  
11297.74259  
11287.80191  
11284.05233  
11285.21388  
11345.24493  
11367.51216  
11395.03509  
11398.64845  
11334.3528  
11253.429  
11254.57921  
11224.46571  
11238.6763  
11207.65735  
11230.59547  
11278.2272  
11334.17063  
11310.32533  
11345.28722  
11351.62413  
11340.75472  
11304.59706  
11273.54622  
11271.78483  
11247.13742  
11235.44868  
11282.44732  
11309.47411  
11301.55753  
11283.90784  
11264.76777  
11223.94542  
11166.89392  
11166.56403  
11174.32058  
11216.27221  
11262.64859  
11202.33672  
11267.11545  
11335.29519  
11314.74755  
11329.66412  
11309.07668  
11252.46644  
11180.17638  
11151.08425  
11110.80935  
11119.15164  
11203.71291  
11278.83123  
11319.63364  
11354.48722  
11367.28479  
11333.23971  
11265.30629  
11170.71092  
11169.41545  
11119.81223  
11158.95305  
11225.36547  
11275.92024  
11300.83408  
11320.24162  
11309.80067  
11260.60811  
11200.19867  
11212.13232  
11176.07044  
11167.13917  
11208.73485  
11286.00261  
11323.65538  
11350.15333  
11332.5856  
11299.0691  
11305.95513  
11305.81184  
11269.25883  
11263.61187  
11287.67906  
11291.80685  
11379.35995  
11417.39036  
11361.99271  
11182.76452  
11064.54425  
11047.2025  
11054.9552  
11033.90679  
11059.16207  
11075.86888  
11135.39074  
11216.2157  
11204.83739  
11152.70071  
11193.65485  
11249.65713  
11278.15737  
11277.56232  
11269.96984  
11266.14167  
11264.62508  
11293.00165  
11323.26435  
11344.17678  
11348.32612  
11346.99686  
11328.03389  
11326.97378  
11341.51364  
11353.11486  
11349.06258  
11354.81636  
11381.30977  
11327.75903  
11325.2241  
11354.41083  
11347.59664  
11355.74539  
11342.56636  
11308.94928  
11323.73981  
11339.89796  
11334.43276  
11341.2141  
11359.8317  
11392.31684  
11370.56345  
11378.28643  
11292.28249  
11246.68379  
11201.25658  
11228.44874  
11230.23705  
11165.62239  
11262.13998  
11295.4751  
11340.24505  
11340.23011  
11342.18498  
11351.16847  
11373.77322  
11367.93266  
11332.32009  
11308.28915  
11342.64276  
11383.77193  
11376.44638  
11420.73642  
11434.77197  
11480.86378  
11354.59772  
11302.04093  
11338.74343  
11241.39611  
11072.62736  
10926.09848  
10906.64943  
10878.36856  
10916.9577  
10907.69065  
10930.09444  
10944.92657  
11006.01683  
11035.55317  
11064.70828  
11107.38137  
11096.45422  
11128.79074  
11222.55793  
11277.34306  
11325.92155  
11404.66497  
11393.62321  
11334.52036  
11282.76064  
11234.1924  
11219.88673  
11209.59385  
11198.67868  
11238.06631  
11310.03239  
11349.97231  
11365.29293  
11352.86702  
11345.71353  
11363.46988  
11447.9415  
11468.06415  
11444.06347  
11395.12063  
11387.84702  
11326.65525  
11298.43563  
11267.50225  
11249.71919  
11287.894  
11343.65122  
11249.88547  
11386.41353  
11410.29814  
11367.51444  
11356.94821  
11353.92699  
11362.64906  
11373.45558  
11349.02875  
11327.90599  
11250.27857  
11226.77553  
11213.5112  
11189.11804  
11165.39673  
11187.95861  
11189.49689  
11185.30179  
11187.71098  
11197.49058  
11199.36976  
11222.64878  
11214.92801  
11197.84352  
11211.55239  
11191.19292  
11192.88501  
11233.10657  
11255.36932  
11317.26473  
11342.01804  
11299.73521  
11277.81404  
11178.00693  
11196.43044  
11199.92596  
11195.96627  
11199.68749  
11259.71817  
11283.37499  
11299.84444  
11292.39908  
11296.33943  
11292.56691  
11313.24925  
11230.42759  
11244.34724  
11254.86896  
11269.03669  
11264.22793  
11287.86597  
11313.6345  
11308.47599  
11327.29464  
11303.99556  
11235.00992  
11209.2112  
11202.53385  
11218.31501  
11224.79795  
11248.98243  
11247.36691  
11291.93211  
11338.80528  
11392.81605  
11401.5789  
11368.94658  
11344.28835  
11277.8766  
11270.20209  
11273.96515  
11307.39895  
11302.89232  
11331.90595  
11339.41922  
11311.3852  
11319.58811  
11292.59798  
11286.90485  
11217.02399  
11158.25744  
11183.86978  
11209.89946  
11237.18039  
11243.66759  
11257.46651  
11291.62797  
11317.97777  
11359.79161  
11391.34953  
11393.19844  
11410.67849  
11450.33357  
11459.61831  
11435.92349  
11399.24347  
11415.69844  
11349.18966  
11371.25963  
11337.03219  
11278.65895  
11326.9137  
11328.95125  
11172.60242  
11120.17881  
11019.20697  
10952.58709  
10952.69929  
11003.02211  
11064.41834  
11147.99932  
11178.98029  
11183.61799  
11244.98964  
11281.63761  
11336.8785  
11295.8143  
11284.73231  
11273.55241  
11311.77946  
11314.66403  
11280.0508  
11232.79221  
11252.9261  
11248.40292  
11271.70363  
11274.26804  
11264.99287  
11281.16397  
11279.46691  
11313.76198  
11307.17065  
11267.5924  
11214.61783  
11196.84405  
11191.3608  
11187.95227  
11187.45991  
11205.24198  
11172.49842  
11219.19362  
11308.04945  
11289.70359  
11321.79162  
11365.38859  
11343.13815  
11317.64836  
11379.1521  
11375.68975  
11329.71469  
11209.87258  
11148.74889  
11123.6024  
11151.90793  
11160.4514  
11147.58328  
11135.11349  
11141.53138  
11173.65593  
11254.2075  
11293.16654  
11286.5156  
11293.06044  
11301.1607  
11251.4835  
11216.84297  
11219.27705  
11255.09618  
11292.32221  
11323.49467  
11315.11365  
11302.03939  
11300.89032  
11267.07651  
11241.1176  
11213.72285  
11239.19179  
11261.61389  
11345.7851  
11363.96685  
11403.01035  
11398.22005  
11489.96198  
11408.17356  
11217.92589  
11039.0815  
10973.22631  
10928.72811  
10961.06478  
11013.96315  
10988.29329  
11014.13292  
11076.14324  
11176.68368  
11248.63154  
11272.03474  
11290.8156  
11303.57158  
11305.672  
11302.38307  
11329.44488  
11327.52565  
11354.25629  
11371.53743  
11378.10601  
11384.17969  
11420.3891  
11353.08351  
11275.84367  
11293.70362  
11289.96583  
11290.264  
11257.48097  
11259.2574  
11305.90749  
11350.21605  
11341.9623  
11360.65166  
11327.2466  
11315.13949  
11291.82793  
11300.8776  
11269.29375  
11268.75333  
11265.11376  
11309.21016  
11347.25911  
11319.29469  
11332.22872  
11322.48018  
11248.68297  
11258.16697  
11232.61265  
11215.23634  
11224.87971  
11257.58191  
11279.09472  
11251.05237  
11289.15051  
11294.48774  
11295.51022  
11256.34413  
11235.35516  
11204.75812  
11237.57054  
11200.06493  
11213.47234  
11201.13858  
11203.57232  
11135.51181  
11160.06289  
11261.74871  
11243.72618  
11268.99228  
11323.50626  
11332.85067  
11183.74738  
11030.61663  
10906.33107  
10846.44197  
10854.83588  
10868.21542  
10945.65633  
10995.41825  
11055.17331  
11199.99754  
11376.10367  
11353.82347  
11389.89575  
11435.17223  
11453.07608  
11444.80016  
11454.49465  
11449.83841  
11409.18694  
11429.77369  
11455.32342  
11445.28836  
11452.78302  
11460.75163  
11447.12351  
11392.63154  
11321.8426  
11331.69624  
11326.25505  
11389.56019  
11389.71691  
11363.45658  
11311.01219  
11261.79334  
11275.70351  
11215.74039  
11221.91332  
11256.72428  
11296.60821  
11300.03472  
11285.70215  
11222.18344  
11212.43358  
11196.74329  
11179.62924  
11172.33712  
11200.45947  
11238.99656  
11286.67106  
11321.93716  
11366.26218  
11319.29515  
11350.96058  
11308.37226  
11230.70906  
11162.0813  
11117.26905  
11037.53689  
11039.60387  
11031.98604  
11115.05275  
11138.40554  
11226.96545  
11225.33115  
11230.81118  
11250.14506  
11304.8034  
11268.90976  
11226.38594  
11261.78184  
11308.41291  
11343.92298  
11362.72374  
11370.83374  
11330.01107  
11320.98907  
11298.47689  
11281.74479  
11300.04874  
11298.65015  
11306.53003  
11305.44032  
11306.28633  
11371.53305  
11379.6062  
11329.72683  
11282.34316  
11304.75328  
11311.44151  
11276.17206  
11271.70287  
11247.10401  
11235.14305  
11277.6363  
11304.75647  
11293.95754  
11268.25244  
11295.6662  
11323.19601  
11313.30117  
11260.50591  
11295.62866  
11271.61138  
11199.73378  
11210.31198  
11216.03833  
11228.0724  
11220.38382  
11231.55891  
11193.56311  
11182.17997  
11203.177  
11185.32661  
11228.32319  
11279.16206  
11322.56111  
11287.32737  
11307.26261  
11284.5638  
11265.57469  
11278.83873  
11335.79782  
11295.53181  
11318.52032  
11276.77304  
11250.24945  
11242.60166  
11290.73619  
11345.53656  
11332.92335  
11285.88558  
11278.73777  
11308.44081  
11274.09666  
11253.2135  
11290.25732  
11257.68094  
11197.48203  
11187.28617  
11227.39869  
11219.52425  
11246.696  
11206.72242  
11203.13295  
11191.92225  
11280.47605  
11288.83443  
11274.44032  
11284.95467  
11250.18606  
11267.49549  
11287.42448  
11284.16768  
11274.1292  
11292.7029  
11300.04502  
11281.22688  
11313.91633  
11325.06543  
11337.58698  
11320.0171  
11347.17935  
11332.53996  
11298.29732  
11277.61952  
11290.69761  
11329.91104  
11338.88116  
11364.59804  
11372.00775  
11292.58977  
11240.57478  
11162.0727  
11197.2342  
11183.88015  
11164.86514  
11202.1374  
11232.19453  
11162.8735  
11251.41824  
11349.67847  
11365.90536  
11264.17235  
11101.91169  
11025.08047  
10976.88351  
11009.92331  
10985.04734  
11020.4607  
11066.13914  
11108.42568  
11146.89679  
11220.83151  
11271.58072  
11275.57647  
11256.67123  
11280.3492  
11262.8774  
11305.70925  
11296.80435  
11340.16339  
11414.73866  
11465.22172  
11450.95358  
11369.21045  
11301.52173  
11252.70026  
11241.54829  
11207.06523  
11226.18863  
11220.69031  
11257.43645  
11327.59347  
11382.97758  
11392.24965  
11396.67722  
11364.89688  
11336.01049  
11344.24451  
11410.66049  
11402.17348  
11373.56939  
11363.03925  
11338.19966  
11322.05599  
11323.17173  
11319.56364  
11338.66048  
11367.80578  
11381.14333  
11417.39188  
11388.53795  
11381.51335  
11358.16436  
11413.20281  
11453.63256  
11302.13723  
11141.47582  
11006.87888  
11025.37772  
11092.12676  
11086.52992  
11006.41047  
10926.66453  
11052.18265  
11137.95864  
11202.43746  
11287.9265  
11269.61381  
11268.94847  
11265.68487  
11256.90923  
11273.17553  
11259.57507  
11241.36038  
11236.46882  
11233.49409  
11230.23807  
11278.68295  
11307.03755  
11325.95149  
11313.64341  
11290.51281  
11320.99576  
11330.62438  
11283.26439  
11235.02888  
11229.63658  
11232.13161  
11246.45732  
11237.28506  
11210.84216  
11198.75702  
11203.56847  
11214.61621  
11295.23193  
11298.13461  
11277.46643  
11245.89262  
11213.66034  
11235.4797  
11213.55307  
11234.56425  
11245.96586  
11306.95882  
11359.86498  
11346.90029  
11302.07562  
11285.29709  
11273.58226  
11276.73928  
11290.03657  
11289.09574  
11297.65046  
11313.42508  
11328.92246  
11278.24245  
11281.27751  
11262.89383  
11257.36116  
11181.5817  
11170.7393  
11155.51595  
11233.82581  
11279.24821  
11303.55443  
11278.98087  
11234.1561  
11206.87965  
11173.31797  
11134.39755  
11117.81853  
11133.5282  
11117.17223  
11118.87238  
11170.89022  
11163.32373  
11184.40527  
11220.08895  
11259.9573  
11225.77497  
11237.05776  
11271.23081  
11261.22786  
11270.02755  
11282.22969  
11288.86582  
11293.50833  
11284.67931  
11244.92821  
11210.32094  
11199.10663  
11252.1337  
11261.46818  
11291.18875  
11371.51696  
11415.97426  
11461.66767  
11446.12261  
11343.4101  
11268.54583  
11225.85984  
11215.32399  
11215.74903  
11245.97664  
11210.05138  
11211.77605  
11242.52315  
11246.92735  
11268.1371  
11270.93934  
11305.19227  
11298.33726  
11313.17512  
11360.43444  
11385.56683  
11422.09608  
11441.15687  
11418.88663  
11479.42789  
11390.26736  
11396.27621  
11424.11454  
11423.99755  
11327.69195  
11268.30419  
11227.02412  
11186.51016  
11178.99323  
11173.06746  
11183.34541  
11156.51802  
11152.31581  
11145.4643  
11162.82796  
11117.5149  
11143.65028  
11126.39602  
11175.6013  
11268.39527  
11275.837  
11338.83277  
11308.4775  
11301.90699  
11253.23829  
11262.85045  
11221.42681  
11192.27342  
11200.88077  
11175.91542  
11182.16001  
11227.84374  
11223.39715  
11215.29467  
11253.73871  
11297.9871  
11322.17866  
11369.7108  
11350.6633  
11332.57186  
11293.64441  
11261.18825  
11277.30403  
11275.61295  
11260.65324  
11299.39937  
11323.08368  
11358.67515  
11401.40601  
11381.54205  
11327.02694  
11276.48964  
11238.56516  
11211.07227  
11191.11203  
11189.12938  
11254.57399  
11238.9668  
11299.98389  
11323.6953  
11323.93197  
11302.6617  
11311.22795  
11357.95719  
11341.84289  
11345.30401  
11351.32914  
11286.0407  
11320.91779  
11349.55419  
11290.75819  
11240.96251  
11197.15992  
11168.45457  
11122.52865  
11104.37696  
11147.46257  
11201.56173  
11173.23215  
11154.32174  
11201.38911  
11272.13217  
11253.22372  
11304.21518  
11261.46586  
11271.22093  
11286.55748  
11263.48009  
11243.85569  
11263.54861  
11338.01802  
11381.11033  
11423.35146  
11415.75445  
11327.30041  
11375.36213  
11422.98386  
11392.39694  
11232.0884  
11107.12532  
11018.71696  
11005.9176  
10938.53072  
10919.12347  
10872.48813  
11010.33615  
11085.16021  
11148.76372  
11208.09088  
11241.10029  
11241.95482  
11248.73337  
11236.3164  
11251.61845  
11255.64085  
11292.9116  
11322.55544  
11344.16914  
11358.17711  
11377.11545  
11353.50025  
11369.07227  
11339.6981  
11345.52489  
11312.3644  
11343.3282  
11287.49756  
11270.4492  
11292.90079  
11267.77344  
11253.82848  
11314.71275  
11317.06079  
11332.52056  
11309.41866  
11270.27689  
11239.01777  
11182.95801  
11212.42652  
11189.3149  
11164.13289  
11150.94949  
11138.16469  
11170.0053  
11206.74727  
11263.91424  
11259.69698  
11238.43632  
11251.80303  
11181.66546  
11240.04837  
11266.26582  
11272.03431  
11300.3426  
11333.72681  
11314.15698  
11291.05078  
11297.3639  
11303.25587  
11317.7502  
11308.51993  
11299.17189  
11286.1868  
11230.61527  
11241.87055  
11246.00239  
