10003.13908  
9894.315999  
9829.019613  
9760.779378  
9746.298584  
9702.431234  
9687.55249  
9734.003092  
9708.75651  
9703.098714  
9739.317546  
9655.644613  
9695.229574  
9751.927979  
9677.150391  
9690.560954  
9771.425049  
9730.151449  
9676.171549  
9688.172933  
9683.370361  
9666.221517  
9633.751465  
9704.4104  
9673.618245  
9684.723633  
9727.280355  
9720.69987  
9710.863688  
9750.463623  
9750.170736  
9702.94401  
9677.845703  
9714.840332  
9638.998291  
9691.220866  
9775.034831  
9676.07251  
9651.475423  
9706.015218  
9700.735107  
9655.051107  
9751.426839  
9696.745605  
9408.512126  
9445.780599  
9702.404622  
9823.851807  
9804.39974  
9755.880127  
9711.464925  
9687.923991  
9740.03361  
9678.443522  
9648.338542  
9559.795573  
9587.922445  
9590.078776  
9615.117594  
9612.641113  
9632.743652  
9646.295817  
9650.734456  
9620.370361  
9704.728841  
9718.741699  
9686.122233  
9711.878337  
9743.436361  
9722.165771  
9632.415202  
9722.263265  
9706.951742  
9677.128418  
9696.459798  
9756.335368  
9736.695882  
9751.42627  
9714.156413  
9766.617594  
9860.154785  
9811.926676  
9848.327067  
9892.458008  
9890.75887  
9868.765137  
9927.78418  
9831.113932  
9931.475586  
9855.128743  
9865.458903  
9925.136556  
9913.88859  
9925.30957  
9942.46346  
9913.732585  
9879.286214  
9797.394124  
9740.748372  
9674.508789  
9641.956055  
9789.903727  
9755.234456  
9738.301758  
9763.80306  
9704.549398  
9747.238363  
9700.360107  
9637.52238  
9701.326823  
9670.22998  
9675.598796  
9671.798014  
9714.886963  
9758.673747  
9709.803385  
9666.56779  
9772.824707  
9657.814209  
9778.596598  
9820.720866  
9840.382568  
9916.887044  
9926.47347  
9924.216878  
9909.147542  
9805.803304  
9802.444743  
9736.209717  
9535.323812  
9574.133138  
9761.092611  
9683.377197  
9623.110677  
9495.169352  
9628.527995  
9624.967692  
9551.996175  
9559.698975  
9512.587402  
9489.922038  
9488.381755  
9474.562012  
9542.972575  
9559.781331  
9590.953776  
9630.712972  
9616.28776  
9632.560465  
9703.322835  
9706.425537  
9735.796712  
9726.837158  
9736.871419  
9802.94165  
9777.30363  
9857.943197  
9835.851156  
9966.439779  
9905.563639  
10011.89006  
9920.558919  
9922.777425  
9992.424316  
9846.455566  
9909.696045  
9815.92513  
9778.271973  
9775.521159  
9740.513672  
9734.625732  
9775.579102  
9729.848633  
9709.288493  
9838.139323  
9710.808268  
9620.962484  
9615.022135  
9625.297363  
9645.375732  
9671.09554  
9660.174398  
9662.503988  
9638.862793  
9614.407552  
9633.515706  
9610.641846  
9600.924072  
9553.794027  
9583.35848  
9752.548584  
9763.360107  
9808.884033  
9918.143555  
9897.768717  
9874.729818  
9788.350505  
9698.465007  
9625.223714  
9682.595133  
9686.751221  
9688.089111  
9770.604574  
9702.49349  
9761.283285  
9681.136312  
9796.09554  
9805.049561  
9724.792155  
9714.451742  
9754.856201  
9709.261068  
9588.928141  
9659.315918  
9673.436117  
9706.753743  
9733.534098  
9814.471761  
9796.475179  
9788.372477  
9939.329102  
9865.7889  
9787.185954  
9682.889567  
9671.892578  
9684.130859  
9635.028239  
9593.982422  
9617.321045  
9669.426107  
9652.683838  
9659.518148  
9630.465495  
9745.719564  
9614.02417  
9780.494792  
9710.385905  
9748.206543  
9693.738932  
9688.650228  
9701.441325  
9821.26359  
9809.099935  
9861.638428  
9792.510173  
9795.323242  
9928.287191  
9815.00057  
9765.991618  
9762.108561  
9721.529053  
9688.964518  
9681.787272  
9651.175781  
9574.138916  
9721.58252  
9694.381836  
9718.332438  
9800.967041  
9694.608154  
9683.804281  
9740.867432  
9587.980225  
9765.73641  
9755.929606  
9858.351644  
9842.489014  
9854.356364  
9898.114827  
9938.009521  
9860.659993  
9791.22347  
9629.50944  
9768.136637  
9843.658773  
9700.162028  
9809.187663  
9748.210612  
9667.407552  
9644.097982  
9732.083171  
9641.13208  
9661.314535  
9655.193359  
9612.616455  
9775.181722  
9794.002197  
9840.2854  
9780.011637  
9726.85555  
9706.853597  
9632.918132  
9604.395915  
9585.937581  
9599.280192  
9701.106852  
9693.231852  
9711.664958  
9684.275879  
9659.037516  
9697.440511  
9706.37085  
9922.264567  
9830.991292  
9805.72998  
9793.716227  
9774.954915  
9810.613525  
9762.119792  
9664.170166  
9704.745768  
9642.152832  
9716.813558  
9675.814535  
9675.331299  
9580.751546  
9611.812988  
9598.736247  
9482.737142  
9631.643473  
9787.926107  
9739.363525  
9758.444499  
9834.065755  
9789.316569  
9653.625977  
9671.215088  
9612.478678  
9663.627116  
9646.767171  
9696.201172  
9722.662598  
9742.395589  
9644.849854  
9667.575358  
9740.490804  
9795.728271  
9864.893717  
9819.847087  
9797.178223  
9676.669922  
9736.008708  
9662.342773  
9765.148438  
9680.471598  
9734.827555  
9687.760742  
9680.102376  
9790.297607  
9680.006999  
9713.088135  
9727.075765  
9784.389648  
9812.153158  
9740.05599  
9646.95695  
9765.646647  
9562.715169  
9692.559733  
9852.994629  
9792.596191  
9895.85612  
9587.029053  
9579.907227  
9704.982992  
9770.157552  
9715.100423  
9749.820475  
9827.906413  
9732.151042  
9674.857178  
9724.918864  
9708.278646  
9675.466715  
9729.14917  
9768.564046  
9767.192708  
9721.441813  
9670.466064  
9745.961507  
9665.573161  
9884.361328  
9852.268392  
9956.618001  
9876.818522  
9792.764567  
9804.830811  
9731.673747  
9745.528564  
9709.364258  
9705.24056  
9643.014242  
9726.229736  
9699.400391  
9576.496745  
9687.58252  
9861.632487  
9816.063802  
9904.4139  
9882.937093  
9841.555176  
9678.351318  
9649.51945  
9683.367594  
9670.354167  
9780.920003  
9753.025635  
9745.301514  
9644.411377  
9658.422933  
9746.269368  
9703.216715  
9660.078206  
9574.476807  
9565.760091  
9702.427572  
9639.672363  
9567.211833  
9793.140137  
9697.286214  
9830.830485  
9645.280029  
9671.1486  
9728.218831  
9641.25179  
9620.232992  
9662.003825  
9670.67985  
9769.990641  
9750.216797  
9685.540283  
9682.1604  
9552.773356  
9568.477376  
9575.679932  
9693.881836  
9773.311279  
9729.888997  
9743.294922  
9795.071696  
9636.41626  
9685.693197  
9703.653564  
9899.816569  
9918.445964  
9781.136882  
9806.066406  
9743.016846  
9739.596191  
9764.678548  
9761.524902  
9710.121419  
9754.262777  
9740.19751  
9762.724447  
9735.952881  
9654.558024  
9750.883952  
9788.223145  
9825.871663  
9807.476644  
9827.199626  
9869.505452  
10006.27401  
9832.477295  
9765.524658  
9700.869548  
9571.979248  
9673.710205  
9651.995687  
9757.391439  
9735.469238  
9677.31486  
9627.514567  
9671.019613  
9680.989176  
9644.812663  
9738.996908  
9712.836589  
9824.607829  
9663.630371  
9617.220215  
9652.82609  
9620.128011  
9745.430827  
9723.349935  
9853.344076  
9779.419434  
9882.412354  
9940.231283  
9908.723633  
9788.833008  
9743.129476  
9791.301595  
9792.089355  
9731.34611  
9719.907878  
9647.089111  
9822.879232  
9817.5389  
9908.192139  
9839.131348  
9763.946615  
9674.054118  
9710.106689  
9795.27124  
9721.567546  
9741.886637  
9752.472168  
9782.675293  
9811.91984  
9702.527995  
9789.18221  
9735.135661  
9703.063151  
9674.19401  
9644.941569  
9702.738118  
9655.076497  
9652.054525  
9625.659993  
9649.29069  
9710.48877  
9721.329997  
9799.159831  
9662.565592  
9647.67863  
9659.384196  
9564.241699  
9496.147786  
9495.455973  
9775.073893  
9763.651937  
9600.272705  
9804.891439  
9695.140299  
9863.12207  
9751.582926  
9663.013021  
9586.808431  
9631.249186  
9636.8632  
9676.165771  
9727.578369  
9645.722168  
9695.855143  
9602.440186  
9815.165283  
9803.421631  
9844.258789  
9830.496338  
9717.782959  
9721.016927  
9709.546143  
9629.464844  
9688.472331  
9644.562663  
9606.110677  
9707.454915  
9432.084717  
10062.85384  
9993.077637  
9977.261312  
9811.913574  
9831.17806  
9774.710938  
9805.733724  
9657.730387  
9635.095052  
9631.393555  
9634.463704  
9703.87085  
9883.841878  
9933.911377  
9876.777588  
9716.76766  
9736.547119  
9592.420573  
9636.756104  
9751.382894  
9752.954508  
9737.0507  
9819.489014  
9809.861735  
9877.475179  
9848.370361  
9791.007568  
9749.536947  
9698.976318  
9727.777995  
9754.10083  
9704.445801  
9625.042155  
9672.063558  
9639.317708  
9781.338216  
9762.636149  
9890.153158  
9919.782471  
9962.403483  
9923.69987  
9786.964355  
9651.186849  
9511.432129  
9720.335124  
9711.430745  
9717.439697  
9751.977214  
9782.075114  
9714.505208  
9791.890381  
9784.406087  
9798.597982  
9851.652995  
9767.16154  
9702.496501  
9693.198893  
9654.806071  
9682.547282  
9762.262533  
9717.927653  
9734.175293  
9735.695475  
9747.382243  
9658.756022  
9696.085205  
9743.295003  
9590.04834  
9750.613118  
9723.556722  
9609.77889  
9594.573893  
9645.804769  
9723.216634  
9629.151611  
9464.232218  
9484.754964  
9566.5625  
9434.993937  
9397.726847  
9480.777588  
9570.177083  
9540.642741  
9551.437337  
9742.322835  
9817.551025  
9740.924154  
9868.078288  
9786.752197  
9817.257568  
9956.721273  
9957.542399  
9897.282389  
9769.492676  
9763.395833  
9715.691813  
9826.273682  
9817.822673  
9878.738444  
9817.717855  
9877.799398  
9966.107747  
9894.974284  
9841.753337  
9851.964274  
9793.223714  
9850.174561  
9846.371908  
9854.45752  
9879.956787  
9880.832357  
9779.23763  
9560.846924  
9598.192301  
9804.75887  
9869.339274  
9964.956217  
9942.248535  
9965.490072  
9794.669515  
9595.382243  
9559.821289  
9642.612386  
9800.36849  
9792.761556  
9859.828369  
9538.475911  
9532.187744  
9667.879476  
9636.44458  
9496.284302  
9442.505778  
9464.724202  
9426.377157  
9240.690104  
9279.323568  
9316.40804  
9281.904785  
9382.681437  
9351.461873  
9498.121908  
9579.479777  
9565.863444  
9538.544067  
9506.226888  
9422.94043  
9625.587077  
9683.350749  
9654.72583  
9692.241536  
10033.89917  
10003.79378  
9999.047526  
9948.583333  
9912.994873  
9902.046468  
9829.927816  
9893.620687  
9946.111816  
9921.98999  
9853.321696  
9809.822591  
9793.347249  
9767.045817  
9772.834798  
9794.194824  
9728.945475  
9776.550456  
9695.836263  
9723.414144  
9837.191732  
9979.039876  
9807.496094  
9893.75236  
9917.761149  
9864.584147  
9823.128743  
9764.614014  
9749.266846  
9764.142497  
9759.486572  
9557.303955  
9785.756592  
9757.832926  
9793.682373  
9881.799561  
9931.62972  
10007.82853  
9875.684163  
9785.852539  
9616.200277  
9751.187988  
9754.801351  
9738.697347  
9741.913167  
9858.811361  
9766.229411  
9777.456055  
9807.846517  
9848.911784  
9857.585042  
9854.839437  
9705.679688  
9564.323527  
9594.269694  
9642.718669  
9610.795492  
9594.176676  
9742.203288  
9720.903646  
9694.316081  
9669.695312  
9621.027588  
9520.737956  
9422.725179  
9632.458496  
9805.555827  
9984.077148  
9859.556315  
9804.605876  
9807.339762  
9806.435872  
9765.82959  
9622.169515  
9598.435303  
9602.669678  
9771.121908  
9803.504313  
9760.691488  
9685.238444  
9759.950521  
9704.09611  
9714.972249  
9731.380697  
9612.756592  
9718.261963  
9898.001221  
10001.37061  
9849.092285  
9818.365479  
9742.874105  
9771.319906  
9768.883382  
9742.200765  
9659.460856  
9620.506755  
9661.866536  
9800.260905  
9736.509359  
9540.94043  
9454.352661  
9449.188232  
9558.906576  
9499.63973  
9431.117269  
9427.491048  
9361.490234  
9361.886149  
9456.369588  
9401.716715  
9469.770264  
9696.212972  
9743.264323  
9878.036621  
9816.775553  
9751.873372  
9605.242025  
9668.492594  
9693.701497  
9879.568685  
9931.07373  
9813.044352  
9719.965902  
9730.817871  
9762.155192  
9763.149007  
9918.595378  
9956.1368  
9766.666667  
9765.419759  
9832.744385  
9812.650879  
9852.622721  
9769.066325  
9902.114583  
9951.685465  
9946.43929  
9764.794922  
9783.638428  
9691.40446  
9681.936198  
9801.089925  
9911.990397  
9777.112386  
9828.614421  
9887.201253  
9856.882324  
9829.274577  
9850.137939  
9980.291016  
9734.754964  
9873.434082  
9835.285319  
9868.42098  
9875.626139  
9803.842448  
9772.260661  
9743.133708  
9757.224121  
9850.535807  
9794.219157  
9845.620443  
9965.996663  
10000.00081  
9869.612223  
9916.972738  
9720.056152  
9544.573568  
9646.317139  
9670.218587  
9610.030192  
9538.800659  
9610.860433  
9623.806315  
9625.183146  
9616.266276  
9587.39974  
9552.010661  
9535.402262  
9575.525146  
9523.49764  
9465.4257  
9334.509074  
9603.952881  
9515.688639  
9787.403809  
9575.580241  
9663.92806  
9775.486165  
9806.351074  
9783.505778  
9827.67334  
9743.819906  
9563.859619  
9649.587077  
9586.154785  
9682.907959  
9732.299154  
9763.396647  
9721.049072  
9946.367513  
9759.613851  
9485.657471  
9668.98527  
9871.64152  
9861.132324  
9758.359782  
9658.403727  
9696.615967  
9735.485433  
9572.31722  
9563.065511  
9696.346761  
9723.632487  
9579.890788  
9763.627441  
9658.02889  
9681.512207  
9771.175781  
9776.918538  
9876.226237  
9937.763916  
9850.95874  
9810.087321  
9742.671061  
9687.330078  
9657.766195  
9703.773193  
9753.925374  
9832.21167  
9727.243245  
9661.735677  
9559.542969  
9594.041423  
9611.945068  
9673.477458  
9723.832438  
9766.051921  
9724.855876  
9679.623372  
9559.557943  
9648.907633  
9648.798421  
9860.611735  
9915.783285  
9935.778564  
9824.242025  
9703.945068  
9652.237549  
9687.820312  
9650.920817  
9628.731527  
9698.791016  
9774.172607  
9847.832845  
9953.518392  
9842.606689  
9831.211344  
9771.250814  
9714.868652  
9625.487793  
9717.886963  
9724.714355  
9797.382406  
9850.09139  
9881.478678  
9831.702881  
9789.082113  
9725.524658  
9770.987386  
9616.167887  
9757.29248  
9662.662598  
9738.832194  
9761.04248  
9862.842367  
9841.235514  
9810.857829  
9776.932292  
9772.932373  
9739.315104  
9793.351481  
9782.545247  
9704.383789  
9701.275146  
9832.037598  
9820.990885  
9782.731852  
9740.601644  
9634.562012  
9721.127848  
9688.271729  
9737.762858  
9653.130941  
9658.279215  
9646.023763  
9625.327637  
9720.400716  
9773.424967  
9716.824544  
9616.93278  
9633.839518  
9624.222656  
9686.499105  
9629.736003  
9732.437988  
9754.300374  
9949.150065  
9939.488118  
9974.822591  
9841.262126  
9931.581868  
9894.18571  
9518.471598  
9708.562256  
9724.682129  
9678.022298  
9705.287354  
9669.995036  
9730.976725  
9737.369548  
9703.419596  
9704.081055  
9598.261922  
9573.188802  
9540.053874  
9553.246989  
9692.578613  
9860.327474  
9912.936442  
9926.797038  
9844.211344  
9751.818929  
9756.990153  
9810.444255  
9802.701823  
9673.361328  
9681.41748  
9601.730469  
9646.604248  
9531.953451  
9521.314372  
9674.144287  
9709.381917  
9647.571452  
9711.234375  
9647.853027  
9690.456543  
9653.685465  
9720.712402  
9643.468669  
9597.541748  
9637.168864  
9735.579427  
9733.462728  
9860.058919  
9814.537435  
9672.780111  
9579.849528  
9671.34318  
9668.890544  
9754.719808  
9823.806966  
9739.329427  
9789.145426  
9703.51416  
9738.053955  
9731.118896  
9787.398682  
9721.932617  
9696.0271  
9621.601318  
9618.203939  
9603.86849  
9612.027751  
9683.957601  
9687.322835  
9831.00415  
9875.218994  
9814.352214  
9712.76888  
9681.447347  
9749.599609  
9701.236979  
9681.673665  
9706.317708  
9735.537516  
9692.348307  
9749.460856  
9788.639323  
9760.125407  
9771.431152  
9747.085042  
9757.659098  
9695.23055  
9795.40568  
9760.804362  
9608.294108  
9619.456624  
9568.256632  
9624.962769  
9393.264323  
9695.303467  
9880.008219  
9709.251383  
9629.582113  
9741.022868  
9733.165283  
9699.979248  
9696.472005  
9709.651937  
9756.902262  
9720.787272  
9644.039795  
9754.647217  
9811.517253  
9746.425618  
9830.950846  
9829.828206  
9715.657878  
9833.728434  
9623.122396  
9856.673828  
9801.438151  
9820.911865  
9880.675374  
9935.268148  
9867.918864  
9748.947754  
9773.854167  
9808.008382  
9851.584066  
9825.604899  
9760.484294  
9830.661458  
9813.089762  
9824.672119  
9703.505208  
9637.227702  
9689.03182  
9755.351644  
9708.548503  
9766.965007  
9749.800212  
9740.098796  
9763.299316  
9803.227458  
9878.048421  
9777.73112  
9775.118245  
9740.750407  
9660.452148  
9733.524251  
9845.349447  
9716.096191  
9846.756999  
9799.555908  
9833.113525  
9730.238607  
9694.113607  
9753.764648  
9743.145915  
9780.525472  
9648.955322  
9581.497965  
9645.498047  
9449.029948  
9788.113607  
9705.213704  
9575.229574  
9546.833455  
9579.105713  
9609.871785  
9580.250814  
9448.153442  
9399.610229  
9503.190308  
9449.049398  
9652.143555  
9599.887939  
9677.407145  
9677.112712  
9599.834554  
9549.228271  
9539.65568  
9497.261068  
9558.427409  
9465.048828  
9535.013346  
9877.852376  
9821.028971  
9818.568685  
10000.59587  
10034.6075  
10090.79354  
9849.279704  
9947.29777  
9779.140706  
9653.74707  
9789.559814  
9839.931071  
9906.85555  
9836.686198  
9811.317708  
9950.169108  
9766.212402  
9767.400146  
9718.698161  
9705.852214  
9702.488363  
9772.639567  
9757.699788  
9658.994466  
9697.378174  
9823.80957  
9662.749268  
9600.406494  
9607.434733  
9735.354736  
9757.499593  
9768.736979  
9525.758545  
9800.703044  
9642.900635  
9642.431559  
9705.067952  
9734.915283  
9758.185954  
9603.732788  
9465.16036  
9338.571818  
9410.547323  
9653.986003  
9659.27832  
9683.352051  
9714.579346  
9777.427816  
9824.538656  
9695.698812  
9752.548096  
9855.761719  
9908.881836  
9770.136393  
9801.293945  
9760.409993  
9730.133301  
9839.890869  
9885.180176  
9967.787191  
9925.981038  
9789.108887  
9797.407227  
9744.897949  
9893.296305  
9937.3125  
9852.508789  
9877.217692  
9981.796549  
9922.003255  
9827.383219  
9762.847249  
9763.97111  
9733.035563  
9751.255941  
9779.568197  
9766.644043  
9828.282064  
9831.688232  
9824.1604  
9744.777669  
9685.048503  
9661.831462  
9602.269124  
9575.55013  
9601.733561  
9714.262451  
9743.178548  
9741.798584  
9737.26416  
9664.713704  
9589.163167  
9666.596598  
9609.525065  
9575.782145  
9628.227865  
9624.553223  
9690.179443  
9740.826009  
9851.442952  
9801.592285  
9692.748291  
9743.852946  
9707.91154  
9673.204753  
9762.015137  
9669.295003  
9725.017904  
9784.023438  
9924.309733  
9739.719808  
9644.389486  
9590.335612  
9694.579427  
9708.208171  
9706.510417  
9742.397461  
9781.30721  
9850.048747  
9749.002604  
9776.436361  
9756.842367  
9794.803223  
9769.834473  
9647.052979  
9604.053711  
9777.761556  
9878.656657  
9879.437826  
9636.822103  
9731.199951  
9692.378743  
9718.546061  
9705.677083  
9634.951009  
9752.778971  
9740.96875  
9815.449137  
9722.687988  
9685.465088  
9655.978353  
9583.027425  
9716.030599  
9691.857585  
9804.824056  
9783.892985  
9681.609782  
9660.296875  
9731.77946  
9707.217936  
9738.843506  
9709.059652  
9721.74056  
9677.061198  
9815.372965  
9826.012614  
9643.460042  
9613.366292  
9601.081136  
9232.507487  
9670.03125  
9680.1639  
9654.937581  
9577.509766  
9644.323812  
9691.522176  
9556.141927  
9473.245117  
9434.324829  
9514.376546  
9499.239705  
9503.831095  
9489.48584  
9513.650553  
9582.90389  
9622.213786  
9598.819743  
9631.345215  
9714.337484  
9821.27417  
9516.109375  
9749.338379  
9693.300374  
9681.800781  
9672.20695  
9643.63501  
9659.799723  
9601.392497  
9646.41333  
9592.835612  
9495.333659  
9918.50887  
9869.14266  
9875.541504  
9931.735107  
9959.046143  
9917.320394  
10013.36963  
10003.94735  
9882.51945  
10083.17969  
10076.07926  
10009.45125  
9952.40804  
9935.885498  
9983.870605  
9955.29834  
9959.141683  
9925.32373  
10106.17  
9969.887533  
10062.71753  
9763.413656  
9401.179281  
9703.7618  
9782.717855  
9664.71639  
9659.435669  
9658.648356  
9796.587646  
9582.724854  
9551.190633  
9542.987874  
9505.827311  
9751.545492  
9800.061686  
9729.493571  
9564.768717  
9638.935221  
9584.898519  
9617.339193  
9669.533122  
9653.740885  
9838.473226  
9889.862305  
9750.099609  
9617.025472  
9722.300618  
9620.339762  
9712.404053  
9743.754964  
9843.200033  
9856.508219  
9946.683187  
9775.764079  
9948.226481  
9870.536865  
9835.486247  
9826.151855  
9803.215739  
9935.083496  
9811.592529  
9738.613525  
9626.410807  
9434.071289  
9528.151286  
9749.768799  
9619.617025  
9744.990885  
9629.865072  
9746.244466  
9850.469238  
9793.52417  
9658.014893  
9445.358073  
9781.595296  
9804.118083  
9786.986979  
9718.394368  
9865.438965  
9857.626628  
9747.527425  
9737.313395  
9692.710856  
9731.887858  
9743.552897  
9812.314046  
9778.766683  
9829.99585  
9763.95402  
9745.066813  
9680.453206  
9594.415934  
9504.10791  
9554.520508  
9566.59082  
9709.994548  
9627.350342  
9789.871745  
9804.29834  
9659.727783  
9706.917399  
9653.448405  
9646.165039  
9582.153076  
9625.740479  
9707.406657  
9674.689616  
9636.673584  
9576.629232  
9657.075846  
9594.16097  
9604.570882  
9596.819824  
9694.425049  
9620.56193  
9818.129069  
9664.849121  
9692.359131  
9717.239258  
9758.994792  
9641.532471  
9713.564616  
9905.876709  
9795.181559  
9598.898763  
9640.166097  
9700.736572  
9844.506022  
9686.064209  
9641.457194  
9776.84139  
9669.572184  
9802.067952  
9736.783529  
9693.38029  
9614.645345  
9621.228109  
9688.72347  
9828.066162  
9981.383057  
9874.848714  
9733.027669  
9733.605632  
9726.541341  
9793.033854  
9743.626221  
9896.583822  
9981.590983  
9936.757487  
9823.767415  
9725.924154  
9813.317301  
9851.640951  
9795.776855  
9744.208089  
9844.392904  
9806.560872  
9870.662842  
9735.839681  
9652.324382  
9696.281006  
9697.285156  
9667.804525  
9678.251058  
9761.508464  
9708.182373  
9638.327881  
9507.157715  
9509.666911  
9639.816081  
9549.679932  
9721.238688  
9708.446452  
9968.057699  
9810.799805  
9777.898031  
9874.261393  
9706.370524  
9802.894531  
9731.083008  
9644.012207  
9752.317301  
9823.414551  
9766.546875  
9613.559326  
9677.588379  
9658.028971  
9756.612142  
9661.503581  
9755.732666  
9838.737223  
9766.731771  
9668.897217  
9698.011149  
9538.743083  
9675.486491  
9630.876221  
9640.031576  
9836.982178  
9839.747233  
9850.257568  
9828.383382  
9728.810872  
9738.04248  
9687.806071  
9576.036214  
9662.149251  
9707.057129  
9887.569173  
9765.975179  
9723.657633  
9659.661458  
9711.820882  
9795.133708  
9704.004801  
9713.787109  
9909.393229  
9834.911051  
9838.274007  
9772.467204  
9789.154948  
9723.008464  
9757.441243  
9666.171387  
9722.068441  
9718.785075  
9780.002197  
9707.24943  
9685.18693  
9621.763428  
9609.981934  
9658.108317  
9679.82194  
9799.249186  
9883.203288  
9788.193034  
9821.83667  
9723.671224  
9751.662191  
9658.384847  
9715.802165  
9801.695882  
9887.422933  
9744.717204  
9324.642293  
9554.034342  
9653.652751  
9663.105469  
9616.724528  
9645.520142  
9718.201986  
9669.169678  
9653.806274  
9594.286906  
9515.953288  
9500.223389  
9658.241618  
9721.290934  
9761.441162  
9723.556885  
9698.547363  
9677.061442  
9642.191895  
9583.024902  
9596.00236  
9706.836344  
9749.644043  
9803.781169  
9808.420329  
9794.400228  
9657.601481  
9724.870199  
9752.237549  
9775.003337  
9755.161458  
9982.388753  
9955.748291  
9815.098307  
9756.632487  
9770.929036  
9665.438721  
9706.168294  
9737.063802  
9800.529867  
9814.180745  
9751.000488  
9867.291016  
9719.629964  
9729.871175  
9589.962891  
9685.912923  
9704.470378  
9683.125407  
9703.931885  
9680.925212  
9772.407552  
9857.928141  
9767.858236  
9734.268962  
9680.552653  
9704.085775  
9715.974202  
9624.897868  
9765.292806  
9836.616048  
9886.407796  
9772.385742  
9730.730387  
9708.533529  
9756.067301  
9677.678385  
9731.49113  
9630.347982  
9734.126058  
9667.653076  
9521.353149  
