10160.95188  
10020.46207  
9945.091331  
9912.64169  
9885.927091  
9847.649303  
9820.605602  
9853.195091  
9833.795166  
9793.17314  
9835.348566  
9769.900346  
9795.555819  
9837.566828  
9774.369474  
9781.379883  
9843.747647  
9828.544789  
9769.06483  
9790.63319  
9775.528698  
9773.382923  
9748.227717  
9814.438321  
9779.094039  
9792.663619  
9829.766824  
9818.846835  
9826.447532  
9845.904985  
9864.511208  
9808.717596  
9793.767245  
9836.497869  
9766.389604  
9813.607511  
9873.174294  
9791.011785  
9776.955145  
9827.621893  
9809.651167  
9782.780296  
9908.317538  
9812.625932  
9591.371671  
9641.563388  
9799.986528  
9982.207852  
9935.607666  
9855.353871  
9809.788796  
9793.802046  
9846.457164  
9789.060969  
9756.126309  
9690.430065  
9708.231778  
9717.97714  
9697.655118  
9704.119074  
9715.450262  
9753.288752  
9755.041526  
9728.518288  
9814.60538  
9804.777499  
9811.673051  
9822.212624  
9842.124556  
9840.421009  
9753.646928  
9835.161377  
9837.717041  
9800.022283  
9812.958319  
9891.736772  
9843.045987  
9878.567716  
9830.285977  
9907.140248  
9988.512962  
9943.72441  
9993.74494  
10050.71851  
10029.7067  
10005.49494  
10064.26767  
9985.3305  
10070.49982  
10013.8651  
10017.51061  
10073.26511  
10053.35369  
10052.51354  
10069.42188  
10019.7581  
9997.325284  
9891.152233  
9842.865279  
9771.071045  
9738.004395  
9867.587691  
9808.899458  
9790.810724  
9805.491122  
9749.555331  
9813.564165  
9768.129417  
9739.672763  
9772.181974  
9776.099587  
9766.362971  
9785.781738  
9832.355091  
9872.599854  
9816.860329  
9778.85285  
9888.72492  
9783.21835  
9898.392201  
9931.565496  
9982.975653  
10058.3623  
10067.49276  
10044.85329  
10024.34675  
9916.302379  
9894.177424  
9839.593506  
9645.51021  
9682.615212  
9876.914617  
9787.658514  
9676.836892  
9605.785556  
9709.401811  
9680.03631  
9669.295588  
9662.487393  
9613.216131  
9593.377641  
9606.533825  
9610.80997  
9662.076172  
9663.799094  
9720.620095  
9760.011652  
9746.599743  
9786.533003  
9846.596191  
9840.416548  
9888.297496  
9869.033225  
9896.62864  
9963.465598  
9921.128751  
10016.19083  
9979.268155  
10113.23118  
10035.70237  
10157.98371  
10083.85369  
10049.8663  
10093.04008  
9960.121893  
10003.99723  
9885.396218  
9861.097656  
9842.884943  
9840.993763  
9841.77892  
9846.234974  
9803.282937  
9766.295921  
9894.864569  
9782.302601  
9736.579257  
9725.803511  
9745.508123  
9765.124445  
9784.05087  
9771.101185  
9757.258567  
9754.406206  
9733.61266  
9769.572443  
9739.254084  
9740.339644  
9691.612371  
9718.385143  
9918.252064  
9918.844349  
9975.937278  
10047.36461  
10004.78578  
9960.756303  
9879.224876  
9802.115057  
9724.208252  
9794.43821  
9781.264005  
9783.64482  
9852.784424  
9782.674583  
9839.496316  
9778.17698  
9876.474165  
9896.280251  
9825.780118  
9821.723122  
9869.066251  
9825.157293  
9742.655029  
9807.317427  
9808.520708  
9836.086359  
9867.007302  
9954.459717  
9940.366411  
9927.978249  
10044.85878  
9970.685414  
9920.776855  
9787.970637  
9766.794567  
9763.804488  
9719.285312  
9715.053245  
9714.51254  
9775.607511  
9772.744296  
9771.125488  
9750.164062  
9860.942538  
9718.807928  
9885.489102  
9817.539706  
9869.445024  
9829.414884  
9821.244718  
9847.126487  
9957.794434  
9932.66748  
10009.61881  
9925.674294  
9937.124556  
10033.31252  
9919.859064  
9859.278809  
9837.362504  
9806.545277  
9803.69114  
9794.926025  
9759.381126  
9710.257124  
9820.297785  
9801.41717  
9829.172075  
9906.655162  
9805.762296  
9817.103671  
9869.157093  
9726.473899  
9897.43841  
9865.047141  
9990.987238  
9981.910467  
10001.7164  
10034.02921  
10056.95304  
9977.244229  
9906.991921  
9758.602495  
9869.985041  
9925.693692  
9765.110529  
9866.963934  
9835.064631  
9797.303689  
9763.049938  
9837.841131  
9760.988215  
9781.668346  
9770.840066  
9758.962691  
9931.529918  
9929.069447  
9953.298229  
9886.343373  
9824.4466  
9793.978627  
9722.834317  
9724.592285  
9684.411377  
9712.03853  
9808.605868  
9809.494984  
9827.780029  
9813.991388  
9782.918413  
9824.603382  
9825.762984  
10048.66171  
9931.304554  
9987.7496  
9875.848699  
9853.759433  
9845.964644  
9840.043368  
9768.641735  
9796.339822  
9774.804754  
9815.985218  
9786.912642  
9783.177712  
9697.905362  
9742.488437  
9724.329279  
9626.023038  
9774.870783  
9908.371671  
9856.502042  
9898.962536  
9935.424849  
9895.300004  
9779.047741  
9761.020286  
9727.007546  
9773.061013  
9765.937278  
9818.743097  
9838.919411  
9875.4909  
9769.27377  
9793.622714  
9857.254994  
9945.773881  
9982.080211  
9962.96642  
9915.222079  
9809.744163  
9835.971302  
9747.988903  
9865.8481  
9771.505194  
9825.732932  
9791.588401  
9785.105269  
9895.445801  
9780.53813  
9842.40716  
9835.613836  
9935.374778  
9919.754395  
9873.268488  
9763.157293  
9850.178023  
9688.274325  
9821.665971  
9976.847701  
9883.262385  
9955.920366  
9688.75566  
9698.837713  
9788.914218  
9889.383811  
9853.097634  
9866.80613  
9941.432773  
9845.979492  
9779.773992  
9827.488947  
9820.993586  
9776.849032  
9845.344238  
9879.632835  
9895.146307  
9847.082142  
9808.597124  
9879.727295  
9818.738548  
10042.97643  
10006.36253  
10087.98042  
9979.92658  
9907.563499  
9906.22128  
9801.352162  
9847.411222  
9804.41151  
9809.002863  
9771.847368  
9824.753751  
9817.815407  
9714.539884  
9788.925759  
9983.918279  
9939.388339  
10014.47734  
9965.320645  
9919.639759  
9781.214555  
9751.692116  
9772.285112  
9788.248868  
9878.709251  
9846.612327  
9868.304577  
9769.745317  
9810.410667  
9893.554843  
9823.92718  
9767.798806  
9694.221524  
9681.610773  
9813.950129  
9732.897483  
9708.70874  
9901.23948  
9819.446777  
9910.772283  
9757.024103  
9781.182484  
9842.537376  
9748.645286  
9725.602117  
9784.411  
9796.532693  
9885.643643  
9887.165594  
9811.423895  
9802.021706  
9666.550471  
9707.319403  
9702.837336  
9823.487948  
9866.146196  
9859.764759  
9880.320246  
9921.858998  
9795.915416  
9811.746649  
9826.537775  
10063.93284  
10031.75877  
9927.888117  
9911.193825  
9833.226341  
9829.199352  
9821.195068  
9872.80451  
9813.102317  
9878.702792  
9855.589378  
9874.93517  
9845.544855  
9788.410467  
9878.650901  
9912.732267  
9956.164862  
9967.275457  
9980.528498  
9985.883856  
10069.11745  
9909.498402  
9871.023859  
9790.395841  
9650.959517  
9790.425293  
9737.982156  
9849.990479  
9813.417769  
9760.467285  
9719.347013  
9763.310281  
9756.383145  
9779.004439  
9833.852095  
9861.595059  
9925.882657  
9773.741655  
9723.753462  
9749.011985  
9768.247292  
9830.030318  
9837.049361  
9968.36013  
9909.577037  
10031.80968  
10071.25994  
10033.58032  
9902.758922  
9851.702437  
9894.999334  
9905.283336  
9828.522239  
9873.611772  
9758.89755  
9968.829279  
9931.553667  
10034.59371  
9949.223433  
9863.214644  
9769.052823  
9801.626132  
9861.277699  
9828.035933  
9846.792725  
9877.867787  
9907.855114  
9970.505149  
9847.960272  
9904.169411  
9863.356623  
9800.253906  
9764.965177  
9724.175471  
9801.832586  
9778.443248  
9767.402033  
9747.400968  
9774.865523  
9833.0354  
9854.542747  
9910.099632  
9772.056197  
9749.801136  
9756.44134  
9682.887163  
9639.766779  
9660.254905  
9892.003462  
9896.545787  
9725.687145  
9912.056086  
9814.694491  
9981.397971  
9868.068026  
9776.880882  
9692.999334  
9738.779541  
9746.202148  
9799.929932  
9863.360707  
9789.464156  
9820.819003  
9742.464023  
9970.421808  
9932.629017  
9963.859197  
9924.813121  
9771.026079  
9824.066362  
9801.131991  
9720.934215  
9795.887029  
9757.886674  
9730.770597  
9864.026234  
9588.258456  
10188.00879  
10108.31867  
10032.07202  
9894.202171  
9878.734819  
9826.225763  
9894.870983  
9752.587536  
9735.311191  
9740.204945  
9732.687367  
9799.104625  
10006.51509  
10062.62371  
9993.04106  
9812.875644  
9847.472567  
9694.238792  
9782.007036  
9888.664795  
9896.163019  
9864.648548  
9959.721258  
9941.368297  
10008.18355  
9969.330855  
9881.692272  
9843.233287  
9797.028986  
9809.096946  
9862.923451  
9820.431663  
9734.761785  
9792.346147  
9742.01618  
9903.526611  
9881.29976  
10022.74434  
10044.04998  
10076.06734  
10014.79517  
9888.186812  
9756.499023  
9651.433327  
9869.44842  
9831.136341  
9833.885609  
9858.093195  
9875.938676  
9799.626309  
9905.623335  
9898.207608  
9943.091752  
9972.483443  
9896.75981  
9805.987638  
9774.608909  
9753.515581  
9796.33303  
9853.203169  
9822.85589  
9847.262207  
9839.561523  
9834.624734  
9800.143954  
9824.758367  
9884.268754  
9700.454901  
9889.165194  
9857.461448  
9781.278942  
9731.256792  
9753.142001  
9857.041304  
9758.756037  
9599.728161  
9613.034268  
9657.003751  
9550.560591  
9520.832475  
9609.53054  
9662.031006  
9648.765203  
9665.53995  
9853.65059  
9912.945312  
9859.811191  
9986.178844  
9903.245561  
9950.370139  
10093.63925  
10089.12003  
10002.59619  
9865.212136  
9880.674938  
9800.409779  
9966.566895  
9924.501132  
10000.44345  
9916.091997  
9945.462158  
10101.39884  
9991.715532  
9928.547652  
9918.931818  
9894.248091  
9953.018732  
9944.59051  
9963.318604  
9971.172696  
9969.287132  
9879.379572  
9672.553223  
9719.34941  
9938.546032  
9987.331077  
10113.9608  
10029.16488  
10048.9925  
9870.355291  
9705.943071  
9673.047385  
9776.449507  
9908.467884  
9912.712624  
9980.773593  
9667.33809  
9679.720015  
9781.62318  
9744.483398  
9624.859863  
9584.337757  
9528.546942  
9538.557817  
9360.138849  
9391.965621  
9419.773438  
9413.769465  
9496.030895  
9502.117853  
9623.714267  
9697.024481  
9692.004905  
9683.160489  
9643.614879  
9586.152854  
9753.56574  
9807.423651  
9793.656117  
9846.173739  
10177.29794  
10134.54017  
10099.80522  
10036.76294  
10012.37069  
10002.61617  
9935.869296  
10016.89149  
10068.16735  
10044.38472  
9965.220459  
9907.241078  
9890.663907  
9875.473433  
9890.914728  
9901.401722  
9850.949374  
9914.820623  
9820.874756  
9880.810458  
9964.481268  
10114.2223  
9917.660156  
9989.570335  
9967.49858  
9941.197421  
9901.221258  
9850.635476  
9839.849432  
9840.57302  
9874.659779  
9700.04854  
9885.682395  
9903.313321  
9930.488148  
10019.00886  
10031.26811  
10100.55344  
9972.313898  
9866.066206  
9704.287464  
9852.20348  
9865.299538  
9862.518577  
9855.784912  
9931.407604  
9898.449574  
9910.186324  
9950.591863  
9984.928445  
9972.391779  
9977.468528  
9834.794811  
9686.224099  
9704.027765  
9716.490412  
9711.45843  
9671.558128  
9845.495472  
9799.536998  
9797.366344  
9778.65767  
9730.208407  
9646.063055  
9545.567294  
9746.021906  
9927.351363  
10098.14533  
9947.135787  
9862.412398  
9894.985285  
9898.261608  
9873.884233  
9721.065385  
9740.04925  
9707.044833  
9915.999068  
9955.457675  
9857.525502  
9786.690674  
9861.356334  
9806.279585  
9831.383612  
9854.210827  
9753.336248  
9869.121915  
10033.38015  
10109.97328  
9942.348566  
9910.099165  
9837.226207  
9882.753085  
9868.966952  
9870.509011  
9772.938077  
9756.813809  
9814.716531  
9925.646751  
9856.79905  
9662.422496  
9572.444047  
9552.151523  
9667.27124  
9604.127086  
9554.77326  
9551.589267  
9481.50708  
9480.783314  
9582.479625  
9550.775257  
9605.895641  
9811.713556  
9891.760431  
10022.27228  
9938.665083  
9874.858176  
9742.824396  
9817.581188  
9864.415527  
9999.982466  
10050.69447  
9928.142911  
9832.690918  
9872.061146  
9895.934282  
9896.650368  
10035.85853  
10060.10767  
9883.176647  
9867.732733  
9946.654674  
9904.800315  
9943.336737  
9893.04834  
10026.49245  
10060.26143  
10050.57395  
9885.810392  
9888.943182  
9792.385054  
9775.642778  
9872.01214  
9949.233842  
9869.094815  
9896.100075  
9980.47583  
9953.979847  
9953.440629  
9939.328835  
10107.45113  
9816.698708  
9983.262163  
9952.858154  
9979.187633  
9954.168191  
9901.283913  
9882.256126  
9849.081277  
9872.359486  
9963.931885  
9908.78165  
9990.722878  
10065.43188  
10113.3519  
9996.338645  
10011.31237  
9799.290527  
9673.186412  
9769.623335  
9786.497159  
9746.08354  
9683.129395  
9748.109264  
9695.922275  
9740.895907  
9743.149925  
9697.196999  
9678.818426  
9656.855069  
9696.008789  
9642.602872  
9586.27164  
9452.662709  
9712.270086  
9633.662864  
9896.08212  
9692.109885  
9775.387584  
9915.639959  
9934.375488  
9886.713623  
9881.856468  
9843.699507  
9671.80957  
9749.438277  
9723.552246  
9794.928001  
9854.273571  
9883.091508  
9853.433683  
10067.92099  
9868.254128  
9638.309215  
9787.774481  
9986.953724  
9968.234686  
9852.371271  
9772.137096  
9789.262451  
9864.346391  
9708.580411  
9679.909801  
9815.561879  
9843.828258  
9689.091775  
9871.904918  
9790.19296  
9844.430953  
9915.238525  
9914.199285  
9993.965953  
10026.59024  
9940.12611  
9901.115945  
9857.762962  
9808.943248  
9780.844815  
9824.546564  
9913.827836  
9956.378329  
9839.45985  
9787.033825  
9693.901012  
9702.071156  
9737.246515  
9782.953946  
9875.160245  
9889.178755  
9846.049672  
9791.39078  
9672.898593  
9766.619762  
9770.864458  
10020.74538  
10021.29452  
10069.94505  
9925.714222  
9823.565851  
9740.18932  
9800.625444  
9765.747758  
9739.009521  
9832.545299  
9906.924139  
9973.980424  
10030.45461  
9938.764582  
9923.327748  
9870.081543  
9820.439409  
9735.510742  
9839.171964  
9854.795477  
9937.610463  
9963.476008  
9988.24474  
9917.036266  
9866.651767  
9779.271129  
9860.694669  
9723.787797  
9854.50293  
9763.962203  
9858.726585  
9876.46582  
10004.83612  
9941.535134  
9911.449929  
9863.970526  
9867.528809  
9838.544522  
9876.880194  
9900.513894  
9799.968972  
9835.782227  
9950.45166  
9943.322887  
9921.316606  
9823.670388  
9740.417259  
9823.288042  
9784.932728  
9816.205322  
9729.486794  
9784.292059  
9788.682018  
9741.042192  
9846.133567  
9872.243364  
9816.426381  
9728.182484  
9728.668302  
9740.588778  
9797.207631  
9743.424738  
9866.006925  
9851.50748  
10068.26946  
10018.59313  
10072.34082  
9937.978715  
9998.783469  
9954.011985  
9659.039395  
9825.319935  
9836.224099  
9813.353405  
9812.177779  
9810.792791  
9817.936346  
9883.913663  
9822.306197  
9818.480602  
9716.863614  
9690.775945  
9652.998557  
9679.673295  
9811.230114  
9967.264671  
10001.60156  
10049.68475  
9980.620827  
9881.773349  
9902.501909  
9955.670743  
9933.356179  
9792.705433  
9794.488881  
9745.335671  
9784.979714  
9689.070934  
9680.725142  
9836.087225  
9863.780939  
9767.135454  
9797.89664  
9731.588978  
9785.97148  
9773.53671  
9834.629395  
9789.410178  
9739.431641  
9789.088978  
9878.600164  
9889.970881  
9970.375067  
9935.253884  
9782.922186  
9692.946333  
9793.192338  
9800.743697  
9866.048673  
9915.487438  
9886.066451  
9879.822665  
9787.607799  
9861.913707  
9836.573242  
9912.791415  
9808.982644  
9790.627242  
9724.420699  
9722.618208  
9728.681996  
9728.024592  
9798.381703  
9792.56705  
9947.910334  
9994.704723  
9936.849676  
9829.441251  
9792.544944  
9832.394376  
9804.228715  
9799.268355  
9819.997825  
9842.724032  
9815.228915  
9853.733576  
9918.160334  
9911.831454  
9865.050737  
9834.069602  
9839.117987  
9790.799316  
9915.261408  
9863.753263  
9736.127597  
9754.970415  
9713.480979  
9750.853205  
9534.235951  
9806.003618  
10000.09268  
9789.224565  
9744.974987  
9821.320224  
9827.296342  
9792.578236  
9807.921276  
9845.324352  
9868.081521  
9851.153831  
9783.84082  
9867.550803  
9950.738326  
9915.303067  
9960.925493  
9934.254284  
9804.795921  
9907.102761  
9722.892489  
9972.321755  
9894.727828  
9948.837669  
9993.194203  
10035.70395  
9958.949774  
9851.448975  
9891.55522  
9923.428467  
9957.264205  
9944.492298  
9875.298051  
9961.68457  
9941.557284  
9949.116499  
9818.106845  
9741.376887  
9785.230602  
9853.987504  
9784.495295  
9882.980491  
9870.878551  
9867.646662  
9894.242765  
9932.743275  
9994.704035  
9894.271839  
9893.954967  
9820.122492  
9778.922496  
9845.369829  
9954.306951  
9823.032559  
9971.288641  
9922.297985  
9948.705433  
9824.932528  
9775.080944  
9810.004905  
9850.137607  
9869.632324  
9745.761586  
9702.908358  
9739.26001  
9571.711093  
9911.302335  
9815.621116  
9692.152188  
9658.347945  
9730.169922  
9710.801181  
9723.74019  
9558.289751  
9514.520974  
9618.183638  
9576.561501  
9764.713068  
9703.294411  
9815.56816  
9789.795099  
9729.361927  
9677.335138  
9675.19225  
9627.459761  
9676.004528  
9624.875488  
9671.39138  
10005.52246  
9951.561523  
9941.855868  
10129.09553  
10174.9992  
10202.80429  
9955.694758  
10036.7886  
9891.088201  
9766.636852  
9889.036532  
9929.663197  
10017.63517  
9955.650502  
9930.776567  
10079.22798  
9862.307262  
9856.792503  
9817.254572  
9807.212247  
9784.418923  
9872.156183  
9866.150901  
9794.518133  
9827.943315  
9945.890425  
9782.565851  
9714.080433  
9720.545566  
9841.427024  
9866.296387  
9867.243408  
9639.074596  
9943.850519  
9771.778209  
9788.940008  
9809.393999  
9822.837358  
9875.712891  
9696.33556  
9568.282404  
9467.81796  
9509.759455  
9784.622825  
9766.100297  
9805.802157  
9842.286444  
9896.016824  
9876.899947  
9815.357533  
9893.461515  
9995.344105  
10015.12882  
9892.65969  
9904.853849  
9886.656117  
9858.444513  
9961.359442  
10008.69454  
10078.79133  
10018.77765  
9897.130793  
9893.569358  
9849.784335  
10023.40563  
10033.39919  
9983.504572  
9969.088601  
10113.6369  
10023.41939  
9944.144709  
9817.780296  
9863.463135  
9842.2413  
9877.092041  
9899.441406  
9877.216131  
9966.666637  
9957.645419  
9922.523571  
9853.748735  
9796.897594  
9766.332009  
9718.134455  
9687.723322  
9723.704057  
9851.021684  
9866.157382  
9892.898149  
9855.231334  
9776.836448  
9705.961626  
9765.793746  
9717.294656  
9717.348233  
9749.130637  
9759.245761  
9825.768954  
9854.05249  
9975.204457  
9936.116278  
9795.420366  
9829.089888  
9817.061191  
9776.974987  
9878.384233  
9785.600675  
9873.664284  
9902.535245  
10020.88736  
9845.868564  
9755.774636  
9716.945512  
9804.737327  
9816.054155  
9805.085272  
9902.398105  
9908.944669  
9965.632768  
9863.570468  
9873.706743  
9810.518888  
9895.479403  
9874.660578  
9772.439786  
9749.179776  
9880.832076  
9997.453635  
9964.406827  
9727.915039  
9823.961226  
9799.171409  
9830.628374  
9818.207475  
9755.942094  
9861.38805  
9856.283936  
9929.880637  
9835.194536  
9781.944336  
9757.846946  
9708.016735  
9830.185458  
9788.288818  
9903.783691  
9896.896484  
9804.256658  
9755.202881  
9817.452592  
9813.163619  
9834.054932  
9811.501398  
9843.908913  
9804.229492  
9937.405762  
9910.511253  
9738.475164  
9743.595814  
9694.221458  
9386.290971  
9782.246382  
9804.279075  
9780.062478  
9714.759233  
9771.963113  
9779.831254  
9669.129128  
9606.119496  
9570.402588  
9643.968839  
9632.977406  
9641.175249  
9624.789751  
9660.744585  
9739.364924  
9770.816473  
9746.302934  
9778.826083  
9845.181374  
9931.284624  
9637.238925  
9856.820224  
9820.359064  
9785.895153  
9787.415816  
9779.886053  
9800.746094  
9746.09517  
9746.168524  
9692.161577  
9627.537797  
10022.92474  
9966.547075  
9987.465487  
10052.90487  
10067.94869  
10038.05407  
10126.41606  
10122.40194  
9997.031117  
10238.05637  
10176.52712  
10097.16499  
10033.81359  
10039.34797  
10090.39702  
10078.8758  
10077.64014  
10060.23846  
10211.48047  
10072.45841  
10148.90412  
9838.061301  
9498.034668  
9848.474787  
9869.708984  
9810.266912  
9803.53145  
9785.916171  
9882.001953  
9692.702526  
9674.324352  
9669.746493  
9626.362593  
9869.976052  
9881.502441  
9808.639205  
9673.852717  
9736.098921  
9666.975297  
9756.956055  
9799.923007  
9786.038485  
9940.095614  
9991.169367  
9872.865257  
9744.519642  
9848.537265  
9755.2678  
9843.290328  
9896.232444  
9980.637207  
9970.602428  
10046.7892  
9879.73979  
10041.44607  
9965.878507  
9948.993519  
9929.084406  
9906.179266  
10068.19203  
9891.339688  
9838.986594  
9682.333829  
9551.949996  
9623.234109  
9845.593129  
9722.160667  
9887.213601  
9742.212757  
9877.7498  
9962.802646  
9910.982599  
9761.57029  
9568.50506  
9890.917791  
9936.83394  
9907.781938  
9842.473544  
9983.81432  
9973.899703  
9872.823042  
9832.026412  
9777.339156  
9853.853205  
9872.629483  
9907.240745  
9910.200994  
9944.546409  
9876.430642  
9852.076926  
9772.960782  
9737.086248  
9631.629261  
9685.26436  
9670.427512  
9829.985507  
9725.147061  
9876.063454  
9895.371205  
9735.904452  
9797.048584  
9730.62733  
9715.279297  
9706.658869  
9743.20237  
9835.23635  
9803.977051  
9745.254306  
9682.261341  
9780.378107  
9712.153653  
9739.506325  
9739.171786  
9817.998402  
9739.865257  
9939.156294  
9766.633079  
9809.250732  
9839.148371  
9861.879261  
9792.069225  
9850.24363  
10029.80944  
9916.686102  
9718.252308  
9763.000067  
9789.029319  
9931.657093  
9794.502752  
9753.058017  
9876.166304  
9769.41444  
9934.352362  
9826.547519  
9765.482733  
9723.369363  
9738.487882  
9792.584939  
9970.858221  
10093.39138  
9967.585516  
9838.336603  
9867.959251  
9865.081787  
9927.054554  
9873.722346  
10058.19376  
10114.36657  
10058.83987  
9934.39553  
9878.788574  
9921.765936  
9960.175559  
9908.494718  
9887.893688  
9945.899614  
9855.89786  
9950.62247  
9815.581654  
9759.904807  
9806.475985  
9797.194802  
9783.609619  
9793.928112  
9875.289129  
9815.738081  
9738.115301  
9626.453258  
9625.925892  
9771.036399  
9687.635099  
9833.08283  
9832.009144  
10076.72954  
9892.193714  
9848.152965  
9949.124268  
9824.77528  
9938.450306  
9840.120273  
9782.445534  
9904.272905  
9927.231556  
9857.679155  
9721.12844  
9781.518932  
9760.968617  
9884.280096  
9800.03833  
9846.600098  
9980.697665  
9885.077681  
9778.869673  
9809.55178  
9656.481001  
9814.791326  
9754.157005  
9754.316606  
9989.720614  
9955.367565  
9972.730025  
9918.86721  
9814.197399  
9830.87915  
9814.627885  
9698.699197  
9797.161688  
9858.418324  
9987.472079  
9900.056308  
9811.871937  
9775.02215  
9814.511164  
9907.003662  
9846.117476  
9804.286222  
10042.5799  
9928.46582  
9933.453036  
9859.418857  
9913.324308  
9817.957209  
9856.808794  
9783.849188  
9845.366056  
9857.390403  
9877.717418  
9829.540971  
9793.592063  
9740.373713  
9724.01254  
9762.558816  
9817.156738  
9895.120406  
9985.682906  
9899.795943  
9913.297141  
9803.82757  
9854.475475  
9756.649658  
9834.916615  
9902.774458  
9983.017134  
9848.225741  
9463.554732  
9712.388583  
9787.467529  
9786.935769  
9745.449818  
9771.312811  
9827.703214  
9813.201438  
9766.477983  
9711.37267  
9656.339888  
9611.496671  
9769.711448  
9846.874001  
9911.774547  
9862.294101  
9821.089711  
9787.923406  
9770.658913  
9712.536643  
9740.27377  
9818.076682  
9874.270663  
9938.490856  
9909.733709  
9912.638139  
9767.979159  
9866.189409  
9855.933993  
9910.238881  
9872.211048  
10136.63699  
10080.19755  
9915.157293  
9860.628351  
9890.660289  
9772.152233  
9830.392401  
9861.38501  
9924.966064  
9899.57231  
9833.973411  
9991.340598  
9817.679399  
9829.644442  
9689.84173  
9781.354359  
9826.098699  
9784.765137  
9811.930331  
9807.646262  
9891.52104  
9983.591175  
9885.674738  
9846.496848  
9777.015092  
9816.64169  
9860.053489  
9750.794678  
9888.680753  
9961.800382  
10011.27734  
9863.297474  
9845.686412  
9814.906716  
9888.815518  
9788.870827  
9856.005571  
9728.789817  
9818.137984  
9799.275857  
9630.44771  
