9747.268336  
9690.402932  
9761.500384  
9653.435232  
9685.831526  
9710.669157  
9767.874568  
9743.355006  
9768.47329  
9764.912603  
9814.195532  
9486.414492  
9199.730239  
9935.725197  
9833.906143  
9961.566046  
9874.345528  
9877.979071  
9888.572641  
9855.325065  
9936.297928  
9969.431201  
9945.32251  
9895.622578  
9797.735057  
9830.015262  
9746.110968  
9814.118794  
9762.753916  
9819.088493  
9824.170059  
9671.136791  
9652.479991  
9616.369086  
9612.414142  
9645.76097  
9541.892249  
9645.905784  
9725.712043  
9830.282041  
9830.172665  
9898.768669  
9840.116643  
9777.430117  
9808.958086  
9829.619715  
9832.390814  
9946.410753  
9829.627972  
9869.426052  
9849.886912  
9925.823021  
9793.55192  
9794.563268  
9742.971194  
9710.8898  
9692.877484  
9702.006955  
9715.811029  
9671.867824  
9821.26342  
9648.664589  
9657.603981  
9729.394683  
9591.899102  
9640.472392  
9594.452966  
9721.173272  
9747.174275  
9758.074662  
9770.68813  
9834.584812  
9768.968205  
9746.269742  
9742.935588  
9873.682072  
9786.200934  
9789.595534  
9865.659585  
9873.52543  
9817.307547  
9828.78823  
9871.679603  
9923.696415  
9795.163253  
9808.864808  
9787.857295  
9817.627199  
9782.160942  
9757.044547  
9755.235738  
9757.083792  
9749.776452  
9799.288845  
9809.792534  
9808.141967  
9702.326281  
9712.893161  
9742.799249  
9733.047673  
9677.639876  
9651.997838  
9663.607063  
9676.707952  
9719.715861  
9724.624048  
9778.527759  
9860.865175  
9840.609703  
9815.729614  
9856.326119  
9759.573823  
9795.018216  
9835.316046  
9828.259948  
9770.534968  
9796.914682  
9808.357666  
9748.055497  
9757.427367  
9698.079559  
9782.702221  
9669.734301  
9663.221037  
9774.36569  
9669.207662  
9735.788592  
9709.238795  
9687.818401  
9634.660859  
9697.437378  
9732.963412  
9713.494993  
9741.045636  
9707.042598  
9836.712049  
9773.6438  
9848.425807  
9776.735922  
9827.333739  
9799.932677  
9868.612151  
9800.006107  
9687.126436  
9714.623206  
9686.875634  
9648.894782  
9640.705149  
9684.385866  
9706.587367  
9684.676537  
9720.061713  
9728.799312  
9810.5851  
9780.438427  
9766.182023  
9761.602894  
9800.591581  
9824.850153  
9854.734004  
9867.077335  
9859.63531  
9858.117841  
9844.670954  
9798.089616  
9824.574254  
9722.099909  
9730.421603  
9822.352923  
9711.372959  
9727.364088  
9766.986443  
9715.764532  
9768.227191  
9752.702582  
9807.461793  
9767.80904  
9701.962778  
9735.315345  
9741.64649  
9776.943823  
9754.914487  
9872.867091  
9821.771572  
9865.419855  
9902.843831  
9782.499506  
9807.192659  
9830.754806  
9712.153848  
9739.541634  
9804.114729  
9713.721391  
9764.004779  
9722.208532  
9803.8441  
9762.529256  
9751.605204  
9717.582876  
9672.593239  
9701.415776  
9677.816689  
9718.600917  
9722.138884  
9737.798758  
9778.535905  
9755.167454  
9792.699744  
9799.40061  
9750.59831  
9787.328282  
9779.374632  
9764.562202  
9806.196932  
9830.885915  
9865.666698  
9851.780341  
9806.122374  
9736.754693  
9659.647376  
9720.38754  
9628.722493  
9654.606185  
9677.199245  
9646.947307  
9600.446889  
9620.715148  
9654.152876  
9776.067636  
9720.166774  
9730.122097  
9700.855771  
9651.369523  
9711.85007  
9801.266694  
9752.368234  
9885.343863  
9865.005326  
9818.775084  
9886.23435  
9800.448639  
9754.634108  
9774.523995  
9791.914197  
9758.666911  
9835.327026  
9855.120796  
9822.808847  
9786.265151  
9740.991481  
9800.70686  
9770.466448  
9819.57106  
9838.37349  
9805.362048  
9800.723665  
9751.433845  
9839.202497  
9739.084139  
9828.727419  
9877.66472  
9901.074132  
9845.444684  
9761.385911  
9781.723268  
9767.997678  
9829.424043  
9781.590647  
9787.443774  
9848.158348  
9819.671047  
9716.757559  
9707.635089  
9776.15498  
9694.357726  
9682.885666  
9792.334448  
9686.563529  
9812.009354  
9750.684495  
9814.69559  
9799.499373  
9640.974841  
9630.611345  
9560.090231  
9550.508471  
9603.958689  
9629.794266  
9644.699238  
9662.384905  
9736.100518  
9787.966651  
9798.135467  
9760.393732  
9794.886951  
9790.923346  
9854.936314  
9826.33158  
9869.073406  
9824.192784  
9858.933242  
9813.108143  
9782.495931  
9801.234872  
9725.813742  
9750.158698  
9757.478118  
9840.607572  
9775.840105  
9797.01743  
9822.630548  
9730.056476  
9779.965943  
9881.195293  
9748.851164  
9744.493156  
9816.811847  
9842.29668  
9777.536486  
9763.624294  
9777.719353  
9738.464729  
9771.164587  
9825.909222  
9803.749783  
9788.933986  
9811.340259  
9825.574462  
9802.870468  
9861.046005  
9797.431748  
9861.448892  
9866.311693  
9891.121721  
9824.116161  
9726.752467  
9693.809087  
9652.273798  
9712.378287  
9625.971864  
9654.245605  
9655.419185  
9735.942684  
9754.097153  
9787.335625  
9797.316711  
9729.293748  
9697.51762  
9685.754595  
9700.994108  
9706.575871  
9772.72536  
9749.772295  
9719.321866  
9683.158345  
9715.221156  
9792.921682  
9731.684622  
9729.080661  
9666.028  
9620.83278  
9699.211484  
9730.654793  
9757.08602  
9729.244072  
9651.616094  
9609.490734  
9563.228577  
9589.513016  
9665.501186  
9615.303385  
9604.555927  
9684.653836  
9668.632499  
9727.419042  
9724.80173  
9808.341554  
9781.567502  
9830.321176  
9922.55722  
9877.470605  
9854.833083  
9820.283684  
9770.702495  
9798.046113  
9814.860081  
9764.459357  
9806.877864  
9847.381504  
9836.246576  
9783.646203  
9821.438479  
9834.614447  
9826.5035  
9838.956973  
9777.410209  
9839.217056  
9821.779343  
9927.769041  
9927.751932  
9855.916191  
9918.417838  
9893.174258  
9846.560842  
9848.934985  
9789.125499  
9856.174696  
9888.143085  
9829.380355  
9847.454196  
9899.671465  
9810.608296  
9766.865728  
9798.565423  
9715.225579  
9657.119769  
9694.368951  
9697.588295  
9697.961626  
9733.302751  
9759.387594  
9822.685907  
9819.36301  
9757.213248  
9790.883808  
9704.262619  
9724.570792  
9677.694962  
9714.592038  
9638.4157  
9688.46179  
9718.806664  
9823.022391  
9709.207186  
9698.757423  
9748.479359  
9696.403529  
9632.463029  
9406.995346  
9727.633912  
9629.279264  
9633.408719  
9689.213259  
9686.660873  
9733.348964  
9835.363  
9792.846591  
9811.397273  
9850.943358  
9803.447658  
9853.841109  
9861.476435  
9769.272332  
9738.290635  
9856.656511  
9792.542141  
9819.355051  
9828.715582  
9805.097846  
9895.101439  
9848.923222  
9886.319249  
9874.610136  
9847.124949  
9861.170809  
9829.04284  
9782.400034  
9766.202266  
9754.509767  
9776.120544  
9728.382656  
9781.424479  
9791.050374  
9838.206819  
9837.884761  
9920.665232  
9812.313953  
9854.479443  
9797.111379  
9650.043809  
9631.290759  
9613.291792  
9603.166111  
9597.434772  
9678.802011  
9661.871029  
9651.774912  
9701.470543  
9759.57761  
9804.351209  
9853.660215  
9760.059952  
9778.846759  
9745.365906  
9780.939543  
9864.524342  
9829.327801  
9807.020171  
9769.012662  
9861.996342  
9822.916803  
9867.278845  
9735.522916  
9718.821717  
9754.699235  
9706.268247  
9610.064103  
9539.558868  
9535.232299  
9553.062223  
9599.381334  
9615.247911  
9729.358463  
9707.5719  
9748.615658  
9774.833918  
9815.299008  
9806.294044  
9802.941785  
9888.777816  
9820.597231  
9814.672594  
9843.88639  
9838.098663  
9881.27902  
9842.676918  
9902.36128  
9913.837792  
9875.259406  
9878.752119  
9861.214997  
9874.43582  
9896.730753  
9772.141311  
9730.551266  
9652.1702  
9684.454794  
9689.767304  
9655.457022  
9648.429619  
9642.667514  
9749.750427  
9778.80824  
9766.294619  
9836.689136  
9883.38952  
9806.14214  
9710.031166  
9629.682603  
9673.899039  
9673.337061  
9732.5009  
9712.632695  
9680.090526  
9660.674493  
9651.421964  
9652.102219  
9720.235483  
9771.503098  
9808.659035  
9831.583288  
9743.378723  
9745.97189  
9746.721085  
9757.845448  
9687.701557  
9770.158133  
9823.545506  
9703.770679  
9660.616947  
9673.554563  
9676.311352  
9708.942279  
9724.461967  
9787.632051  
9735.953578  
9787.048839  
9795.990619  
9899.018219  
9921.206028  
9873.347309  
9915.366186  
9831.771075  
9829.268301  
9888.835415  
9893.455793  
9943.982845  
9932.004786  
9845.761894  
9703.586363  
9617.382101  
9638.376671  
9607.091205  
9609.161835  
9653.177654  
9703.68087  
9535.657298  
9795.895255  
9884.447221  
9864.374892  
9796.891569  
9709.854637  
9724.218526  
9771.030772  
9791.778577  
9818.834493  
9813.818859  
9868.920262  
9867.533196  
9837.190993  
9812.805094  
9761.851027  
9792.906806  
9798.494009  
9821.107862  
9763.17513  
9738.213514  
9718.133098  
9690.060514  
9664.832198  
9752.066861  
9627.364112  
9628.701877  
9706.207591  
9710.160295  
9716.49823  
9776.752803  
9879.773731  
9828.40424  
9876.631108  
9870.226121  
9850.313798  
9910.782534  
9843.838536  
9895.028225  
9812.184317  
9792.51607  
9909.283845  
9823.776101  
9884.169954  
9907.246604  
9941.28197  
10005.89125  
9847.160268  
9704.651206  
9654.074811  
9566.204131  
9579.62949  
9609.265294  
9617.157072  
9618.024291  
9711.89772  
9770.246895  
9700.41632  
9499.667297  
9593.273539  
9613.189037  
9610.458141  
9599.334201  
9544.253395  
9316.216756  
9868.924375  
9764.27618  
9792.732956  
9747.076948  
9934.186983  
9891.98804  
9922.236491  
9874.468723  
9835.12328  
9900.089541  
9826.627074  
9872.917972  
9898.571405  
9859.480878  
9824.784249  
9763.665183  
9793.004722  
9789.806381  
9881.761944  
9777.881021  
9784.51698  
9814.823986  
9799.261533  
9682.735762  
9698.182303  
9671.689988  
9832.697747  
9769.853119  
9782.433065  
9771.600117  
9733.629243  
9689.988194  
9731.998518  
9726.614367  
9747.033568  
9863.037184  
9855.293159  
9763.105569  
9790.982041  
9730.544946  
9697.815414  
9614.901936  
9609.273251  
9671.288854  
9697.065102  
9724.764149  
9731.910629  
9809.194756  
9867.904766  
9814.857549  
9794.511014  
9783.159136  
9752.184374  
9769.624622  
9834.767228  
9868.197458  
9820.366784  
9832.293605  
9852.244918  
9861.112235  
9848.5552  
9910.034434  
9828.102552  
9725.88558  
9701.257129  
9693.05289  
9769.386903  
9781.140754  
9846.03388  
9772.374437  
9755.589477  
9736.678051  
9699.804386  
9537.132936  
9667.353268  
9546.951125  
9591.549615  
9588.421917  
9680.391744  
9594.430362  
9607.223008  
9605.096575  
9628.083958  
9658.758232  
9691.82951  
9609.434351  
9594.503126  
9586.154497  
9688.075871  
9746.435998  
9747.267028  
9850.132589  
9822.930959  
9797.841711  
9764.541802  
9770.120965  
9815.441798  
9817.751582  
9843.450393  
9872.930794  
9893.276735  
9865.121105  
9815.64644  
9790.281425  
9750.126694  
9722.718297  
9773.498153  
9835.270661  
9919.556732  
9870.897814  
9864.202685  
9838.67865  
9869.232271  
9852.918382  
9814.774512  
9808.312679  
9804.012764  
9759.809584  
9816.306834  
9825.950502  
9834.134824  
9841.133751  
9837.791098  
9833.486818  
9868.437113  
9762.188884  
9739.787211  
9719.96199  
9693.653867  
9701.128968  
9725.000393  
9803.935664  
9766.108095  
9836.017021  
9886.563788  
9846.020948  
9925.252762  
9904.850824  
9897.602103  
9916.760837  
9874.08194  
9875.488534  
9846.851468  
9863.040083  
9793.118072  
9774.154193  
9700.189403  
9682.769685  
9630.75955  
9697.649357  
9677.952577  
9733.843274  
9709.129506  
9720.711553  
9656.84303  
9615.359068  
9582.654522  
9552.980896  
9602.868465  
9639.809821  
9683.011  
9724.609416  
9696.616659  
9759.873553  
9713.139338  
9766.724602  
9879.470242  
9812.356702  
9786.344032  
9804.699196  
9828.556613  
9867.553754  
9821.360506  
9757.793022  
9766.662183  
9795.196181  
9823.590825  
9894.190979  
9775.526264  
9733.705882  
9796.887634  
9830.330093  
9857.084333  
9884.3616  
9913.141493  
9841.621624  
9809.919696  
9778.722501  
9783.122585  
9776.348249  
9763.876331  
9692.765118  
9672.587771  
9724.154861  
9739.385336  
9859.169154  
9768.868837  
9762.508948  
9778.047658  
9767.101126  
9757.288709  
9673.616847  
9615.66213  
9659.372895  
9597.280042  
9623.094916  
9646.167268  
9712.830018  
9735.93721  
9804.058103  
9719.249782  
9772.559803  
9798.727353  
9838.233345  
9810.537296  
9724.111164  
9719.134232  
9734.563723  
9769.759351  
9765.970123  
9814.689906  
9815.358994  
9800.784717  
9710.820219  
9625.734681  
9586.664461  
9587.326691  
9630.056768  
9708.683541  
9764.274643  
9796.883003  
9877.438738  
9864.306058  
9806.945994  
9750.748441  
9849.941619  
9810.667839  
9784.623406  
9792.742135  
9829.740677  
9808.858901  
9645.532074  
9597.792957  
9563.211583  
9580.91783  
9583.339161  
9634.137196  
9565.062466  
9583.389181  
9631.456922  
9690.323473  
9770.013668  
9789.369339  
9795.130776  
9917.776045  
9938.841167  
9882.493725  
9796.519761  
9778.257327  
9796.832362  
9859.324679  
9848.694476  
9824.51087  
9822.341306  
9948.0562  
9890.15578  
9871.211021  
9905.389408  
9885.663921  
9916.347513  
9871.372043  
9852.931566  
9849.780045  
9866.564925  
9767.191864  
9835.367579  
9773.407915  
9762.278716  
9770.031825  
9772.225419  
9763.118071  
9660.270391  
9677.436386  
9646.571822  
9660.039608  
9691.993278  
9679.140478  
9681.822135  
9728.953414  
9769.251516  
9844.30771  
9902.521548  
9804.696302  
9715.978193  
9770.236865  
9730.463571  
9792.754019  
9749.007086  
9755.133095  
9769.890346  
9691.699649  
9668.525615  
9612.755132  
9603.546572  
9680.384452  
9628.569328  
9668.139146  
9720.280723  
9773.633189  
9786.8794  
9789.633037  
9894.900637  
9853.352374  
9726.737583  
9738.520684  
9727.938902  
9759.566984  
9734.409474  
9772.583019  
9789.729366  
9766.136857  
9681.040007  
9584.443279  
9601.164314  
9593.118022  
9579.539082  
9609.698235  
9709.423685  
9697.576594  
9660.123082  
9679.045156  
9748.443967  
9816.761838  
9827.271354  
9859.464359  
9828.033834  
9819.984345  
9780.398833  
9802.079132  
9820.309254  
9846.69569  
9854.588363  
9866.654845  
9926.846263  
9828.257117  
9893.593332  
9884.466543  
9895.674709  
9880.073904  
9895.983637  
9938.538901  
9977.056978  
9866.542719  
9808.559571  
9800.593489  
9759.009291  
9730.043611  
9761.521086  
9771.10144  
9828.641903  
9911.461288  
9814.009073  
9799.691146  
9841.932822  
9970.368806  
9895.904815  
9856.35854  
9695.680974  
9738.428091  
9682.75692  
9673.40112  
9692.082647  
9684.582408  
9686.863384  
9627.498326  
9696.409927  
9719.061295  
9699.197418  
9574.643076  
9550.128403  
9657.464005  
9549.467449  
9644.570456  
9644.865697  
9666.162912  
9732.450857  
9747.622198  
9770.950845  
9550.351206  
9847.479324  
9888.829757  
9917.492529  
9886.985304  
9813.578118  
9829.050401  
9917.660966  
9844.20116  
9843.162252  
9798.252859  
9834.349323  
9753.759986  
9724.150985  
9721.630845  
9745.177652  
9753.050286  
9806.176445  
9805.618707  
9935.457268  
9840.102145  
9839.300281  
9809.098881  
9788.484951  
9850.26606  
9797.334888  
9745.578351  
9791.892263  
9746.11276  
9757.654488  
9727.656368  
9756.057908  
9744.672961  
9778.455343  
9781.010695  
9795.195951  
9703.181664  
9672.897639  
9813.712968  
9832.245106  
9779.601191  
9693.188864  
9695.60256  
9684.458344  
9719.121299  
9734.208807  
9796.092754  
9885.688259  
9842.308965  
9657.050278  
9647.551431  
9657.75643  
9701.03896  
9665.406062  
9736.660154  
9700.510529  
9708.414389  
9719.12852  
9869.807288  
9793.053291  
9832.269713  
9800.55727  
9818.913817  
9775.344184  
9779.652629  
9850.306852  
9705.36676  
9658.926899  
9780.998043  
9722.014276  
9731.846398  
9710.246188  
9723.991038  
9708.277419  
9730.451458  
9831.715325  
9784.183268  
9794.481247  
9890.62118  
9858.874305  
9844.968831  
9811.41464  
9848.042845  
9753.424374  
9744.731677  
9737.015618  
9714.960384  
9710.830062  
9797.259847  
9746.296904  
9819.664867  
9756.669472  
9879.31703  
9868.954781  
9795.073106  
9866.464645  
9821.741181  
9770.468488  
9749.98716  
9776.127967  
9772.981221  
9826.007956  
9775.403293  
9752.329348  
9771.227279  
9629.018819  
9638.48379  
9655.198647  
9606.685382  
9639.094739  
9657.585544  
9700.06161  
9777.145354  
9726.937721  
9834.283996  
9746.428786  
9795.409016  
9859.299884  
9867.305894  
9878.825449  
9771.822467  
9755.660749  
9758.160895  
9751.90665  
9774.99965  
9781.986903  
9818.610847  
9728.991462  
9763.13653  
9819.609712  
9728.747148  
9678.929062  
9695.673405  
9731.643598  
9662.835513  
9656.62267  
9754.940679  
9737.325332  
9805.207359  
9698.764872  
9787.56452  
9791.172314  
9818.748596  
9777.133434  
9893.945562  
9824.315421  
9842.264458  
9745.26694  
9715.949243  
9734.287651  
9684.811109  
9704.188075  
9712.104002  
9774.441198  
9784.483612  
9780.282612  
9799.27996  
9822.422015  
9822.031936  
9764.870752  
9815.927915  
9752.195347  
9575.010959  
9758.561003  
9587.690473  
9628.454641  
9614.016576  
9662.779591  
9649.213015  
9747.892324  
9746.228436  
9763.536808  
9839.193372  
9715.725348  
9705.594715  
9819.583352  
9745.862466  
9785.030914  
9843.304768  
9836.343253  
9806.718313  
9776.374761  
9833.921805  
9796.801429  
9786.088479  
9857.374497  
9785.550061  
9777.669586  
9807.086925  
9798.894966  
9890.28598  
9838.411724  
9848.782695  
9805.283367  
9824.557117  
9816.589808  
9847.042499  
9793.285726  
9777.02423  
9769.739033  
9769.083044  
9804.742759  
9835.629747  
9818.416464  
9821.39976  
9808.871087  
9809.409683  
9861.035277  
9803.120006  
9873.2809  
9790.456122  
9822.263766  
9763.037406  
9766.55363  
9718.501898  
9751.364297  
9740.417736  
9632.021523  
9563.276972  
9541.330864  
9527.023462  
9573.157259  
9635.362347  
9678.976083  
9659.013689  
9691.34884  
9748.209209  
9808.194246  
9775.160184  
9797.269429  
9863.613523  
9812.541323  
9776.565689  
9740.134773  
9766.478332  
9745.604676  
9762.049774  
9750.045151  
9804.927115  
9828.085306  
9829.930879  
9802.818239  
9789.807013  
9746.768934  
9598.392469  
9813.971432  
9746.031439  
9768.160387  
9825.069402  
9796.990135  
9752.521604  
9733.158957  
9746.932239  
9618.598365  
9712.970072  
9693.316528  
9718.338282  
9720.178255  
9633.045746  
9657.082167  
9705.26863  
9701.678618  
9716.823463  
9607.543302  
9620.708599  
9650.790534  
9787.131541  
9708.664383  
9754.560926  
9747.199482  
9753.163153  
9771.234732  
9728.591598  
9741.824264  
9789.808741  
9790.038318  
9824.364614  
9790.97276  
9803.264687  
9823.380244  
9841.452225  
9878.015141  
9830.199426  
9863.987567  
9790.285734  
9771.265093  
9806.129421  
9862.033593  
9868.292992  
9881.643924  
9867.039808  
9838.015776  
9793.119067  
9789.929308  
9803.570482  
9776.979237  
9811.80117  
9833.389152  
9814.886824  
9886.049404  
9860.202725  
9873.353862  
9868.442217  
9910.349365  
9876.941263  
9768.946333  
9716.871611  
9794.845977  
9791.350668  
9717.192538  
9696.144193  
9593.867934  
9634.536552  
9598.197175  
9621.116598  
9602.28039  
9591.300025  
9682.213553  
9688.751137  
9757.155961  
9735.400281  
9789.417604  
9928.832375  
9894.750502  
9822.004659  
9764.107141  
9718.20998  
9714.828621  
9719.824129  
9737.852199  
9750.451845  
9723.791123  
9641.112554  
9703.762018  
9549.024967  
9621.165559  
9639.713663  
9741.02725  
9717.711109  
9709.725858  
9729.385019  
9800.588328  
9769.926434  
9772.887984  
9809.331052  
9840.12672  
9862.436815  
9820.753406  
9954.102685  
9909.79153  
9912.150246  
9846.8519  
9882.038315  
9835.460744  
9878.096552  
9909.052564  
9949.207184  
9953.984384  
9934.065508  
9886.445698  
9805.392615  
9810.154846  
9798.647889  
9795.514233  
9777.463687  
9759.506631  
9745.9811  
9779.641583  
9718.525984  
9695.479815  
9700.339869  
9750.466512  
9790.531757  
9753.880663  
9658.885991  
9604.962563  
9597.135915  
9660.720012  
9614.539508  
9674.734296  
9656.48719  
9714.671253  
9717.326393  
9771.757488  
9823.515456  
9842.611256  
9790.074985  
9814.73721  
9912.640648  
9840.246814  
9908.579877  
9842.561653  
9812.338444  
9869.065134  
9871.327283  
9827.453985  
9899.707459  
9856.714428  
9841.795226  
9804.449812  
9787.473038  
9807.206248  
9778.916811  
9759.551361  
9742.961817  
9724.338452  
9673.279301  
9588.697306  
9544.206814  
9569.143122  
9547.846259  
9603.703191  
9679.082596  
9720.72708  
9780.989389  
9807.042125  
9726.361936  
9758.516849  
9766.022852  
9728.999165  
9750.397339  
9698.296238  
9774.065058  
9741.779905  
9765.194128  
9758.019033  
9700.269947  
9669.492965  
9677.221674  
9612.809184  
9654.980373  
9670.107028  
9676.012268  
9686.090978  
9843.382224  
9763.066793  
9793.18155  
9805.939466  
9851.058323  
9955.601738  
9901.756031  
9809.036348  
9809.113918  
9707.417699  
9814.73403  
9743.21072  
9769.034811  
9817.39678  
9834.94504  
9793.236424  
9776.887702  
9750.123304  
9678.038417  
9659.551758  
9704.694128  
9767.353846  
9758.28699  
9752.880216  
9803.076128  
9754.833361  
9695.28495  
9717.657381  
9703.826172  
9707.061055  
9751.496745  
9767.300387  
9740.086211  
9748.997327  
9865.57209  
9881.867013  
9825.840901  
9824.938497  
9806.447849  
9793.712735  
9820.36294  
9848.974807  
9843.163029  
9841.074803  
9878.331408  
9829.446372  
9781.888625  
9707.222501  
9683.88997  
9610.887582  
9643.969669  
9635.625615  
9614.52624  
9633.003978  
9709.368894  
9686.652076  
9726.646303  
9756.162722  
9817.79817  
9899.527706  
9859.44127  
9869.939643  
9865.287184  
9871.757477  
9882.856298  
9851.655922  
9863.993861  
9753.150484  
9742.844595  
9691.028191  
9666.453397  
9690.071594  
9730.189721  
9796.51147  
9780.681373  
9832.918267  
9860.743898  
9791.508851  
9729.303405  
9652.72251  
9668.868523  
9706.931249  
9716.920084  
9704.911446  
9772.254263  
9786.96333  
9813.748695  
9786.404985  
9829.428643  
9879.01044  
9859.493942  
9859.665462  
9832.933173  
9850.859713  
9848.519678  
9854.519596  
9881.345307  
9909.541951  
9865.494158  
9713.346809  
9684.876487  
9687.600863  
9699.13444  
9754.926343  
9719.372837  
9775.616597  
9774.08985  
9765.968277  
9848.055781  
9760.646771  
9835.091163  
9788.768824  
9790.781061  
9778.916685  
9768.624304  
9700.878166  
9643.298948  
9666.076182  
9657.787216  
9672.027453  
9716.612503  
9759.102031  
9786.854387  
9770.55002  
9790.077346  
9814.065833  
9761.6997  
9766.768383  
9766.520311  
9785.933458  
9737.643517  
9650.588064  
9596.253341  
9572.78135  
9568.152057  
9616.191992  
9655.339795  
9627.169347  
9632.86909  
9687.161855  
9693.581958  
9750.982384  
9770.612821  
9803.238451  
9914.154023  
9856.972316  
9840.521001  
9804.01763  
9814.078114  
9810.837174  
9739.204222  
9679.63863  
9778.932659  
9756.153996  
9841.803237  
9805.765167  
9773.148483  
9761.031886  
9803.108985  
9829.892705  
9819.357388  
9824.881176  
9807.157156  
9689.074529  
9633.120465  
9660.361572  
9654.582211  
9624.858464  
9632.931491  
9566.473725  
9610.365191  
9561.087665  
9624.474261  
9648.850257  
9716.810919  
9803.241553  
9773.754882  
9775.439838  
9667.603427  
9767.227274  
9812.42813  
9746.910936  
9784.241572  
9747.610908  
9786.744962  
9753.037762  
9829.456239  
9834.0366  
9836.462501  
9796.873166  
9813.719417  
9853.042466  
9905.26518  
9922.107403  
