8353.848726  
8235.878124  
8145.903572  
8294.10646  
8275.150118  
8274.36242  
8274.676076  
8320.408641  
8291.420331  
8242.288739  
8267.351354  
8029.854787  
7480.833431  
8403.990112  
8268.471249  
8316.175322  
8224.733686  
8303.540843  
8324.003533  
8281.070334  
8349.688994  
8379.815789  
8340.024651  
8326.71661  
8295.145594  
8288.8396  
8269.155396  
8267.817957  
8088.208712  
8311.970229  
8170.390855  
8348.474731  
8305.039479  
8265.386898  
8287.131132  
8225.286556  
8225.255709  
8155.204051  
8275.149809  
8186.773603  
8298.503159  
8220.876415  
8237.985754  
8248.18289  
8180.676722  
8267.153112  
8272.745426  
8295.201689  
8281.899041  
8288.350701  
8334.797686  
8361.138916  
8319.494263  
8355.431641  
8324.109612  
8280.100342  
8286.864703  
8271.804458  
8290.694767  
8308.104858  
8307.118308  
8214.580983  
8235.193087  
8284.166935  
8206.264964  
8221.28204  
8277.019754  
8189.979815  
8228.83415  
8254.876063  
8177.00787  
8238.63432  
8236.398035  
8241.983707  
8304.566543  
8216.285946  
8238.464829  
8276.718197  
8336.41356  
8337.367568  
8269.228042  
8265.60549  
8222.563441  
8179.66068  
8240.845696  
8279.890359  
8276.011525  
8291.026834  
8261.39894  
8250.748291  
8198.656386  
8282.224854  
8306.796028  
8309.089743  
8297.92301  
8305.219152  
8335.580782  
8224.330581  
8329.375625  
8292.044771  
8216.221227  
8236.093003  
8153.662059  
8138.588451  
8131.044771  
8180.452852  
8217.304163  
8263.418637  
8187.771413  
8241.341847  
8311.729262  
8287.710413  
8300.158713  
8221.589162  
8271.337697  
8207.392377  
8132.467256  
8254.895429  
8284.277581  
8236.729384  
8282.867762  
8148.031329  
8302.855699  
8151.821548  
8217.934685  
8204.079173  
8180.579518  
8235.829705  
8163.456521  
8187.616039  
8273.518404  
8214.233851  
8198.957218  
8238.330466  
8184.800149  
8199.472584  
8225.630579  
8249.130881  
8331.079597  
8298.189906  
8392.652344  
8295.744385  
8307.232609  
8261.935339  
8249.799632  
8303.719712  
8271.793357  
8223.730469  
8268.491441  
8262.331435  
8238.463989  
8224.140058  
8276.852891  
8234.717651  
8244.585794  
8166.188182  
8246.024364  
8143.237463  
8155.864466  
8184.277114  
8270.122437  
8316.373614  
8253.753569  
8307.071167  
8269.997738  
8251.994349  
8239.654232  
8253.134536  
8288.433213  
8242.145249  
8148.027495  
8231.607594  
8256.222886  
8303.972807  
8259.9171  
8208.897942  
8200.648962  
8167.481984  
8224.351749  
8231.963602  
8203.524479  
8177.711914  
8165.471701  
8264.743013  
8262.123119  
8228.954626  
8299.095825  
8401.669706  
8320.566054  
8296.71992  
8338.805635  
8366.381075  
8257.4687  
8307.304364  
8290.632891  
8293.293586  
8248.097067  
8287.767097  
8242.245347  
8269.759227  
8237.979212  
8240.697108  
8196.54108  
8183.7472  
8238.995512  
8275.908835  
8228.499074  
8295.49404  
8259.934297  
8279.935841  
8238.157507  
8194.800214  
8273.457362  
8287.13995  
8334.383114  
8307.693876  
8272.851728  
8242.274199  
8310.368064  
8323.844999  
8354.569106  
8241.874375  
8305.847125  
8265.306447  
8228.969569  
8126.079231  
8175.605246  
8253.933271  
8159.703362  
8165.730627  
8200.956019  
8136.892679  
8226.140726  
8161.505867  
8175.112154  
8154.13687  
8276.019969  
8342.265101  
8322.962474  
8326.715239  
8234.774536  
8247.332993  
8249.460736  
8203.556432  
8230.269883  
8145.315624  
8251.421839  
8193.291497  
8235.59584  
8260.289062  
8276.964154  
8252.848985  
8219.491211  
8205.871065  
8286.51681  
8336.014921  
8240.057294  
8355.66277  
8242.642255  
8262.993092  
8270.811796  
8356.059771  
8256.285695  
8265.112089  
8242.32768  
8217.065344  
8235.639332  
8240.197718  
8236.191464  
8300.830724  
8280.156918  
8273.972685  
8241.849861  
8309.615249  
8230.844619  
8279.410953  
8225.946081  
8132.423857  
8212.944551  
8413.62085  
8325.485287  
8285.554752  
8334.819034  
8219.591854  
8204.131613  
8184.979456  
8191.840282  
8180.721457  
8149.97504  
8211.891164  
8240.865493  
8167.32126  
8165.819896  
8171.193431  
8160.12645  
8243.702436  
8215.654677  
8277.500589  
8283.734023  
8312.901152  
8344.973554  
8389.078218  
8337.30929  
8328.100938  
8270.681217  
8262.523811  
8280.66491  
8216.768526  
8212.694393  
8253.238791  
8225.561825  
8221.290721  
8287.787389  
8266.655948  
8203.671408  
8175.935705  
8197.444365  
8220.157399  
8213.505902  
8235.5109  
8246.007719  
8243.415111  
8245.02603  
8183.888859  
8209.197847  
8269.821325  
8208.663747  
8228.950116  
8253.789005  
8263.279613  
8182.442857  
8194.722419  
8288.634478  
8286.90536  
8341.206069  
8261.994938  
8249.126056  
8343.431921  
8407.196641  
8269.226053  
8259.047773  
8192.487599  
8247.137358  
8190.621029  
8212.900182  
8292.547744  
8343.022655  
8273.001573  
8285.014282  
8232.357838  
8281.852927  
8285.072754  
8330.763176  
8361.912892  
8383.138435  
8245.605627  
8328.443058  
8280.752635  
8294.143792  
8250.799891  
8236.209121  
8103.956701  
8179.248277  
8238.419225  
8185.710586  
8294.105957  
8179.753296  
8172.095617  
8189.637882  
8209.774141  
8150.720588  
8190.486228  
8141.036363  
8152.5204  
8151.071145  
8203.371388  
8143.585693  
8173.665247  
8247.886008  
8276.526812  
8271.157952  
8304.266429  
8314.334336  
8241.079611  
8216.196268  
8276.113367  
8252.932833  
8247.55361  
8233.23184  
8288.4715  
8323.049115  
8267.736781  
8311.720035  
8316.017686  
8256.474473  
8215.877858  
8229.639878  
8220.19486  
8296.128109  
8269.916913  
8268.701452  
8261.564891  
8302.6385  
8259.31064  
8273.072359  
8216.176851  
8186.554056  
8234.119636  
8176.964068  
8180.315423  
8237.344454  
8298.992891  
8298.420661  
8299.098798  
8323.19667  
8291.378116  
8228.612779  
8229.277365  
8171.550702  
8193.045058  
8212.333259  
8239.897748  
8288.093671  
8212.677469  
8188.300695  
8284.817993  
8272.382432  
8255.047887  
8206.349013  
8206.45464  
8222.559297  
8243.413294  
8154.43704  
8249.037792  
8251.638528  
8282.763227  
8248.418378  
8279.832153  
7913.376415  
8204.213264  
8170.614121  
8271.656185  
8121.71936  
8171.92833  
8172.025161  
8274.700174  
8216.831299  
8224.725464  
8244.136532  
8211.559879  
8374.277337  
8307.292179  
8305.895005  
8275.114969  
8228.505321  
8268.184735  
8206.39344  
8143.302505  
8272.878375  
8336.219698  
8323.249605  
8320.708446  
8252.182402  
8331.645213  
8217.354593  
8259.603803  
8289.253461  
8262.536564  
8293.045058  
8306.984626  
8280.778378  
8265.109145  
8295.782363  
8205.738956  
8258.529239  
8168.677505  
8370.932703  
8331.41542  
8391.223906  
8322.875151  
8328.46903  
8280.239789  
8292.128921  
8250.304041  
8236.542308  
8197.327141  
8224.442268  
8213.286104  
8198.058982  
8235.52315  
8301.380694  
8277.855447  
8251.632252  
8266.632913  
8188.381965  
8228.065128  
8221.624497  
8283.667387  
8322.871819  
8325.734863  
8321.176061  
8298.097089  
8288.253339  
8233.487513  
8298.356445  
8272.726261  
8220.641882  
8166.628885  
8217.561286  
8168.38282  
8133.763909  
8188.626034  
8171.51691  
8214.074492  
8248.459544  
8168.070564  
8210.439245  
8178.690063  
8287.187651  
8182.010563  
8226.991067  
8224.940975  
8243.130723  
8276.969396  
8235.37546  
8290.294211  
8184.537993  
8226.160271  
8234.953168  
8274.537476  
8258.986773  
8325.003533  
8375.786097  
8242.456385  
8338.946548  
8238.475378  
8281.75871  
8274.59612  
8225.695593  
8177.564992  
8213.377513  
8181.245936  
8198.383566  
8208.235969  
8285.679766  
8283.138851  
8314.628906  
8244.875811  
8207.708539  
8203.485991  
8295.687802  
8240.650046  
8256.69626  
8318.893081  
8257.949269  
8277.685389  
8150.196986  
8221.706687  
8217.411585  
8309.107264  
8332.394833  
8298.340655  
8266.098432  
8283.745713  
8250.478307  
8250.541856  
8296.218707  
8331.89339  
8337.134952  
8244.508954  
8288.024069  
8236.034065  
8213.711261  
8201.278385  
8266.985983  
8233.438635  
8158.412418  
8149.003289  
8161.748083  
8226.111163  
8211.84719  
8237.819415  
8212.028141  
8208.998162  
8198.909223  
8239.179824  
8226.5271  
8338.296308  
8349.243703  
8373.046968  
8247.421767  
8279.566564  
8266.855117  
8212.105928  
8224.682876  
8190.795037  
8219.869765  
8192.458475  
8324.368839  
8177.747106  
8332.564317  
8201.782593  
8311.026956  
8197.422385  
8211.333913  
8292.945765  
8252.467687  
8262.076804  
8206.073896  
8235.631053  
8298.987585  
8283.021341  
8245.316162  
8170.192239  
8211.689949  
8226.045015  
8360.62016  
8310.767715  
8233.419498  
8356.493782  
8266.27142  
8175.484152  
8190.782133  
8205.211476  
8165.995613  
8206.000373  
8194.228968  
8275.490687  
8231.906803  
8276.744019  
8239.940178  
8295.614581  
8234.245871  
8290.5597  
8317.407478  
8262.032866  
8276.549532  
8207.433127  
8108.887185  
8158.738138  
8268.844964  
8326.462804  
8326.444839  
8318.452141  
8376.757741  
8281.640481  
8230.537677  
8214.603286  
8090.193876  
8186.351139  
8134.133437  
8264.502161  
8276.298333  
8410.649055  
8241.022202  
8228.936897  
8183.950612  
8216.225004  
8227.326129  
8210.105512  
8070.648294  
8171.670353  
8183.943087  
8119.880637  
8122.788775  
8176.725349  
8175.337797  
8270.418658  
8285.022389  
8392.511949  
8337.131965  
8226.347563  
8305.4185  
8380.219159  
8394.110395  
8242.327586  
8249.32004  
8316.239014  
8327.661176  
8311.421681  
8356.580681  
8328.099272  
8309.703326  
8282.159661  
8287.013033  
8274.177763  
8188.739294  
8277.830976  
8228.813635  
8260.296566  
8244.484267  
8221.575885  
8317.055786  
8268.280467  
8250.802878  
8241.535932  
8305.285458  
8271.075131  
8224.677828  
8249.96269  
8222.196031  
8168.650376  
8131.970717  
8124.159216  
8204.293206  
8154.514268  
8162.785063  
8218.933931  
8280.030999  
8366.451323  
8208.492188  
8265.536284  
8274.426966  
8318.371087  
8365.904642  
8266.493624  
8271.822969  
8245.826481  
8241.298081  
8252.667804  
8256.006879  
8328.893863  
8286.861816  
8294.651324  
8288.256384  
8321.073285  
8278.229801  
8267.738411  
8263.110897  
8253.989215  
8250.941428  
8290.763478  
8278.798089  
8302.43065  
8339.563843  
8209.250732  
8205.074011  
8120.494981  
8138.412217  
8184.79839  
8198.011381  
8264.895012  
8158.971572  
8182.913344  
8183.917437  
8281.521441  
8262.071691  
8172.063484  
8127.487477  
8153.385462  
8165.720358  
8183.619105  
8253.770572  
8186.439582  
8265.88967  
8186.406487  
8239.140611  
8183.701287  
8220.297744  
8222.300932  
8314.759909  
8333.688879  
8342.199506  
8293.060518  
8295.891688  
8292.317555  
8211.255299  
8225.591115  
8283.031631  
8232.161463  
8218.100378  
8188.123858  
8206.68475  
8317.462804  
8291.369198  
8293.738051  
8334.437313  
8313.856553  
8238.369751  
8276.807316  
8244.11955  
8232.486457  
8309.41924  
8230.798153  
8255.980533  
8265.051887  
8370.009306  
8308.881735  
8239.990277  
8173.889017  
8158.448364  
8168.71386  
8193.180097  
8137.50675  
8173.878899  
8263.779297  
8242.674453  
8232.24022  
8326.6915  
8274.113633  
8374.411233  
8326.326244  
8375.811351  
8333.137308  
8371.815171  
8313.126472  
8361.405532  
8300.230426  
8239.471622  
8230.348798  
8188.298246  
8132.791906  
8293.758653  
8278.120246  
8265.737219  
8286.982594  
8308.053043  
8279.282866  
8106.929802  
8165.093204  
8167.464937  
8109.138392  
8142.763083  
8220.771872  
8209.972182  
8204.959437  
8185.821016  
8219.672694  
8199.336893  
8193.015474  
8253.483284  
8279.813283  
8301.114531  
8327.539766  
8359.987089  
8239.537906  
8251.537863  
8215.231596  
8241.660192  
8272.843822  
8210.053273  
8291.919498  
8291.541023  
8179.71195  
8322.54024  
8325.975277  
8355.046997  
8253.008085  
8320.259378  
8293.69053  
8342.449384  
8336.166906  
8294.678251  
8249.277387  
8263.367238  
8168.900089  
8294.372709  
8205.331335  
8250.495426  
8278.112642  
8263.477855  
8252.726124  
8184.905956  
8195.21977  
8178.615407  
8240.127987  
8137.694896  
8215.81958  
8183.352841  
8211.364308  
8228.437514  
8239.807  
8227.655726  
8248.161951  
8251.302964  
8304.833769  
8300.438958  
8233.351641  
8238.399996  
8210.627377  
8254.303747  
8304.811969  
8342.04177  
8348.654749  
8174.909977  
8228.248011  
8225.613238  
8143.754876  
8150.500122  
8155.060231  
8220.364918  
8155.815789  
8252.492669  
8219.184104  
8259.083668  
8271.284926  
8234.248348  
8261.726742  
8221.968104  
8271.65979  
8371.845279  
8293.980677  
8327.140352  
8252.71595  
8230.668931  
8124.823436  
8178.929336  
8227.499167  
8113.49516  
8129.987807  
8099.715497  
8111.931447  
8231.125237  
8257.693446  
8220.411334  
8092.797758  
8293.273876  
8278.460227  
8325.534036  
8273.989523  
8237.317735  
8261.813828  
8276.797823  
8270.689482  
8276.811947  
8263.330509  
8272.723417  
8343.039465  
8420.897432  
8292.644122  
8409.61252  
8342.826574  
8327.34645  
8390.299496  
8297.352029  
8337.524407  
8279.935927  
8232.208546  
8211.515165  
8204.474904  
8278.805607  
8272.654728  
8273.075863  
8310.309391  
8237.354449  
8278.988209  
8174.518375  
8225.585909  
8227.897411  
8149.435655  
8296.398746  
8220.537059  
8313.013363  
8283.452019  
8281.516458  
8250.562802  
8204.786334  
8284.484799  
8243.443905  
8323.828024  
8263.704295  
8339.078635  
8307.924826  
8247.876386  
8202.193094  
8215.99725  
8145.446088  
8117.188649  
8065.558766  
8188.925293  
8209.456421  
8167.547098  
8306.67917  
8287.704784  
8303.187902  
8195.683867  
8071.573257  
8200.228788  
8131.620196  
8262.965167  
8276.204231  
8320.56171  
8346.640316  
8208.960859  
8209.188153  
8153.827306  
8179.937967  
8152.978846  
8195.432825  
8189.766645  
8195.520012  
8219.585794  
8159.918414  
8211.002599  
8190.655905  
8208.122875  
8267.646255  
8233.642499  
8237.967307  
8222.741699  
8231.475564  
8243.182  
8213.300566  
8247.38226  
8287.418701  
8289.46414  
8187.879732  
8176.35684  
8330.964607  
8318.29243  
8397.520486  
8427.03074  
8431.465655  
8438.108887  
8332.519646  
8327.61746  
8290.363023  
8270.232795  
8295.125294  
8294.705028  
8365.407578  
8284.868853  
8259.867389  
8183.416231  
8258.058737  
8290.3288  
8270.579992  
8336.752951  
8342.127958  
8280.589212  
8286.213508  
8294.311279  
8223.85116  
8150.717982  
8138.081112  
8183.619363  
8162.614042  
8300.630608  
8257.827852  
8279.156623  
8168.348791  
8015.611055  
7696.35768  
8224.012659  
8181.209544  
8175.172787  
8218.602266  
8136.600435  
8141.24218  
8055.868717  
8239.173692  
8196.950727  
8193.301169  
8302.35376  
8250.734712  
8247.650692  
8297.85646  
8306.481208  
8349.798376  
8330.468937  
8278.195133  
8236.154275  
8329.63483  
8205.343269  
8195.423124  
8217.584465  
8227.65006  
8316.727446  
8272.603573  
8286.078901  
8354.025929  
8400.544778  
8348.893662  
8288.780266  
8309.165333  
8281.143784  
8286.555449  
8247.47611  
8287.103724  
8240.607422  
8248.900541  
8247.856352  
8263.548462  
8251.946038  
8298.465756  
8202.646233  
8252.049697  
8252.646585  
8289.27152  
8251.948982  
8181.350801  
8203.480397  
8236.165721  
8219.409065  
8231.337747  
8199.9687  
8229.376853  
8239.23747  
8277.144948  
8320.717256  
8297.75145  
8265.310123  
8256.842924  
8161.217931  
8183.660846  
8179.9415  
8323.771384  
8292.293435  
8304.248198  
8309.036966  
8324.677146  
8279.048527  
8246.839284  
8265.04057  
8260.741771  
8309.904318  
8253.032485  
8282.255414  
8194.88022  
8163.78433  
8160.995275  
8243.128303  
8184.652732  
8177.639921  
8142.56991  
8260.817189  
8227.018138  
8385.053431  
8280.27058  
8329.117913  
8297.05127  
8306.18768  
8232.924123  
8282.223554  
8231.623147  
8330.300925  
8155.745526  
8231.839406  
8304.62235  
8246.640783  
8285.972857  
8224.106984  
8238.177253  
8212.967012  
8243.396757  
8364.599573  
8255.364804  
8308.372271  
8186.35539  
8227.891494  
8253.526008  
8196.638306  
8325.107953  
8285.64642  
8241.590425  
8185.271542  
8247.230009  
8216.605038  
8228.367755  
8126.272346  
8178.274077  
8157.982494  
8253.560612  
8234.013004  
8250.942017  
8261.339607  
8259.310252  
8238.985258  
8344.259356  
8307.071347  
8226.463975  
8266.624038  
8299.298842  
8244.259428  
8244.175846  
8233.840282  
8246.689934  
8282.969691  
8244.126012  
8278.265266  
8242.666777  
8203.764131  
8203.244658  
8247.676514  
8200.030388  
8249.409165  
8172.211016  
8230.22443  
8237.273157  
8187.725349  
8258.828024  
8252.697596  
8230.110797  
8276.191205  
8343.461045  
8337.949621  
8380.502413  
8355.489287  
8278.352898  
8195.938398  
8247.712855  
8164.153801  
8232.789716  
8249.868387  
8215.31879  
8245.405381  
8300.762609  
8233.916525  
8163.886661  
8252.69519  
8233.893885  
8348.895975  
8316.847893  
8302.898337  
8236.037756  
8147.283304  
8196.540405  
8182.363044  
8164.407945  
8216.348999  
8217.767772  
8197.240479  
8146.228882  
8272.041389  
8202.113281  
8175.806827  
8260.071885  
8336.850708  
8249.672385  
8344.951911  
8243.772009  
8211.547076  
8346.209947  
8330.502987  
8314.915305  
8220.655869  
8214.904103  
8236.773452  
8251.504193  
8271.149996  
8349.824125  
8339.300106  
8276.815437  
8350.531595  
8277.468592  
8273.036693  
8248.582943  
8363.969188  
8280.009198  
8255.469841  
8291.444372  
8240.413761  
8235.158986  
8225.051959  
8226.274945  
8250.545719  
8191.758416  
8239.128964  
8285.283763  
8252.226663  
8232.974408  
8215.177289  
8263.358054  
8286.982917  
8253.763629  
8416.606783  
8249.645027  
8215.271068  
8189.375955  
8168.035192  
8182.34948  
8209.938268  
8200.519172  
8118.648567  
8200.156157  
8180.590318  
8235.912605  
8239.330021  
8245.748973  
8249.079145  
8245.006664  
8180.887257  
8173.066686  
8315.73584  
8201.10022  
8210.341854  
8263.944063  
8246.372695  
8343.053259  
8248.908634  
8289.769187  
8343.438857  
8220.12714  
8213.355361  
8277.720653  
8263.035939  
8296.196785  
8243.473776  
8269.763184  
8323.069695  
8256.230921  
8156.012028  
8303.513105  
8215.435841  
8284.991699  
8163.116225  
8252.514103  
8206.080092  
8241.17306  
8235.91282  
8139.813599  
8136.246467  
8197.48118  
8167.688254  
8188.724114  
8178.427476  
8184.706227  
8161.565782  
8257.935999  
8257.344511  
8237.52328  
8298.976943  
8254.391566  
8220.246955  
8305.728788  
8237.200576  
8202.140769  
8214.205085  
8205.580401  
8275.654613  
8277.048756  
8202.962503  
8290.214557  
8141.594676  
8212.09556  
8181.812119  
8214.282672  
8332.815365  
8326.825088  
8339.5434  
8337.521197  
8315.798239  
8316.193187  
8285.596802  
8305.637092  
8306.069731  
8370.781207  
8277.646693  
8301.626831  
8283.403198  
8282.880285  
8182.273696  
8393.409776  
8244.567936  
8206.691866  
8249.884565  
8329.415807  
8205.308572  
8300.897368  
8240.585083  
8321.412511  
8240.087927  
8194.967185  
8287.159596  
8210.751623  
8128.732271  
8221.802943  
8204.411951  
8135.801578  
8181.64693  
8312.525513  
8200.424345  
8302.893303  
8354.065552  
8318.2146  
8317.803481  
8201.092896  
8322.421193  
8262.692634  
8207.491757  
8247.111515  
8280.963056  
8180.100363  
8261.258796  
8222.848913  
8266.216818  
8200.793759  
8205.394503  
8271.911226  
8237.636511  
8296.868753  
8197.05835  
8154.396836  
8275.165448  
8155.383179  
8277.299266  
8254.604248  
8201.223992  
8331.008452  
8195.79951  
8298.591481  
8227.00224  
8341.81721  
8281.91771  
8327.710112  
8352.579748  
8297.259579  
8372.762056  
8283.544297  
8304.22234  
8207.456701  
8274.998356  
8202.233054  
8253.588099  
8234.753684  
8284.232817  
8371.002966  
8285.113023  
8172.985237  
8143.388377  
8227.119191  
8255.883301  
8254.43289  
8234.235919  
8263.361594  
8226.988698  
8175.259256  
8269.216057  
8269.012372  
8214.227675  
8184.379071  
8211.511898  
8210.427576  
8241.910436  
8306.59981  
8212.622767  
8249.096163  
8290.766156  
8311.995857  
8290.574334  
8276.191471  
8335.096457  
8298.690501  
8313.924058  
8236.239445  
8246.20138  
8255.309649  
8226.71819  
8336.895393  
8266.798002  
8254.033943  
8277.529965  
8310.339908  
8321.143066  
8278.279153  
8211.155999  
8222.65974  
8185.341007  
8158.349573  
8194.131621  
8104.07829  
8158.898682  
8195.336756  
8224.077586  
8165.077572  
8251.642621  
8213.221572  
8183.345481  
8182.027466  
8195.018684  
8244.07004  
8180.341215  
8199.098051  
8282.504653  
8257.403665  
8237.724222  
8222.145601  
8197.317656  
8252.429738  
8186.886525  
8212.450497  
8247.840806  
8178.147396  
8282.574678  
8134.636238  
8146.167409  
8184.460794  
8313.267119  
8322.48775  
8413.352015  
8376.836225  
8293.443331  
8289.596378  
8250.907823  
8297.773674  
8254.653593  
8328.252046  
8317.720481  
8327.575655  
8231.471945  
8250.150527  
8239.441464  
8177.568862  
8228.843398  
8194.916152  
8176.943948  
8252.374275  
8286.039917  
8234.320363  
8301.115708  
8287.63282  
8169.381778  
8218.384751  
8254.146427  
8241.92805  
8234.424194  
8255.964564  
8261.806052  
8323.687744  
8332.710011  
8261.251709  
8239.341998  
8225.160874  
8220.892822  
8211.760196  
8329.830825  
8266.289529  
8294.891609  
8299.589851  
8339.409747  
8180.877046  
8288.198572  
8220.437464  
8234.64084  
8195.147052  
8223.172033  
8156.446303  
8218.766085  
8136.807014  
8243.789299  
8248.368286  
8225.256901  
8215.882109  
8289.50945  
8210.146535  
8230.21666  
8210.32139  
8319.512839  
8195.882339  
8354.266472  
8294.116742  
8277.329367  
8320.711426  
8257.377815  
8228.462883  
8163.714248  
8194.408577  
8182.377039  
8277.828125  
8278.393081  
8295.612032  
8302.892126  
8268.546681  
8272.537468  
8187.248664  
8259.997379  
8217.772217  
8165.167351  
8209.048189  
8187.613849  
8167.555822  
8239.999081  
8232.658103  
8244.726196  
8260.777344  
8201.720638  
8266.329568  
8262.961634  
8278.402322  
8357.911169  
8320.813843  
8351.381836  
8291.022928  
8262.519711  
8345.718384  
8233.708834  
8278.053029  
8251.202026  
8333.61764  
8238.708762  
8210.397949  
8253.743954  
8215.442957  
8234.302074  
8254.813118  
8318.449736  
8317.035515  
8290.217802  
8285.118265  
8274.799912  
8246.384744  
8164.918134  
8154.299625  
8245.206349  
8212.454015  
8233.158656  
8231.284244  
8237.150039  
8291.739839  
8182.257066  
8198.967924  
8182.188276  
8320.069508  
8326.901798  
8314.505572  
8260.780913  
8173.780381  
8176.225773  
8102.187967  
8172.969863  
8173.938886  
8107.284797  
8123.844583  
8196.839578  
8129.843276  
8194.603997  
8224.754251  
8307.158232  
8284.127987  
8279.109353  
8285.463838  
8295.24427  
8297.347843  
8294.217967  
8325.219468  
8235.908217  
8231.699894  
8278.147181  
8244.508308  
8314.882274  
8285.179573  
8317.595244  
8279.906595  
8242.92385  
8227.367511  
8304.141602  
8259.267729  
8288.24707  
8283.834889  
8241.761008  
8143.683759  
8182.80733  
8110.222771  
8153.770809  
8170.975227  
8150.30417  
8130.794663  
8185.354564  
8236.822029  
8277.740651  
8229.428768  
8278.905733  
8197.825576  
8261.759802  
8239.470021  
8200.605225  
8237.95678  
8160.811258  
8239.763866  
8288.134665  
8246.155561  
8269.609727  
8309.620491  
8305.959932  
8419.376752  
8340.58048  
8271.667825  
