8241.028499  
8214.828628  
8314.40563  
8223.141413  
8230.524875  
8249.247832  
8315.013988  
8248.547024  
8254.38341  
8258.188606  
8270.222981  
7987.329462  
7630.339546  
8489.173002  
8328.508372  
8412.904672  
8353.31457  
8335.885635  
8368.975667  
8334.132737  
8411.079213  
8421.917712  
8426.02684  
8365.392471  
8273.091179  
8295.634509  
8229.598128  
8344.711318  
8287.694968  
8279.657999  
8331.08193  
8191.523636  
8182.377337  
8164.586164  
8136.57551  
8146.885878  
8095.603947  
8213.137892  
8290.829408  
8372.344463  
8356.851475  
8378.763434  
8347.813719  
8275.894849  
8340.401371  
8346.457436  
8344.915232  
8437.64153  
8345.824514  
8375.687103  
8364.25763  
8419.73878  
8289.5202  
8251.745177  
8222.006354  
8206.519672  
8214.246329  
8217.800634  
8200.237793  
8140.297128  
8307.615802  
8167.300183  
8157.737538  
8214.59519  
8081.137862  
8158.207549  
8108.960606  
8200.828907  
8238.133846  
8262.768401  
8252.926185  
8300.72055  
8259.431735  
8246.185746  
8242.372962  
8374.455709  
8309.471085  
8291.197926  
8320.559561  
8349.364726  
8338.111784  
8315.692002  
8356.246745  
8372.659001  
8267.510653  
8286.369682  
8286.080037  
8311.357381  
8298.440983  
8257.305878  
8246.288605  
8257.777244  
8242.408886  
8322.341606  
8328.685716  
8300.556576  
8249.56291  
8217.736351  
8254.616539  
8252.867491  
8203.674005  
8219.303324  
8209.788879  
8244.177573  
8291.898804  
8272.374137  
8294.399112  
8355.348404  
8330.337726  
8281.26782  
8285.856121  
8221.740094  
8266.858161  
8325.833368  
8351.680035  
8327.737649  
8308.255835  
8299.113791  
8257.734567  
8322.011914  
8249.749721  
8332.411992  
8205.976252  
8163.826429  
8265.235032  
8156.524391  
8213.092829  
8182.906726  
8177.887485  
8163.031736  
8175.984391  
8224.280704  
8221.194979  
8231.07909  
8230.990875  
8350.574551  
8283.643005  
8342.132032  
8263.377048  
8317.440979  
8261.674518  
8365.464538  
8312.622518  
8218.976347  
8226.231701  
8213.068513  
8189.958249  
8194.892385  
8247.888007  
8260.070948  
8202.328506  
8233.710824  
8235.968362  
8277.018896  
8264.94876  
8260.388305  
8282.211265  
8328.560531  
8333.927781  
8385.30163  
8360.337463  
8342.252527  
8322.548342  
8295.206155  
8222.881049  
8282.025852  
8212.46462  
8278.727847  
8348.874167  
8237.665921  
8198.684126  
8237.232655  
8260.440264  
8244.692603  
8168.450221  
8236.754814  
8233.298767  
8205.204618  
8269.113641  
8277.183236  
8317.365309  
8302.50005  
8383.200622  
8331.023966  
8348.491833  
8395.321525  
8249.845461  
8314.332438  
8309.748126  
8202.674072  
8248.381811  
8294.393749  
8210.164325  
8233.824263  
8220.497767  
8282.122351  
8257.836628  
8272.628119  
8278.325741  
8209.170908  
8240.567539  
8247.472153  
8281.030527  
8284.700249  
8292.46787  
8277.115626  
8259.052197  
8270.144793  
8303.284097  
8276.845882  
8309.374054  
8321.740465  
8317.173833  
8348.983025  
8361.377485  
8341.117032  
8307.333162  
8272.673796  
8193.101092  
8179.661508  
8258.704973  
8194.941221  
8209.062422  
8223.947319  
8214.204996  
8167.66719  
8156.065046  
8098.576635  
8271.083575  
8240.795157  
8203.062693  
8185.009134  
8138.101193  
8209.528682  
8310.854228  
8292.208736  
8360.267976  
8338.020663  
8280.443799  
8346.697901  
8265.786148  
8227.342003  
8286.828311  
8296.811641  
8266.49248  
8328.315985  
8351.539751  
8298.574604  
8229.360264  
8184.395542  
8231.961706  
8248.595815  
8282.991251  
8284.706314  
8291.256023  
8294.119224  
8255.060309  
8352.256976  
8237.54802  
8299.339714  
8323.214358  
8278.34143  
8259.966242  
8200.452684  
8228.110919  
8241.922748  
8280.710307  
8233.665564  
8230.986822  
8272.603133  
8263.256703  
8205.930393  
8216.052131  
8269.006904  
8252.666527  
8223.974886  
8320.864542  
8243.671674  
8376.508426  
8228.559512  
8325.646899  
8286.005501  
8193.806182  
8188.997969  
8178.339462  
8158.268911  
8194.224058  
8215.979171  
8213.875353  
8233.626297  
8282.648968  
8348.72343  
8355.669213  
8292.771232  
8318.244772  
8333.794597  
8418.729495  
8372.752971  
8452.948886  
8377.699958  
8396.337318  
8350.183731  
8315.131749  
8358.400423  
8274.63251  
8249.198399  
8269.905999  
8316.452714  
8241.97302  
8260.16319  
8298.039175  
8191.982707  
8207.176376  
8323.770106  
8240.553786  
8208.662266  
8253.908463  
8301.150504  
8268.072006  
8238.316541  
8242.973387  
8229.589274  
8246.907886  
8346.551043  
8287.015756  
8260.38337  
8269.489011  
8261.366901  
8259.747392  
8310.87871  
8293.004304  
8374.459001  
8379.061094  
8374.491612  
8301.378088  
8233.35883  
8219.294  
8183.427318  
8252.994688  
8190.092488  
8208.710242  
8211.741121  
8248.516864  
8285.047607  
8276.913809  
8255.350469  
8216.293572  
8194.562689  
8194.27613  
8228.428423  
8249.112443  
8259.107345  
8220.685741  
8211.891818  
8211.487513  
8247.800094  
8258.126894  
8189.786209  
8238.69765  
8191.035413  
8147.851899  
8229.759429  
8266.091374  
8245.448358  
8181.069576  
8141.933069  
8141.996956  
8128.064699  
8164.104167  
8173.233152  
8134.959912  
8160.171386  
8203.193943  
8201.490785  
8236.57482  
8212.523009  
8316.059856  
8288.094948  
8335.224311  
8406.443464  
8352.711282  
8335.125777  
8345.171993  
8277.700061  
8304.650187  
8321.252243  
8274.026903  
8299.975873  
8340.747369  
8336.748458  
8312.377578  
8311.689805  
8301.022763  
8284.767037  
8301.148576  
8268.74711  
8321.637269  
8302.35713  
8391.16318  
8404.777287  
8330.713247  
8402.868902  
8382.978954  
8321.160778  
8314.369292  
8243.09714  
8298.1524  
8368.193641  
8302.775081  
8334.236133  
8356.690858  
8324.417461  
8291.411053  
8344.351227  
8319.768792  
8244.180415  
8226.827602  
8205.533144  
8193.741781  
8219.28741  
8254.35511  
8293.517706  
8249.269597  
8211.825359  
8265.453881  
8206.783747  
8234.348409  
8205.230886  
8257.506419  
8211.8752  
8253.59734  
8257.66199  
8333.529411  
8190.675794  
8180.87425  
8204.927645  
8202.711496  
8220.626068  
7915.609429  
8223.192763  
8129.596536  
8127.514041  
8224.985192  
8260.21315  
8266.482525  
8306.657551  
8279.646952  
8294.044922  
8277.72186  
8287.217934  
8285.793518  
8348.5921  
8263.412033  
8251.274939  
8370.840314  
8347.666132  
8373.410731  
8415.60945  
8359.891715  
8390.6741  
8327.513427  
8349.825662  
8306.980548  
8314.928892  
8293.209347  
8306.874846  
8316.341743  
8302.093653  
8265.99836  
8264.623249  
8219.776348  
8216.359031  
8248.008807  
8302.194718  
8304.516636  
8387.959688  
8281.025813  
8291.312164  
8268.631243  
8164.229436  
8168.197286  
8171.225529  
8173.768278  
8153.495555  
8255.536652  
8217.982003  
8224.672078  
8248.159345  
8314.029471  
8237.121443  
8359.425847  
8264.9224  
8281.948196  
8273.583071  
8316.356348  
8395.533593  
8376.920597  
8330.796955  
8289.909139  
8334.416863  
8273.629561  
8348.903219  
8244.671305  
8219.698326  
8218.398907  
8163.079481  
8129.127442  
8111.664193  
8134.334675  
8087.16203  
8084.102015  
8086.649369  
8200.347085  
8202.792517  
8250.554598  
8284.672546  
8316.348104  
8304.207457  
8307.061088  
8364.918206  
8309.478328  
8323.908293  
8362.832316  
8354.180655  
8394.498213  
8356.656838  
8399.465466  
8406.60592  
8327.92198  
8329.686902  
8311.644781  
8315.634325  
8356.955074  
8294.892539  
8295.192022  
8242.512303  
8255.533174  
8281.273053  
8219.839443  
8179.483551  
8191.934858  
8250.9606  
8277.933196  
8237.226074  
8259.683851  
8303.844124  
8240.399717  
8231.056691  
8219.968029  
8251.57635  
8193.791533  
8275.133899  
8208.572156  
8203.100412  
8205.955637  
8199.972375  
8204.130771  
8240.28443  
8308.244443  
8307.668023  
8336.768025  
8282.287611  
8285.155622  
8262.211534  
8318.684  
8212.18954  
8188.497978  
8270.79123  
8191.160891  
8198.832332  
8184.058097  
8219.278349  
8230.300938  
8254.053516  
8268.45638  
8196.669361  
8239.940854  
8246.544992  
8314.840158  
8337.231879  
8300.546377  
8366.189548  
8270.070317  
8266.468647  
8317.212465  
8372.4405  
8338.33424  
8354.029692  
8292.209985  
8193.55555  
8130.18303  
8143.379254  
8170.246126  
8179.853686  
8203.637056  
8252.141065  
8234.357851  
8350.881005  
8372.516112  
8381.519068  
8281.297399  
8199.675738  
8228.277116  
8302.043546  
8323.385575  
8322.101004  
8322.457461  
8346.11962  
8358.963317  
8338.456611  
8336.102541  
8298.53755  
8316.601591  
8343.04261  
8389.838565  
8304.388302  
8312.744635  
8265.932674  
8227.798066  
8209.783894  
8218.816633  
8124.939281  
8143.658249  
8185.817194  
8179.188758  
8160.909043  
8214.872252  
8271.497098  
8248.68911  
8304.977043  
8313.207067  
8287.691096  
8367.494657  
8338.526965  
8342.164714  
8288.452051  
8297.607675  
8368.725461  
8321.287759  
8407.590211  
8362.918499  
8400.835078  
8435.657244  
8364.255789  
8293.521125  
8249.857967  
8182.023107  
8179.58773  
8150.966898  
8200.500746  
8195.557221  
8201.017408  
8269.964989  
8200.989255  
8061.059362  
8149.640638  
8134.319366  
8125.023144  
8130.137262  
8111.614032  
7956.42923  
8387.999435  
8263.386853  
8306.373816  
8353.917564  
8465.591954  
8348.07028  
8366.033875  
8295.967319  
8252.043672  
8325.065806  
8281.156261  
8327.073342  
8351.08294  
8308.362823  
8259.946667  
8190.079849  
8235.663285  
8235.199016  
8363.273034  
8258.918809  
8300.293713  
8296.035225  
8258.492878  
8194.965126  
8192.123717  
8138.201992  
8284.684103  
8236.992162  
8231.967293  
8222.055391  
8200.599114  
8176.451323  
8251.055487  
8221.182563  
8210.863502  
8302.01539  
8327.799777  
8228.72322  
8316.109452  
8279.494464  
8226.798085  
8186.732438  
8203.310144  
8284.946073  
8329.976063  
8348.726407  
8325.369475  
8336.395877  
8367.331312  
8327.062034  
8325.898804  
8309.044252  
8287.4566  
8289.105806  
8344.663951  
8373.969078  
8348.656864  
8330.723652  
8371.412124  
8387.006094  
8346.758962  
8407.271575  
8301.544652  
8214.871599  
8198.422014  
8204.601101  
8277.870423  
8320.351963  
8418.112943  
8332.299189  
8279.0958  
8242.552329  
8202.154712  
8057.847604  
8180.831002  
8142.696095  
8115.895726  
8101.028863  
8195.420022  
8123.405639  
8150.415649  
8138.05832  
8134.658234  
8126.860463  
8136.020034  
8080.461208  
8094.302635  
8152.521325  
8237.237414  
8277.366519  
8241.042409  
8278.3078  
8274.073905  
8249.995054  
8221.590019  
8233.267635  
8275.425896  
8278.850019  
8306.895162  
8310.725637  
8337.441562  
8362.233839  
8264.469507  
8309.61929  
8209.903027  
8207.978908  
8297.988289  
8362.663041  
8417.40523  
8361.177066  
8415.450778  
8382.800141  
8392.628516  
8377.727848  
8328.09339  
8350.816092  
8338.555194  
8212.487158  
8314.157303  
8314.502122  
8323.003091  
8306.853546  
8322.582933  
8281.86972  
8299.439381  
8244.283661  
8236.157401  
8254.005165  
8247.355748  
8253.718074  
8255.447062  
8337.331222  
8303.206112  
8349.181844  
8427.194688  
8354.376131  
8418.755015  
8390.910496  
8397.715029  
8425.245825  
8347.482681  
8297.033975  
8325.084984  
8351.125756  
8250.373139  
8228.431579  
8166.176734  
8175.239083  
8197.783826  
8203.375067  
8201.991716  
8295.848665  
8274.062263  
8228.067558  
8187.301583  
8121.364203  
8091.55177  
8073.747715  
8140.535443  
8183.023626  
8218.340698  
8240.339761  
8200.613596  
8262.254908  
8249.414912  
8240.792996  
8360.010059  
8310.736455  
8280.661177  
8300.918868  
8316.710011  
8334.710857  
8313.141327  
8238.297181  
8274.03578  
8312.702221  
8313.919905  
8379.088131  
8305.903895  
8277.29585  
8330.68969  
8367.840836  
8353.231891  
8344.36857  
8416.32961  
8355.971116  
8310.278937  
8283.903173  
8294.042837  
8276.642019  
8263.494027  
8220.37683  
8204.576105  
8221.372138  
8244.238956  
8366.151166  
8252.018947  
8206.696602  
8218.504306  
8195.707835  
8219.077856  
8142.227207  
8081.133245  
8195.261703  
8135.171267  
8171.306801  
8191.964337  
8277.406393  
8276.218552  
8327.337756  
8257.373576  
8272.253293  
8272.322245  
8313.164875  
8249.277109  
8245.975718  
8258.881315  
8278.088292  
8309.71197  
8261.25317  
8297.756843  
8213.901278  
8262.685219  
8190.528203  
8149.600614  
8137.868366  
8122.914581  
8147.028021  
8223.92654  
8259.672642  
8331.121191  
8350.007217  
8307.526442  
8284.484536  
8274.925241  
8369.532398  
8323.600321  
8333.153193  
8326.241321  
8297.144007  
8251.870788  
8132.663612  
8121.810843  
8087.42455  
8096.70604  
8122.294042  
8167.815257  
8096.953341  
8146.793818  
8192.674719  
8258.194031  
8276.179342  
8308.699392  
8310.905814  
8359.891436  
8394.412123  
8339.984593  
8277.181867  
8262.484083  
8291.973567  
8372.751126  
8397.23292  
8374.192637  
8370.438151  
8459.025086  
8401.343672  
8397.607348  
8423.319707  
8396.129628  
8405.582377  
8353.156005  
8314.050957  
8341.899554  
8341.953938  
8255.955461  
8327.547463  
8283.596089  
8319.431454  
8287.091938  
8318.840812  
8301.499786  
8185.263755  
8224.992268  
8220.330912  
8172.585929  
8268.581117  
8245.109997  
8219.815267  
8249.18342  
8256.700808  
8308.960651  
8337.040906  
8233.762012  
8194.098162  
8239.854715  
8167.136266  
8237.162259  
8240.744454  
8230.269838  
8250.067795  
8210.835537  
8162.180883  
8112.117942  
8146.405403  
8272.29869  
8183.402785  
8212.672421  
8200.135027  
8263.246478  
8279.549604  
8285.05968  
8374.851505  
8357.296501  
8263.317257  
8273.48655  
8247.78957  
8288.100101  
8242.166061  
8250.93498  
8245.137112  
8247.434883  
8160.158113  
8078.450751  
8086.046544  
8103.153141  
8131.871737  
8109.843431  
8287.368716  
8250.236118  
8188.749102  
8201.122736  
8232.02028  
8309.76607  
8314.176367  
8358.438044  
8314.587391  
8316.297798  
8290.798024  
8288.474132  
8275.103788  
8308.002577  
8331.137578  
8373.763196  
8408.224641  
8371.598568  
8375.808833  
8376.594354  
8399.268795  
8393.841424  
8381.014638  
8393.008107  
8368.119334  
8291.356919  
8267.683293  
8252.130061  
8260.073125  
8239.33541  
8255.518711  
8296.540421  
8341.025263  
8412.259085  
8320.576255  
8306.625276  
8315.616965  
8410.003964  
8343.479355  
8326.442918  
8202.708197  
8225.337646  
8184.181223  
8156.124063  
8152.559199  
8159.013476  
8209.195245  
8232.660325  
8262.108131  
8235.455982  
8183.807836  
8099.339172  
8108.829625  
8124.088842  
7983.324068  
8173.58814  
8174.559595  
8226.42272  
8263.771416  
8255.323301  
8287.369799  
8159.204864  
8383.413699  
8375.457847  
8406.866968  
8329.691764  
8266.304048  
8301.111137  
8385.878577  
8344.100734  
8366.100281  
8263.487718  
8309.813545  
8221.842996  
8207.882288  
8235.152042  
8256.628677  
8240.133567  
8271.111788  
8269.824674  
8405.818548  
8364.884941  
8336.254646  
8296.648899  
8258.614155  
8311.263499  
8262.890119  
8241.828777  
8292.027635  
8287.904088  
8300.959232  
8276.591885  
8319.953135  
8304.945044  
8325.616137  
8273.400273  
8301.87167  
8252.880964  
8234.231801  
8290.395484  
8285.517087  
8248.239938  
8175.965422  
8196.693202  
8183.941401  
8200.962635  
8210.15205  
8237.794436  
8332.653612  
8310.431252  
8211.226728  
8200.487124  
8231.125988  
8246.119397  
8216.279205  
8282.35481  
8262.588604  
8269.225257  
8242.272653  
8420.563949  
8267.265463  
8330.013808  
8267.801931  
8308.344871  
8262.963962  
8282.513216  
8329.451226  
8183.201423  
8151.551334  
8280.472081  
8226.168401  
8255.95682  
8222.090393  
8221.090308  
8215.60542  
8255.678366  
8339.571516  
8319.299619  
8333.436781  
8405.639345  
8355.546042  
8318.530377  
8296.90708  
8343.199592  
8265.467751  
8296.879151  
8255.473856  
8214.001975  
8226.052581  
8300.634606  
8260.150703  
8278.81368  
8193.465008  
8268.194536  
8304.660844  
8254.922858  
8345.690024  
8312.353029  
8271.884157  
8280.031066  
8299.138889  
8273.080974  
8344.279288  
8294.900213  
8264.906137  
8270.580829  
8190.61172  
8153.790055  
8199.711867  
8147.595301  
8138.883784  
8148.361704  
8232.711117  
8309.041978  
8267.289793  
8351.229948  
8284.361194  
8310.071072  
8365.427466  
8367.454226  
8385.010664  
8307.263759  
8281.427589  
8246.211937  
8235.912474  
8265.113442  
8269.216383  
8327.459492  
8185.323043  
8211.073518  
8260.717766  
8193.173616  
8172.778306  
8204.505425  
8244.850981  
8246.962754  
8237.620976  
8310.572898  
8271.34635  
8309.444454  
8225.003543  
8280.015019  
8284.584953  
8327.208411  
8274.094107  
8338.840377  
8305.354068  
8313.955398  
8234.022941  
8235.044639  
8205.886857  
8160.25724  
8221.748085  
8216.845  
8276.250383  
8267.186314  
8253.177743  
8264.77735  
8243.327404  
8256.012826  
8220.621935  
8316.213908  
8273.846764  
8142.528642  
8254.914915  
8096.948042  
8181.908353  
8170.777735  
8225.5979  
8203.105451  
8284.801541  
8276.252029  
8271.991607  
8369.6993  
8293.242845  
8252.227963  
8370.021882  
8285.019248  
8308.826303  
8327.801745  
8350.055576  
8312.754796  
8294.419818  
8327.981969  
8298.639402  
8276.433794  
8307.431105  
8251.672016  
8268.328824  
8295.841376  
8314.257373  
8359.430239  
8335.527598  
8325.516895  
8315.937005  
8355.272133  
8356.907485  
8371.447641  
8345.039723  
8311.971488  
8288.196497  
8285.085915  
8318.524901  
8300.413389  
8294.686198  
8273.078215  
8274.890761  
8257.254144  
8311.23879  
8294.487528  
8376.102876  
8299.634291  
8328.557132  
8254.884285  
8294.240001  
8254.467772  
8231.344587  
8212.276863  
8147.707154  
8110.688895  
8107.464913  
8126.241361  
8165.999431  
8175.943912  
8150.381246  
8144.210483  
8178.388711  
8214.834917  
8283.699989  
8272.63364  
8281.638961  
8330.586653  
8278.595346  
8257.283105  
8246.316472  
8270.804106  
8237.863414  
8260.71063  
8256.532199  
8321.593932  
8314.683002  
8328.634702  
8295.035656  
8262.767853  
8207.820616  
8127.623561  
8285.417387  
8232.157779  
8226.661828  
8245.054527  
8280.729721  
8239.352008  
8278.451015  
8288.792664  
8175.542058  
8231.048738  
8217.312765  
8245.9742  
8264.507169  
8199.746377  
8178.369532  
8222.795917  
8241.517292  
8260.937821  
8201.458495  
8217.372886  
8232.553775  
8356.964812  
8266.259687  
8293.436668  
8267.367312  
8265.14747  
8244.171132  
8211.3402  
8230.553591  
8256.882562  
8247.36963  
8279.313611  
8297.764898  
8279.996877  
8320.413307  
8317.460663  
8324.865675  
8287.778396  
8320.985619  
8286.988179  
8295.084162  
8296.227632  
8344.795006  
8324.513212  
8322.0572  
8326.707748  
8303.674461  
8284.844413  
8286.261507  
8304.9612  
8275.422168  
8293.012624  
8283.278351  
8278.487799  
8341.608604  
8317.441362  
8406.483398  
8369.132467  
8389.17348  
8334.822386  
8224.307051  
8208.417826  
8290.142826  
8258.019531  
8187.409631  
8167.879492  
8107.12019  
8162.232147  
8146.970343  
8160.911334  
8161.772528  
8156.915937  
8200.702897  
8204.648686  
8295.483777  
8271.336468  
8329.14434  
8449.259557  
8380.938371  
8326.868813  
8301.92639  
8262.038854  
8251.960816  
8260.877013  
8264.314037  
8290.360372  
8245.767018  
8214.663266  
8284.17551  
8101.39951  
8124.508317  
8161.72838  
8232.44865  
8232.478846  
8234.917015  
8271.514019  
8330.085302  
8298.96591  
8298.61135  
8300.56954  
8343.40373  
8351.764243  
8291.462673  
8409.89667  
8376.157709  
8353.58407  
8305.669323  
8330.54862  
8280.392357  
8348.609671  
8375.432305  
8412.189307  
8415.531004  
8371.560553  
8347.60513  
8270.149325  
8297.853808  
8336.827913  
8337.476673  
8321.443911  
8270.490855  
8209.774707  
8265.346404  
8192.155835  
8208.832094  
8218.716176  
8251.045856  
8210.225768  
8196.390465  
8142.714974  
8109.185214  
8143.695292  
8231.125234  
8176.51377  
8216.199776  
8223.553312  
8268.490753  
8261.250249  
8315.782612  
8335.392021  
8327.49871  
8262.408985  
8295.014311  
8387.044733  
8328.052861  
8377.662573  
8310.620497  
8318.526018  
8323.744114  
8345.126412  
8316.576251  
8421.872206  
8377.65099  
8363.176835  
8311.635178  
8298.866009  
8324.006096  
8269.54743  
8237.992107  
8181.623402  
8252.133965  
8226.0795  
8138.828141  
8078.650708  
8135.558896  
8106.01582  
8165.976935  
8208.482807  
8234.040431  
8255.104356  
8285.0292  
8178.58446  
8259.667884  
8220.361172  
8187.834523  
8225.999294  
8198.978863  
8293.327101  
8294.953059  
8287.575798  
8268.760898  
8209.470367  
8178.965768  
8183.107744  
8125.105611  
8161.33748  
8190.894671  
8199.478918  
8234.706578  
8362.520618  
8294.675177  
8334.355847  
8348.234706  
8362.524144  
8431.722864  
8363.254429  
8295.863265  
8287.286855  
8188.425139  
8329.952627  
8260.468554  
8288.452031  
8294.700349  
8312.880889  
8257.22722  
8265.916461  
8220.946088  
8140.325796  
8138.614643  
8200.007221  
8291.766441  
8267.460887  
8234.127  
8212.81719  
8154.791618  
8121.698492  
8181.05041  
8190.014312  
8202.112779  
8252.790714  
8292.72163  
8266.517513  
8303.688376  
8388.468151  
8386.0464  
8295.192464  
8282.833021  
8278.412329  
8298.850114  
8357.13114  
8380.962958  
8387.069664  
8385.259376  
8414.237136  
8374.300921  
8298.620792  
8185.061995  
8198.938188  
8157.789985  
8165.801116  
8158.558045  
8164.728433  
8176.853847  
8252.764458  
8215.965996  
8263.116717  
8293.575152  
8335.545534  
8394.764374  
8351.456395  
8325.265255  
8329.767979  
8315.292938  
8315.414616  
8293.072768  
8347.63573  
8263.58333  
8265.541149  
8237.250957  
8195.80066  
8211.515372  
8239.15322  
8339.509742  
8329.879237  
8308.534866  
8313.657043  
8231.543881  
8203.324276  
8177.115371  
8232.971426  
8265.934144  
8249.117669  
8231.015912  
8252.065596  
8272.197459  
8288.565659  
8274.612887  
8315.59866  
8350.421663  
8360.261001  
8370.860021  
8325.492682  
8339.079142  
8362.202804  
8317.758967  
8361.072831  
8373.130616  
8334.152688  
8201.257709  
8173.423718  
8202.419946  
8216.915655  
8262.796192  
8220.6387  
8259.214493  
8259.362172  
8249.902148  
8346.538301  
8289.297113  
8383.971474  
8312.635991  
8287.432147  
8252.381566  
8242.655476  
8183.005861  
8135.214404  
8183.236426  
8162.573635  
8196.370252  
8228.356478  
8254.194085  
8278.235866  
8258.72987  
8251.972088  
8279.227476  
8240.739431  
8290.183504  
8251.285956  
8239.63496  
8179.143446  
8173.024743  
8144.265162  
8168.756474  
8194.058962  
8167.618533  
8207.908651  
8195.788074  
8196.338635  
8228.618414  
8205.20912  
8257.614987  
8272.343173  
8284.849139  
8365.097651  
8309.053778  
8306.685807  
8322.128568  
8297.444098  
8316.964793  
8275.719066  
8249.284208  
8324.857043  
8297.869192  
8356.203185  
8297.958829  
8268.267126  
8249.977973  
8289.755378  
8313.897917  
8294.819972  
8253.490491  
8233.862512  
8157.056707  
8174.774451  
8198.900067  
8155.839556  
8142.495755  
8184.458099  
8143.526638  
8164.834275  
8126.283374  
8170.354054  
8186.750148  
8214.902596  
8277.526897  
8269.370196  
8288.14018  
8195.903418  
8261.236597  
8295.60716  
8248.679791  
8275.852243  
8258.999325  
8286.391332  
8279.419556  
8328.91814  
8322.96588  
8317.717885  
8269.413454  
8294.253415  
8352.735012  
8408.070809  
8389.301889  
