9472.164884  
9269.186923  
9245.791859  
9313.682373  
9234.044123  
9331.806352  
9388.050204  
9368.169123  
9374.32737  
9422.907315  
9378.390692  
9291.697199  
8463.43426  
10020.79761  
9608.793013  
9432.012207  
9510.352561  
9454.97947  
9544.601296  
9364.649725  
9679.410822  
9592.435791  
9582.016135  
9485.325218  
9418.413685  
9456.397283  
9391.528964  
9427.104825  
9287.144087  
9512.490811  
9328.386852  
9399.211448  
9294.750355  
9217.492787  
9263.604137  
9242.659135  
9141.611062  
9266.618652  
9319.499956  
9417.862704  
9416.530118  
9499.101696  
9406.687744  
9319.065252  
9549.365434  
9420.270819  
9514.829745  
9535.386785  
9507.857577  
9536.840465  
9590.905518  
9493.262074  
9506.840576  
9451.527788  
9354.035356  
9267.482866  
9396.873735  
9300.632013  
9382.169656  
9207.361972  
9513.399259  
9354.205589  
9110.105624  
9452.276034  
9108.057306  
9426.063166  
9190.657892  
9351.460693  
9349.559104  
9350.675914  
9257.023904  
9475.437456  
9341.175182  
9207.090576  
9410.272039  
9489.147461  
9402.3303  
9417.56847  
9413.961759  
9610.505793  
9517.52872  
9481.592108  
9498.526744  
9418.167658  
9361.537553  
9375.776811  
9439.027166  
9568.232  
9363.931352  
9363.448797  
9304.290971  
9441.669123  
9347.296098  
9266.81756  
9584.709184  
9438.740301  
9339.346369  
9378.914307  
9447.08212  
9341.256081  
9254.713734  
9308.621205  
9252.860374  
9216.912797  
9387.795277  
9300.51254  
9502.766335  
9485.213645  
9417.178112  
9417.370894  
9338.533048  
9283.336759  
9423.890203  
9401.730313  
9495.754461  
9612.900724  
9358.857045  
9401.72532  
9481.112083  
9481.99747  
9392.466131  
9277.370716  
9311.423717  
9202.220304  
9352.994118  
9291.902876  
9258.171009  
9238.948708  
9307.452193  
9256.944092  
9276.4729  
9347.710427  
9304.967485  
9338.069158  
9365.171165  
9475.645774  
9453.7322  
9498.432018  
9420.199219  
9538.134166  
9599.307573  
9561.737926  
9458.740345  
9394.227672  
9249.465066  
9458.496915  
9294.430708  
9363.837536  
9337.829412  
9385.278098  
9293.474299  
9366.571511  
9365.100608  
9437.372758  
9375.363703  
9385.992831  
9418.567183  
9455.051048  
9482.604803  
9420.468728  
9543.217108  
9334.275812  
9580.945091  
9448.934859  
9348.651367  
9432.20095  
9320.257191  
9368.239347  
9448.858798  
9424.637984  
9186.205189  
9314.995006  
9372.215887  
9374.378529  
9305.831099  
9298.586603  
9320.35791  
9299.829279  
9311.091619  
9399.495583  
9330.104115  
9198.567405  
9559.744118  
9344.190319  
9553.750422  
9690.875089  
9453.577748  
9438.270863  
9556.687234  
9314.320978  
9292.338956  
9501.262607  
9387.759011  
9411.24767  
9315.942893  
9384.573176  
9351.844305  
9461.835627  
9382.897794  
9317.15787  
9385.885764  
9401.290172  
9359.077348  
9287.451771  
9315.183572  
9421.298007  
9352.129017  
9373.342951  
9471.052468  
9417.334317  
9437.546365  
9400.673429  
9345.042125  
9514.182795  
9419.251132  
9530.180753  
9358.862016  
9515.090576  
9284.222634  
9449.953414  
9338.072221  
9294.741788  
9375.219327  
9301.027765  
9330.772372  
9176.601318  
9417.983021  
9305.893999  
9288.717219  
9324.367698  
9273.881325  
9353.968728  
9255.048762  
9276.345304  
9361.431507  
9466.433771  
9551.461004  
9435.067316  
9475.161088  
9498.360684  
9485.337358  
9317.166659  
9417.445179  
9425.642667  
9376.586515  
9489.19134  
9427.904386  
9396.233909  
9305.188765  
9293.188388  
9410.661022  
9394.581987  
9415.321001  
9357.452992  
9415.219771  
9407.222057  
9300.952037  
9411.01709  
9393.967152  
9513.562234  
9484.141801  
9576.276434  
9398.638738  
9321.801669  
9390.275213  
9278.819003  
9437.925914  
9296.358465  
9359.193448  
9261.529985  
9437.380948  
9295.8127  
9351.030784  
9438.822909  
9386.418834  
9267.363814  
9340.100209  
9269.387318  
9358.505882  
9389.341397  
9535.401012  
9291.328635  
9455.564231  
9340.84719  
9291.268932  
9272.165039  
9282.818337  
9333.009899  
9287.878973  
9368.354714  
9374.633833  
9370.369474  
9329.915749  
9412.884033  
9328.930819  
9462.153232  
9563.962979  
9478.185258  
9665.723322  
9448.121249  
9540.788641  
9498.590332  
9484.515714  
9516.613725  
9342.314209  
9422.419434  
9442.305531  
9441.259277  
9475.151567  
9500.166104  
9377.613459  
9344.738525  
9470.356778  
9503.959495  
9275.59193  
9316.041992  
9424.521484  
9381.494984  
9456.149325  
9361.67112  
9288.643621  
9321.482466  
9340.853405  
9368.61084  
9356.883811  
9404.224765  
9369.002952  
9407.202393  
9542.317671  
9467.568226  
9458.239458  
9314.57737  
9476.819425  
9438.244585  
9399.203192  
9455.197377  
9281.051048  
9318.070534  
9410.254395  
9311.438055  
9285.138073  
9325.764293  
9363.097146  
9385.610729  
9489.790905  
9346.691806  
9386.649525  
9290.04945  
9369.31867  
9251.430509  
9398.474521  
9317.922541  
9255.604048  
9404.334872  
9371.839799  
9280.741322  
9429.572776  
9251.441096  
9450.523282  
9371.627242  
9192.180642  
9247.007591  
9318.175182  
9463.438144  
9208.945335  
9390.939853  
9254.984308  
9213.647128  
9292.393111  
9372.240345  
9280.11468  
9179.760631  
9348.097612  
9381.035667  
9252.986373  
9348.352761  
9452.017334  
9373.144087  
9488.682395  
9616.133589  
9485.445024  
9515.45854  
9562.904031  
9414.291748  
9343.084539  
9421.885343  
9390.707608  
9429.093217  
9465.45783  
9539.777899  
9490.077592  
9404.626576  
9472.145996  
9453.375821  
9346.183394  
9453.043857  
9490.58869  
9481.621626  
9431.002242  
9498.724987  
9419.357555  
9470.412531  
9527.71764  
9385.75475  
9347.785045  
9458.123069  
9426.058594  
9562.42627  
9480.38774  
9416.736195  
9509.987327  
9458.17476  
9412.579701  
9473.506059  
9385.105025  
9331.136785  
9236.863237  
9396.586381  
9355.295787  
9284.860196  
9381.151056  
9456.625666  
9523.275768  
9326.048096  
9320.445912  
9383.991056  
9293.619363  
9272.821444  
9339.688809  
9229.769198  
9346.631703  
9253.01072  
9342.010298  
9282.11286  
9289.372914  
9429.259011  
9364.59486  
9356.927157  
8372.077171  
9597.949419  
9178.059482  
9350.985662  
9215.322887  
9326.694158  
9300.195579  
9395.066317  
9337.567183  
9459.541792  
9604.547208  
9448.700351  
9619.08374  
9538.572066  
9421.98979  
9314.648637  
9432.798362  
9473.467729  
9394.631792  
9474.254949  
9346.065829  
9539.247381  
9515.550692  
9494.531539  
9446.012784  
9540.252153  
9469.588379  
9450.956365  
9438.971191  
9428.691673  
9435.499467  
9388.733332  
9447.341686  
9432.896507  
9501.935525  
9481.499889  
9366.107133  
9579.517001  
9466.566606  
9502.216198  
9461.29652  
9252.085605  
9323.634433  
9286.954501  
9253.292458  
9269.912664  
9339.100231  
9331.727206  
9340.344771  
9288.993896  
9418.532759  
9485.839933  
9418.551425  
9223.706277  
9332.392623  
9421.098455  
9384.110684  
9529.737105  
9571.124467  
9423.820579  
9517.220082  
9507.784535  
9404.354692  
9493.409157  
9352.834295  
9274.916748  
9388.863259  
9384.917148  
9202.696822  
9245.183927  
9118.623491  
9176.515647  
9190.101252  
9158.035134  
9280.102561  
9313.717263  
9414.347545  
9433.337824  
9411.002663  
9495.446511  
9483.651989  
9427.937145  
9480.311102  
9473.156183  
9484.317116  
9432.441229  
9563.791171  
9519.788485  
9512.826305  
9428.663707  
9512.205034  
9573.969727  
9473.814719  
9503.22623  
9562.328569  
9357.775302  
9370.843306  
9262.827193  
9346.865212  
9250.198398  
9430.063809  
9280.309681  
9248.641091  
9426.374711  
9307.814475  
9222.183305  
9393.007346  
9543.065541  
9419.230069  
9417.717418  
9241.296942  
9432.833141  
9216.271928  
9498.528143  
9395.333385  
9353.940452  
9361.030895  
9368.841575  
9214.906383  
9441.988969  
9309.876309  
9337.179843  
9287.891424  
9339.711159  
9426.272439  
9327.811879  
9372.015336  
9208.991832  
9407.017134  
9323.715221  
9202.786266  
9418.652743  
9268.069824  
9290.674827  
9230.827725  
9386.111395  
9350.350475  
9421.999467  
9384.300781  
9533.317383  
9493.230313  
9608.127264  
9526.959362  
9619.838135  
9566.9282  
9405.972723  
9458.555509  
9566.630748  
9477.969971  
9381.45095  
9405.096968  
9346.726585  
9317.07666  
9277.261341  
9207.073287  
9177.149703  
9319.060325  
9260.870938  
9413.992853  
9409.628618  
9532.327615  
9481.772283  
9478.705589  
9298.717884  
9446.032071  
9368.276034  
9447.031916  
9519.478516  
9398.86337  
9476.981157  
9504.98149  
9394.957475  
9551.458674  
9452.088623  
9488.720792  
9330.411887  
9306.935325  
9286.055597  
9345.558838  
9445.255726  
9282.329235  
9412.606024  
9307.444158  
9270.257213  
9270.235085  
9247.362815  
9393.791903  
9360.953902  
9372.145996  
9380.758501  
9518.924827  
9546.338712  
9414.291482  
9446.041282  
9582.181463  
9388.284113  
9539.960738  
9464.939764  
9439.316362  
9502.346058  
9411.52104  
9457.645663  
9445.504861  
9559.057306  
9616.018599  
9427.755016  
9418.690496  
9340.144576  
9319.798917  
9281.370628  
9213.588312  
9147.014316  
9402.209783  
9340.281894  
9385.564719  
9324.17698  
9187.744074  
9207.154719  
9205.596214  
9284.896418  
9292.793701  
9270.228915  
9051.235818  
9497.264604  
9252.803689  
9362.851318  
9367.682284  
9491.002708  
9415.449152  
9542.505793  
9433.615545  
9455.909934  
9470.91717  
9398.465021  
9515.613104  
9434.919367  
9573.183904  
9267.739102  
9314.644953  
9481.016002  
9360.609264  
9487.649525  
9356.313033  
9299.496737  
9407.819158  
9374.280606  
9355.284934  
9206.911865  
9174.512962  
9298.644376  
9346.420144  
9389.653054  
9254.683483  
9482.205833  
9367.272261  
9323.867698  
9429.75051  
9266.943825  
9412.471103  
9641.850897  
9522.983021  
9448.095681  
9412.247869  
9288.797741  
9147.947554  
9304.422408  
9295.653875  
9393.795699  
9399.416171  
9392.398704  
9401.749068  
9564.466553  
9525.833074  
9409.553378  
9461.117165  
9400.939697  
9458.56756  
9475.818825  
9588.756703  
9495.834206  
9388.591042  
9481.301247  
9706.540305  
9540.263694  
9604.099654  
9557.353849  
9347.313943  
9340.583918  
9340.874734  
9515.5621  
9305.710516  
9350.999623  
9385.179488  
9382.122603  
9417.244585  
9336.813477  
9203.224654  
9175.98837  
9154.43548  
9103.652899  
9293.835249  
9283.441007  
9208.586182  
9092.59992  
9103.102961  
9222.451172  
9311.899392  
9382.303511  
9175.554643  
9296.851163  
9220.508967  
9332.901079  
9405.322288  
9191.421964  
9531.351873  
9376.857622  
9346.8574  
9404.585716  
9270.846147  
9351.166038  
9484.620006  
9316.031738  
9415.659757  
9486.102228  
9610.226119  
9523.776878  
9367.512052  
9314.509632  
9264.549405  
9454.059149  
9484.099898  
9525.304688  
9513.168324  
9463.956809  
9525.183416  
9544.888339  
9535.521928  
9450.538441  
9481.902632  
9504.112882  
9345.259477  
9499.094971  
9491.922585  
9377.770375  
9439.731601  
9425.802446  
9389.864613  
9520.72381  
9444.875533  
9397.168102  
9364.272883  
9253.840421  
9363.72805  
9367.567139  
9488.026611  
9443.978538  
9512.107888  
9534.809881  
9403.512828  
9549.921586  
9474.053223  
9545.191406  
9566.581809  
9615.871271  
9471.349055  
9523.576483  
9508.835161  
9360.816473  
9416.65585  
9309.402743  
9299.392978  
9305.180597  
9384.966242  
9364.171276  
9309.627086  
9417.674672  
9358.847013  
9284.599787  
9295.120206  
9141.36084  
9123.31958  
9251.213201  
9198.502597  
9307.62551  
9281.659801  
9231.203303  
9324.725053  
9296.396018  
9399.478027  
9459.508545  
9406.219127  
9407.700839  
9393.743275  
9367.298584  
9540.620961  
9529.400657  
9389.798828  
9390.50182  
9441.964688  
9413.942183  
9566.199707  
9418.287509  
9348.4286  
9521.841886  
9364.897039  
9385.460804  
9616.26436  
9594.204346  
9478.19964  
9408.378374  
9448.306929  
9331.855669  
9453.874689  
9470.841553  
9365.304998  
9234.377086  
9374.839999  
9366.258256  
9518.786954  
9300.935436  
9267.807173  
9406.631348  
9413.520397  
9373.550537  
9243.4822  
9276.444758  
9359.08323  
9202.510454  
9345.880748  
9409.895042  
9280.567893  
9250.912664  
9463.05906  
9387.305819  
9418.630993  
9313.850941  
9494.356312  
9363.733132  
9335.083629  
9456.65898  
9368.220792  
9352.742365  
9312.695512  
9432.215532  
9362.023171  
9442.631836  
9321.340887  
9294.725763  
9215.496005  
9250.370117  
9279.76851  
9243.926758  
9396.855091  
9535.583585  
9459.240168  
9511.302779  
9369.493475  
9484.1879  
9531.679643  
9349.582852  
9410.316717  
9440.859641  
9377.224343  
9346.348655  
9365.402144  
9279.216286  
9288.654386  
9127.657071  
9169.208918  
9259.824019  
9158.176425  
9226.44802  
9383.574885  
9359.165505  
9375.215909  
9447.825328  
9540.309526  
9466.215332  
9541.70621  
9384.637762  
9411.852406  
9381.339755  
9494.960538  
9419.258767  
9565.984375  
9566.898038  
9522.581299  
9554.232466  
9479.746848  
9469.850386  
9585.309326  
9578.675737  
9600.234952  
9543.321933  
9545.304954  
9553.419966  
9521.485085  
9399.547275  
9443.722368  
9337.255593  
9370.244695  
9287.739857  
9481.950839  
9351.146129  
9325.612061  
9304.292103  
9261.587624  
9207.334894  
9343.161088  
9382.536199  
9224.50162  
9395.285467  
9438.459428  
9404.536976  
9598.003196  
9401.670388  
9301.925581  
9525.030429  
9329.118786  
9284.155296  
9347.021373  
9381.750644  
9296.576882  
9304.789529  
9274.370716  
9252.311523  
9200.949463  
9350.443004  
9295.64078  
9259.958407  
9364.441562  
9343.044078  
9471.437345  
9368.760476  
9528.469438  
9564.075839  
9485.759166  
9331.280495  
9299.076571  
9168.036843  
9139.379039  
9290.960383  
9417.860152  
9364.274303  
9342.861705  
9182.746737  
9297.667236  
9242.928644  
9194.115146  
9174.038441  
9311.310813  
9320.160045  
9232.183771  
9274.509211  
9296.247381  
9408.103516  
9473.957409  
9471.940163  
9461.485929  
9419.291926  
9389.722656  
9400.991388  
9506.522483  
9465.69225  
9503.741455  
9495.252308  
9572.822843  
9539.427268  
9562.284335  
9595.366499  
9540.408447  
9545.750355  
9519.884544  
9549.858243  
9511.319114  
9519.216974  
9484.765137  
9443.064675  
9452.635498  
9369.187544  
9359.912109  
9478.993586  
9443.995273  
9575.602583  
9343.150923  
9338.886874  
9448.535223  
9557.592884  
9467.454479  
9476.082453  
9402.114702  
9287.827748  
9399.070978  
9285.964866  
9327.592751  
9357.372115  
9261.419389  
9143.763605  
9279.399347  
9320.869829  
9257.295255  
9282.112638  
9393.638738  
9471.620938  
8652.649325  
9216.449507  
9241.674649  
9222.044855  
9327.448464  
9279.841752  
9259.160645  
9520.132457  
9374.633567  
9563.3032  
9500.805775  
9524.120028  
9389.237127  
9427.141135  
9529.229781  
9436.072288  
9398.558039  
9494.508745  
9513.136119  
9375.213201  
9422.572665  
9376.974077  
9378.139116  
9342.093817  
9337.262651  
9522.021551  
9497.283248  
9498.536754  
9469.359775  
9432.511275  
9419.40443  
9515.689875  
9391.476163  
9336.48149  
9408.443959  
9327.378041  
9437.771795  
9383.720281  
9369.009055  
9373.716198  
9364.327881  
9430.470304  
9445.847701  
9314.857222  
9348.146329  
9334.61104  
9376.491988  
9448.150435  
9211.031028  
9299.246249  
9479.010121  
9413.273682  
9450.652455  
9407.891002  
9553.592951  
9391.481201  
9334.668612  
9264.941473  
9340.629528  
9259.615745  
9307.898793  
9305.186301  
9395.569824  
9341.476407  
9378.671431  
9507.140669  
9485.712957  
9533.531672  
9479.137984  
9519.372048  
9406.434992  
9266.927601  
9438.514604  
9329.008101  
9335.639205  
9403.563121  
9364.249667  
9319.826261  
9339.918013  
9318.054776  
9376.084273  
9364.846657  
9447.62156  
9510.46056  
9488.002108  
9478.160778  
9398.139449  
9596.826238  
9341.523793  
9431.03125  
9387.902765  
9418.000777  
9377.779497  
9407.482888  
9301.055109  
9367.805043  
9276.214711  
9427.794123  
9405.958319  
9486.088534  
9506.690407  
9458.89371  
9603.867077  
9478.574973  
9349.814897  
9487.687234  
9453.781516  
9380.905207  
9461.620983  
9430.388738  
9289.575817  
9393.306818  
9319.323997  
9261.997226  
9190.827459  
9260.017645  
9236.615878  
9281.889449  
9312.437145  
9408.688809  
9376.0892  
9434.219083  
9476.380837  
9491.406805  
9413.607577  
9428.678533  
9535.46855  
9367.398704  
9428.848477  
9416.592574  
9436.626509  
9409.589955  
9347.09335  
9385.816473  
9303.57848  
9405.263006  
9342.478338  
9412.171586  
9306.744784  
9300.167458  
9317.395463  
9277.321911  
9287.804266  
9378.368231  
9335.180043  
9442.051447  
9395.337069  
9325.002952  
9370.49161  
9470.804133  
9066.255771  
9403.25617  
9476.732222  
9401.205766  
9492.594016  
9360.660489  
9210.456232  
9385.917125  
9217.832431  
9351.167236  
9359.719016  
9385.892955  
9430.333984  
9489.387629  
9444.995539  
9458.026323  
9444.977916  
9421.583341  
9452.669256  
9419.491433  
9483.658869  
9278.666282  
9317.323997  
9201.328613  
9250.768843  
9239.840221  
9305.922363  
9287.8125  
9228.448042  
9435.496582  
9293.139138  
9507.524081  
9427.18457  
9390.149237  
9498.4731  
9488.662087  
9499.404497  
9353.470437  
9308.909779  
9497.086759  
9427.291171  
9361.808816  
9441.912376  
9370.537043  
9470.735085  
9473.966064  
9470.973921  
9500.086825  
9578.58991  
9518.103671  
9486.878551  
9348.929155  
9383.777876  
9421.782093  
9516.310858  
9448.892267  
9341.475342  
9381.34082  
9514.874001  
9452.939586  
9292.399836  
9439.224321  
9448.744052  
9404.511919  
9391.246915  
9416.803378  
9534.203458  
9397.653054  
9425.545455  
9457.365967  
9430.792303  
9274.876909  
9259.15332  
9549.744296  
9243.969949  
9315.009988  
9219.87207  
9165.297496  
9267.704523  
9218.84304  
9217.37975  
9206.482244  
9343.824685  
9465.510809  
9380.865234  
9226.796919  
9429.326061  
9370.6339  
9362.789018  
9374.387673  
9383.306774  
9434.269487  
9333.933971  
9402.40767  
9406.804155  
9586.81725  
9528.186146  
9412.137296  
9470.289706  
9419.010099  
9332.847257  
9387.061057  
9547.12844  
9521.171009  
9311.045055  
9379.064475  
9456.204146  
9474.001154  
9305.240545  
9327.313654  
9357.69387  
9346.40605  
9350.1157  
9270.671897  
9428.026301  
9261.365368  
9400.769731  
9341.181152  
9348.797275  
9351.27892  
9258.064586  
9256.925293  
9340.351629  
9379.729292  
9046.248846  
9465.376709  
9397.254395  
9395.87085  
9483.820468  
9413.650391  
9380.975542  
9532.765936  
9444.448753  
9432.305686  
9475.70277  
9311.676336  
9465.494984  
9452.89209  
9493.925803  
9493.411111  
9436.137784  
9396.499134  
9302.91606  
9380.175826  
9467.394154  
9473.621915  
9585.875866  
9526.365989  
9445.759921  
9239.438743  
9372.330478  
9314.162553  
9335.093883  
9330.213224  
9374.638761  
9374.670654  
9495.220725  
9323.017822  
9543.347079  
9605.955811  
9536.025169  
9664.045965  
9495.012917  
9376.657093  
9487.708718  
9337.718905  
9433.849543  
9274.372403  
9287.667614  
9288.389293  
9136.706121  
9193.967596  
9233.898593  
9227.586626  
9339.858643  
9329.769886  
9299.434237  
9297.073553  
9390.577237  
9435.304133  
9424.223744  
9326.37156  
9413.331277  
9436.104093  
9252.124623  
9500.289462  
9276.869873  
9414.897794  
9388.805509  
9326.881436  
9249.389005  
9178.40241  
9199.747448  
9184.596902  
9270.832231  
9273.49798  
9333.837358  
9367.962047  
9490.71511  
9388.73877  
9387.59011  
9375.502508  
9343.512695  
9543.154719  
9455.44498  
9488.900945  
9680.803711  
9525.549028  
9470.813388  
9533.428223  
9428.422119  
9552.254395  
9529.055975  
9622.529674  
9510.152876  
9669.817449  
9560.895241  
9412.331698  
9492.453236  
9451.411976  
9375.18153  
9516.865345  
9490.503618  
9409.872936  
9350.978693  
9349.038685  
9236.830677  
9325.967818  
9357.484375  
9304.84415  
9309.775502  
9270.35649  
9335.257457  
9145.676891  
9287.10305  
9194.644132  
9292.344394  
9308.693692  
9350.211381  
9402.120406  
9420.549805  
9462.985241  
9417.52417  
9394.380105  
9340.625133  
9566.467662  
9444.474987  
9637.441739  
9470.442893  
9438.979448  
9379.870872  
9518.412997  
9491.762185  
9600.608332  
9352.422119  
9509.726318  
9472.3036  
9493.726119  
9509.03287  
9273.729603  
9432.274525  
9430.204812  
9450.028942  
9295.470348  
9209.701372  
9178.921453  
9233.686879  
9174.627308  
9236.921409  
9292.26638  
9323.447754  
9358.53054  
9334.056729  
9363.343883  
9251.252131  
9253.487638  
9368.470148  
9307.907804  
9349.159535  
9465.816739  
9461.815474  
9365.77306  
9325.309437  
9352.039529  
9317.161044  
9383.30198  
9254.722079  
9250.966153  
9284.148748  
9464.611439  
9363.32282  
9415.876176  
9397.307085  
9339.633034  
9413.163996  
9415.142756  
9452.818892  
9419.376199  
9390.427113  
9388.984686  
9356.136963  
9388.587757  
9534.960693  
9385.068759  
9454.695246  
9534.206565  
9352.946999  
9354.224321  
9275.127708  
9249.054599  
9364.401855  
9326.51507  
9502.838867  
9476.699063  
9524.680953  
9317.340665  
9322.725186  
9482.484486  
9324.757635  
9364.602428  
9292.320046  
9418.762274  
9376.073775  
9366.500178  
9356.675293  
9550.646573  
9516.779097  
9405.497448  
9450.380549  
9309.476895  
9513.338002  
9425.96511  
9548.753928  
9567.928689  
9584.870406  
9354.137385  
9558.908603  
9528.128374  
9365.885187  
9406.227628  
9221.017467  
9292.431197  
9141.855513  
9361.505637  
9295.987527  
9446.860241  
9253.674982  
9392.036333  
9350.91839  
9381.486417  
9422.833008  
9497.862172  
9444.005726  
9392.195224  
9383.872048  
9452.831521  
9480.082764  
9364.35922  
9346.921875  
9401.228782  
9369.951061  
9269.117987  
9265.496671  
9345.838201  
9327.682617  
9332.796897  
9420.132324  
9338.98038  
9384.966087  
9296.643555  
9272.560924  
9327.325328  
9431.259366  
9417.08778  
9353.486883  
9376.028276  
9452.483154  
9378.075661  
9432.077104  
9348.511652  
9516.175226  
9494.220215  
9474.111705  
9574.84446  
9537.133434  
9572.072776  
9491.778121  
9571.944003  
9490.137274  
9493.107577  
9281.933927  
9334.299627  
9304.12844  
9291.001443  
9346.259854  
9345.362793  
9490.860507  
9418.954346  
9345.187145  
9412.976296  
9426.425537  
9378.271285  
9310.901634  
9357.132635  
9469.489657  
9304.837957  
9289.538419  
9144.584384  
9278.386408  
9191.637385  
9315.24454  
9436.101673  
9398.122292  
9433.985418  
9482.828857  
9322.703081  
9506.761208  
9403.846746  
9346.717507  
9357.313366  
9483.621693  
9489.579856  
9306.53691  
9309.182062  
9297.800382  
9308.694469  
9256.965132  
9305.607466  
9306.559193  
9249.34921  
9326.258612  
9386.174849  
9429.12136  
9332.776722  
9354.889937  
9567.190097  
9428.46309  
9503.297097  
9404.559703  
9351.395219  
9315.360973  
9406.49181  
9419.438854  
9456.268577  
9333.756459  
9549.041038  
9404.588978  
9343.398127  
9441.241988  
9338.972434  
9427.280273  
9372.953902  
9263.230091  
9511.544367  
9258.122381  
9300.738703  
9223.566983  
9326.557662  
9296.396662  
9256.057817  
9255.485884  
9195.676558  
9175.485507  
9155.909823  
9376.351119  
9306.27741  
9439.173229  
9387.45459  
9361.252597  
9301.351829  
9370.636009  
9394.169034  
9394.069425  
9348.799361  
9302.375977  
9407.160844  
9354.119718  
9476.744451  
9373.446222  
9463.873957  
9490.680109  
9474.627974  
9622.332764  
9591.310325  
9545.590465  
