12012.4727  
11872.97599  
11994.38287  
11856.05919  
11902.60377  
11918.29264  
11991.78023  
11923.97901  
11979.04154  
12001.02094  
12085.79912  
11710.1175  
11601.37363  
12248.08895  
12106.6434  
12248.21868  
12101.99213  
12070.0911  
12121.80996  
12053.72782  
12182.75889  
12233.1297  
12195.34  
12143.55605  
12000.30007  
12099.91798  
12020.75635  
12081.65412  
11950.71453  
12058.88791  
12027.06155  
11857.13548  
11893.35901  
11792.52138  
11800.53522  
11825.49674  
11742.30242  
11866.02148  
11988.99139  
12101.48433  
12106.25051  
12143.55727  
12092.12469  
12015.8896  
12095.63583  
12065.09942  
12130.84878  
12209.85749  
12093.11363  
12098.55124  
12114.4267  
12161.28999  
12057.95217  
12005.61957  
11955.95264  
11953.19061  
11937.5604  
11943.34163  
11952.14363  
11862.60142  
12069.56214  
11849.65345  
11877.98771  
11948.77932  
11759.06851  
11832.11966  
11775.70134  
11938.76438  
11982.51177  
11998.84623  
11986.47287  
12059.55542  
11984.19477  
11960.97907  
11969.05267  
12130.45882  
12009.62202  
12014.3131  
12100.34803  
12141.66721  
12077.6759  
12094.44196  
12114.20116  
12217.84207  
12046.55851  
12080.12403  
12036.43693  
12055.00904  
12002.80891  
11988.87467  
11993.95491  
11987.61602  
11978.31688  
12042.6546  
12062.40933  
12040.59323  
11926.29226  
11943.14747  
12026.0424  
11955.05182  
11929.97016  
11913.94445  
11930.75337  
11946.41317  
11980.68469  
12009.3826  
12025.53366  
12144.2893  
12098.54558  
12094.27537  
12127.90359  
12021.29311  
12045.359  
12066.864  
12050.79863  
11993.56396  
12013.30834  
12040.82398  
11952.27312  
11991.18691  
11902.94654  
11981.41739  
11855.83992  
11890.57348  
12029.37586  
11901.46751  
11993.53591  
11923.63013  
11917.48627  
11838.03057  
11892.19057  
11957.46677  
11953.94416  
11970.25701  
11952.09737  
12087.63254  
11990.99846  
12041.92469  
12019.23328  
12022.84827  
12045.75478  
12109.72431  
12045.69214  
11933.0219  
11969.24808  
11915.83705  
11879.29967  
11833.49979  
11925.17015  
11955.41785  
11922.58161  
11972.05309  
11957.3978  
12064.26831  
12008.59171  
12017.29927  
11975.87261  
12059.16449  
12059.35014  
12098.09506  
12101.02761  
12115.34483  
12113.16167  
12133.83529  
12028.82364  
12087.43882  
11949.90197  
11972.95455  
12041.87254  
11916.31516  
11954.38316  
11987.50763  
11947.78651  
12016.88405  
12002.70744  
12043.56328  
11992.90882  
11912.36962  
11971.82003  
11950.33396  
12031.48928  
12018.41252  
12168.45051  
12097.84922  
12060.64191  
12195.88925  
12002.28141  
12068.96817  
12107.42239  
11938.72483  
11976.40959  
12097.50552  
11929.80563  
12015.69445  
11961.23902  
12086.20305  
12029.40613  
12029.73363  
11961.53263  
11852.8959  
11875.4083  
11902.69976  
11938.01467  
11909.9421  
11949.04615  
11975.21816  
11978.10273  
12002.66586  
12043.82462  
11996.37576  
11999.19509  
12010.57497  
11985.5767  
11997.65768  
12074.33199  
12153.26554  
12121.51722  
12049.66617  
12017.38026  
11889.9486  
11969.98705  
11863.13656  
11875.71802  
11921.38661  
11867.08138  
11797.12868  
11848.48642  
11886.03562  
12018.78041  
11977.42142  
11959.3886  
11932.66959  
11848.53232  
11914.73618  
12009.00251  
11980.26955  
12119.98683  
12112.08899  
12035.9018  
12135.54185  
12051.44871  
11997.45797  
12030.60216  
12051.07113  
11996.80432  
12102.56938  
12116.88284  
12082.58678  
12037.11954  
11962.45999  
12030.97958  
12001.17059  
12074.96282  
12129.77926  
12065.34777  
12054.18366  
11984.56831  
12057.3737  
11960.31616  
12107.86418  
12136.80947  
12137.3278  
12107.20509  
11989.58414  
12020.74495  
12038.4727  
12103.47086  
12047.35336  
12052.37966  
12120.90043  
12108.0971  
11951.09933  
11961.64991  
12037.84443  
11921.96386  
11892.02378  
12000.3063  
11884.58269  
12081.51793  
11960.41034  
12085.93513  
12059.62108  
11869.50922  
11812.76271  
11748.53307  
11740.85992  
11777.11923  
11787.54616  
11860.90681  
11881.17315  
11931.06024  
12032.56318  
12009.88714  
11974.38442  
12022.6621  
12019.85793  
12096.68226  
12040.64364  
12101.86918  
12029.89953  
12061.58225  
12069.69298  
12014.15337  
12037.15195  
11936.13448  
11978.395  
12017.8462  
12128.25412  
12026.88808  
12026.96251  
12078.93801  
11983.55899  
12014.57096  
12192.55009  
11999.07946  
11987.77307  
12099.04688  
12075.77842  
12018.10554  
11964.73316  
12009.74041  
12006.20056  
12039.50465  
12144.6338  
12105.28192  
12056.89661  
12036.95765  
12063.24608  
12011.42639  
12107.47431  
12011.69792  
12115.53504  
12140.89016  
12177.52187  
12091.41134  
11970.03602  
11950.21206  
11931.57648  
11979.89348  
11857.85446  
11862.78464  
11881.04596  
11977.37098  
12028.36003  
12028.03141  
11990.65153  
11914.80775  
11901.83526  
11908.32102  
11933.28756  
11939.06738  
11988.12652  
11958.90227  
11889.24595  
11906.10248  
11960.28247  
12038.44444  
12012.43497  
11920.60236  
11874.42874  
11807.75014  
11929.54112  
11992.15823  
12023.19781  
11979.8253  
11859.01608  
11809.61255  
11744.36246  
11780.20787  
11898.2748  
11851.77171  
11846.16607  
11929.23839  
11903.50314  
11949.47164  
11901.18314  
12029.74409  
11997.06328  
12067.23844  
12164.30659  
12113.05671  
12049.34159  
12026.27949  
11961.8995  
12011.22746  
12067.56765  
11983.19036  
12029.03144  
12095.25808  
12054.76259  
12035.44773  
12067.46717  
12076.01506  
12068.62953  
12077.71028  
12016.6028  
12089.04583  
12075.97962  
12198.42226  
12184.98425  
12101.08926  
12148.33892  
12157.00094  
12107.73231  
12125.42266  
12088.50183  
12138.10466  
12159.77703  
12061.06556  
12060.37338  
12118.93705  
12051.11102  
11991.22676  
12059.87925  
11976.4618  
11929.94628  
11971.85455  
11972.35418  
11997.33811  
12004.43862  
12023.77782  
12085.85211  
12035.70427  
11984.68213  
12011.64902  
11930.82343  
11992.84396  
11890.994  
11963.39713  
11868.03233  
11926.07333  
11940.01987  
12072.25945  
11923.22706  
11932.79028  
11994.77053  
11918.78625  
11802.41687  
11559.38138  
11891.21373  
11850.90139  
11847.50959  
11978.86906  
11938.23062  
11926.14483  
12061.32612  
12019.73517  
12097.10032  
12102.03604  
12032.05865  
12093.64004  
12082.38854  
11974.29022  
11950.49191  
12115.84976  
12035.09905  
12056.48175  
12104.89714  
12062.56777  
12161.22024  
12149.3888  
12206.87506  
12127.69477  
12065.55557  
12113.75942  
12062.15529  
12019.67277  
12029.41124  
12009.92707  
12031.73556  
11961.96937  
12005.1274  
12017.4877  
12065.18123  
12071.63425  
12207.78649  
12078.74758  
12063.18659  
11972.895  
11849.3854  
11856.70801  
11835.59314  
11809.88939  
11797.09186  
11920.40727  
11902.87023  
11881.99894  
11931.32048  
12042.60015  
12061.42477  
12142.57456  
12007.66704  
12087.10294  
12033.75193  
12060.69646  
12165.13624  
12063.67319  
12035.49971  
11961.0369  
12098.16998  
12056.14705  
12115.30119  
11958.21511  
11921.60348  
11977.6474  
11896.14864  
11781.65713  
11709.603  
11725.41549  
11765.35117  
11818.13184  
11835.318  
11954.43835  
11917.59809  
11960.7119  
11984.34518  
12038.59996  
12047.52604  
12048.31692  
12140.60385  
12035.50384  
12048.81089  
12106.95352  
12075.29515  
12136.10924  
12075.18721  
12167.41194  
12155.76837  
12095.07046  
12119.12464  
12099.92406  
12122.08298  
12116.9702  
11969.55487  
11931.61191  
11872.32545  
11920.16361  
11906.16949  
11877.65103  
11875.272  
11921.01396  
11977.15251  
12038.76774  
12005.20254  
12082.66553  
12145.07498  
12056.34088  
11966.943  
11841.50111  
11912.13417  
11886.82185  
11961.49081  
11945.94034  
11906.85575  
11858.23162  
11895.8706  
11936.35497  
12008.72858  
12040.03962  
12081.042  
12099.7464  
11998.54904  
12007.01046  
11975.01499  
12012.9758  
11948.47429  
12032.55782  
12066.91223  
11902.96828  
11862.04553  
11864.63257  
11902.27128  
11981.13515  
11974.83787  
12047.24234  
11977.52669  
12037.46979  
12064.38453  
12179.95265  
12204.09611  
12140.61172  
12218.98427  
12091.55321  
12057.12841  
12076.08068  
12140.6173  
12132.54561  
12139.16571  
12078.65111  
11905.55327  
11834.40027  
11861.8152  
11796.193  
11801.87758  
11859.31368  
11974.16537  
11867.68028  
12044.26968  
12179.72118  
12116.3311  
12002.56848  
11925.58585  
11969.27354  
12007.68346  
12055.94923  
12055.47529  
12013.37834  
12087.51301  
12119.29272  
12082.28503  
12045.16962  
12000.24716  
12002.00167  
12012.12541  
12038.31096  
11951.03309  
11951.90624  
11926.88643  
11893.30965  
11914.60949  
12034.25687  
11856.28421  
11859.65158  
11930.17777  
11941.34503  
11923.92024  
12016.6883  
12195.39998  
12064.8962  
12122.81733  
12128.96782  
12114.61528  
12176.34611  
12096.45408  
12147.14575  
12036.67784  
12073.22978  
12146.82264  
12021.75133  
12155.77203  
12149.26936  
12206.02356  
12252.21185  
12037.05703  
11887.04993  
11858.04767  
11751.12273  
11766.17658  
11799.7849  
11807.80331  
11798.35547  
11926.33912  
11975.30625  
11880.04116  
11647.07479  
11782.8698  
11851.83989  
11843.40644  
11813.06113  
11706.9139  
11654.42424  
12144.87174  
12047.54891  
12043.75094  
12094.06968  
12253.26859  
12187.32204  
12212.23399  
12126.37631  
12083.02557  
12178.65008  
12079.82562  
12155.20327  
12165.9541  
12096.75956  
12046.01383  
11986.95166  
12013.13834  
12015.60704  
12162.28819  
11992.16818  
12010.41003  
12068.9895  
12042.58163  
11935.65173  
11986.69044  
11923.9484  
12132.58021  
12022.88419  
12004.6349  
11979.76995  
11959.39575  
11891.89813  
11998.90534  
11923.32097  
11959.80912  
12117.24762  
12062.67679  
11967.46922  
11954.92848  
11924.3904  
11905.92972  
11822.47353  
11857.87207  
11933.7761  
11950.76041  
11969.30526  
11974.43148  
12062.61215  
12136.05931  
12048.94868  
12044.09101  
12035.48554  
11992.37371  
12008.44746  
12090.13894  
12122.00189  
12070.83248  
12062.52123  
12135.68861  
12129.15997  
12092.12603  
12129.60465  
12062.34235  
11966.14804  
11956.20592  
11955.06688  
12021.51154  
12028.99243  
12100.95021  
12010.65712  
11998.33522  
11924.79884  
11918.18846  
11691.87802  
11891.85231  
11744.26038  
11796.053  
11778.87155  
11885.22281  
11790.98774  
11864.26765  
11864.92663  
11892.42716  
11812.35483  
11858.57849  
11774.02376  
11772.38049  
11812.08285  
11942.86222  
11984.58437  
11998.61626  
12124.54152  
12123.19726  
12049.01118  
12036.01198  
12048.58636  
12087.78929  
12059.27877  
12094.89888  
12096.32708  
12114.38359  
12077.20118  
12019.3395  
12020.00792  
11946.14633  
11905.76988  
12012.54147  
12070.4622  
12210.53193  
12111.29583  
12105.59791  
12063.21638  
12150.84731  
12118.91851  
12105.29465  
12084.00681  
12106.5674  
12006.29769  
12080.4526  
12081.69756  
12094.704  
12082.78248  
12094.97943  
12072.21947  
12093.72555  
11972.50382  
11962.22369  
11949.35971  
11883.25772  
11918.87412  
11932.61802  
12076.13873  
12008.53048  
12077.15622  
12183.53998  
12107.24088  
12215.83389  
12191.7055  
12154.35429  
12194.87811  
12102.00473  
12143.51678  
12061.13386  
12138.4818  
12031.52548  
12025.15648  
11928.4976  
11883.85912  
11850.10862  
11904.70101  
11831.69299  
11943.36339  
11947.52395  
11893.5209  
11842.87544  
11820.86084  
11774.28368  
11733.6599  
11800.65539  
11837.67221  
11911.12111  
11994.64042  
11956.03992  
12019.16269  
11972.70689  
12009.70764  
12136.04031  
12051.87525  
12043.59  
12049.69466  
12080.83882  
12100.36186  
12048.09339  
11978.31169  
11995.83942  
12039.83209  
12081.75507  
12175.34286  
12038.40441  
11992.97065  
12060.15453  
12102.80126  
12109.33575  
12125.51434  
12150.89407  
12063.91038  
12085.01358  
12072.30072  
12072.77271  
12046.62431  
12019.20316  
11927.88618  
11903.9569  
11921.54554  
11935.90235  
12134.16277  
12011.2539  
11981.63491  
11998.15092  
11968.36794  
11997.0277  
11865.63683  
11816.54278  
11863.16355  
11801.83759  
11878.0362  
11922.54567  
11978.46825  
12001.19808  
12069.64776  
11970.42853  
12025.8366  
12024.79706  
12089.7916  
12035.38659  
11951.0615  
11921.74896  
11894.02793  
11966.11645  
11959.32355  
12005.12171  
12014.35598  
12024.94934  
11896.99311  
11817.26587  
11800.46463  
11831.11058  
11838.80538  
11928.07328  
12004.79806  
12050.10404  
12157.46598  
12158.60816  
12061.74389  
12000.51658  
12137.77863  
12066.17744  
12054.98843  
12000.1217  
12044.55901  
11986.13183  
11787.49011  
11749.17408  
11744.74809  
11770.90151  
11798.86573  
11853.26673  
11743.00838  
11771.31693  
11848.6102  
11907.27148  
11991.88012  
12008.02553  
12091.53861  
12144.80395  
12233.70433  
12179.01725  
12073.46364  
11995.3857  
12009.8361  
12135.8607  
12098.17177  
12082.89244  
12066.30678  
12243.49459  
12149.80175  
12141.70429  
12164.36313  
12119.71797  
12170.49469  
12108.36293  
12056.68828  
12104.3327  
12099.08757  
11982.92248  
12084.45918  
12015.05392  
12049.64249  
12016.64178  
12036.62327  
12052.70814  
11904.64131  
11961.24704  
11928.94143  
11908.67985  
11941.5646  
11926.00982  
11945.31466  
12020.56684  
12048.52258  
12111.27993  
12147.03354  
12005.246  
11926.25465  
12005.9525  
11964.35401  
12018.40128  
11961.3092  
11925.76353  
11922.29914  
11860.94818  
11864.6776  
11819.1898  
11818.71989  
11967.93787  
11877.44574  
11932.30658  
11959.95278  
12041.7971  
12041.04404  
12038.17543  
12161.39305  
12115.45249  
11961.41686  
11979.9302  
11960.15134  
12022.22657  
11975.27389  
12032.66799  
12045.36163  
12019.02665  
11838.92879  
11716.71  
11761.71173  
11786.54726  
11782.00484  
11820.92985  
11954.65587  
11923.60825  
11905.55551  
11961.5815  
12032.00108  
12126.35033  
12109.11874  
12112.97878  
12054.3892  
12084.63644  
12022.94913  
12048.0863  
12078.45544  
12107.57081  
12132.69572  
12182.70953  
12208.82091  
12166.88711  
12114.7992  
12105.77883  
12121.31067  
12096.44593  
12144.07078  
12198.95083  
12257.60625  
12104.22866  
12016.19611  
12030.6445  
11959.55083  
11929.93241  
11974.12715  
12011.03672  
12102.62462  
12205.36791  
12065.37596  
12084.02569  
12112.5334  
12285.37032  
12166.13635  
12083.52423  
11917.87917  
11959.91741  
11898.80791  
11925.74671  
11969.02694  
11940.05383  
11943.58647  
11886.67457  
11897.02499  
11873.25508  
11862.3167  
11694.16347  
11781.3329  
11757.41321  
11727.2053  
11919.32497  
11894.93626  
11917.50992  
11977.60874  
11997.16323  
12045.76687  
11848.0552  
12133.81291  
12114.56467  
12195.3453  
12151.00353  
12068.74797  
12081.16112  
12164.82715  
12055.75084  
12077.87062  
11993.75852  
12071.19048  
11962.18763  
11955.0701  
11975.72043  
11994.81298  
12032.45724  
12060.09801  
12030.65371  
12195.50239  
12069.44862  
12048.34623  
12035.58017  
11990.16436  
12080.72848  
12028.4258  
11952.40168  
12014.71852  
11916.70343  
11975.08617  
11945.23805  
11990.06461  
11980.93614  
12011.80537  
11991.42114  
12005.84763  
11923.80641  
11925.5154  
12033.50651  
12084.24609  
12063.54593  
11944.84053  
11948.44138  
11937.96629  
11975.18762  
11976.63876  
12040.52387  
12139.33607  
12079.50047  
11859.48989  
11911.32432  
11893.1197  
11928.20857  
11901.26959  
11967.416  
11928.57142  
11917.89623  
11943.30944  
12105.08122  
12036.42957  
12065.10661  
11965.87196  
12072.20077  
12010.53828  
12015.62427  
12071.81442  
11897.88875  
11917.42534  
12023.08522  
11959.81586  
11976.43053  
11948.20248  
11972.91936  
11925.69697  
11957.94998  
12091.24216  
11994.16289  
12019.97481  
12158.10453  
12086.56466  
12059.71765  
12043.50273  
12064.61502  
11973.92712  
11993.11203  
11965.90579  
11954.93454  
11982.03609  
12054.56536  
12074.03484  
12105.85258  
12015.27557  
12160.05688  
12157.8648  
12062.61455  
12124.92738  
12074.18445  
12013.48239  
11996.79533  
12040.34169  
11996.02522  
12061.42457  
11998.67596  
11969.13495  
12016.67841  
11838.9419  
11841.75002  
11866.90527  
11828.09921  
11895.05481  
11909.78485  
11977.70262  
12042.70957  
11937.41914  
12055.82933  
11964.41431  
12062.8539  
12073.30169  
12074.08086  
12094.9518  
11984.83795  
11959.89343  
11998.58479  
12002.19638  
12065.51981  
12073.13306  
12070.242  
11903.13064  
11989.76651  
12045.80144  
11897.7207  
11911.63629  
11951.95343  
12011.84114  
11899.56263  
11825.14294  
11946.16459  
11921.54495  
12014.22428  
11940.38811  
12015.46364  
12037.15955  
12075.61565  
12055.62049  
12136.61312  
12101.6774  
12055.0557  
11928.19901  
11960.56622  
11965.30671  
11914.86742  
11976.92503  
11964.87562  
12000.49881  
12030.81116  
12042.82125  
12085.42116  
12064.8516  
12054.78843  
11986.12218  
12064.92463  
12008.57457  
11837.47663  
11996.26092  
11744.75183  
11849.58313  
11790.50752  
11910.55165  
11896.63102  
12030.01525  
12002.31286  
12003.76188  
12117.18541  
11979.33863  
11990.86363  
12103.16926  
11968.26099  
11993.75169  
12084.17919  
12061.38214  
11978.6103  
11973.39462  
12052.71442  
12045.07345  
12001.64098  
12084.54199  
12040.90082  
12041.67001  
12029.81905  
12031.17726  
12100.72422  
12053.26122  
12078.63469  
12054.36533  
12041.64796  
12078.45883  
12073.21651  
11984.04099  
12010.27765  
11989.10362  
12021.53159  
12111.01271  
12074.3283  
12071.03502  
12087.27521  
12042.04516  
12039.33533  
12124.49035  
12026.57837  
12158.18543  
12016.46852  
12080.05928  
11992.64497  
11995.55913  
11936.74776  
11993.75964  
11948.01186  
11798.4892  
11726.62597  
11713.50728  
11735.48961  
11785.19615  
11862.54117  
11937.73812  
11911.45219  
11949.11008  
11996.07222  
12070.34479  
12015.06891  
12006.01386  
12131.42348  
12096.29631  
12050.04134  
12025.45563  
12049.58372  
12000.33092  
12003.71842  
11998.26154  
12025.48577  
12070.15815  
12069.25472  
12012.71345  
11990.93749  
11953.24982  
11912.09919  
12012.64625  
11986.30913  
12004.46099  
12062.68728  
12037.27266  
11966.97662  
11913.59844  
11974.77246  
11826.525  
11933.40006  
11911.66731  
11959.77641  
11923.85539  
11842.64969  
11847.75066  
11911.47517  
11929.30063  
11932.22856  
11851.54818  
11834.60087  
11869.06513  
12050.12685  
11965.3372  
12021.84287  
12008.423  
12001.5204  
11997.89064  
11980.59161  
11998.49698  
12066.78767  
12090.39005  
12113.21304  
12075.4364  
12041.32721  
12075.40365  
12112.92992  
12122.49652  
12087.29697  
12141.35063  
12059.12982  
12033.99163  
12006.51498  
12100.55541  
12141.53903  
12115.91127  
12116.64903  
12067.6093  
12018.83255  
12047.70817  
12083.08842  
12069.8323  
12116.93288  
12121.63948  
12103.2088  
12205.15799  
12150.83181  
12159.0807  
12118.41865  
12172.15261  
12119.10949  
12034.26822  
11989.47441  
12065.86078  
11974.11559  
11870.36582  
11851.41001  
11739.69337  
11822.15949  
11778.72475  
11769.78561  
11783.03023  
11770.20016  
11902.50296  
11895.56203  
11971.44625  
11952.77488  
12043.87967  
12235.9189  
12159.51652  
12039.46001  
11981.77247  
11970.35304  
11950.65494  
11954.95578  
11946.13086  
11945.19718  
11913.98422  
11836.9163  
11912.97447  
11713.54756  
11816.9255  
11871.92378  
11969.09254  
11947.12251  
11929.50111  
11944.2717  
12055.89124  
12011.68924  
12031.91494  
12044.39508  
12143.51798  
12134.75043  
12133.85077  
12275.69658  
12189.34538  
12183.21006  
12148.66193  
12136.46603  
12107.10972  
12177.82778  
12159.56455  
12189.48802  
12187.4777  
12140.72246  
12082.55623  
12037.86436  
12030.29214  
12025.22967  
12040.45763  
12018.5685  
11989.1869  
12000.7012  
12044.97578  
11999.11458  
12015.37612  
12002.74667  
12068.89168  
11981.79334  
11939.75437  
11839.75682  
11775.59621  
11761.18246  
11879.92554  
11787.88808  
11878.22341  
11870.83916  
11929.36827  
11949.71569  
11976.1646  
12012.54985  
12075.37682  
12002.37711  
12053.25473  
12146.73798  
12067.95671  
12124.8703  
12077.21445  
12042.98466  
12085.37053  
12124.32617  
12030.31638  
12172.91871  
12094.32678  
12094.59297  
12049.58616  
12026.62926  
12062.21162  
12047.26265  
11974.64731  
11955.36244  
11987.51162  
11904.93656  
11790.96265  
11751.1977  
11821.86363  
11787.15692  
11890.15909  
11968.44797  
12001.49327  
12098.06529  
12105.95327  
11897.97587  
11996.48225  
11980.52023  
11939.42213  
11979.75761  
11911.73176  
11978.64645  
11936.5328  
11983.89686  
11969.87504  
11884.82633  
11849.96263  
11885.03419  
11833.64227  
11839.56132  
11881.62617  
11896.10557  
11916.02447  
12114.39858  
11987.08996  
12030.93533  
12018.37235  
12072.22304  
12209.66077  
12125.0347  
12019.60664  
12060.29875  
11944.53326  
12105.09351  
12001.3998  
11988.03157  
12034.50302  
12048.92749  
12036.64432  
12057.00106  
12019.36598  
11923.52023  
11919.02771  
11964.0638  
12024.90477  
11956.89143  
11995.73217  
12005.43096  
11951.03006  
11859.23737  
11931.5937  
11914.04069  
11928.28578  
12005.473  
12056.59566  
11985.69023  
12030.84542  
12164.28654  
12171.95406  
12099.76156  
12075.07992  
12089.65571  
12066.97877  
12126.46775  
12123.42707  
12124.01452  
12074.33411  
12151.24045  
12034.30836  
11959.58176  
11892.95486  
11842.62865  
11835.60893  
11885.59061  
11870.61279  
11846.10267  
11852.64732  
11941.80089  
11903.73865  
11938.54371  
12039.93695  
12086.93132  
12220.69646  
12153.06072  
12150.63646  
12134.62209  
12145.6008  
12115.90887  
12071.49325  
12095.9268  
11958.44435  
11945.34907  
11918.50369  
11882.65977  
11952.96091  
12001.28011  
12049.89239  
12043.24671  
12081.87469  
12100.97507  
11985.14455  
11980.82748  
11879.71597  
11923.91575  
11947.69395  
11971.29572  
11928.45204  
11983.0532  
12014.17179  
12036.31719  
12037.90007  
12089.63682  
12111.99682  
12099.18412  
12123.94127  
12098.48362  
12111.4541  
12114.58023  
12117.82942  
12099.49679  
12138.08688  
12074.24641  
11969.95595  
11905.38571  
11942.39285  
11901.36106  
11989.47768  
11967.70857  
12050.54818  
12027.65812  
12037.45403  
12134.28667  
11998.80364  
12090.96534  
12009.9256  
11996.41374  
11992.58303  
11999.86403  
11931.89199  
11880.69603  
11957.50287  
11881.74399  
11910.86382  
11944.16016  
11990.36405  
12001.93636  
11990.28106  
11997.25851  
12059.86783  
11980.75643  
12030.42236  
11985.91473  
11996.28291  
11878.90625  
11793.714  
11740.9403  
11743.99601  
11754.03884  
11804.26575  
11897.27441  
11852.45727  
11850.41431  
11945.94865  
11962.60519  
12013.02978  
12006.765  
12064.36908  
12200.629  
12134.23228  
12086.94215  
12037.11803  
12063.07558  
12071.807  
11989.5434  
11904.36688  
12026.58673  
12013.61883  
12121.40157  
12039.87241  
11987.82555  
11974.28651  
12044.78591  
12083.82925  
12083.70562  
12061.69496  
12050.68584  
11887.6898  
11830.31957  
11886.52221  
11853.82072  
11826.54995  
11794.97633  
11755.2178  
11827.36806  
11760.81683  
11866.81143  
11894.14074  
11950.23885  
12032.84332  
11970.4553  
11997.87277  
11898.64149  
12007.50869  
12059.13747  
12002.63338  
12023.79888  
12000.877  
12021.63499  
11980.76954  
12078.81713  
12088.57063  
12112.80546  
12070.41399  
12055.47562  
12128.14603  
12167.00662  
12140.08334  
