8828.964355  
8757.217172  
8665.367563  
8863.559645  
8754.860201  
8837.232159  
8722.631573  
8915.87485  
8710.311824  
8758.944937  
8800.487455  
8547.818885  
8302.349196  
8803.563289  
8793.341609  
8810.174955  
8772.528095  
8904.172889  
8804.791128  
8806.789513  
8795.569636  
8803.394869  
8790.322003  
8820.019944  
8817.913499  
8653.221041  
8788.347318  
8733.089806  
8774.22168  
8760.188589  
8725.244328  
8788.549805  
8720.536734  
8784.861028  
8716.636982  
8763.286584  
8703.053748  
8629.67841  
8733.512132  
8719.157715  
8779.952749  
8827.472656  
8719.026893  
8775.309983  
8612.990948  
8894.5157  
8755.628606  
8847.317796  
8694.539889  
8946.865948  
8829.345628  
8918.760066  
8750.932429  
8957.011606  
8782.413161  
8809.671274  
8765.137357  
8745.923565  
8765.747746  
8833.447491  
8873.330792  
8795.08898  
8708.809908  
8704.931227  
8712.423903  
8795.448317  
8752.824144  
8700.234938  
8771.216459  
8762.5782  
8847.424842  
8771.443359  
8734.013484  
8722.374249  
8808.204778  
8782.51232  
8733.676157  
8771.040865  
8823.442758  
8780.690993  
8943.917894  
8643.570463  
8778.990272  
8694.533616  
8784.476375  
8747.041279  
8798.733661  
8798.240272  
8790.739558  
8760.005484  
8678.975511  
8761.161734  
8742.205604  
8850.107384  
8760.586726  
8861.58267  
8738.091496  
8873.860201  
8714.323392  
8856.715595  
8684.726262  
8790.174805  
8666.780273  
8687.246732  
8648.098257  
8742.674692  
8740.162297  
8755.636982  
8809.061937  
8722.652456  
8808.504845  
8770.804199  
8696.464017  
8691.367901  
8894.896409  
8686.299955  
8713.983211  
8810.800218  
8738.270583  
8766.191744  
8735.383489  
8732.422701  
8796.872709  
8710.859863  
8746.605919  
8702.113281  
8710.905236  
8760.234901  
8675.808819  
8712.397649  
8780.385066  
8733.645883  
8773.921575  
8728.211125  
8699.739746  
8693.593712  
8682.137846  
8779.660569  
8818.996206  
8925.840407  
8737.17319  
8877.977201  
8842.541429  
8712.32497  
8759.273851  
8774.609863  
8780.634953  
8721.183256  
8690.732272  
8791.979417  
8663.597093  
8844.258676  
8753.434721  
8675.308744  
8820.623498  
8643.280837  
8730.688477  
8669.142616  
8660.290565  
8754.555627  
8788.620793  
8886.698092  
8778.379207  
8766.355694  
8773.083646  
8763.172514  
8708.223933  
8759.652907  
8752.685622  
8667.1096  
8698.355394  
8797.667293  
8753.291767  
8755.835149  
8814.323317  
8708.451585  
8778.480319  
8721.928711  
8734.383  
8816.832106  
8699.316031  
8694.893404  
8738.770921  
8779.3048  
8814.80912  
8719.461088  
8740.151593  
8950.156513  
8830.0862  
8744.968111  
8874.727464  
8755.630672  
8825.106783  
8736.217323  
8841.581543  
8784.896747  
8810.648888  
8771.656738  
8814.322303  
8793.690617  
8732.893404  
8804.660044  
8688.134878  
8693.997596  
8770.209698  
8723.989934  
8769.014348  
8753.30341  
8778.493615  
8797.528771  
8729.060096  
8677.886719  
8777.635667  
8831.157189  
8907.301007  
8918.125939  
8786.965144  
8737.003681  
8785.484563  
8877.688815  
8788.116849  
8816.728553  
8811.421575  
8683.915678  
8751.137583  
8653.392278  
8702.966834  
8703.589881  
8723.426232  
8733.967586  
8621.863356  
8664.472694  
8691.414325  
8628.008789  
8707.103891  
8620.364032  
8775.550143  
8851.462177  
8854.835487  
8928.241737  
8706.529222  
8763.658391  
8699.132474  
8737.943735  
8709.104079  
8659.419396  
8833.622483  
8716.002892  
8767.169321  
8746.736441  
8701.558556  
8898.7263  
8717.674392  
8738.465445  
8793.132174  
8804.538574  
8788.974797  
8872.695763  
8735.154823  
8835.38886  
8827.908917  
8807.667668  
8832.168607  
8805.518329  
8698.147085  
8781.745718  
8733.401029  
8759.745831  
8770.669659  
8800.269231  
8774.228365  
8799.300781  
8659.780536  
8743.683105  
8754.005033  
8758.112342  
8696.580416  
8655.420636  
8775.519531  
8921.215971  
8905.7891  
8869.586576  
8805.551683  
8730.346567  
8705.957557  
8702.061073  
8618.040002  
8709.997258  
8688.299955  
8694.944261  
8694.654447  
8672.964355  
8718.584548  
8674.974985  
8694.502779  
8724.099985  
8711.95489  
8864.687087  
8789.278283  
8807.057204  
8893.682955  
8859.602126  
8898.038687  
8801.726825  
8755.012733  
8773.448918  
8805.639724  
8742.505033  
8744.008827  
8828.219764  
8805.941068  
8693.702562  
8851.99046  
8755.415903  
8740.951623  
8744.15133  
8704.194373  
8760.424204  
8721.092435  
8779.505559  
8741.653733  
8754.416128  
8714.420861  
8650.716046  
8733.305702  
8809.797251  
8727.075045  
8652.422739  
8812.990009  
8747.119028  
8695.81742  
8745.386719  
8716.045147  
8732.357084  
8763.650766  
8749.48291  
8822.155048  
8839.539213  
8799.622746  
8787.683556  
8808.783241  
8708.405424  
8710.480431  
8764.70767  
8792.767015  
8828.839318  
8791.206994  
8815.354943  
8772.466684  
8785.849835  
8804.132399  
8803.053899  
8865.796499  
8969.777269  
8874.229041  
8735.10776  
8796.707257  
8820.993352  
8838.465182  
8712.243878  
8662.322566  
8548.03125  
8684.283654  
8833.372258  
8726.67041  
8760.499061  
8691.520545  
8741.971943  
8697.691895  
8691.901292  
8753.004545  
8710.685359  
8670.674767  
8677.913123  
8656.170711  
8662.514911  
8612.300406  
8718.306753  
8794.450195  
8781.935622  
8804.747859  
8844.992112  
8797.356596  
8756.186261  
8715.992375  
8783.92195  
8764.011569  
8770.142653  
8749.986028  
8844.609675  
8826.319749  
8796.689153  
8806.25  
8807.920147  
8822.794546  
8651.46567  
8806.298002  
8717.244742  
8813.314228  
8797.889273  
8756.893329  
8832.882287  
8774.443397  
8784.553298  
8809.795297  
8678.645696  
8703.083083  
8670.452224  
8664.684608  
8801.439791  
8786.988394  
8726.264536  
8854.310359  
8803.461576  
8833.489709  
8740.603478  
8685.382963  
8718.279935  
8625.644794  
8748.102652  
8692.811861  
8742.373986  
8807.39348  
8745.820801  
8790.989821  
8733.997559  
8733.766714  
8758.617713  
8695.710111  
8744.462477  
8698.505033  
8713.034067  
8723.511268  
8831.177096  
8755.036433  
8760.802471  
8840.730394  
8731.577637  
8654.305476  
8747.024264  
8704.974647  
8790.989746  
8655.34191  
8827.154372  
8685.5471  
8819.775428  
8796.159968  
8709.789851  
8779.351675  
8709.587928  
8863.220027  
8802.714731  
8772.106333  
8769.081092  
8733.981783  
8803.784029  
8696.648776  
8654.569373  
8752.150015  
8837.91395  
8792.182429  
8842.938214  
8793.816444  
8768.976863  
8708.578313  
8758.32651  
8760.637583  
8732.405198  
8873.818472  
8763.893179  
8810.428974  
8851.079928  
8716.151367  
8680.129094  
8776.480018  
8642.819636  
8827.759841  
8880.692571  
8823.384878  
8882.193848  
8797.063214  
8789.212177  
8764.20921  
8808.503005  
8681.197867  
8787.8513  
8734.661321  
8797.426007  
8700.222431  
8794.853253  
8781.829778  
8802.145057  
8705.36437  
8806.04695  
8618.487605  
8769.95459  
8701.081956  
8772.33928  
8839.346154  
8764.622108  
8845.437462  
8867.038236  
8796.729642  
8875.092097  
8846.34668  
8738.331505  
8753.717736  
8739.85329  
8709.193472  
8724.747596  
8624.241399  
8700.54864  
8709.122183  
8699.021184  
8754.43735  
8743.699857  
8705.114483  
8755.368953  
8709.544659  
8711.718825  
8793.335299  
8727.987793  
8709.226863  
8801.436035  
8732.856783  
8802.204214  
8653.941556  
8722.924955  
8785.954477  
8771.073205  
8712.990122  
8845.632324  
8898.161508  
8775.24816  
8841.240497  
8762.319674  
8758.869103  
8726.207407  
8724.225586  
8703.516489  
8676.74553  
8744.124099  
8702.817045  
8729.913236  
8837.4846  
8752.394907  
8859.291316  
8762.83421  
8713.081618  
8639.22168  
8800.42334  
8721.161659  
8857.983211  
8921.97645  
8815.155048  
8799.848708  
8739.293645  
8778.765174  
8747.644118  
8864.965595  
8870.914889  
8880.623235  
8818.001014  
8839.799842  
8787.429199  
8751.160983  
8742.677096  
8868.056002  
8894.618765  
8653.129995  
8791.4923  
8696.225285  
8685.616136  
8654.340219  
8774.040264  
8729.888259  
8684.892991  
8647.246732  
8742.195763  
8742.564528  
8737.860201  
8819.584923  
8630.23768  
8733.091121  
8577.387282  
8764.282001  
8815.22491  
8869.500563  
8856.483699  
8824.347243  
8721.476713  
8837.107347  
8776.7657  
8764.210562  
8731.349985  
8702.997859  
8648.006761  
8762.887357  
8767.931566  
8736.455341  
8743.486441  
8716.523438  
8817.558406  
8720.412973  
8745.482084  
8796.719163  
8744.423114  
8752.988694  
8728.577524  
8723.487981  
8848.426983  
8764.339694  
8824.284518  
8619.128718  
8715.632625  
8737.066594  
8831.569524  
8791.872521  
8830.785832  
8836.480281  
8852.892728  
8710.348821  
8699.918833  
8688.369103  
8641.001615  
8656.252629  
8723.644081  
8879.610314  
8726.308105  
8817.577186  
8757.861516  
8754.239709  
8792.854041  
8774.152306  
8818.59544  
8859.291955  
8768.55942  
8769.697529  
8603.494629  
8639.832782  
8718.105882  
8830.597619  
8799.398362  
8827.716008  
8831.341609  
8821.472806  
8753.919171  
8679.55187  
8525.281025  
8699.176457  
8703.849159  
8803.880146  
8884.268292  
8856.779785  
8762.771071  
8734.019907  
8759.406964  
8709.568096  
8785.813514  
8641.855319  
8303.918157  
8765.663011  
8710.953726  
8668.451773  
8649.976262  
8712.091534  
8716.137245  
8788.566707  
8809.06235  
8881.533166  
8870.70598  
8779.58605  
8861.644944  
8815.932129  
8909.845553  
8780.996319  
8821.770508  
8802.678035  
8808.621244  
8845.936148  
8861.133  
8894.046537  
8880.134728  
8735.155048  
8856.451397  
8766.744892  
8766.624061  
8791.895959  
8782.89194  
8753.654259  
8762.519043  
8772.237267  
8756.981746  
8761.196176  
8785.293382  
8764.883789  
8835.969013  
8731.512357  
8717.427584  
8738.785907  
8734.513935  
8674.409217  
8664.454665  
8669.274827  
8661.530349  
8606.961238  
8628.513935  
8766.241136  
8799.852389  
8846.829064  
8767.91072  
8776.608173  
8806.081055  
8894.792518  
8899.777982  
8851.972844  
8791.789588  
8700.494141  
8801.387282  
8765.503869  
8750.830454  
8700.099534  
8757.734075  
8761.937913  
8839.060359  
8849.885442  
8676.090445  
8727.500901  
8750.250601  
8739.022837  
8826.597243  
8807.157865  
8814.655086  
8839.594163  
8855.022987  
8665.941181  
8807.806115  
8717.652719  
8671.191181  
8682.133038  
8668.509465  
8735.585186  
8687.980882  
8740.72183  
8630.072078  
8776.659781  
8781.639648  
8668.953651  
8660.024226  
8733.244328  
8645.350173  
8718.840858  
8818.2814  
8733.611666  
8842.986028  
8773.214769  
8732.129657  
8685.415227  
8788.744929  
8724.96845  
8828.748235  
8880.200608  
8856.630747  
8822.764686  
8768.227727  
8868.591722  
8751.368652  
8746.847806  
8796.803711  
8652.514949  
8825.853966  
8587.190505  
8648.928786  
8836.518592  
8754.723295  
8802.37192  
8787.170636  
8826.248648  
8742.1641  
8812.633451  
8752.00616  
8771.359563  
8856.043795  
8733.08774  
8751.043344  
8787.634691  
8857.636644  
8840.041091  
8736.760554  
8696.5003  
8667.59822  
8694.722619  
8650.215557  
8670.894419  
8653.73137  
8734.213717  
8778.078125  
8736.197604  
8833.838304  
8760.542518  
8799.277381  
8843.210412  
8931.336088  
8831.279898  
8799.845816  
8849.144531  
8866.999324  
8789.008939  
8762.916053  
8681.154597  
8775.049504  
8674.032414  
8777.510329  
8746.819524  
8808.49861  
8793.855732  
8858.899977  
8834.293758  
8711.871394  
8684.228478  
8739.923265  
8642.267879  
8631.288612  
8813.632324  
8759.971041  
8747.113319  
8807.925105  
8631.176044  
8681.398513  
8626.998272  
8727.295222  
8741.834623  
8854.024414  
8776.442871  
8874.49076  
8768.291128  
8760.958496  
8761.830642  
8744.584247  
8705.821777  
8752.340933  
8783.699895  
8785.194449  
8730.225699  
8680.770921  
8749.563139  
8821.602915  
8714.414626  
8858.227952  
8807.710186  
8874.429875  
8897.159818  
8793.412936  
8764.164551  
8780.837064  
8749.218337  
8900.051608  
8704.694111  
8765.162635  
8816.562012  
8750.300781  
8761.84544  
8705.142954  
8695.925669  
8631.161133  
8804.869967  
8658.55326  
8713.817458  
8699.302659  
8776.696439  
8737.570801  
8882.717661  
8751.852539  
8787.017015  
8780.494479  
8881.823092  
8888.6096  
8798.397048  
8758.565129  
8729.791316  
8826.67796  
8780.833346  
8866.893142  
8788.907189  
8672.668232  
8680.527156  
8767.209998  
8671.836013  
8658.994704  
8661.72938  
8785.795786  
8676.836351  
8710.248761  
8752.625826  
8773.260817  
8720.368465  
8724.475511  
8725.27633  
8709.127329  
8776.034743  
8860.858736  
8759.783353  
8753.910795  
8720.557242  
8662.272236  
8632.96706  
8723.63101  
8716.749324  
8679.838341  
8681.271822  
8524.473633  
8633.083909  
8765.388634  
8799.011944  
8717.993465  
8728.0311  
8779.287898  
8724.344276  
8806.575458  
8743.413912  
8817.961576  
8810.138296  
8720.956393  
8842.155874  
8809.181528  
8713.799504  
8902.160795  
8861.31558  
8924.612981  
8787.689453  
8878.15302  
8821.661809  
8852.981934  
8926.051946  
8796.926833  
8824.450759  
8772.496131  
8888.061223  
8727.449707  
8676.972431  
8719.879282  
8764.677584  
8763.0003  
8770.525578  
8808.720778  
8817.961501  
8695.151893  
8752.710036  
8652.373911  
8667.53726  
8667.352126  
8754.970853  
8831.887883  
8840.349459  
8770.956806  
8713.23261  
8748.873798  
8795.125901  
8856.060584  
8826.353591  
8835.073317  
8805.687049  
8822.757099  
8716.326698  
8788.169471  
8725.675218  
8754.580491  
8610.008676  
8641.005183  
8702.954289  
8720.66534  
8625.169959  
8708.726074  
8854.139761  
8754.608999  
8738.126803  
8593.219126  
8615.596605  
8622.777006  
8826.834322  
8793.507812  
8812.66102  
8871.596905  
8717.734976  
8721.997108  
8723.988469  
8793.378831  
8757.903546  
8776.208346  
8698.260517  
8682.542105  
8720.035832  
8670.445913  
8739.976525  
8731.33928  
8713.901255  
8802.096154  
8708.100023  
8712.768029  
8778.420861  
8712.07343  
8723.909856  
8804.631348  
8789.227013  
8748.680965  
8752.358774  
8707.920335  
8701.796725  
8804.691406  
8826.159255  
8903.030461  
8953.177809  
8897.390587  
8913.32805  
8749.321364  
8838.527156  
8772.105243  
8877.679875  
8807.267653  
8798.927772  
8936.145846  
8759.695951  
8825.708609  
8724.653583  
8799.439002  
8816.349159  
8791.706017  
8811.889761  
8792.192909  
8771.811561  
8776.019043  
8796.786471  
8741.07835  
8687.466496  
8578.635367  
8709.787072  
8761.104417  
8789.431866  
8810.179237  
8806.489521  
8708.130784  
8534.211351  
8402.126502  
8758.869704  
8772.169171  
8694.701923  
8690.766902  
8712.416729  
8672.385479  
8317.707407  
8811.76401  
8689.650841  
8716.02171  
8758.913612  
8794.664814  
8702.772348  
8811.334585  
8801.713755  
8821.603516  
8776.703012  
8758.844839  
8778.291316  
8807.584811  
8715.030461  
8676.819974  
8688.637921  
8753.481596  
8823.476037  
8812.574181  
8854.425931  
8828.979492  
8915.259953  
8870.295185  
8810.914513  
8813.902419  
8816.591496  
8787.198317  
8784.264423  
8802.410645  
8760.032565  
8724.681791  
8705.419922  
8789.245305  
8760.679575  
8712.452637  
8793.293044  
8824.038537  
8790.922927  
8778.943247  
8717.209585  
8709.930138  
8739.087553  
8685.185434  
8758.577374  
8710.537485  
8647.270245  
8716.944712  
8751.994328  
8774.700533  
8892.266001  
8831.966384  
8801.59683  
8751.442157  
8769.873685  
8740.614709  
8761.489971  
8863.775391  
8764.086877  
8833.593374  
8800.426495  
8837.76277  
8833.354567  
8794.736478  
8783.381573  
8748.400691  
8802.085825  
8811.168382  
8769.614633  
8736.612004  
8709.332745  
8647.62192  
8706.668758  
8691.663499  
8647.893066  
8640.333045  
8801.244704  
8700.051946  
8866.22645  
8722.681227  
8794.559758  
8765.644381  
8851.238544  
8742.277832  
8743.285382  
8758.737079  
8756.09822  
8725.835337  
8815.95459  
8850.269381  
8741.85791  
8801.124662  
8689.840445  
8696.679537  
8686.603365  
8799.355206  
8790.895921  
8745.721154  
8765.286546  
8713.905912  
8727.901743  
8713.264911  
8725.703238  
8735.142616  
8845.856032  
8727.29402  
8762.764573  
8774.511531  
8716.644343  
8752.828313  
8697.71721  
8706.58575  
8635.010367  
8787.326848  
8753.660607  
8822.281513  
8724.536058  
8714.741511  
8767.561261  
8818.913912  
8810.014423  
8809.782151  
8772.27032  
8767.681904  
8800.602276  
8793.864971  
8811.302847  
8778.2112  
8728.93134  
8780.551608  
8848.814566  
8685.912335  
8772.920147  
8765.20752  
8765.759428  
8763.267127  
8755.14209  
8701.592811  
8797.960261  
8779.957031  
8725.610652  
8801.770095  
8759.248573  
8659.61407  
8859.442007  
8812.889273  
8832.624174  
8874.239558  
8775.602877  
8781.889836  
8770.054349  
8697.283203  
8782.266977  
8763.415978  
8779.73445  
8760.340069  
8756.544584  
8751.40963  
8748.035269  
8618.225323  
8690.27817  
8719.996357  
8832.395207  
8807.775278  
8888.228929  
8736.361929  
8666.969914  
8734.627254  
8756.840633  
8715.601638  
8821.396071  
8713.55619  
8770.39855  
8639.563852  
8783.569599  
8717.170297  
8754.398175  
8822.032489  
8779.722882  
8753.011869  
8812.397386  
8784.091609  
8758.510817  
8792.312876  
8929.827073  
8764.653696  
8760.68934  
8782.338755  
8744.497784  
8699.677922  
8760.360727  
8878.254845  
8813.597694  
8812.451285  
8855.884202  
8841.939904  
8770.57174  
8807.573956  
8771.999925  
8815.851112  
8686.360577  
8730.344426  
8781.945575  
8710.775879  
8718.338567  
8753.432767  
8768.221867  
8795.885179  
8735.941218  
8721.882963  
8788.600511  
8672.822641  
8717.19858  
8745.368615  
8767.267315  
8804.128756  
8904.67165  
8729.363845  
8790.912034  
8665.195763  
8673.169358  
8747.035419  
8727.370155  
8669.292293  
8684.867713  
8636.834097  
8715.010817  
8750.181303  
8683.759428  
8791.135329  
8727.896747  
8761.213341  
8767.733812  
8655.897085  
8750.228403  
8784.338529  
8733.083571  
8855.251427  
8803.072641  
8823.469163  
8759.1253  
8775.700008  
8791.845853  
8783.970778  
8846.988056  
8749.324256  
8768.02479  
8787.544208  
8832.248948  
8750.03125  
8803.759465  
8810.197566  
8659.68119  
8783.775954  
8676.398625  
8756.997333  
8743.274677  
8740.96075  
8686.218975  
8781.404748  
8681.968074  
8688.462215  
8656.075233  
8646.006873  
8641.82189  
8729.150992  
8721.154259  
8663.672326  
8691.910832  
8723.782189  
8703.28925  
8794.522085  
8731.774301  
8800.856182  
8751.826886  
8794.845215  
8833.257812  
8704.016376  
8668.80018  
8755.702975  
8738.184307  
8752.662447  
8733.992976  
8743.863544  
8681.091647  
8628.243878  
8783.185209  
8676.570876  
8873.853065  
8813.297626  
8718.130897  
8822.212665  
8849.968036  
8880.38424  
8743.258489  
8798.415753  
8833.820125  
8851.293682  
8821.883827  
8891.250038  
8747.269381  
8737.106182  
8651.387996  
8925.860164  
8795.712139  
8641.069035  
8763.678335  
8864.083383  
8695.648926  
8817.774414  
8807.29695  
8862.484225  
8735.631873  
8784.60945  
8815.407865  
8733.453087  
8741.575195  
8766.464919  
8754.468938  
8726.324331  
8725.409931  
8824.604117  
8771.916279  
8859.084623  
8932.373685  
8859.653696  
8875.336388  
8657.285194  
8773.008376  
8736.157903  
8761.544471  
8744.611253  
8775.322115  
8661.523438  
8824.7814  
8734.823843  
8786.541241  
8745.020095  
8670.038011  
8757.486366  
8822.036058  
8810.803598  
8701.145132  
8634.301608  
8759.982121  
8744.206693  
8747.52216  
8717.687988  
8748.967773  
8880.918645  
8745.679462  
8822.848745  
8766.296049  
8857.68904  
8751.582444  
8760.376127  
8883.21398  
8792.750751  
8954.185096  
8729.509766  
8789.316068  
8784.319111  
8790.869629  
8769.675856  
8712.174504  
8732.575083  
8801.718262  
8842.887508  
8768.670861  
8647.471867  
8682.277194  
8712.683406  
8720.277043  
8775.612267  
8671.176457  
8762.953388  
8754.221379  
8744.247408  
8836.207858  
8776.206919  
8724.387357  
8699.08312  
8706.922551  
8749.089769  
8809.447453  
8807.034555  
8788.305101  
8683.334773  
8790.145508  
8805.650578  
8894.300631  
8785.463905  
8821.309645  
8839.084473  
8737.902607  
8785.181753  
8757.275841  
8704.403921  
8763.487417  
8753.48738  
8758.64393  
8745.567571  
8812.256686  
8967.975173  
8881.779297  
8780.767991  
8721.967886  
8758.125188  
8743.162673  
8668.150015  
8740.173941  
8633.857234  
8670.283466  
8684.778245  
8700.599835  
8681.596642  
8755.657151  
8746.957332  
8736.655724  
8687.318247  
8681.66564  
8744.586764  
8697.014085  
8757.667105  
8810.327975  
8807.204928  
8764.884277  
8806.559608  
8731.459322  
8734.0625  
8720.833308  
8676.444298  
8782.373723  
8735.319486  
8704.832294  
8606.098896  
8509.186861  
8769.844163  
8870.017653  
8894.672964  
8897.183519  
8822.595891  
8739.003831  
8827.923377  
8690.062087  
8797.454064  
8853.178598  
8824.19242  
8810.580228  
8852.040978  
8716.146184  
8740.264573  
8802.085149  
8712.950759  
8680.953388  
8573.596867  
8656.314002  
8746.242638  
8766.039776  
8812.140663  
8789.198468  
8764.777719  
8696.022498  
8774.903884  
8759.482159  
8730.306002  
8754.95767  
8820.164513  
8785.914175  
8817.823768  
8818.959998  
8803.392465  
8755.392315  
8799.65009  
8766.870718  
8623.428824  
8808.939378  
8879.392428  
8766.076435  
8963.724797  
8854.831919  
8790.955829  
8756.21721  
8777.703576  
8747.124812  
8689.636756  
8755.110352  
8731.279785  
8736.279184  
8690.57527  
8750.169847  
8719.429312  
8780.574219  
8732.361816  
8704.042443  
8710.14855  
8720.917781  
8651.971454  
8870.040039  
8742.973445  
8785.833609  
8903.248122  
8749.858624  
8737.64686  
8871.659518  
8819.379657  
8659.673453  
8677.135179  
8706.437688  
8761.311035  
8851.909217  
8811.889949  
8757.612117  
8784.745605  
8756.438815  
8697.393066  
8746.102351  
8794.614521  
8745.283767  
8721.835111  
8716.801082  
8713.008676  
8657.475436  
8780.728666  
8720.645508  
8800.332031  
8683.956468  
8720.587665  
8681.182016  
8789.800105  
8842.832933  
8850.072979  
8835.460111  
8886.47998  
8778.238056  
8808.941181  
8766.507249  
8778.410269  
8753.007174  
8801.41226  
8777.186298  
8823.808181  
8733.105093  
8790.085562  
8687.255484  
8754.008451  
8858.44704  
8813.686373  
8787.187462  
8789.732084  
8769.502066  
8779.451059  
8680.381498  
8635.6872  
8681.528433  
8685.31588  
8785.137245  
8769.303072  
8823.158428  
8804.685998  
8698.970666  
8605.238995  
8702.819186  
8871.947191  
8836.055326  
8792.72645  
8787.17473  
8705.81727  
8661.312012  
8606.03463  
8713.214468  
8584.461651  
8649.353891  
8644.864333  
8674.854605  
8659.992  
8724.318773  
8790.579703  
8807.686711  
8809.215219  
8824.471191  
8830.628568  
8789.700158  
8808.266789  
8813.317007  
8785.735014  
8784.785795  
8798.904372  
8763.632287  
8772.248911  
8844.605281  
8763.931453  
8764.110652  
8723.719576  
8690.67026  
8718.00154  
8843.943284  
8784.833684  
8817.159968  
8832.663199  
8732.835562  
8668.463041  
8684.833947  
8643.636831  
8644.939416  
8708.992676  
8591.263484  
8688.594464  
8749.633151  
8773.052922  
8742.663086  
8716.075458  
8775.134465  
8748.884352  
8791.284142  
8734.650654  
8747.448693  
8836.02941  
8667.730995  
8740.630221  
8837.818735  
8785.783128  
8822.732234  
8815.968036  
8770.185509  
8843.683669  
8792.781325  
8803.055288  
