5604.218212  
5588.251458  
5578.118024  
5601.767825  
5612.742443  
5617.369426  
5619.638804  
5627.552302  
5616.995976  
5619.930958  
5607.391647  
5553.736189  
5430.341603  
5657.0742  
5650.160774  
5669.990542  
5618.986759  
5664.727413  
5628.836135  
5644.10031  
5661.403341  
5687.397439  
5671.703316  
5680.917086  
5652.302943  
5623.003084  
5670.692756  
5587.843403  
5648.094858  
5593.728767  
5676.014962  
5616.142764  
5623.533926  
5591.1429  
5610.232775  
5604.99594  
5576.147788  
5585.782542  
5616.0997  
5609.502229  
5619.649848  
5642.411876  
5609.668353  
5610.252206  
5607.28568  
5643.617941  
5611.124733  
5630.018778  
5641.626006  
5626.293642  
5633.42816  
5679.718058  
5617.51023  
5622.572322  
5609.026716  
5631.18133  
5623.993726  
5626.286693  
5629.938847  
5637.98505  
5651.195297  
5601.548866  
5594.587588  
5586.280727  
5606.024725  
5600.359218  
5593.999741  
5603.929223  
5598.131174  
5614.042098  
5615.662631  
5606.74114  
5624.236723  
5595.759393  
5617.350876  
5634.680597  
5609.586612  
5632.015399  
5630.688993  
5663.018016  
5689.418039  
5585.019104  
5639.344664  
5664.078115  
5652.799464  
5621.89872  
5662.91201  
5647.039196  
5628.126565  
5592.987998  
5614.918003  
5628.296127  
5641.600105  
5638.277106  
5665.358682  
5636.191283  
5617.776668  
5618.730674  
5595.674219  
5598.073831  
5590.637566  
5574.68543  
5572.117916  
5620.741579  
5640.422417  
5598.283904  
5620.138122  
5632.350951  
5635.840517  
5599.656593  
5633.349439  
5616.008952  
5613.761616  
5605.965096  
5648.456591  
5622.350652  
5622.643293  
5653.022677  
5627.269225  
5688.059944  
5610.206732  
5652.770168  
5621.703009  
5605.302627  
5618.074337  
5602.881426  
5591.336328  
5599.997371  
5596.380752  
5612.990571  
5597.162126  
5621.222269  
5600.476865  
5576.578006  
5598.695244  
5624.107023  
5602.343953  
5671.401249  
5609.982936  
5668.17174  
5589.908374  
5633.151254  
5636.57055  
5634.149833  
5624.961477  
5626.306065  
5613.518147  
5615.209141  
5632.110457  
5612.21913  
5604.48505  
5614.052074  
5602.572838  
5595.829179  
5603.415785  
5620.56218  
5597.132484  
5576.884729  
5585.364609  
5613.334809  
5627.749888  
5666.451828  
5622.702807  
5620.036008  
5634.287757  
5632.631057  
5633.305619  
5594.904617  
5625.482214  
5599.374671  
5585.822563  
5600.550561  
5617.885039  
5611.648017  
5601.777997  
5596.834311  
5611.087913  
5593.629774  
5591.052013  
5599.447385  
5606.719327  
5594.767592  
5647.269432  
5615.454264  
5625.424675  
5630.019902  
5639.405395  
5650.449465  
5656.54838  
5647.49244  
5632.439195  
5670.293425  
5619.27275  
5632.416873  
5611.806766  
5597.016628  
5606.966411  
5629.368652  
5613.644787  
5614.071284  
5639.56848  
5613.11636  
5607.482012  
5594.065082  
5617.289831  
5629.517377  
5640.098395  
5628.567732  
5615.786317  
5614.760952  
5624.635678  
5600.025942  
5611.18609  
5649.237145  
5680.886903  
5627.865259  
5635.494671  
5651.521201  
5655.863834  
5659.10757  
5619.354504  
5613.947912  
5617.928631  
5651.432077  
5574.1551  
5562.500178  
5565.313123  
5608.99069  
5599.645852  
5585.164611  
5591.475521  
5591.712081  
5559.073863  
5578.23624  
5639.202078  
5608.125132  
5625.028418  
5630.332651  
5646.555753  
5627.134972  
5622.45891  
5583.557469  
5572.036717  
5622.545448  
5606.191542  
5613.51924  
5628.478454  
5607.550636  
5616.958778  
5613.307342  
5625.970614  
5617.087161  
5615.904961  
5620.572552  
5625.217474  
5616.802807  
5609.281891  
5640.832753  
5589.231306  
5592.726722  
5616.506352  
5639.202845  
5606.967117  
5588.402222  
5577.269686  
5595.675623  
5623.167714  
5622.228093  
5629.278763  
5635.637857  
5598.474407  
5626.243235  
5581.611869  
5603.33958  
5612.529382  
5588.824815  
5597.47279  
5613.057824  
5643.325288  
5648.667891  
5687.542485  
5668.309092  
5662.752443  
5596.818384  
5592.977368  
5584.84313  
5586.955277  
5578.515817  
5597.39568  
5605.613337  
5629.709075  
5610.497807  
5602.013545  
5627.702561  
5606.065835  
5619.646081  
5653.155696  
5623.285626  
5653.901554  
5648.305736  
5688.270687  
5666.708274  
5680.358766  
5647.974171  
5654.876378  
5619.610928  
5637.481444  
5607.462011  
5617.805003  
5636.044235  
5646.844104  
5614.632331  
5626.237686  
5622.269064  
5618.008759  
5596.26998  
5612.654727  
5652.179445  
5604.492942  
5626.121356  
5605.640068  
5584.480056  
5602.190179  
5602.634433  
5609.652877  
5597.880398  
5606.314196  
5615.138915  
5615.725195  
5601.437056  
5612.08705  
5595.101956  
5653.586792  
5608.057089  
5656.193821  
5656.022435  
5614.113035  
5634.270227  
5659.198495  
5627.39194  
5616.626126  
5599.470516  
5604.710142  
5612.106709  
5616.74929  
5667.52531  
5652.43633  
5605.460832  
5616.101792  
5633.112652  
5598.469288  
5604.954869  
5640.168675  
5669.34277  
5648.043975  
5606.386072  
5638.339475  
5635.095565  
5590.034919  
5576.457751  
5629.899047  
5635.423484  
5606.172557  
5665.993  
5616.170396  
5620.24165  
5605.749527  
5574.25227  
5579.5978  
5567.800774  
5555.883466  
5560.140649  
5588.077773  
5589.784482  
5562.488781  
5577.355554  
5584.294952  
5598.796846  
5611.677737  
5622.236395  
5600.691052  
5625.759853  
5629.604104  
5605.470689  
5605.137346  
5606.842178  
5621.462441  
5623.728789  
5614.304848  
5618.605635  
5598.079651  
5605.817387  
5599.996831  
5593.451179  
5614.333071  
5589.519  
5630.357063  
5619.098781  
5654.762472  
5671.753154  
5641.184404  
5650.611119  
5681.107137  
5650.092208  
5643.707839  
5579.383556  
5601.02593  
5624.089248  
5603.211221  
5627.399306  
5634.835597  
5678.998797  
5662.512472  
5658.541825  
5645.020718  
5633.728705  
5610.473997  
5599.206464  
5597.874683  
5621.41504  
5606.752086  
5613.568144  
5645.652964  
5614.674963  
5641.58125  
5614.161246  
5599.437845  
5592.336334  
5577.910816  
5596.281809  
5577.343499  
5607.682752  
5620.605654  
5603.104062  
5621.65279  
5630.7418  
5642.205444  
5598.896449  
5525.249464  
5623.635291  
5611.245579  
5593.016886  
5587.269856  
5607.30461  
5584.132853  
5626.4694  
5633.126236  
5616.746395  
5644.986422  
5612.212347  
5652.037862  
5658.244296  
5603.247711  
5601.63855  
5655.559991  
5585.387128  
5631.600889  
5581.119948  
5628.837843  
5661.120368  
5625.265726  
5632.476621  
5661.782976  
5635.887966  
5628.791082  
5657.524522  
5637.662859  
5636.172314  
5611.742658  
5651.267382  
5612.796764  
5631.00747  
5645.810932  
5615.566669  
5660.223074  
5595.4115  
5659.106087  
5669.182895  
5690.394759  
5631.514141  
5629.08443  
5640.939802  
5599.904644  
5602.124155  
5587.171111  
5599.857727  
5607.866372  
5604.803447  
5591.00526  
5582.631642  
5631.325751  
5602.76737  
5629.01027  
5637.974624  
5605.985054  
5629.844639  
5619.743507  
5601.550377  
5641.711248  
5631.707525  
5666.342159  
5664.247058  
5629.428155  
5644.386791  
5678.296668  
5633.258165  
5584.299313  
5546.551901  
5582.72558  
5518.500757  
5565.164885  
5556.776504  
5604.534849  
5588.699264  
5610.893973  
5616.072613  
5623.480827  
5599.953817  
5605.737738  
5619.900752  
5629.579059  
5630.316169  
5582.805531  
5612.135322  
5604.8329  
5628.997079  
5611.88301  
5637.806631  
5641.248339  
5658.528528  
5640.595194  
5669.225964  
5698.627414  
5679.764662  
5660.129728  
5632.346591  
5629.270707  
5628.189094  
5614.523983  
5609.456986  
5609.98602  
5591.543783  
5612.894159  
5608.009673  
5615.376379  
5666.917536  
5632.694715  
5615.010361  
5605.704289  
5621.075389  
5605.109268  
5581.743776  
5645.922633  
5627.839518  
5636.02874  
5599.379339  
5628.134352  
5595.34966  
5615.876108  
5642.294707  
5627.412599  
5641.385329  
5627.45132  
5632.302042  
5616.567916  
5559.011474  
5616.064812  
5652.985867  
5646.746046  
5574.957757  
5583.455383  
5572.597747  
5564.930898  
5596.199964  
5603.209583  
5612.722867  
5581.126867  
5605.192165  
5612.342647  
5624.907394  
5610.626883  
5596.074884  
5622.871517  
5641.339898  
5600.291992  
5623.857684  
5619.320959  
5673.723517  
5656.806852  
5645.632049  
5592.264825  
5586.205797  
5564.145409  
5573.019283  
5565.068944  
5546.945427  
5599.62056  
5629.995209  
5658.426579  
5679.368909  
5615.198993  
5605.338984  
5635.38421  
5624.951005  
5651.024299  
5622.506097  
5617.491884  
5618.13601  
5636.826951  
5636.061532  
5646.304052  
5632.219996  
5607.440694  
5667.610522  
5643.041075  
5613.607422  
5661.389643  
5643.09408  
5636.70566  
5587.579434  
5635.341492  
5570.706312  
5571.568874  
5593.136119  
5548.637305  
5557.916638  
5565.810876  
5656.450044  
5604.319821  
5626.185962  
5611.105024  
5619.146764  
5625.115548  
5622.766905  
5605.787283  
5612.422753  
5596.343114  
5622.290447  
5636.514466  
5629.337998  
5591.37508  
5662.825101  
5697.818985  
5680.024004  
5651.896645  
5647.396748  
5605.47378  
5601.730612  
5545.009682  
5626.661606  
5596.787333  
5611.549818  
5675.066121  
5610.703045  
5578.493834  
5570.512586  
5565.082131  
5556.277571  
5536.585695  
5527.000242  
5534.668197  
5654.955631  
5575.553219  
5545.435519  
5588.605477  
5687.325167  
5617.420095  
5691.8264  
5646.681709  
5638.059163  
5634.83224  
5649.022544  
5645.419625  
5637.575861  
5686.043737  
5676.845596  
5640.919466  
5633.931735  
5634.779477  
5651.42529  
5690.926841  
5672.5612  
5653.240324  
5649.791949  
5638.958164  
5602.689329  
5608.217832  
5622.115106  
5618.503822  
5619.190897  
5597.697581  
5610.787183  
5610.339956  
5611.963121  
5567.661544  
5587.245434  
5659.091917  
5608.772211  
5622.562172  
5659.268973  
5636.275789  
5616.217345  
5612.976381  
5616.689532  
5578.761798  
5559.233779  
5529.297691  
5649.212882  
5672.405063  
5668.6922  
5623.926057  
5640.870262  
5661.710351  
5635.045845  
5659.05034  
5665.492177  
5554.174769  
5616.931098  
5603.855525  
5603.898355  
5682.964029  
5669.684033  
5682.929522  
5661.252151  
5665.970878  
5660.844414  
5644.824607  
5591.336887  
5663.607726  
5621.444426  
5584.626931  
5627.4947  
5598.880161  
5566.553712  
5570.412099  
5561.531649  
5581.745231  
5553.940313  
5525.63552  
5525.948969  
5546.738216  
5580.606341  
5552.045261  
5587.612683  
5620.068935  
5625.077002  
5625.901608  
5598.836531  
5575.995704  
5596.91178  
5620.152506  
5525.791931  
5596.390989  
5584.387082  
5622.384694  
5588.695564  
5606.893546  
5603.21501  
5620.901011  
5624.037411  
5644.056663  
5673.025581  
5669.010885  
5673.703799  
5633.681384  
5640.249386  
5621.852489  
5637.860749  
5636.135001  
5638.700989  
5647.724968  
5566.421922  
5592.694795  
5633.735601  
5640.342586  
5625.726512  
5661.876671  
5590.169578  
5643.981325  
5646.923253  
5621.840534  
5646.55164  
5648.053572  
5645.301209  
5638.007486  
5690.816191  
5660.958135  
5689.403002  
5621.571127  
5579.358973  
5577.308348  
5583.829019  
5592.662124  
5574.798829  
5608.597409  
5638.679313  
5611.922939  
5686.773698  
5682.29939  
5649.395831  
5626.206107  
5672.556412  
5732.464027  
5675.587628  
5695.67178  
5684.900395  
5679.30593  
5632.777009  
5603.673482  
5588.128727  
5585.777884  
5608.43449  
5600.406656  
5596.267156  
5618.844556  
5621.618751  
5610.006629  
5607.761678  
5557.824391  
5543.834907  
5571.589539  
5537.70046  
5544.449109  
5580.154649  
5554.656656  
5562.794354  
5602.851956  
5555.970987  
5593.846284  
5609.248366  
5619.347627  
5612.147759  
5657.839774  
5627.448745  
5640.079834  
5602.650525  
5599.324267  
5602.259564  
5606.635257  
5620.671884  
5609.874114  
5661.671331  
5614.515306  
5670.489721  
5634.408629  
5639.278244  
5667.317797  
5664.095416  
5637.811465  
5641.67257  
5659.182321  
5679.553951  
5644.361481  
5629.398211  
5591.429091  
5655.382061  
5676.382983  
5620.194027  
5646.721628  
5641.398644  
5657.828959  
5598.836482  
5610.013873  
5553.703275  
5595.86247  
5570.402654  
5594.085072  
5587.379307  
5604.762117  
5588.396805  
5585.437601  
5602.377683  
5612.646461  
5619.800426  
5632.689113  
5624.339019  
5617.204419  
5582.766927  
5604.663365  
5584.755962  
5636.093626  
5597.019153  
5621.700874  
5642.633787  
5596.736753  
5575.957783  
5570.549132  
5537.696278  
5542.444377  
5605.601874  
5594.202411  
5602.403993  
5609.562179  
5607.706043  
5618.026055  
5586.217702  
5577.474215  
5641.957271  
5578.801991  
5633.928018  
5667.414799  
5670.433828  
5637.839978  
5589.720283  
5605.275036  
5564.785951  
5534.147989  
5553.791989  
5569.322516  
5574.904712  
5554.423885  
5600.352086  
5591.466731  
5655.720539  
5587.515497  
5645.403562  
5676.253896  
5652.579726  
5635.181306  
5630.85031  
5644.72673  
5645.722719  
5636.433157  
5663.577201  
5632.268882  
5659.853857  
5675.687719  
5647.922783  
5642.840036  
5637.979297  
5657.520401  
5650.251004  
5576.004537  
5662.315646  
5631.275977  
5612.104451  
5651.241824  
5642.245919  
5630.153704  
5611.55919  
5655.533533  
5681.696832  
5645.944176  
5617.986216  
5638.170133  
5627.455654  
5612.135853  
5592.253739  
5579.619635  
5589.769779  
5586.756239  
5620.628544  
5636.973961  
5641.285597  
5597.417461  
5610.036559  
5597.650347  
5624.908131  
5636.275515  
5652.320067  
5663.726987  
5626.369948  
5641.119495  
5602.428836  
5580.510216  
5607.468998  
5617.626063  
5556.406741  
5569.110681  
5609.498927  
5618.502863  
5565.012789  
5631.149086  
5656.405376  
5571.219582  
5614.046686  
5579.333787  
5555.86322  
5571.768643  
5635.742035  
5619.54779  
5623.116128  
5649.82729  
5603.21182  
5592.575517  
5577.625407  
5624.566946  
5619.402319  
5612.245307  
5567.623016  
5575.033889  
5561.454088  
5608.673719  
5605.216715  
5594.048309  
5613.408072  
5601.835118  
5608.742609  
5589.241382  
5632.296511  
5611.030942  
5601.706517  
5615.176919  
5623.032892  
5657.666403  
5627.173748  
5657.914202  
5691.912904  
5629.572681  
5690.483969  
5717.657778  
5721.210225  
5710.554255  
5697.205412  
5698.289755  
5677.013633  
5689.476792  
5626.53537  
5658.009505  
5587.188274  
5658.063155  
5639.113679  
5617.483241  
5645.125902  
5636.785189  
5685.750431  
5677.881711  
5661.316181  
5641.135038  
5671.556872  
5595.286852  
5621.879951  
5609.323238  
5597.639295  
5595.009786  
5595.381022  
5623.474877  
5623.849915  
5629.069467  
5636.183762  
5599.880018  
5563.318694  
5415.750757  
5578.421293  
5575.293731  
5526.426896  
5559.66948  
5554.376381  
5623.310289  
5385.545717  
5623.90963  
5615.095512  
5629.254241  
5622.313883  
5635.183284  
5598.164158  
5674.607985  
5622.788132  
5654.089051  
5605.494566  
5639.860992  
5587.600167  
5583.480099  
5606.162726  
5585.835726  
5613.709029  
5595.816842  
5613.771814  
5616.702861  
5633.37405  
5651.11621  
5670.074433  
5642.264496  
5661.953531  
5654.341561  
5638.210366  
5684.146584  
5656.024926  
5628.171514  
5631.77044  
5622.572244  
5635.243592  
5631.892703  
5640.598924  
5611.930304  
5595.102333  
5623.413194  
5628.465199  
5631.493981  
5629.932001  
5602.295378  
5619.347472  
5589.734183  
5581.892426  
5601.731248  
5582.583565  
5648.870472  
5621.257938  
5600.846586  
5655.53024  
5641.196998  
5585.09544  
5586.469343  
5632.763889  
5629.871102  
5609.279024  
5591.962891  
5597.343237  
5646.216602  
5618.77773  
5651.555838  
5657.569236  
5626.893487  
5628.704547  
5644.149389  
5640.830915  
5620.066542  
5621.507324  
5574.725273  
5578.405868  
5589.807041  
5583.68424  
5585.690657  
5563.757192  
5597.902406  
5629.659745  
5615.904068  
5636.647614  
5628.397155  
5623.205356  
5627.579388  
5672.527878  
5622.547719  
5615.924853  
5583.521305  
5607.911157  
5588.698693  
5638.198372  
5665.203713  
5592.511722  
5644.139604  
5608.930189  
5622.551392  
5614.371877  
5646.579516  
5621.585539  
5599.770109  
5597.833619  
5629.076078  
5650.900421  
5620.968058  
5620.985707  
5622.336558  
5638.522235  
5571.780603  
5607.841523  
5626.350049  
5592.955766  
5579.132135  
5577.70756  
5588.260757  
5620.980327  
5598.046067  
5613.254712  
5665.242525  
5632.928215  
5612.604081  
5622.67163  
5622.587779  
5624.644895  
5620.874853  
5620.52041  
5584.763008  
5594.657746  
5619.339916  
5528.387992  
5597.06688  
5651.623685  
5661.261006  
5652.175406  
5608.539045  
5611.275152  
5612.723139  
5633.786616  
5622.254294  
5623.6623  
5592.949281  
5673.345401  
5599.262074  
5663.166039  
5650.946835  
5618.972407  
5598.077339  
5703.583318  
5661.195993  
5678.879315  
5663.205889  
5645.680648  
5644.396911  
5596.854788  
5657.206786  
5594.318354  
5650.182789  
5610.286257  
5612.532535  
5640.80857  
5636.970845  
5663.116838  
5627.357582  
5650.586618  
5609.514079  
5698.908942  
5655.280717  
5664.112406  
5600.851663  
5595.179835  
5598.696429  
5581.690854  
5596.891678  
5598.55815  
5594.610167  
5613.952648  
5571.477438  
5590.030685  
5576.072075  
5585.369396  
5611.343091  
5606.968948  
5630.304065  
5593.011261  
5611.065693  
5586.288004  
5603.359981  
5640.330884  
5580.992421  
5632.986786  
5578.669289  
5623.165364  
5564.555831  
5599.773542  
5631.282673  
5609.997577  
5655.093955  
5632.318463  
5637.793357  
5587.229956  
5576.513102  
5583.207379  
5697.612908  
5633.435216  
5644.313355  
5658.211496  
5622.330246  
5621.554572  
5645.274739  
5600.989227  
5657.898408  
5634.520431  
5631.772044  
5637.027455  
5604.491454  
5658.094047  
5642.373589  
5581.013127  
5623.564526  
5637.65999  
5587.355137  
5589.482078  
5529.252056  
5556.244985  
5588.490117  
5558.976179  
5555.874091  
5548.720553  
5534.179016  
5605.084953  
5569.891111  
5619.63538  
5614.171391  
5596.672941  
5634.145549  
5609.082458  
5561.178061  
5613.907605  
5627.736337  
5632.131426  
5663.960673  
5627.01419  
5619.228387  
5620.154241  
5617.790157  
5636.430104  
5636.542719  
5617.679946  
5656.270318  
5586.695585  
5593.241293  
5690.61625  
5641.715507  
5604.587443  
5592.271588  
5650.49485  
5630.752661  
5628.399646  
5591.078841  
5627.426717  
5573.293212  
5659.725489  
5637.54905  
5610.833821  
5619.13046  
5581.704981  
5557.382917  
5540.490191  
5620.034096  
5581.718216  
5568.32251  
5610.768989  
5543.08366  
5583.605701  
5610.485266  
5575.121559  
5649.258151  
5662.53208  
5634.262596  
5658.458283  
5601.389594  
5618.824138  
5635.842035  
5621.34186  
5645.728362  
5625.731127  
5582.06229  
5596.659505  
5600.868502  
5628.533625  
5637.351425  
5633.980252  
5646.182143  
5667.781143  
5681.700697  
5680.433725  
5693.981706  
5674.512523  
5695.060268  
5692.994895  
5710.355372  
5628.690219  
5680.417133  
5626.998278  
5601.599047  
5682.449094  
5714.393569  
5646.454554  
5630.040355  
5695.394142  
5640.206517  
5617.847551  
5618.213521  
5640.85221  
5623.458792  
5612.326273  
5605.27272  
5597.226118  
5596.505837  
5593.965307  
5574.087043  
5592.412578  
5592.912477  
5579.279061  
5561.183097  
5597.445245  
5619.753652  
5634.392621  
5597.926892  
5646.690557  
5604.161315  
5582.964724  
5562.998158  
5609.278735  
5594.119939  
5554.051964  
5547.931417  
5566.477753  
5546.151139  
5570.377952  
5609.8229  
5558.240995  
5609.068285  
5622.506722  
5630.443468  
5577.843446  
5570.886659  
5615.216357  
5651.953627  
5633.420633  
5622.219511  
5673.113799  
5662.978429  
5653.662298  
5606.77199  
5641.097952  
5641.671422  
5649.621223  
5664.677166  
5674.589605  
5715.82488  
5678.181036  
5637.330643  
5636.907751  
5658.804382  
5647.292467  
5644.164334  
5632.878872  
5620.366537  
5644.647657  
5649.882668  
5640.77276  
5645.504631  
5576.969298  
5581.674744  
5617.963142  
5621.744613  
5622.092559  
5612.660405  
5599.68568  
5602.449418  
5609.019646  
5588.640405  
5602.246085  
5589.301573  
5632.109981  
5606.205092  
5620.298713  
5611.01414  
5589.233737  
5586.737344  
5643.310031  
5594.144338  
5665.688761  
5652.441223  
5640.683347  
5678.844229  
5643.468701  
5643.343705  
5605.335504  
5638.349884  
5638.543327  
5672.675777  
5646.465366  
5616.815507  
5658.391882  
5666.73007  
5668.132129  
5642.611525  
5634.892732  
5602.041039  
5586.442315  
5589.931049  
5568.798488  
5583.782333  
5589.181908  
5613.004459  
5608.202314  
5566.005215  
5584.081644  
5601.579705  
5590.340074  
5551.440583  
5611.427542  
5654.492115  
5627.545627  
5596.922808  
5619.492124  
5635.636313  
5607.227782  
5612.385327  
5601.971751  
5593.115126  
5554.293405  
5537.254697  
5581.850959  
5590.80873  
5596.07329  
5586.37442  
5591.993369  
5627.095892  
5639.153946  
5642.293408  
5644.910377  
5607.227618  
5647.074249  
5620.268715  
5591.105701  
5611.982387  
5637.223257  
5630.852777  
5650.491196  
5664.061501  
5607.936822  
5593.927151  
5599.551094  
5582.81798  
5567.386562  
5544.067293  
5536.497872  
5586.362505  
5583.005432  
5599.600795  
5592.527668  
5591.26803  
5629.750205  
5601.321995  
5586.933621  
5618.383488  
5617.984003  
5643.206978  
5641.577871  
5616.084378  
5614.241331  
5618.389452  
5600.637754  
5613.078935  
5611.951447  
5628.900691  
5661.620698  
5726.671189  
5638.885865  
5630.168295  
5636.966841  
5699.099209  
5670.249768  
5626.964773  
5616.63845  
5583.170908  
5605.653661  
5604.359241  
5630.451329  
5608.499584  
5620.242192  
5615.744528  
5672.70311  
5622.42171  
5622.619385  
5631.403009  
5618.904878  
5641.731949  
5657.96707  
5666.39011  
5687.341365  
5708.99248  
5683.892574  
5647.957669  
5660.212323  
5642.032064  
5599.319075  
5631.118687  
5599.390592  
5627.524274  
5640.971595  
5623.187033  
5604.997164  
5585.190062  
5612.833832  
5581.848746  
5567.17246  
5575.011137  
5605.774618  
5587.298776  
5623.773101  
5571.704906  
5593.175035  
5615.344208  
5571.723033  
5644.013222  
5602.03706  
5656.639736  
5588.013378  
5634.770983  
5628.789808  
5699.048935  
5681.327387  
5682.647948  
5634.952872  
5643.600782  
5613.012143  
5635.643279  
5623.607549  
5630.286674  
5618.174165  
5591.554935  
5648.279572  
5620.317547  
5624.032136  
5605.001912  
5644.651544  
5648.650891  
5633.955079  
5609.06724  
5589.955939  
5551.909808  
5560.744436  
5511.969118  
5561.937563  
5566.681853  
5609.579089  
5607.43993  
5625.894087  
5676.40829  
5671.120507  
5575.957472  
5573.420733  
5618.886529  
5635.531344  
5649.776762  
5598.818929  
5551.507771  
5557.8854  
5575.789769  
5565.47224  
5532.762796  
5547.23955  
5580.561298  
5544.288918  
5588.277843  
5600.974765  
5576.883558  
5661.581745  
5627.334057  
5632.69147  
5610.514707  
5630.734898  
5650.57214  
5618.068271  
5645.746169  
5643.290744  
5625.618628  
5615.484219  
5621.565785  
5642.950673  
5626.483003  
5625.719866  
5590.079423  
5566.995132  
5656.021921  
5649.735403  
5619.60067  
5634.324972  
5619.114234  
5570.292519  
5571.746821  
5585.64305  
5554.716645  
5569.479997  
5552.684131  
5555.627264  
5598.194101  
5609.061195  
5561.863529  
5596.017731  
5610.631473  
5598.973631  
5615.876518  
5632.615778  
5613.283876  
5623.358152  
5641.009959  
5635.224802  
5632.087231  
5629.656582  
5650.774472  
5619.441596  
5678.650429  
5664.739435  
5640.210604  
5631.843555  
5648.511166  
