6624.235257  
6593.356228  
6578.27242  
6616.863146  
6655.325589  
6619.592475  
6678.737657  
6637.460178  
6650.921495  
6653.740885  
6667.513658  
6313.408217  
6146.583849  
6707.626587  
6673.781928  
6631.81996  
6612.749891  
6628.894694  
6631.556369  
6654.643256  
6676.934937  
6725.499417  
6703.745321  
6657.824368  
6627.193509  
6631.5515  
6673.133925  
6647.029446  
6513.150703  
6584.451362  
6601.510878  
6644.003662  
6612.606242  
6585.932617  
6647.861857  
6614.158976  
6537.399251  
6593.469604  
6670.759033  
6651.70634  
6635.699924  
6652.692383  
6616.292548  
6598.254259  
6622.880086  
6626.415934  
6658.256266  
6613.549018  
6647.328627  
6652.816881  
6665.393487  
6676.2677  
6629.358507  
6620.657878  
6596.098741  
6588.160387  
6621.342733  
6579.077447  
6599.248617  
6602.592624  
6607.020901  
6544.58332  
6627.686917  
6565.27851  
6547.292182  
6625.99136  
6532.706109  
6588.793525  
6601.795369  
6617.708279  
6587.221246  
6562.456516  
6632.132745  
6531.765788  
6591.295926  
6603.798204  
6603.307034  
6641.13326  
6622.549004  
6685.999525  
6646.933377  
6693.601495  
6671.556898  
6656.810737  
6628.948717  
6621.651923  
6622.116265  
6631.725084  
6632.38128  
6592.302707  
6592.287286  
6597.070679  
6668.163194  
6620.435791  
6661.374498  
6620.894708  
6635.660495  
6605.402968  
6635.526489  
6598.763346  
6566.0853  
6555.772325  
6545.649075  
6572.638821  
6583.374227  
6621.750597  
6617.642917  
6669.264282  
6603.22998  
6633.346327  
6616.527235  
6607.01279  
6588.973999  
6663.268053  
6626.586724  
6643.817735  
6585.938748  
6632.975762  
6621.744995  
6622.416436  
6645.691881  
6613.487373  
6604.728977  
6596.727458  
6589.855509  
6592.446913  
6586.768528  
6555.855008  
6566.57685  
6563.91866  
6549.016127  
6597.136366  
6580.058295  
6596.059543  
6606.335612  
6650.864  
6646.446208  
6640.749078  
6636.818902  
6621.331679  
6648.056559  
6620.920098  
6610.887668  
6608.271037  
6580.379422  
6644.513943  
6581.445245  
6581.889065  
6586.503608  
6613.084256  
6622.477756  
6602.288317  
6568.254191  
6613.313612  
6615.554769  
6610.254205  
6627.513862  
6598.507189  
6613.290975  
6617.7618  
6605.836616  
6638.403402  
6638.159858  
6630.027886  
6655.548516  
6627.734226  
6602.217787  
6660.5271  
6616.780979  
6593.613498  
6544.05702  
6578.174425  
6585.055366  
6611.712809  
6572.860623  
6611.695882  
6597.034844  
6607.135986  
6627.985731  
6551.254774  
6673.210029  
6595.53555  
6658.947754  
6651.672974  
6651.874173  
6651.874674  
6613.504544  
6649.858615  
6659.706814  
6585.542738  
6582.178277  
6670.59299  
6649.484375  
6599.157145  
6610.568536  
6622.478488  
6583.316393  
6652.36244  
6628.445882  
6585.242784  
6636.851644  
6610.898966  
6610.85711  
6585.923692  
6628.641914  
6627.70497  
6623.139052  
6634.564304  
6606.541463  
6611.502794  
6613.091621  
6601.412476  
6611.39841  
6611.676405  
6666.140245  
6637.989733  
6629.988295  
6594.29164  
6633.201145  
6621.352675  
6641.958713  
6618.625529  
6605.927341  
6638.458266  
6586.951185  
6564.64856  
6554.922051  
6576.991428  
6603.44458  
6592.363729  
6600.402832  
6600.447238  
6562.250312  
6589.08492  
6640.942274  
6588.993015  
6653.993544  
6591.990017  
6616.409682  
6642.632745  
6632.834378  
6588.254842  
6580.260946  
6624.013428  
6591.159085  
6580.677721  
6655.219469  
6582.478177  
6610.150513  
6552.112915  
6621.913506  
6587.449585  
6642.181505  
6617.334201  
6631.114936  
6618.141154  
6640.780775  
6641.830675  
6567.937066  
6615.601942  
6622.990668  
6651.923448  
6634.849365  
6570.224311  
6615.63798  
6582.611532  
6657.108276  
6607.066596  
6603.26652  
6624.651611  
6625.03167  
6597.10281  
6580.551351  
6653.893324  
6589.989977  
6579.708469  
6624.830105  
6666.196574  
6655.273695  
6624.982151  
6645.902981  
6619.900187  
6588.210571  
6580.563544  
6558.852539  
6573.925266  
6590.995768  
6570.794149  
6578.809068  
6617.898519  
6600.41295  
6614.855726  
6602.897597  
6623.174533  
6579.249959  
6613.623088  
6662.256863  
6675.419827  
6642.381049  
6644.127618  
6634.229329  
6677.727363  
6648.293009  
6640.167277  
6636.886882  
6662.430854  
6592.628174  
6579.144694  
6625.510919  
6623.497314  
6625.842394  
6578.280436  
6661.701592  
6620.298041  
6598.860094  
6624.827488  
6602.162123  
6681.590915  
6566.596585  
6613.64643  
6597.122491  
6608.842855  
6633.927246  
6633.271661  
6584.73489  
6593.377658  
6609.874023  
6577.765069  
6636.556722  
6661.844645  
6661.31604  
6545.898343  
6654.613241  
6627.500977  
6653.092434  
6629.157227  
6576.048896  
6609.193983  
6658.506443  
6599.438327  
6570.467882  
6590.807522  
6607.93712  
6587.853963  
6592.151842  
6626.531806  
6582.031399  
6601.442749  
6611.750502  
6590.206462  
6617.418742  
6602.237183  
6611.999335  
6613.802938  
6618.996867  
6652.486233  
6652.878771  
6615.96799  
6598.916314  
6543.090861  
6651.278049  
6640.179389  
6578.459717  
6581.379842  
6580.899102  
6585.670966  
6524.445218  
6517.121691  
6546.668471  
6567.345025  
6515.996636  
6594.89034  
6555.791924  
6605.717841  
6556.060479  
6592.441474  
6574.090671  
6574.671441  
6638.8396  
6651.997925  
6594.850871  
6602.512207  
6652.405857  
6657.125977  
6613.899319  
6600.277249  
6579.902235  
6609.82449  
6636.558051  
6616.530694  
6616.594157  
6642.739516  
6616.068739  
6633.476712  
6646.680868  
6602.984226  
6645.275852  
6642.199517  
6654.456624  
6696.281874  
6651.4477  
6616.21209  
6671.479913  
6637.814453  
6627.542209  
6557.365614  
6640.128174  
6660.95657  
6598.445692  
6618.654297  
6591.29621  
6665.569322  
6655.678928  
6646.0059  
6624.870375  
6645.538479  
6563.644531  
6606.587633  
6545.181885  
6589.398587  
6582.977119  
6639.281521  
6661.993585  
6623.938789  
6615.79952  
6627.556437  
6569.015883  
6561.68023  
6542.823975  
6557.960938  
6611.372206  
6659.892158  
6629.665677  
6569.844116  
6603.552667  
6616.658366  
6601.631782  
6585.355943  
6400.319729  
6564.598904  
6560.069377  
6593.113403  
6636.142415  
6594.298937  
6556.388292  
6613.495565  
6616.469374  
6667.95775  
6616.887831  
6642.823554  
6677.085843  
6660.450399  
6617.155301  
6572.871745  
6591.376411  
6607.046685  
6624.550496  
6593.908366  
6591.483588  
6687.348592  
6614.770426  
6644.544095  
6658.974094  
6610.452922  
6594.774794  
6642.351712  
6653.244737  
6615.053928  
6618.199476  
6650.382989  
6618.136895  
6616.459785  
6668.228733  
6654.607964  
6644.644721  
6617.355292  
6600.757094  
6649.238946  
6691.431098  
6615.182183  
6627.550646  
6580.3589  
6594.192274  
6603.869927  
6615.278483  
6526.572713  
6598.001953  
6582.736966  
6634.528035  
6577.295044  
6669.380303  
6599.318739  
6596.655572  
6630.423055  
6631.505412  
6672.841281  
6645.721096  
6615.323486  
6659.044339  
6624.169542  
6649.480943  
6640.642551  
6612.386488  
6587.105618  
6633.290324  
6557.617906  
6531.518243  
6512.588949  
6566.584663  
6530.335422  
6563.162408  
6553.267171  
6613.928507  
6597.541762  
6607.080621  
6604.814996  
6631.950751  
6591.65233  
6630.509413  
6648.252821  
6622.50434  
6626.73763  
6634.661445  
6633.080892  
6617.557807  
6651.696655  
6622.980632  
6642.825412  
6641.635756  
6651.116686  
6638.679999  
6671.216688  
6681.938924  
6616.507758  
6656.501682  
6654.878052  
6614.886583  
6604.348036  
6569.900608  
6572.122938  
6590.200982  
6594.261041  
6602.212158  
6594.696235  
6602.626207  
6648.654758  
6629.344293  
6586.773126  
6586.644667  
6680.491753  
6548.969564  
6675.414442  
6606.913778  
6617.293769  
6603.213148  
6602.556369  
6591.178928  
6599.44142  
6599.539103  
6622.981011  
6628.496162  
6604.95954  
6612.608615  
6584.461263  
6605.724772  
6554.567885  
6596.680854  
6642.93335  
6607.938965  
6559.722548  
6584.30797  
6554.833306  
6514.727078  
6559.704169  
6577.360175  
6596.426541  
6613.943807  
6607.085693  
6623.66569  
6638.034953  
6640.650391  
6586.240004  
6622.242594  
6651.441379  
6696.125339  
6594.218465  
6632.020535  
6696.047987  
6617.437419  
6640.526028  
6638.336968  
6570.291111  
6584.09767  
6579.048299  
6583.465129  
6592.651693  
6585.736491  
6628.173448  
6646.768853  
6626.066881  
6585.774685  
6553.66961  
6602.66352  
6603.322401  
6647.435981  
6606.418389  
6615.852905  
6620.006348  
6617.236789  
6655.122952  
6677.882067  
6635.850925  
6646.646064  
6694.077311  
6608.33001  
6595.938585  
6645.763373  
6655.441461  
6629.229207  
6632.218859  
6614.73683  
6548.774265  
6582.488661  
6605.608765  
6573.570652  
6545.974365  
6631.784153  
6625.468316  
6596.242689  
6621.898098  
6620.380439  
6626.273451  
6652.176324  
6625.30835  
6619.724202  
6657.523071  
6625.250339  
6656.734104  
6642.317084  
6634.947184  
6615.811266  
6673.551025  
6694.567708  
6683.380629  
6626.071099  
6621.267266  
6597.490126  
6568.165744  
6573.752428  
6619.435805  
6570.483615  
6569.644016  
6623.134454  
6587.357815  
6532.670505  
6533.001411  
6564.740451  
6579.300361  
6579.451877  
6591.544203  
6495.649116  
6613.813572  
6547.36636  
6566.303806  
6674.57156  
6690.617635  
6559.422648  
6639.30249  
6626.121012  
6564.668416  
6648.747572  
6563.940226  
6615.672323  
6608.239895  
6652.324571  
6613.591946  
6566.262438  
6589.431736  
6618.139147  
6605.240356  
6584.100071  
6658.953003  
6625.873589  
6617.375014  
6589.982123  
6579.196248  
6552.889906  
6632.10281  
6588.237047  
6568.999308  
6559.011407  
6563.906006  
6556.282484  
6622.943142  
6571.26808  
6601.189752  
6651.502563  
6651.385281  
6605.781141  
6678.520196  
6611.898085  
6602.572415  
6515.905748  
6549.516466  
6652.302965  
6631.013496  
6604.355347  
6652.202691  
6676.976725  
6723.610379  
6669.069689  
6685.021498  
6643.474352  
6640.225288  
6667.868096  
6660.986925  
6659.170939  
6694.820733  
6607.605632  
6632.070964  
6630.933377  
6625.797282  
6602.861084  
6614.788398  
6616.663547  
6637.363064  
6621.802965  
6650.46384  
6611.46818  
6750.825629  
6671.644206  
6645.94123  
6625.460381  
6601.167196  
6573.942518  
6552.539578  
6573.214152  
6570.772746  
6550.425225  
6565.459405  
6549.862033  
6546.738593  
6575.0236  
6520.183431  
6570.222127  
6630.375746  
6578.457167  
6556.515055  
6565.437595  
6594.193536  
6609.194675  
6547.843804  
6636.849067  
6619.144301  
6573.786119  
6602.122002  
6589.884372  
6615.612969  
6608.555786  
6581.815375  
6579.602987  
6578.123861  
6667.004028  
6625.77341  
6608.874824  
6582.640354  
6602.278564  
6587.435615  
6602.464396  
6624.000014  
6653.257378  
6636.653605  
6645.987617  
6670.037693  
6651.825724  
6657.320435  
6663.758247  
6620.657403  
6578.720974  
6672.004435  
6613.4418  
6631.976997  
6600.17745  
6624.305339  
6623.592231  
6668.26496  
6612.485338  
6648.148953  
6615.008314  
6610.364393  
6610.824734  
6564.418755  
6649.209622  
6606.598524  
6631.572496  
6669.442044  
6556.706963  
6644.819295  
6595.119683  
6685.118883  
6706.77889  
6682.692817  
6654.20482  
6650.178209  
6624.655409  
6638.583184  
6639.382867  
6617.973239  
6612.614326  
6646.19066  
6560.102715  
6579.323296  
6610.223416  
6617.679905  
6620.888943  
6651.373901  
6588.600111  
6569.32487  
6513.419108  
6597.009196  
6576.247803  
6586.181071  
6609.782498  
6578.422431  
6583.511949  
6598.102132  
6596.762329  
6591.581665  
6652.706258  
6620.611816  
6634.084988  
6623.15682  
6625.012492  
6624.253187  
6560.226454  
6654.360962  
6653.285278  
6632.015327  
6663.492798  
6647.542806  
6525.135457  
6613.208103  
6618.082601  
6632.085286  
6657.181641  
6689.565145  
6667.408298  
6579.887939  
6618.366984  
6633.528795  
6643.903822  
6606.843804  
6605.719265  
6602.788506  
6542.965902  
6625.773858  
6640.766574  
6611.460476  
6597.195136  
6584.028035  
6605.552626  
6605.970866  
6554.923055  
6495.556993  
6605.486898  
6546.380981  
6580.728556  
6588.247287  
6599.199965  
6589.221802  
6600.127903  
6609.646389  
6596.110555  
6568.125787  
6626.027941  
6596.372952  
6622.77162  
6618.595744  
6630.637478  
6630.912381  
6574.240492  
6652.951864  
6544.337863  
6630.310886  
6595.354058  
6565.823066  
6577.653442  
6516.639865  
6530.170058  
6573.60498  
6589.834757  
6667.188897  
6626.976169  
6603.072537  
6625.218302  
6641.128391  
6615.792277  
6608.391602  
6635.262926  
6700.595432  
6641.992215  
6672.053643  
6647.041911  
6596.42136  
6554.90115  
6521.169434  
6537.665934  
6549.066637  
6496.274997  
6521.936198  
6493.721856  
6641.462294  
6601.26218  
6654.37816  
6588.60593  
6645.964762  
6634.365519  
6618.662272  
6626.734158  
6606.600274  
6646.026326  
6617.966078  
6676.839315  
6655.363037  
6621.58134  
6672.955553  
6665.143311  
6694.821696  
6706.810615  
6706.652032  
6729.753282  
6698.751234  
6679.998169  
6720.417942  
6637.78928  
6626.475382  
6640.899468  
6638.192803  
6669.443631  
6618.114041  
6684.527289  
6656.767917  
6615.272  
6644.310316  
6616.563951  
6532.775336  
6618.662381  
6587.160753  
6613.303358  
6581.697957  
6615.380235  
6634.32388  
6676.461697  
6623.125868  
6611.298014  
6592.704373  
6589.987779  
6589.719225  
6553.521769  
6641.293511  
6649.313029  
6587.548733  
6627.800401  
6553.3109  
6574.22663  
6571.040392  
6559.939928  
6523.905952  
6567.947849  
6637.978109  
6586.813707  
6589.107815  
6625.842597  
6636.804918  
6600.517225  
6598.718167  
6542.844252  
6565.217326  
6501.779826  
6645.955322  
6593.2398  
6663.65941  
6640.386542  
6544.320204  
6558.42627  
6531.159587  
6584.196411  
6547.508057  
6617.637451  
6613.981296  
6580.35966  
6572.009833  
6566.161268  
6606.66923  
6634.408176  
6655.749363  
6600.022569  
6594.833225  
6592.027818  
6619.047947  
6588.000665  
6575.536947  
6579.197645  
6635.391371  
6590.51926  
6658.298747  
6619.839016  
6677.668593  
6654.306668  
6663.683119  
6673.199259  
6686.853434  
6672.530029  
6681.219157  
6642.904134  
6637.845188  
6671.048353  
6576.320285  
6597.284193  
6623.88185  
6650.602376  
6678.619276  
6603.071818  
6579.69279  
6634.733738  
6619.074734  
6642.68221  
6678.93004  
6613.16645  
6581.457886  
6635.385946  
6610.026028  
6631.4155  
6592.614543  
6639.750936  
6581.802178  
6611.310886  
6565.252631  
6546.041965  
6584.445312  
6594.327705  
6489.363295  
6224.784153  
6610.975084  
6551.303413  
6601.959812  
6580.431057  
6571.994005  
6573.591987  
6494.110921  
6619.618774  
6628.231296  
6659.010335  
6637.657213  
6584.87203  
6640.358059  
6668.172838  
6667.552897  
6676.90115  
6641.929728  
6641.860148  
6594.525689  
6614.975735  
6634.189453  
6603.676419  
6638.05462  
6657.746026  
6655.316284  
6661.826525  
6615.960951  
6632.794393  
6621.808282  
6618.175795  
6619.405409  
6630.36183  
6582.675388  
6626.064399  
6605.581163  
6630.835083  
6550.796522  
6644.405192  
6654.007311  
6646.696194  
6661.622287  
6656.155463  
6603.394409  
6614.83568  
6636.082954  
6661.956624  
6625.25118  
6598.410577  
6590.717841  
6567.539795  
6571.45893  
6637.204807  
6603.570136  
6652.537259  
6632.354329  
6621.935411  
6581.519368  
6589.643161  
6603.822361  
6548.178223  
6604.735094  
6572.237413  
6575.621202  
6570.057359  
6721.66961  
6558.701375  
6666.567518  
6626.384304  
6670.311184  
6615.046061  
6612.85673  
6644.813978  
6638.427572  
6608.191284  
6596.411255  
6594.75807  
6640.716064  
6581.819214  
6565.632121  
6563.876614  
6603.028035  
6621.591621  
6629.160685  
6607.791707  
6672.82289  
6663.13642  
6658.377672  
6646.564019  
6640.680705  
6612.708917  
6632.175171  
6595.931613  
6591.990696  
6584.710992  
6575.943902  
6616.096585  
6623.27101  
6598.587362  
6603.088664  
6655.699368  
6607.84767  
6657.513007  
6697.593465  
6637.284885  
6632.807305  
6609.840535  
6628.278659  
6650.391466  
6660.971191  
6690.900499  
6636.99448  
6606.251695  
6508.236152  
6626.437378  
6553.491035  
6538.967719  
6567.737454  
6575.87066  
6597.304077  
6601.522407  
6647.678548  
6618.07879  
6602.616021  
6678.982381  
6671.501085  
6711.149224  
6617.863064  
6614.542955  
6610.553263  
6614.892971  
6579.881619  
6585.373386  
6723.163398  
6575.232286  
6632.050239  
6639.857476  
6593.035156  
6543.840156  
6571.681274  
6578.994656  
6587.681898  
6595.760769  
6589.885701  
6547.396783  
6619.50255  
6565.491374  
6558.298475  
6590.348728  
6572.16744  
6548.042033  
6596.248155  
6615.834852  
6617.671455  
6593.373101  
6609.938734  
6572.154405  
6558.209283  
6606.891914  
6580.357164  
6595.451986  
6586.093804  
6622.872138  
6637.797119  
6570.32369  
6575.304267  
6581.332682  
6654.040731  
6559.800822  
6624.983426  
6615.383124  
6546.201687  
6583.290066  
6587.346449  
6603.721612  
6580.727797  
6597.733331  
6591.542847  
6619.085463  
6605.36103  
6646.632284  
6649.384304  
6630.14761  
6571.999349  
6569.278239  
6654.33077  
6748.402981  
6659.075629  
6631.664157  
6665.549588  
6633.79522  
6620.187527  
6643.009223  
6648.458618  
6615.089749  
6594.739204  
6638.004584  
6628.964084  
6631.370144  
6628.482395  
6652.931803  
6671.649441  
6635.487223  
6667.033895  
6699.634711  
6697.235921  
6649.200141  
6614.374986  
6661.048082  
6635.459459  
6609.349189  
6620.493788  
6623.126546  
6631.012546  
6648.690592  
6598.904338  
6646.144233  
6654.054145  
6585.93084  
6586.038547  
6644.892388  
6623.551473  
6618.242323  
6674.343831  
6627.335354  
6594.949449  
6568.259074  
6633.018338  
6574.930732  
6526.806166  
6556.815348  
6533.203817  
6603.71833  
6578.042033  
6623.377224  
6590.985094  
6611.939236  
6599.591173  
6604.770847  
6567.5346  
6571.574273  
6628.663344  
6563.612196  
6577.740329  
6594.602349  
6670.334676  
6644.458686  
6604.68476  
6661.03578  
6650.476495  
6617.275608  
6577.776232  
6629.642307  
6613.542765  
6592.967461  
6618.800673  
6639.425008  
6590.811985  
6674.791002  
6612.791436  
6605.760783  
6609.657973  
6633.292847  
6605.538154  
6632.227349  
6589.238498  
6612.728787  
6604.651842  
6603.806451  
6568.782796  
6591.540677  
6530.43377  
6551.49349  
6629.551744  
6577.316528  
6604.651625  
6570.253771  
6597.152357  
6609.626872  
6555.049384  
6617.249864  
6629.516941  
6649.954034  
6633.395969  
6630.699612  
6568.097602  
6646.24254  
6620.917331  
6608.657891  
6596.787869  
6613.989624  
6592.409817  
6570.03319  
6540.469347  
6613.309557  
6677.254449  
6635.887153  
6604.427409  
6644.679389  
6621.818631  
6611.13208  
6614.842665  
6617.502306  
6612.821194  
6630.855523  
6586.656128  
6640.855726  
6619.536892  
6715.624363  
6710.596056  
6660.473619  
6632.19949  
6531.177992  
6595.350003  
6654.966715  
6606.639689  
6627.187934  
6610.754761  
6528.274929  
6590.569024  
6567.03064  
6531.824829  
6585.321994  
6570.045926  
6564.030938  
6614.734226  
6619.435031  
6562.058919  
6667.376383  
6692.945001  
6651.671061  
6664.8412  
6634.911987  
6646.603529  
6671.161648  
6680.043484  
6622.370294  
6669.553548  
6612.843709  
6610.004422  
6623.45048  
6548.167196  
6582.526571  
6578.049493  
6571.145806  
6607.247776  
6614.632243  
6644.871555  
6631.225342  
6563.337402  
6547.320123  
6612.73957  
6558.821398  
6585.976902  
6539.303996  
6689.579508  
6655.908705  
6606.722127  
6610.114868  
6626.519341  
6587.554281  
6632.01926  
6681.876587  
6658.919963  
6632.593316  
6617.522393  
6614.424669  
6608.542006  
6608.54716  
6665.217882  
6629.239407  
6690.179565  
6556.966444  
6577.021213  
6594.885701  
6566.183499  
6620.44062  
6628.768175  
6633.452555  
6605.159234  
6623.796251  
6611.229994  
6614.09417  
6604.087891  
6609.667711  
6597.542074  
6592.599487  
6555.418172  
6613.856581  
6610.659071  
6598.984985  
6641.466363  
6657.542616  
6584.229574  
6619.382229  
6628.318888  
6637.932726  
6643.821601  
6610.899523  
6660.684869  
6635.588203  
6645.840495  
6643.641669  
6636.93415  
6676.622518  
6632.237929  
6574.029053  
6672.288601  
6691.807441  
6651.274997  
6634.019531  
6539.61008  
6670.773383  
6608.476115  
6577.792196  
6521.649807  
6580.442708  
6555.736369  
6579.749254  
6566.737698  
6587.29031  
6624.284153  
6639.396389  
6625.398682  
6589.171021  
6579.379259  
6569.969496  
6559.705458  
6586.786919  
6620.814317  
6608.46521  
6582.56977  
6639.390693  
6569.638482  
6586.341146  
6574.729669  
6567.351522  
6555.561239  
6566.193292  
6582.111911  
6600.834988  
6615.586575  
6594.535821  
6591.081299  
6620.994995  
6641.540975  
6662.784926  
6662.528252  
6661.714206  
6624.869683  
6590.237522  
6648.489136  
6645.862739  
6624.46936  
6617.745307  
6649.467733  
6608.799791  
6599.2339  
6595.337999  
6585.883464  
6589.819621  
6608.391168  
6655.23645  
6594.162516  
6630.663547  
6613.916734  
6586.211304  
6666.727539  
6573.922784  
6610.119697  
6563.65134  
6636.70657  
6648.622097  
6619.210883  
6600.8345  
6673.029541  
6698.724311  
6673.757094  
6668.329224  
6604.454305  
6641.525431  
6688.725043  
6648.175225  
6603.149089  
6647.280273  
6554.431112  
6688.064928  
6730.1663  
6568.136285  
6615.603746  
6518.636637  
6587.14601  
6491.397122  
6544.837362  
6535.436795  
6585.938273  
6565.746704  
6558.834079  
6588.670885  
6552.43472  
6583.768514  
6604.338881  
6610.348674  
6597.271213  
6608.24235  
6608.651204  
6592.081434  
6647.381592  
6628.631117  
6578.647895  
6582.472683  
6579.485148  
6577.602227  
6582.803372  
6695.282688  
6615.173516  
6636.829264  
6592.987983  
6609.625244  
6611.350979  
6596.472507  
6596.714925  
6601.676948  
6579.926147  
6540.831163  
6621.239868  
6582.542358  
6627.446615  
6610.698351  
6630.58606  
6596.926771  
6635.403754  
6577.808336  
6631.474392  
6641.215875  
6668.676581  
6560.825453  
6690.51355  
6663.764608  
6645.991211  
6593.095473  
6600.954102  
6604.93826  
6601.034465  
6615.732652  
6624.108955  
6644.091621  
6628.610772  
6604.698703  
6638.726468  
6586.963311  
6626.345757  
6642.498142  
6669.186971  
6646.848741  
6639.87363  
6619.607639  
6581.01747  
6554.620456  
6577.14662  
6604.87953  
6594.287313  
6607.884711  
6647.587172  
6660.437948  
6602.575643  
6611.868571  
6590.982951  
6639.784912  
6588.461887  
6654.847331  
6649.483141  
6640.064412  
6595.349745  
6597.315606  
6554.020901  
6626.261488  
6600.83549  
6605.465305  
6556.451552  
6580.742649  
6564.959242  
6564.460558  
6637.417399  
6627.004164  
6644.049276  
6613.115587  
6648.082899  
6631.22484  
6631.274997  
6660.735352  
6596.246799  
6648.317546  
6582.925727  
6648.406738  
6638.498915  
6604.251031  
6642.314426  
6601.406006  
6598.471978  
6612.783529  
6579.925388  
6570.788805  
6604.762926  
6635.525255  
6569.876845  
6608.403117  
6588.965278  
6578.682319  
6596.708211  
6573.595147  
6597.219903  
6548.647841  
6573.33511  
6582.241414  
6569.014187  
6586.491333  
6576.605374  
6634.102268  
6584.703478  
6576.848551  
6614.997138  
6596.852688  
6612.830811  
6591.454305  
6614.144016  
6592.67475  
6630.286119  
6599.411201  
6601.260756  
6625.20242  
6661.481147  
6680.342014  
6737.053155  
6674.170383  
