5587.529588  
5577.067436  
5566.432273  
5602.042527  
5611.263792  
5607.624882  
5606.575407  
5620.360235  
5610.603797  
5614.043088  
5607.020902  
5557.67224  
5433.597367  
5649.326712  
5633.242406  
5650.396438  
5601.037745  
5647.003865  
5620.573797  
5630.384161  
5649.921744  
5673.455312  
5656.062308  
5668.896254  
5637.573464  
5617.930524  
5665.9553  
5564.475073  
5619.845817  
5589.157589  
5668.656815  
5614.311823  
5622.640234  
5585.680667  
5603.583174  
5602.131161  
5567.584769  
5579.962727  
5606.915723  
5604.090975  
5607.96021  
5630.847252  
5593.376816  
5603.700357  
5586.160093  
5632.26953  
5600.535264  
5622.635269  
5630.729605  
5620.888654  
5627.048846  
5676.688287  
5605.385029  
5620.003903  
5605.1049  
5625.239319  
5613.36964  
5623.089835  
5617.117214  
5628.372218  
5642.647194  
5591.793606  
5590.320523  
5573.280539  
5600.859198  
5596.206386  
5589.1603  
5595.780991  
5591.79537  
5600.905614  
5603.57657  
5595.863393  
5615.440771  
5581.414584  
5605.193882  
5626.895188  
5599.229244  
5620.643445  
5622.376743  
5649.018508  
5685.644503  
5565.697323  
5626.894604  
5653.768524  
5640.094278  
5609.312143  
5656.424251  
5638.136626  
5611.646997  
5583.195301  
5610.059928  
5621.589415  
5630.533223  
5626.584268  
5651.531036  
5627.015258  
5602.634157  
5618.545994  
5584.924198  
5592.473832  
5574.460753  
5565.474562  
5562.519313  
5607.529265  
5630.899155  
5589.669638  
5613.252812  
5621.904751  
5623.401182  
5589.576168  
5625.987239  
5604.161269  
5603.826701  
5593.738865  
5641.34087  
5613.98263  
5609.991558  
5639.212801  
5619.484726  
5673.471096  
5594.242297  
5635.218725  
5612.65376  
5593.980798  
5610.979055  
5595.47241  
5586.812375  
5592.532793  
5592.471856  
5606.854772  
5590.40087  
5610.886316  
5587.665081  
5571.260684  
5588.912431  
5612.978994  
5588.854593  
5659.325836  
5600.682209  
5654.584907  
5577.960514  
5623.148397  
5625.391942  
5620.892571  
5614.393003  
5614.852883  
5606.682855  
5606.349683  
5621.108543  
5602.981113  
5589.439651  
5603.56062  
5589.756605  
5586.937427  
5595.993349  
5612.336602  
5588.725068  
5565.128206  
5573.340488  
5605.179461  
5619.675321  
5657.18564  
5614.468563  
5613.575263  
5631.790147  
5630.92396  
5625.314497  
5589.118928  
5620.097323  
5593.274569  
5575.220106  
5595.548374  
5610.804657  
5608.245695  
5599.85546  
5586.845899  
5603.39295  
5587.833639  
5582.643963  
5591.990996  
5602.229956  
5586.476868  
5632.382485  
5605.742434  
5610.537399  
5616.83828  
5629.265145  
5638.404325  
5647.037072  
5638.893996  
5630.092422  
5661.89377  
5615.87588  
5627.199449  
5602.095266  
5582.713851  
5599.438174  
5614.952538  
5600.425684  
5606.04954  
5625.08372  
5604.361692  
5597.794092  
5585.429048  
5609.966691  
5615.83194  
5627.524873  
5624.067805  
5608.746799  
5609.395124  
5613.241822  
5590.960502  
5607.090516  
5635.514833  
5664.547632  
5620.246761  
5627.036316  
5640.668689  
5642.907819  
5650.636503  
5610.172983  
5611.354051  
5614.650007  
5641.270925  
5555.870545  
5553.168731  
5549.823768  
5611.101422  
5587.215371  
5575.249457  
5587.439375  
5580.7409  
5557.27447  
5575.744296  
5631.511479  
5599.922115  
5615.058729  
5625.504322  
5639.918638  
5620.873098  
5610.157905  
5575.634303  
5565.353601  
5612.430636  
5601.420817  
5605.570546  
5617.99005  
5606.633738  
5611.554358  
5609.357313  
5622.494438  
5607.928035  
5607.387838  
5614.077653  
5620.666428  
5610.46073  
5603.901608  
5635.608113  
5586.253388  
5584.297549  
5608.13026  
5634.181867  
5600.748023  
5585.352561  
5576.626525  
5591.259655  
5621.229848  
5615.088828  
5624.022779  
5625.989569  
5593.262782  
5625.330655  
5579.583773  
5602.448203  
5609.876454  
5584.772858  
5595.872425  
5610.305196  
5618.820152  
5643.77103  
5664.916549  
5648.508521  
5648.423178  
5579.121185  
5578.032329  
5573.425391  
5573.314545  
5566.451089  
5584.741424  
5596.775759  
5619.962329  
5594.105431  
5589.24615  
5611.245907  
5593.191567  
5604.278101  
5638.44878  
5608.662299  
5636.522659  
5629.150095  
5674.592658  
5657.102343  
5672.240816  
5641.182639  
5642.262603  
5609.856832  
5615.572845  
5593.313708  
5607.924221  
5622.67013  
5636.359119  
5602.859653  
5619.143578  
5614.564724  
5606.951961  
5581.890993  
5602.423093  
5642.271913  
5596.009615  
5615.397554  
5598.74755  
5577.644803  
5591.099729  
5598.55711  
5598.829498  
5593.49962  
5601.253425  
5603.314646  
5605.430654  
5589.213449  
5598.861354  
5577.178679  
5638.627712  
5598.031522  
5645.938164  
5642.006021  
5607.203517  
5634.047766  
5649.789887  
5620.762303  
5613.033292  
5595.163759  
5598.755267  
5601.072905  
5610.637177  
5653.64609  
5642.789874  
5598.118145  
5605.747714  
5620.348658  
5591.298119  
5593.676879  
5638.581758  
5668.690107  
5645.733308  
5606.689138  
5627.049242  
5641.241101  
5586.443411  
5571.242905  
5634.68006  
5625.783031  
5590.758526  
5646.972404  
5603.178636  
5606.897837  
5596.484336  
5559.57988  
5567.067118  
5554.189743  
5547.601412  
5547.577859  
5574.208614  
5575.099232  
5551.230435  
5569.001089  
5571.693907  
5586.281222  
5603.800085  
5617.15136  
5589.330033  
5624.070773  
5620.730473  
5600.11271  
5594.844593  
5594.481458  
5612.209683  
5612.806037  
5603.50874  
5613.728285  
5588.659632  
5602.747806  
5594.511707  
5585.727644  
5608.614811  
5583.144684  
5627.529278  
5615.716261  
5643.222041  
5661.947928  
5628.456159  
5631.512104  
5671.57818  
5640.108841  
5637.597273  
5566.317718  
5593.239986  
5616.319795  
5600.707161  
5616.838243  
5627.451266  
5672.710045  
5651.386699  
5639.458037  
5629.762495  
5616.860452  
5594.927672  
5594.228331  
5583.501202  
5613.900798  
5597.352366  
5599.132666  
5639.341148  
5599.19852  
5630.006399  
5606.191453  
5593.097648  
5588.320422  
5567.180458  
5586.73062  
5569.694123  
5602.912259  
5609.644256  
5593.530591  
5609.630874  
5615.370886  
5628.122938  
5609.050929  
5511.724085  
5613.471097  
5607.049645  
5593.781195  
5580.397683  
5600.113081  
5573.904916  
5622.112895  
5625.633677  
5602.613094  
5628.258334  
5605.530299  
5644.272247  
5644.049512  
5595.453354  
5595.907858  
5647.902058  
5583.329515  
5622.234932  
5573.783141  
5624.645959  
5654.129616  
5611.301806  
5621.740234  
5648.859621  
5627.79869  
5624.416694  
5644.145957  
5624.301784  
5624.367113  
5606.808505  
5643.464962  
5604.584678  
5620.627572  
5619.198814  
5608.200309  
5649.733473  
5577.337561  
5638.386717  
5650.862417  
5673.683348  
5616.739393  
5613.616478  
5628.7891  
5586.237331  
5587.837571  
5573.171033  
5590.004409  
5600.122254  
5595.668981  
5589.061189  
5589.82843  
5618.132601  
5591.850833  
5614.157098  
5626.693225  
5594.146526  
5615.888535  
5610.400975  
5590.207698  
5635.872655  
5629.321834  
5659.712276  
5654.984516  
5616.668494  
5635.403242  
5673.420212  
5624.853661  
5578.788856  
5544.671083  
5573.751955  
5517.640465  
5562.332606  
5549.048333  
5598.215221  
5578.635952  
5598.734018  
5605.897881  
5609.670216  
5589.682539  
5596.667851  
5606.2482  
5624.016881  
5616.425133  
5573.7248  
5601.035134  
5599.599841  
5621.001592  
5599.887953  
5624.519498  
5626.807114  
5649.412284  
5631.141315  
5651.032072  
5681.56308  
5663.792774  
5645.415647  
5619.277215  
5617.708084  
5614.962586  
5596.277189  
5599.030373  
5593.58928  
5581.385079  
5600.964937  
5595.022891  
5605.0175  
5659.307144  
5620.849685  
5601.929632  
5595.192911  
5602.934349  
5614.088775  
5570.286349  
5637.758587  
5627.834813  
5619.567894  
5589.064557  
5621.834209  
5587.138473  
5607.635462  
5632.481081  
5619.024876  
5632.175457  
5617.622572  
5628.10658  
5606.195186  
5562.938317  
5604.621062  
5642.81917  
5635.372968  
5577.47726  
5582.213256  
5565.122837  
5552.049663  
5591.783345  
5589.509473  
5597.159127  
5566.120304  
5595.464892  
5597.784851  
5616.841168  
5599.457471  
5579.521566  
5606.67345  
5642.328173  
5583.737287  
5614.745404  
5616.610196  
5674.722087  
5651.10675  
5646.522572  
5594.486123  
5586.935491  
5559.357008  
5574.268844  
5556.143154  
5545.544473  
5583.738685  
5612.860202  
5647.659152  
5662.043086  
5599.72932  
5595.441848  
5625.368166  
5618.597793  
5637.189495  
5610.013891  
5608.365323  
5607.513305  
5620.362559  
5622.505346  
5630.603976  
5619.109667  
5598.968068  
5658.578925  
5623.425201  
5603.033208  
5651.269128  
5635.335513  
5629.037555  
5580.462591  
5636.633408  
5566.526674  
5562.358419  
5576.903639  
5543.755441  
5554.195677  
5565.084688  
5659.742526  
5595.91971  
5619.537873  
5608.453406  
5610.281374  
5613.841235  
5619.240441  
5598.396357  
5607.670996  
5586.146228  
5619.589069  
5629.221681  
5615.108777  
5575.127368  
5653.210479  
5682.573707  
5674.074083  
5643.183837  
5637.207432  
5599.881714  
5598.858951  
5543.14587  
5611.517036  
5572.365023  
5615.270916  
5666.311747  
5608.994307  
5575.766617  
5569.162699  
5565.233085  
5551.381089  
5533.640732  
5527.043109  
5517.047937  
5636.400493  
5571.855876  
5541.044604  
5571.35196  
5659.613007  
5598.82449  
5671.217439  
5637.000474  
5634.571396  
5634.167455  
5642.362108  
5625.180614  
5627.190385  
5681.597218  
5676.33858  
5645.072863  
5625.926148  
5623.410296  
5627.086148  
5696.771492  
5664.974903  
5647.049667  
5643.343843  
5644.833615  
5605.595757  
5613.667246  
5620.339389  
5618.517674  
5614.849206  
5597.039199  
5611.412302  
5610.972118  
5601.275186  
5563.824227  
5580.600262  
5649.283923  
5582.906131  
5600.330114  
5640.394546  
5617.568695  
5594.187445  
5611.794215  
5600.42319  
5568.827405  
5545.693693  
5511.587236  
5627.923696  
5655.093938  
5648.366404  
5600.999211  
5621.182211  
5637.636678  
5627.209123  
5646.968929  
5650.60337  
5546.450518  
5596.576307  
5595.393508  
5585.962687  
5675.683426  
5655.805134  
5658.262741  
5640.494213  
5642.638447  
5643.921465  
5626.331798  
5580.817405  
5648.754624  
5600.730183  
5577.919597  
5619.765831  
5597.868801  
5564.175962  
5563.486575  
5553.913922  
5580.780733  
5548.626561  
5519.400768  
5514.170343  
5531.856934  
5562.791813  
5540.137285  
5578.897746  
5604.423672  
5619.447056  
5629.649113  
5603.374081  
5576.057765  
5596.443705  
5622.334554  
5525.823382  
5602.457276  
5584.909477  
5618.700475  
5583.356491  
5602.996589  
5601.76293  
5609.1562  
5619.003691  
5637.569878  
5666.092164  
5665.372993  
5671.462328  
5630.506153  
5637.559654  
5612.798881  
5632.153107  
5627.142314  
5632.238332  
5639.68979  
5547.247051  
5575.240548  
5624.898388  
5633.365435  
5623.411991  
5655.357274  
5583.514108  
5651.423569  
5628.310077  
5614.243167  
5630.041699  
5630.185545  
5624.404541  
5618.543313  
5671.940809  
5643.384002  
5676.056071  
5613.589634  
5569.557702  
5572.632466  
5571.51072  
5580.098253  
5560.715046  
5595.153431  
5630.331764  
5601.805969  
5672.384249  
5673.777241  
5637.514872  
5616.315845  
5649.435627  
5736.060275  
5657.667311  
5675.774453  
5672.848992  
5666.48996  
5626.872718  
5596.34411  
5571.935916  
5574.99252  
5592.558727  
5580.311233  
5589.041373  
5609.928723  
5614.635109  
5609.650204  
5603.27792  
5556.46144  
5544.601486  
5574.878045  
5526.313689  
5535.205335  
5578.151067  
5549.945271  
5560.52468  
5595.993778  
5545.64438  
5587.934822  
5595.079095  
5607.9414  
5598.435268  
5646.049165  
5619.147295  
5630.670919  
5586.833004  
5588.270586  
5592.435635  
5598.134187  
5615.39198  
5601.416617  
5647.091465  
5603.830244  
5675.16909  
5624.114075  
5621.069078  
5648.517165  
5652.992993  
5622.647075  
5632.962172  
5649.06257  
5666.453206  
5630.663728  
5618.603397  
5582.826052  
5641.207705  
5663.124916  
5609.588737  
5641.325608  
5634.149825  
5655.54511  
5589.468633  
5602.398867  
5548.001915  
5588.119828  
5565.273698  
5585.771706  
5584.339275  
5606.189468  
5583.243868  
5577.889886  
5595.66052  
5608.392786  
5616.743355  
5629.558144  
5620.453509  
5610.396277  
5576.470728  
5590.236508  
5571.717974  
5625.575815  
5580.405715  
5626.063218  
5629.771751  
5590.350491  
5568.70251  
5567.248583  
5538.286308  
5532.72896  
5600.304449  
5585.749494  
5586.385021  
5595.441884  
5594.513748  
5608.180363  
5578.563101  
5562.022698  
5623.372494  
5574.374699  
5620.329518  
5656.239141  
5656.880227  
5625.755932  
5579.515916  
5598.154009  
5557.085266  
5526.121155  
5553.380788  
5566.84529  
5578.889664  
5551.695301  
5590.608573  
5583.686399  
5653.489642  
5580.156932  
5628.842878  
5662.144086  
5642.695382  
5627.056513  
5622.525364  
5639.326234  
5647.861755  
5617.853704  
5640.877445  
5624.387146  
5644.512587  
5656.002446  
5629.92364  
5628.992611  
5616.506077  
5641.335876  
5628.795536  
5567.7968  
5653.979954  
5615.547506  
5601.516998  
5640.026789  
5623.223151  
5614.648145  
5591.51549  
5636.775533  
5665.923621  
5630.729475  
5601.917207  
5636.81542  
5629.135561  
5601.244005  
5583.851486  
5567.805784  
5575.295125  
5578.355981  
5607.848731  
5627.863397  
5629.074706  
5588.500849  
5600.931431  
5592.243412  
5620.51075  
5630.967444  
5647.669793  
5653.916907  
5613.790059  
5636.159421  
5597.402061  
5571.252219  
5598.847032  
5614.210089  
5553.999606  
5565.009135  
5603.03066  
5609.365112  
5558.772376  
5620.402605  
5639.419625  
5562.801036  
5606.479375  
5568.864022  
5549.242996  
5567.413394  
5632.127116  
5610.076509  
5612.755894  
5647.27026  
5591.329201  
5590.105082  
5570.677515  
5611.965971  
5627.265014  
5599.703969  
5556.724214  
5563.559866  
5558.460695  
5602.156558  
5598.79049  
5582.485786  
5605.89031  
5600.420448  
5601.422843  
5586.505084  
5625.221116  
5609.576938  
5593.646734  
5607.817926  
5620.884526  
5645.694836  
5624.728748  
5643.315203  
5681.730278  
5618.241587  
5682.837964  
5703.168689  
5703.869088  
5697.748548  
5682.483089  
5686.151845  
5666.255006  
5682.22773  
5621.422549  
5647.328814  
5582.748713  
5649.448909  
5632.131951  
5608.402188  
5630.28716  
5625.164145  
5668.601839  
5660.152713  
5639.322049  
5625.639653  
5649.118404  
5581.155489  
5605.450466  
5590.60079  
5588.479807  
5592.760116  
5585.532948  
5605.177328  
5611.870118  
5614.667958  
5623.051012  
5599.422549  
5574.378952  
5409.814118  
5578.052653  
5573.575116  
5526.314978  
5555.391026  
5553.08915  
5608.212499  
5393.590913  
5613.723938  
5599.360472  
5616.805746  
5608.531129  
5625.394814  
5588.154045  
5659.769436  
5608.82709  
5639.598967  
5596.473909  
5622.844849  
5573.38877  
5575.614902  
5601.186536  
5575.910005  
5605.644427  
5584.631258  
5602.255048  
5610.240818  
5620.897823  
5637.073109  
5660.184436  
5632.349205  
5650.462064  
5644.199189  
5627.351839  
5667.618108  
5648.159352  
5620.630024  
5629.939287  
5619.553875  
5620.678206  
5613.382598  
5632.840769  
5597.842587  
5586.306527  
5615.043232  
5619.48099  
5623.933418  
5626.149052  
5596.880639  
5616.436215  
5592.664797  
5581.29397  
5604.11787  
5584.961208  
5629.847924  
5608.198627  
5593.350013  
5657.818446  
5639.488056  
5581.443384  
5582.34021  
5627.391806  
5621.626816  
5600.805763  
5588.626275  
5588.449467  
5649.250123  
5605.64599  
5639.075572  
5645.852334  
5616.070392  
5614.061617  
5631.934322  
5624.317317  
5606.173876  
5604.281849  
5562.294474  
5566.51314  
5579.232803  
5571.239357  
5576.417152  
5554.329296  
5587.596187  
5618.350107  
5607.645241  
5625.348608  
5615.91839  
5607.538553  
5608.797153  
5658.176748  
5611.032049  
5600.159088  
5575.444232  
5593.162783  
5574.213658  
5632.325677  
5660.396984  
5579.016774  
5637.905355  
5589.832002  
5604.582096  
5596.930955  
5631.751884  
5607.71697  
5587.395045  
5583.799203  
5621.901076  
5654.401364  
5618.098477  
5609.528052  
5612.600225  
5623.930104  
5572.649603  
5606.455948  
5623.320399  
5582.942535  
5568.759494  
5569.327375  
5577.678312  
5604.477363  
5586.56765  
5602.988322  
5649.81733  
5619.398412  
5597.37708  
5609.085038  
5615.92439  
5615.004577  
5609.576747  
5612.144224  
5575.941078  
5587.19574  
5607.998085  
5543.198712  
5598.855311  
5640.708884  
5653.526414  
5643.39274  
5599.038734  
5603.132815  
5606.15419  
5621.989415  
5617.542019  
5612.670676  
5579.790073  
5651.530374  
5586.412551  
5662.510688  
5648.339326  
5612.915527  
5600.507426  
5699.083359  
5652.776599  
5665.15121  
5652.446034  
5631.510468  
5634.699736  
5579.774614  
5638.406207  
5572.44314  
5636.189427  
5596.162854  
5591.277613  
5623.6525  
5615.546785  
5650.1175  
5626.338407  
5638.643327  
5612.259149  
5677.746164  
5642.551591  
5654.117279  
5597.6039  
5587.723513  
5592.139813  
5574.646363  
5591.584841  
5594.664702  
5588.919698  
5604.830925  
5571.490074  
5584.657023  
5571.911876  
5578.573649  
5598.73783  
5596.815585  
5624.961486  
5588.12526  
5599.446789  
5579.309477  
5599.370353  
5630.577309  
5572.655148  
5629.455181  
5568.428684  
5616.637049  
5562.856237  
5592.547789  
5629.343603  
5604.315606  
5647.079055  
5630.949728  
5632.667751  
5583.578297  
5568.791642  
5574.543604  
5680.88556  
5606.771908  
5621.667246  
5645.498773  
5603.364251  
5613.876192  
5635.599894  
5593.023613  
5646.192349  
5627.597728  
5623.372677  
5626.420358  
5592.719963  
5643.178238  
5638.142651  
5579.299036  
5616.950953  
5637.523682  
5584.038179  
5582.542481  
5527.369812  
5555.065937  
5584.286415  
5551.25236  
5549.730048  
5548.71832  
5530.072734  
5601.427296  
5562.877838  
5613.948451  
5604.446289  
5587.971052  
5621.466358  
5598.237611  
5557.107666  
5603.445248  
5620.533376  
5624.320086  
5652.428295  
5615.134402  
5613.061768  
5609.456413  
5605.611009  
5622.176569  
5626.007158  
5612.589276  
5648.567334  
5574.181918  
5576.081094  
5678.620692  
5635.877046  
5604.985042  
5591.836365  
5635.17491  
5623.019947  
5617.471573  
5581.620082  
5621.645022  
5571.576403  
5642.837495  
5624.399254  
5600.145242  
5608.451129  
5570.858393  
5560.204153  
5535.770183  
5608.012072  
5567.169679  
5554.475697  
5596.433338  
5536.840574  
5566.203032  
5601.881909  
5565.393585  
5634.96251  
5655.56323  
5620.276715  
5646.211872  
5580.33508  
5603.368469  
5617.347072  
5605.996233  
5631.234482  
5611.689014  
5572.953388  
5580.182778  
5582.556512  
5606.696984  
5628.790851  
5622.056935  
5633.465232  
5653.059252  
5670.513815  
5665.104542  
5676.464544  
5661.081581  
5681.586595  
5678.185513  
5695.258759  
5618.486995  
5672.494232  
5618.373151  
5589.049522  
5672.134375  
5696.449531  
5635.930534  
5612.941419  
5686.099971  
5629.803799  
5611.790445  
5612.78945  
5639.284149  
5617.017857  
5605.626443  
5601.303956  
5589.142276  
5590.868116  
5589.30669  
5570.206389  
5589.645008  
5583.587907  
5578.424943  
5554.664641  
5593.43331  
5616.141221  
5629.065108  
5593.447597  
5645.96188  
5606.479796  
5575.797693  
5553.82585  
5597.977611  
5575.454129  
5550.388758  
5540.892265  
5563.434965  
5540.658416  
5569.135489  
5607.79382  
5554.221752  
5605.855731  
5620.287682  
5625.891613  
5572.896783  
5561.777066  
5606.685825  
5641.693517  
5625.485199  
5618.172763  
5659.857205  
5651.489022  
5644.226644  
5602.031719  
5630.857635  
5632.526059  
5640.994837  
5651.782299  
5663.984889  
5698.620386  
5664.16163  
5625.668465  
5625.161204  
5649.458113  
5631.949336  
5625.552399  
5623.525314  
5616.971019  
5634.524394  
5636.782122  
5623.559237  
5621.374437  
5575.605771  
5577.138438  
5615.024337  
5612.690008  
5614.99259  
5602.595487  
5589.577982  
5593.916688  
5602.292748  
5577.17766  
5598.99965  
5582.905179  
5623.966155  
5599.443067  
5607.037091  
5594.687034  
5578.562773  
5575.433152  
5632.794804  
5582.746593  
5654.194241  
5643.613059  
5633.101772  
5664.172839  
5628.718003  
5630.201684  
5592.691594  
5626.232867  
5625.394323  
5650.080739  
5637.665805  
5602.778543  
5647.082085  
5649.701877  
5659.215683  
5628.411584  
5625.72948  
5592.437887  
5578.676874  
5580.251239  
5561.866006  
5577.629955  
5581.188196  
5598.299098  
5596.04601  
5557.393927  
5577.582032  
5595.227479  
5585.878133  
5543.27158  
5596.207192  
5643.720513  
5616.292622  
5586.700494  
5614.643581  
5627.259507  
5602.066211  
5602.725606  
5598.860305  
5583.320406  
5552.061917  
5534.025679  
5570.629958  
5592.882826  
5587.923191  
5584.150345  
5580.660596  
5613.08881  
5633.161148  
5629.38516  
5638.036073  
5601.133115  
5639.56049  
5614.262419  
5586.150789  
5613.175271  
5631.589514  
5624.284143  
5640.625837  
5654.071626  
5597.976928  
5585.744777  
5594.714339  
5581.641213  
5567.858168  
5538.047241  
5535.351891  
5579.131507  
5575.185101  
5592.36011  
5590.456207  
5580.905669  
5622.822919  
5596.932533  
5581.3066  
5617.625273  
5609.667535  
5624.979841  
5634.458288  
5608.547762  
5604.298031  
5611.615982  
5589.322408  
5599.958827  
5599.515135  
5617.712538  
5641.232694  
5705.813327  
5617.312663  
5621.400268  
5631.279361  
5687.224108  
5655.989774  
5619.806367  
5606.617183  
5576.12399  
5596.574277  
5594.262071  
5622.20441  
5602.133164  
5617.415194  
5605.418245  
5654.904027  
5610.100896  
5607.268463  
5616.262567  
5612.862772  
5634.326119  
5647.09276  
5649.176667  
5665.375407  
5689.617268  
5669.319116  
5632.462042  
5648.934804  
5632.814102  
5591.224539  
5626.88853  
5586.166772  
5620.714249  
5626.60061  
5615.69677  
5593.549943  
5573.560546  
5604.835384  
5572.20449  
5558.873777  
5564.639462  
5598.383663  
5573.454944  
5613.758583  
5562.469483  
5581.470901  
5607.734472  
5559.156141  
5631.234038  
5589.150586  
5640.048567  
5572.975392  
5625.081685  
5625.129472  
5687.758032  
5670.529354  
5674.5976  
5630.53719  
5635.319601  
5607.934946  
5631.10199  
5619.277148  
5620.924773  
5609.209712  
5581.942418  
5639.604952  
5617.902896  
5614.967304  
5602.223869  
5631.852862  
5639.991904  
5621.918068  
5606.445699  
5590.469561  
5548.430693  
5557.981346  
5508.592789  
5549.692931  
5562.964075  
5597.107405  
5595.822076  
5617.045378  
5660.854705  
5650.608644  
5568.964455  
5570.033682  
5616.112461  
5633.766022  
5644.343185  
5592.605229  
5547.880844  
5550.61638  
5570.33478  
5559.656748  
5529.045368  
5538.424065  
5573.411072  
5542.967064  
5585.916485  
5596.407273  
5576.482328  
5658.020374  
5619.470665  
5615.336911  
5606.194962  
5625.035111  
5636.851291  
5611.967542  
5631.433027  
5631.926747  
5617.307453  
5605.621408  
5612.120757  
5635.910519  
5620.99276  
5617.624768  
5583.432073  
5561.774475  
5641.755187  
5644.405448  
5608.462329  
5621.890425  
5608.68333  
5561.212138  
5560.16317  
5577.680678  
5549.402849  
5562.644564  
5547.129281  
5551.7314  
5594.059404  
5608.635986  
5557.018373  
5585.607632  
5606.002065  
5587.502036  
5601.467661  
5626.675851  
5607.635822  
5617.318166  
5634.352799  
5629.537115  
5621.022898  
5621.894398  
5635.305735  
5609.006096  
5665.544833  
5650.140354  
5623.562031  
5619.554107  
5632.488526  
