9122.832219  
9133.815783  
8991.352015  
8908.119353  
8850.347403  
8941.478722  
8850.945564  
8913.804937  
8792.273554  
8848.441057  
8789.184818  
8980.116534  
8898.115171  
9015.561884  
8959.048623  
8844.565368  
8910.932951  
8883.5903  
8889.938978  
8906.531004  
8858.358714  
8837.092105  
8877.061131  
8925.252637  
8893.919482  
8931.580681  
8915.585622  
8842.865653  
8870.337406  
8931.977515  
8908.613972  
8949.588437  
8931.766962  
8917.668322  
8848.553968  
8831.60819  
8855.562508  
8969.062973  
8905.227532  
8909.059559  
8910.479729  
8914.738952  
8845.862575  
8946.300458  
8927.494174  
8933.791354  
8895.592989  
8849.624786  
8847.328705  
8853.734783  
8823.946931  
8914.745435  
8894.756509  
8897.647114  
8881.824551  
8874.86505  
8897.9705  
8852.986779  
8856.92808  
8941.253078  
8973.569867  
8968.646075  
8972.318769  
8947.430916  
8984.55812  
8947.021062  
9017.239179  
8915.71962  
8899.319233  
8854.412151  
8952.382628  
8951.058601  
8915.312579  
8910.830657  
8912.224266  
8940.368341  
8974.669668  
8980.054013  
9008.789671  
9004.169888  
8979.543132  
8966.371676  
8910.841008  
8861.625513  
8875.472354  
8968.061514  
8883.942625  
8942.592381  
8966.736674  
8993.363328  
9088.550056  
8991.596719  
8951.138798  
8889.290629  
8915.231214  
8878.926534  
8995.81324  
8890.875336  
8770.047536  
8996.015443  
8914.002145  
8934.751236  
8965.959884  
8852.656355  
8907.378444  
8908.42207  
8874.98571  
8824.278176  
8769.156699  
8889.310199  
8870.092351  
8837.174157  
8832.240432  
8918.825496  
8910.684602  
8886.931182  
8835.081661  
8855.243027  
8835.089402  
8854.902218  
8918.580831  
8861.929838  
8804.73446  
8706.130688  
8931.584852  
8798.891511  
8809.334878  
8789.038123  
8908.483626  
8870.203452  
8942.59572  
8900.143972  
8943.881092  
8994.538899  
8966.948652  
8941.951656  
8956.533614  
9004.524795  
8886.899823  
8888.345267  
8941.908937  
8938.513614  
8894.98962  
8853.635479  
8973.416421  
8860.665741  
8956.96899  
8578.843874  
9121.738247  
8967.701022  
9006.481919  
8920.611683  
8922.926538  
8924.414064  
8918.136234  
8946.024923  
8777.328692  
8962.396176  
8959.022664  
8927.511005  
8894.352672  
8872.552748  
8955.223629  
8897.909953  
8957.759809  
8969.202156  
8973.566106  
8988.840107  
8876.540569  
8911.395329  
8935.656351  
8923.5791  
8928.985222  
8894.429293  
9012.452188  
8915.102567  
8934.794101  
8983.107775  
8876.818703  
8914.485797  
8970.988266  
8907.946832  
8888.454289  
8841.414532  
8996.585581  
8956.798302  
8960.010984  
8914.765095  
8910.468311  
8935.253183  
8944.733365  
9023.577676  
8964.419922  
8893.553968  
8997.342695  
8894.961976  
8929.726955  
9018.722707  
8975.599115  
8929.393102  
8856.176807  
8971.650856  
8882.066848  
8876.644768  
8876.503718  
8904.233316  
8903.91779  
8887.088199  
8887.097031  
8941.273197  
8888.643241  
8857.299392  
8943.242216  
8866.669655  
8849.569518  
8916.995286  
8894.062797  
8888.924256  
8852.291271  
8874.517601  
8900.397517  
8928.126769  
8869.255627  
8994.819362  
8942.549286  
8851.728495  
8918.224938  
8941.691874  
8844.492326  
8882.843277  
8845.596991  
8956.926446  
8962.741823  
8943.215531  
8894.612076  
8869.958019  
8883.813187  
8871.294593  
8883.05357  
8944.345376  
8877.885363  
8883.315781  
8935.955655  
8889.342026  
8876.834497  
8984.373406  
8896.51816  
8898.036741  
8953.299388  
8987.068874  
8980.17013  
8904.870632  
8941.216553  
8917.052308  
8838.687853  
8865.198381  
8919.85369  
8961.781547  
9026.545705  
9025.897247  
8926.830319  
8929.685169  
8921.44957  
8921.144912  
8897.087973  
8947.191093  
8871.950948  
8975.111403  
8828.419464  
8990.307831  
8791.038195  
8955.888986  
8993.193611  
8859.376574  
8883.997185  
8910.65015  
8842.774258  
8776.91237  
8853.176998  
8898.848779  
8863.628204  
8868.08021  
8934.855315  
8886.088651  
8832.500036  
8915.049052  
8864.669188  
8929.3161  
8907.869458  
8897.984929  
8874.532225  
8915.914789  
8870.357689  
8949.695442  
8946.351579  
8973.179338  
8918.959232  
8881.443027  
8916.586255  
8974.873693  
8851.724782  
8885.102543  
8933.567794  
8879.839113  
8946.262953  
8890.552569  
8924.294435  
8908.817204  
8811.960553  
8901.08821  
8848.012477  
8782.787245  
8793.131845  
8947.810723  
8859.3779  
8955.779331  
8958.553487  
9022.697403  
8946.82057  
9041.978362  
8985.894678  
9005.237936  
8974.140071  
8955.526912  
8983.73486  
8971.246712  
8866.778014  
8902.854008  
8750.298171  
9202.182839  
9035.515075  
8841.009614  
8918.943123  
8954.85714  
8931.494372  
8874.342428  
8893.502809  
8944.419193  
8965.569419  
8981.543207  
8899.600404  
8939.671484  
8961.438634  
8975.919644  
8918.480839  
8819.572878  
8858.07131  
8877.765835  
8892.953193  
8857.241365  
8943.868066  
8965.487173  
8875.14191  
8896.51114  
8860.612123  
8894.085678  
8898.393951  
8870.268819  
8947.754549  
8846.215101  
8955.527321  
8939.934182  
8851.75918  
8894.226054  
8940.256648  
8917.996437  
8939.04963  
8942.65929  
8824.9867  
8896.59194  
8858.879517  
8919.899534  
8837.326735  
8886.944161  
8914.678735  
8865.371469  
8920.522134  
8874.331165  
8944.878901  
8959.353717  
8917.179935  
8946.421905  
8877.78002  
8845.217058  
8965.254825  
8864.335205  
8887.563197  
8902.946368  
8904.608872  
8903.230324  
8880.838062  
8965.587622  
8873.515529  
8864.732752  
8928.168551  
8871.362417  
8809.966194  
8885.754558  
8870.141091  
9010.246415  
8958.569225  
8885.330987  
8893.784521  
8907.546257  
8943.733196  
8916.129918  
9046.950599  
8926.691226  
8920.64778  
8930.369618  
8923.951482  
8900.412789  
8850.531661  
8942.627019  
8908.249859  
9004.265653  
8864.514288  
8959.528133  
8936.447613  
8947.795859  
8934.561028  
8923.023717  
8906.73135  
8849.834193  
8981.445162  
8887.378604  
8963.601018  
8906.04619  
8910.88242  
8889.480702  
8851.976705  
8933.468128  
8951.342541  
8941.399117  
8916.071697  
8858.452492  
8931.250575  
8839.563606  
8862.678183  
8870.115278  
8918.241906  
8934.889832  
8941.346845  
8938.202178  
8885.394062  
8899.593466  
8888.65495  
8884.223526  
8935.340563  
8847.842657  
8894.343615  
8957.085705  
8855.492738  
8945.657499  
8928.060021  
8955.465587  
9031.933697  
8956.930151  
8930.014868  
8943.166006  
8843.482829  
8897.63615  
8869.405794  
8884.569621  
8911.587785  
8886.210047  
8880.153369  
8885.931924  
8959.536869  
8937.736097  
8898.961882  
8906.778039  
8956.034334  
8908.566487  
8972.794413  
8893.791829  
8906.015341  
8882.999664  
8832.715822  
8938.650451  
8834.899151  
9006.517058  
8985.465437  
8907.785954  
8909.19679  
8944.509416  
8965.098779  
8936.325958  
8930.458958  
8975.656472  
8899.123167  
8862.174795  
8920.264667  
8895.999814  
8881.464511  
8900.10127  
8956.805042  
8893.717651  
8889.201628  
8890.006421  
8830.998383  
8932.628792  
8929.186557  
8906.633085  
8904.867875  
8957.710701  
8890.220949  
8899.177092  
8923.178347  
8859.989472  
8829.434568  
8850.588223  
8922.77777  
8870.983669  
8927.839055  
8899.102197  
8928.317223  
8948.330129  
8881.877569  
8810.42992  
8903.011488  
8900.432403  
8851.135432  
8969.624455  
8913.018973  
8948.617323  
8906.943254  
8896.892807  
8872.666423  
8908.254357  
8900.494914  
8887.940251  
8919.508466  
8933.674268  
8920.002575  
8928.5279  
8889.618694  
8935.907891  
8835.83399  
8881.963338  
8882.668265  
8962.791072  
8979.536035  
8925.791962  
8914.220617  
8954.498216  
8946.40955  
8889.030486  
8947.873389  
8958.585534  
8932.05631  
8994.903718  
8958.769971  
8966.670525  
8968.832337  
8884.074944  
8576.983943  
8955.531922  
8825.770273  
8965.202122  
8919.944805  
8890.094099  
8914.46776  
8857.861888  
8983.773096  
8956.19735  
8959.414275  
8966.460359  
8914.888383  
8921.507435  
8930.348407  
9029.645369  
8938.99953  
8887.96468  
8967.63489  
8917.862646  
8895.963157  
8955.727299  
8932.74929  
8923.907131  
8912.934538  
8919.501991  
8977.820121  
8879.356066  
9004.053095  
9025.757893  
8960.497885  
8913.214739  
8916.158504  
8931.803891  
8944.063283  
8924.785761  
8949.745944  
8939.121  
8936.600466  
8919.230918  
8863.964064  
8885.641271  
8919.66269  
8947.710537  
8956.861368  
8894.634749  
8908.914825  
8908.483939  
8907.24659  
8895.498723  
8930.232617  
8924.121005  
8902.998582  
8900.252111  
8933.124283  
8947.924091  
8874.101568  
8846.138358  
8886.62694  
8838.583374  
8926.938916  
8868.066618  
8851.271789  
8845.596599  
8959.661026  
8873.927556  
8905.319139  
8909.53852  
8885.836324  
8887.83529  
8940.260823  
8980.947737  
8911.708534  
8993.351527  
8910.989945  
8945.425526  
8900.177094  
8977.513982  
8890.034916  
8967.29276  
8821.896445  
8926.109144  
8948.918502  
9055.423009  
8992.132418  
8987.669047  
9013.127907  
8892.308975  
8932.750655  
8934.807161  
8936.308092  
8876.678448  
8930.366256  
8809.991863  
8908.986048  
8916.368737  
8863.106156  
8922.271845  
8885.870219  
8865.072482  
8976.845174  
8887.416928  
8910.949377  
8940.249085  
8902.228534  
8924.865843  
8841.093117  
8956.857043  
8922.802917  
8866.193326  
8984.098447  
9062.754564  
8838.972857  
8784.004975  
8859.726891  
8840.614094  
8914.007803  
8882.112988  
8946.428484  
8903.43944  
8849.584946  
8917.358967  
8869.550289  
8882.105454  
8913.005461  
8908.949405  
8889.398729  
8936.916712  
8885.913013  
8934.66277  
8926.531252  
8911.405889  
8892.548109  
8899.936739  
8828.977182  
8861.200746  
8867.903112  
8904.220455  
8926.832816  
8930.642533  
8870.42946  
8867.340032  
8887.626223  
8841.370658  
8923.372425  
8918.912784  
8928.047397  
8919.046447  
8928.88686  
8914.473058  
8871.921584  
8931.215937  
8837.150015  
8939.243675  
8954.620331  
8936.318034  
8965.939404  
8941.150999  
8924.60877  
8953.854145  
8866.492387  
8990.296017  
8935.649023  
8954.180044  
8983.694826  
8879.078948  
8831.505944  
8966.842477  
8961.110308  
8950.262369  
8891.838253  
8894.195286  
8967.084202  
8962.094077  
8822.905702  
8893.013165  
8839.438984  
8882.843776  
8905.124279  
8906.392013  
8905.244922  
8881.368515  
8920.705364  
8893.631389  
8949.596392  
8933.287139  
8876.17199  
8929.95056  
8858.135842  
8878.80994  
8884.134259  
8896.418157  
8861.537825  
8893.023438  
8899.563865  
8827.500458  
8916.886537  
8872.606994  
8870.341418  
8884.588093  
8880.181549  
8905.068217  
8947.818481  
8865.521407  
8948.003764  
8895.446377  
8867.353255  
9020.841957  
8972.605414  
8921.304092  
8944.667747  
8903.221113  
8818.821313  
8948.949521  
8922.717725  
8901.491431  
8899.68359  
8975.163148  
8904.619265  
8950.513944  
8950.753702  
8937.751716  
8917.567264  
8927.472765  
8938.824266  
8920.423404  
8889.711768  
8913.969479  
8936.522452  
8904.246385  
8961.816983  
8928.218919  
9044.254763  
8909.037429  
8860.699106  
8972.574859  
8933.232474  
8894.450999  
9027.212121  
8952.614085  
8983.126392  
8878.977646  
8949.160806  
8924.982557  
8886.831909  
8960.962027  
8905.396516  
8921.331224  
8902.698514  
8915.76931  
8871.581398  
8921.866451  
8891.535229  
8865.315094  
8957.214256  
8869.03692  
8855.192837  
8937.104693  
8848.623468  
8948.852355  
8930.981594  
8796.339703  
8879.904145  
8823.483939  
8890.711332  
8952.702323  
8877.406227  
8897.613974  
8896.282195  
8894.276585  
8905.014029  
8855.704509  
8886.187832  
8974.131641  
8918.120921  
8888.226589  
8865.274114  
8851.340856  
8884.496871  
8825.807401  
8825.272514  
8797.586041  
8872.397085  
8985.386195  
8876.791384  
8854.880041  
8901.250853  
8938.363298  
8859.391155  
8948.396045  
8919.931644  
8977.89736  
8860.157204  
8895.201497  
8899.646514  
8955.708543  
8923.315507  
8942.983192  
8922.972506  
8961.82851  
8957.450051  
8954.820187  
8944.380283  
8938.017452  
8963.640554  
8901.534737  
8953.827686  
8964.621522  
8910.337231  
8902.428146  
8936.952956  
8990.629274  
8941.564703  
8974.009503  
8847.073214  
8951.004043  
8987.595252  
8990.941085  
8930.403579  
8889.650223  
8947.040604  
8888.4818  
8941.052124  
8898.807168  
8894.767293  
8931.378444  
8956.423976  
8854.326166  
8989.596548  
8918.288614  
8886.261668  
8907.664183  
8953.88051  
8897.7819  
8967.879627  
8976.981321  
8984.858528  
8950.025708  
8913.431417  
8903.564534  
8933.126741  
8873.485785  
8872.12272  
8862.191493  
8923.86764  
8965.233156  
8947.220179  
8929.206042  
8913.877654  
8892.904913  
8948.954434  
8878.70533  
8897.323182  
8876.491748  
8903.062087  
8920.837348  
8899.484923  
8960.539431  
8905.981402  
8906.02835  
8874.653168  
8972.153861  
8911.771092  
8878.972438  
8918.591508  
8917.451238  
8946.151016  
8990.300299  
8986.37293  
8924.251493  
8935.607702  
8941.90486  
8936.132176  
8932.087235  
8909.245589  
8915.318853  
8910.010323  
8924.828129  
8885.116718  
8875.5697  
8969.094685  
8901.110203  
8952.0366  
8928.860876  
8925.388647  
8930.313721  
8879.835583  
8962.130504  
8886.021687  
8854.056175  
8850.630095  
8942.557305  
8866.913986  
8861.428208  
8895.606919  
8930.356083  
8900.60215  
8935.689081  
8868.428904  
8976.345799  
8926.061353  
8902.742954  
8894.383763  
8974.363336  
8919.139866  
8868.585785  
8911.590835  
8903.186159  
8889.500849  
8907.313905  
8945.278149  
8910.936574  
8845.431748  
8887.788739  
8847.726931  
8962.090676  
8959.280563  
8912.962889  
8884.933132  
8951.571849  
8966.066233  
8927.062504  
8961.571691  
8923.877173  
8935.771152  
8918.139985  
8916.423533  
8884.721114  
8890.02204  
8921.858363  
8917.301157  
8878.2786  
8891.656389  
8987.213619  
8927.965127  
8873.646323  
8943.453298  
8787.172224  
8917.147908  
8905.457086  
9012.241339  
8922.740646  
8934.124515  
8682.790246  
9082.727922  
8941.032287  
8847.463537  
8849.99234  
8837.870322  
8903.330966  
8898.646105  
8930.216269  
8883.860714  
9048.684016  
8860.474758  
8923.077659  
9038.289074  
8842.796077  
8908.081088  
8876.742835  
8829.704387  
8875.571334  
8882.404725  
8912.417272  
8971.457099  
8942.627918  
8917.402453  
8896.67353  
8880.303018  
8878.78769  
8861.043044  
9056.862549  
8859.758868  
8966.910173  
8894.952826  
8886.15609  
8881.136146  
8906.333821  
8859.267755  
8826.431781  
8850.721131  
8849.823068  
8876.237476  
8917.975823  
8967.408222  
8885.998315  
8893.769907  
8900.885211  
8916.745917  
8889.322758  
8888.381239  
8879.00043  
8927.534525  
8912.30514  
8922.985628  
8942.703358  
8869.589055  
8902.489909  
8918.581365  
8903.444251  
8872.890358  
8968.649239  
8922.591838  
8948.558278  
8918.648017  
8953.55003  
8955.739592  
8906.313653  
8920.336991  
8963.047955  
8864.020386  
8951.678653  
9022.389201  
8987.456979  
8872.162106  
8867.819516  
8909.041359  
8896.733658  
8928.783284  
8919.388982  
8926.655938  
8903.178814  
8964.921405  
8922.646738  
8922.160599  
8883.445429  
8985.291491  
8992.931505  
8966.914739  
8941.189986  
8926.453919  
8921.270867  
8901.487267  
8944.388413  
8925.54131  
8919.46539  
8868.789087  
8878.515255  
8896.445252  
8907.347822  
8873.711805  
8939.708286  
8960.996883  
8974.170968  
8960.455465  
8993.603454  
8916.330456  
8909.301938  
8962.07795  
8944.108325  
8944.941068  
8917.084035  
8937.257401  
9025.369593  
8914.867601  
8887.876294  
8951.135936  
8904.948943  
8923.084339  
8906.119263  
8873.788678  
8931.37413  
8942.235896  
8918.01819  
8855.610224  
8859.645406  
8952.325175  
8873.069524  
8884.224238  
8862.479451  
8832.092544  
8874.771661  
8875.458639  
8890.477779  
8839.346143  
8862.627879  
8881.066374  
8922.3544  
8938.984792  
8847.187046  
8883.347031  
8820.719678  
8909.269099  
8891.840394  
8841.596909  
8919.615922  
8889.762451  
8893.277612  
8863.13295  
8898.590743  
8895.905005  
8923.052806  
8914.085477  
8887.430687  
8939.249234  
8886.851369  
8873.989688  
8928.908793  
8936.933954  
8893.489089  
8948.144473  
8920.487203  
8943.621178  
8901.09562  
8897.60015  
8959.231357  
8945.498009  
8926.332724  
8959.547977  
8974.396824  
8960.949592  
9039.499369  
8913.439147  
8925.00471  
8911.524962  
8958.864235  
8855.552686  
8921.422395  
8921.975515  
8935.250359  
8954.418921  
8920.879607  
8923.244905  
8904.872942  
8925.803878  
8942.187624  
8880.844469  
8909.437682  
8957.471017  
8917.9887  
8977.669067  
8961.265584  
8903.296984  
8964.339141  
8913.930384  
8945.008552  
8882.928476  
8872.310213  
8857.284398  
8914.124361  
8880.872583  
8917.858207  
8976.965492  
8930.198265  
8889.581462  
8903.660571  
8895.081327  
8860.669762  
8856.781502  
8858.08694  
8883.768003  
8906.085192  
8838.838155  
8928.278333  
8911.841491  
8888.312939  
8898.895097  
8825.303748  
8933.210829  
8887.069445  
8877.718004  
8923.719019  
8863.223355  
8918.529498  
8911.59987  
8912.972164  
8875.352379  
8937.899435  
8976.047831  
8958.237877  
8946.634007  
8952.751976  
8874.161416  
8910.288634  
8899.827881  
8896.925828  
8903.073798  
8900.592283  
8896.299136  
8869.676512  
8968.851232  
8991.355118  
9002.227714  
8941.055998  
8778.034114  
8924.140871  
8815.739613  
8932.078027  
8933.24942  
8829.93679  
8899.520493  
8895.341292  
8952.757206  
8862.503332  
8953.182127  
8905.0009  
8921.159704  
8944.13269  
8941.551966  
8911.606562  
8920.922555  
8961.884189  
8871.481629  
8911.108395  
8978.469325  
8916.685258  
8923.585564  
8915.837626  
8858.360519  
8859.231872  
8880.383851  
8882.04079  
8967.773021  
8942.278097  
8970.50681  
8961.870091  
8937.136501  
8965.285213  
8983.752862  
8943.063796  
8950.102922  
8864.139761  
8869.408081  
8934.858755  
8944.584798  
8935.372812  
8942.136852  
8887.023924  
8772.832837  
8890.326716  
8967.900562  
8928.955551  
8952.95114  
8892.088473  
8917.581667  
8930.067338  
8920.640679  
8928.161266  
8915.446405  
8954.143299  
8944.253362  
8961.287382  
8946.948853  
8880.530963  
8929.554323  
8935.745844  
8908.94939  
8953.476957  
8935.266297  
8888.6205  
8796.58738  
8792.071195  
9105.732632  
8871.009937  
8922.204569  
8863.483241  
8901.391926  
8865.432514  
8835.789136  
8858.953872  
8870.182747  
8897.724166  
8949.048329  
8898.01441  
8934.880816  
8955.904522  
8900.464108  
8876.380044  
8941.253762  
8920.40942  
8953.174854  
8943.932707  
8981.169505  
8957.394725  
8948.459418  
8888.777314  
8946.615056  
8961.347585  
8992.641267  
8869.331167  
8905.118087  
8816.385136  
8875.293692  
8775.778448  
8776.618861  
8917.596267  
8859.489292  
8846.285032  
8825.479246  
8879.567131  
8852.724423  
8602.164763  
8991.926461  
8896.382563  
8931.88005  
8908.313895  
8914.984099  
8886.141393  
8937.725522  
9017.24862  
9173.954706  
9219.860314  
8971.046037  
8866.144471  
8921.74325  
9120.316436  
9149.627686  
9282.49437  
9037.252229  
8884.250066  
8830.206836  
8867.517522  
8883.155074  
8967.165163  
8839.553762  
8852.10813  
8851.540362  
8897.082694  
8822.186195  
8858.235641  
8887.789607  
8902.615043  
8886.891733  
8953.251377  
8857.774258  
8878.433259  
8884.331748  
8909.890826  
8916.408699  
8979.707343  
8894.496811  
8918.302043  
8915.769603  
8864.536927  
8899.83445  
8917.503427  
8875.952725  
8956.795671  
8868.195425  
8877.267003  
8846.015997  
8923.919916  
8988.305478  
8895.840771  
8892.533887  
8904.647656  
8815.455762  
8901.804714  
8884.621563  
8886.28445  
8899.98038  
8909.690691  
8918.918562  
8878.591401  
8881.684234  
8882.778553  
8891.880097  
8887.57044  
8997.905758  
8961.39853  
8864.91798  
8902.177227  
8901.020354  
8929.940154  
8906.273049  
8936.467971  
8912.664694  
8891.081505  
8959.143594  
8921.602695  
8947.906919  
8883.565285  
8863.635556  
8889.273747  
8986.823054  
8908.315796  
8916.648563  
8895.502071  
8904.480042  
8919.157386  
8929.334927  
8922.64233  
8926.112581  
8963.668797  
8885.99048  
8932.304122  
8896.80961  
8951.705662  
8932.274125  
8905.608639  
8928.13608  
8904.92284  
8900.231408  
8897.079532  
8871.196293  
8878.005756  
8895.777994  
8929.940486  
8911.348208  
8927.530063  
8880.886351  
8949.039709  
8879.849042  
8981.508921  
8904.017311  
8967.674333  
8923.590124  
8915.529858  
8893.040587  
8960.713555  
8905.993803  
8865.785648  
8918.71355  
8932.419069  
8906.102199  
8959.580176  
8886.361989  
8845.08737  
8871.58716  
8899.811803  
8896.742916  
9000.491513  
8929.975013  
8953.062246  
8943.978818  
8940.352682  
8808.572376  
8974.870947  
8997.187115  
8852.500453  
8891.154327  
8858.496851  
8918.355328  
8948.396079  
8956.864085  
8941.262742  
8886.967396  
8875.690114  
8862.662014  
8916.070519  
8918.699923  
8933.170036  
8950.780672  
8893.667783  
8880.372307  
8922.128335  
8922.333579  
9009.080895  
8858.062034  
8843.284037  
8869.031344  
8876.428382  
8873.652353  
8891.700764  
8895.292255  
8923.473608  
8886.619405  
8941.023638  
8927.271103  
8866.073456  
8867.779276  
8942.008654  
8960.317852  
8995.143893  
8924.829734  
8899.407031  
8899.808455  
8876.553737  
8955.736655  
8945.096531  
8929.849899  
8926.890824  
8897.349012  
8846.099269  
8902.555232  
8958.729402  
8872.606303  
8944.06774  
8886.429177  
8931.326495  
8958.45705  
8943.477353  
8946.273894  
8902.059352  
8987.428908  
8930.333575  
8878.235748  
8852.053713  
8911.974887  
8869.578153  
8906.090356  
8944.819088  
8892.727195  
8919.332305  
8920.558382  
9024.095521  
8895.661766  
8971.69987  
8967.127958  
8841.281733  
8881.093481  
8862.409482  
8966.078506  
8950.030178  
8939.047296  
8958.429441  
8949.245328  
8917.996503  
8907.599865  
8882.833141  
8904.679226  
8900.536681  
8897.676733  
8918.507362  
8917.351208  
8899.013052  
8921.497521  
8917.666419  
8910.627214  
8910.142495  
8960.093014  
8933.845249  
8888.797003  
8908.243376  
8897.75878  
8901.204286  
8894.684749  
8926.866078  
8946.922865  
8985.645972  
8953.552785  
8937.599825  
8833.062061  
8882.606877  
8883.575734  
8919.133885  
8827.977364  
8928.45822  
8911.967516  
8857.432433  
8872.254312  
8964.534142  
8938.843245  
8904.447025  
8899.847634  
8899.186161  
8901.012183  
8873.09234  
8915.571933  
8864.949846  
8946.24486  
8927.147504  
8860.931211  
8900.774055  
8884.250871  
8872.862701  
8888.309274  
8892.205615  
8901.432296  
8939.186384  
8901.683566  
8878.74473  
8930.931077  
8910.352316  
8882.351429  
8908.199985  
8914.666735  
9094.09763  
8976.566346  
8954.360601  
8914.721054  
8900.861294  
8929.994813  
8837.727584  
8959.429924  
8943.817357  
8953.651887  
8886.000051  
8844.229389  
8939.206909  
8944.638227  
8948.296567  
8909.367678  
8944.822459  
8961.356789  
8919.090328  
8862.180457  
8863.819396  
8899.596505  
8905.694169  
8976.341389  
8899.963708  
8880.336846  
8902.359108  
8941.648438  
8863.248862  
8895.802289  
8912.09381  
8919.292283  
8938.57223  
8864.640291  
8948.202505  
8939.709099  
8912.36114  
8963.834078  
8885.395953  
8878.54787  
8950.827411  
8933.958984  
8904.280854  
8918.772776  
8851.765261  
