8375.222662  
8324.656844  
8273.421825  
8168.27589  
8151.543626  
8143.065256  
8138.727299  
8142.820552  
8178.27738  
8238.49597  
8242.764235  
8270.361126  
8214.772307  
8244.234348  
8233.845906  
8251.956794  
8241.369665  
8231.922396  
8220.909852  
8260.520043  
8271.987575  
8244.998591  
8275.717169  
8266.665009  
8272.426607  
8287.895301  
8270.665192  
8248.753204  
8251.626509  
8240.152642  
8237.11945  
8319.848977  
8337.265832  
8276.423199  
8232.786327  
8266.319035  
8286.653635  
8277.233935  
8265.354644  
8270.878659  
8261.519248  
8261.055875  
8302.65141  
8258.338331  
8208.875826  
8215.408036  
8239.432181  
8232.524861  
8245.014582  
8249.469338  
8240.691502  
8249.056682  
8240.044458  
8238.270258  
8246.48177  
8216.784611  
8224.063428  
8219.063648  
8251.040597  
8261.866614  
8273.288001  
8269.848958  
8228.862998  
8259.521039  
8233.835266  
8229.969532  
8221.777389  
8226.926797  
8232.81312  
8240.575419  
8235.278287  
8207.932526  
8213.209874  
8252.291353  
8245.88198  
8239.835502  
8266.79826  
8275.26897  
8306.921978  
8256.501214  
8255.224503  
8239.756253  
8237.145613  
8257.003022  
8287.530747  
8280.448909  
8323.102923  
8344.010772  
8291.037374  
8277.665029  
8285.639132  
8304.363197  
8246.872555  
8226.896591  
8235.111404  
8243.886864  
8239.079983  
8254.155976  
8273.331208  
8287.604891  
8280.930655  
8243.854183  
8238.240107  
8219.64691  
8203.24118  
8205.16879  
8262.528084  
8247.160971  
8229.578203  
8225.440078  
8241.303757  
8210.593898  
8246.53257  
8253.232954  
8249.521163  
8247.499165  
8221.461659  
8248.898132  
8340.218343  
8297.500787  
8295.667192  
8249.640821  
8219.325453  
8259.391265  
8300.505342  
8234.811887  
8100.10163  
8290.107429  
8248.885434  
7884.480887  
8214.284473  
8230.352729  
8204.123411  
8206.361723  
8191.308676  
8184.339183  
8196.524494  
8207.14515  
8223.426135  
8224.258726  
8202.101794  
8187.781987  
8220.237528  
8262.170944  
8281.281292  
8200.182207  
8273.156173  
8055.597058  
8235.371966  
8256.590956  
8240.750518  
8186.924493  
8184.966407  
8226.263901  
8206.646475  
8223.175785  
8238.578907  
8296.37371  
8297.647549  
8272.610668  
8268.40031  
8261.177691  
8238.084745  
8275.022759  
8303.526678  
8264.65185  
8249.620116  
8244.744084  
8265.722195  
8268.303106  
8242.155321  
8285.007512  
8280.020047  
8220.636904  
8208.292101  
8223.224212  
8219.382999  
8222.668139  
8200.956262  
8220.905914  
8199.422171  
8178.04226  
8190.864369  
8208.865546  
8209.909236  
8207.524728  
8239.33231  
8261.324644  
8217.978872  
8240.138279  
8230.150087  
8228.798674  
8194.454322  
8158.846696  
8242.435942  
8306.060559  
8308.898345  
8297.987577  
8295.192499  
8249.983354  
8237.057552  
8197.204827  
8239.694839  
8264.138759  
8313.469085  
8329.462801  
8299.869568  
8288.539965  
8277.927144  
8249.68845  
8207.644642  
8202.325284  
8223.294096  
8253.934405  
8273.794393  
8261.693901  
8232.445224  
8216.133253  
8222.314141  
8253.2778  
8274.370132  
8289.059713  
8298.494673  
8307.498265  
8292.685533  
8237.938816  
8212.930205  
8206.240672  
8241.432501  
8284.172958  
8279.770431  
8281.632632  
8259.706675  
8199.935742  
8213.661025  
8180.928444  
8149.88609  
8170.453687  
8175.25379  
8174.939602  
8188.964794  
8195.562678  
8203.974781  
8198.476979  
8192.933889  
8224.997477  
8212.749497  
8229.86776  
8245.616465  
8272.874513  
8324.616481  
8299.676976  
8269.948047  
8274.605678  
8273.485052  
8297.809974  
8325.348425  
8329.504428  
8270.921447  
8237.375024  
8221.317274  
8224.322893  
8195.708052  
8211.683048  
8253.207172  
8252.216643  
8209.240185  
8218.995416  
8174.7182  
8265.407827  
8304.37543  
8238.837189  
8206.766828  
8144.428845  
8101.769362  
8106.106572  
8120.021179  
8183.661229  
8194.875541  
8225.164174  
8218.007939  
8204.640818  
8216.731039  
8222.783625  
8197.008677  
8203.023403  
8272.069264  
8283.06802  
8290.538703  
8310.193077  
8291.535523  
8307.478115  
8295.000484  
8243.852993  
8252.006564  
8294.273557  
8303.882709  
8275.596985  
8248.996102  
8231.460429  
8236.404692  
8302.769073  
8304.253065  
8300.244252  
8266.084872  
8219.405643  
8150.006245  
8180.123356  
8205.239517  
8176.371887  
8163.158691  
8170.908292  
8233.213681  
8206.156691  
8200.997756  
8195.73915  
8193.53216  
8312.915928  
8142.220643  
8226.575244  
8188.031082  
8194.094152  
8208.252339  
8212.586823  
8233.959216  
8273.546678  
8240.632882  
8242.912594  
8102.213992  
8302.686903  
8257.089844  
8208.729041  
8123.871201  
8137.176434  
8153.409908  
8162.419166  
8192.169527  
8208.858038  
8204.056761  
8197.40389  
8245.679805  
8263.189116  
8280.573657  
8289.830634  
8254.636353  
8282.818421  
8324.485816  
8345.097798  
8293.174968  
8358.803355  
8327.681233  
8324.726295  
8278.072395  
8287.444192  
8276.959143  
8252.126881  
8249.528947  
8248.140787  
8264.1906  
8254.676949  
8257.939414  
8267.8907  
8298.405638  
8356.91078  
8307.596357  
8273.348389  
8271.789131  
8283.317901  
8271.12016  
8218.012668  
8199.319844  
8171.94767  
8206.520218  
8228.470904  
8213.677729  
8236.126249  
8246.397517  
8257.801754  
8241.279858  
8267.168621  
8259.769258  
8275.852344  
8283.273429  
8250.038424  
8230.231353  
8251.3507  
8256.551905  
8270.506277  
8246.852837  
8250.921165  
8229.177133  
8269.552314  
8300.58209  
8269.850459  
8229.836611  
8208.77924  
8235.021628  
8282.021255  
8325.70495  
8337.83322  
8280.082287  
8247.284476  
8250.407945  
8246.579431  
8281.632092  
8245.061088  
8228.586941  
8257.609378  
8268.38826  
8221.193533  
8192.656543  
8209.643965  
8243.236425  
8262.550042  
8295.050361  
8295.745913  
8215.449989  
8240.240617  
8287.350462  
8322.363016  
8277.730793  
8216.482495  
8176.158627  
8203.406744  
8245.930292  
8211.241942  
8194.635519  
8186.440865  
8169.664151  
8223.651598  
8233.878852  
8211.445893  
8186.191467  
8205.770497  
8231.569765  
8199.609421  
8167.139031  
8186.378187  
8191.325265  
8231.663242  
8260.035916  
8242.380191  
8249.372705  
8255.967033  
8220.530122  
8233.035556  
8275.166735  
8246.847681  
8268.929767  
8257.86369  
8216.904542  
8230.734737  
8178.846811  
8297.439554  
8359.706009  
8284.954319  
8261.039305  
8243.529733  
8195.859117  
8127.098464  
8143.232411  
8148.839239  
8144.799778  
8165.30783  
8191.959411  
8223.490654  
8233.960737  
8255.47947  
8260.147997  
8245.41692  
8231.215231  
8220.700945  
8280.55149  
8362.168343  
8376.180813  
8322.349151  
8263.32638  
8264.324292  
8308.243936  
8316.823693  
8266.320658  
8251.784205  
8250.72931  
8286.605764  
8312.997168  
8238.655512  
8220.823682  
8241.273341  
8232.478696  
8195.804677  
8230.738525  
8157.503032  
8138.534651  
8165.986267  
8163.543608  
8226.219391  
8203.465833  
8210.099198  
8218.496745  
8234.412859  
8238.327398  
8269.684411  
8296.489516  
8286.812759  
8247.118217  
8248.97211  
8236.445048  
8213.699822  
8201.252203  
8226.386893  
8253.136563  
8250.791945  
8245.305369  
8278.991218  
8263.502901  
8233.32734  
8283.073662  
8246.465611  
8243.156754  
8263.870171  
8266.859351  
8273.438995  
8264.247396  
8314.696316  
8299.133986  
8275.197669  
8308.062711  
8276.900222  
8218.459893  
8204.805853  
8201.381933  
8158.31078  
8183.222258  
8208.145117  
8232.407717  
8254.979852  
8232.268345  
8238.504781  
8220.916122  
8273.091588  
8292.339623  
8283.338557  
8257.961726  
8219.429585  
8243.043424  
8238.563223  
8280.725448  
8255.209242  
8247.892032  
8266.415414  
8261.339534  
8278.257628  
8261.694657  
8249.741101  
8231.272497  
8217.833341  
7959.189169  
8219.7789  
8219.344023  
8251.874284  
8240.298672  
8199.261511  
8222.194379  
8233.479681  
8234.466729  
8238.585813  
8223.418257  
8190.570697  
8197.865262  
8208.606601  
8190.915688  
8215.470304  
8226.684773  
8262.790679  
8274.638715  
8280.754338  
8285.814577  
8294.925404  
8265.819958  
8288.021786  
8287.694348  
8278.063355  
8255.8342  
8342.556134  
8363.470104  
8276.782848  
8283.772925  
8264.00358  
8258.036932  
8223.412876  
8202.904696  
8197.621514  
8229.072993  
8206.880702  
8193.218767  
8183.429019  
8205.340536  
8247.263867  
8246.413817  
8226.075337  
8216.450999  
8211.999812  
8232.724753  
8237.610335  
8226.986809  
8217.646318  
8207.129112  
8234.404777  
8239.957648  
8234.336468  
8228.563367  
8204.12924  
8245.579948  
8244.264544  
8281.075508  
8291.756239  
8307.229704  
8266.945266  
8262.011593  
8237.961039  
8226.906984  
8236.925432  
8224.08599  
8183.532549  
8219.914032  
8235.548396  
8226.209002  
8226.304873  
8210.721705  
8196.795489  
8226.385947  
8205.020018  
8183.058721  
8215.584545  
8181.487766  
8186.526483  
8175.687429  
8202.402092  
8274.71934  
8249.414806  
8235.082213  
8242.149518  
8192.920155  
8153.182973  
8164.875098  
8161.360942  
8182.821969  
8160.238858  
8222.359539  
8228.487509  
8225.166967  
8200.620521  
8256.100668  
8290.61597  
8323.672732  
8291.570409  
8321.994851  
8284.148604  
8370.940375  
8411.920861  
8371.389603  
8301.051238  
8270.754962  
8327.469631  
8362.86221  
8332.574771  
8289.626793  
8245.629704  
8212.817623  
8219.609881  
8259.167667  
8234.572161  
8241.91805  
8255.454472  
8230.507129  
8208.519735  
8164.717888  
8183.842147  
8233.098244  
8239.45781  
8261.673091  
8227.211249  
8240.578306  
8259.511107  
8280.274386  
8316.173273  
8313.272344  
8257.267877  
8209.978754  
8252.38125  
8223.031378  
8259.84384  
8290.113704  
8300.224398  
8258.093555  
8237.572723  
8239.668734  
8213.883599  
8214.225123  
8240.668207  
8256.00012  
8263.211228  
8246.739909  
8213.899163  
8222.07266  
8241.868766  
8234.823944  
8240.938201  
8232.396162  
8242.636766  
8286.104139  
8281.801905  
8215.977064  
8205.932041  
8209.478723  
8260.185403  
8218.929965  
8270.745602  
8221.834356  
8217.07438  
8217.417576  
8210.949425  
8209.401682  
8261.230856  
8248.081244  
8266.683817  
8292.022383  
8278.056436  
8208.71513  
8146.449209  
8136.779744  
8196.158294  
8234.645575  
8191.289777  
8196.491264  
8199.841592  
8237.573778  
8235.686222  
8250.274609  
8244.898318  
8269.203465  
8244.797989  
8204.587905  
8209.365356  
8211.202406  
8192.028458  
8211.377645  
8241.327911  
8251.182003  
8244.278484  
8248.867682  
8206.69695  
8213.662089  
8242.705767  
8245.33137  
8234.422826  
8224.770395  
8227.675274  
8219.916341  
8199.311587  
8210.219462  
8239.928509  
8228.367909  
8269.552876  
8283.718884  
8261.753807  
8244.123366  
8211.920138  
8194.077517  
8235.981705  
8252.069717  
8242.440642  
8212.642907  
8202.227441  
8212.602972  
8238.879446  
8250.528276  
8235.243856  
8224.54102  
8223.236172  
8233.598091  
8222.420591  
8240.367647  
8297.919348  
8329.196168  
8326.089979  
8322.158362  
8294.347641  
8295.496669  
8275.740752  
8213.201534  
8207.588066  
8233.705442  
8270.021368  
8294.557844  
8305.630199  
8276.96539  
8251.714573  
8230.553209  
8240.938069  
8246.629589  
8258.886776  
8281.419579  
8246.743713  
8280.977024  
8234.485438  
8247.71912  
8243.548581  
8216.268068  
8185.071045  
8221.429961  
8206.212804  
8206.294273  
8206.53554  
8203.022183  
8216.767316  
8241.586941  
8197.022996  
8287.181808  
8277.07281  
8275.689163  
8257.019373  
8259.130236  
8232.773026  
8222.607189  
8267.069091  
8253.980043  
8243.000236  
8320.114886  
8282.795697  
8248.748974  
8222.435935  
8164.7283  
8132.280237  
8115.539711  
8138.900231  
8150.942796  
8178.555874  
8173.719085  
8192.193223  
8232.82886  
8236.095746  
8241.227583  
8252.165051  
8286.514097  
8320.953375  
8285.655242  
8276.679152  
8306.083127  
8304.130329  
8274.038769  
8275.336722  
8305.590299  
8250.21877  
8213.922263  
8227.470674  
8250.08095  
8238.796374  
8244.636308  
8240.184394  
8233.926343  
8254.308677  
8245.141808  
8238.532004  
8261.479529  
8236.556131  
8251.674165  
8237.419588  
8237.53194  
8283.227999  
8311.518202  
8265.337531  
8273.687135  
8257.33303  
8254.160312  
8259.04742  
8271.954822  
8268.408412  
8285.10354  
8254.923218  
8230.642466  
8279.678079  
8261.097239  
8209.827856  
8245.27709  
8244.240201  
8260.066573  
8253.64541  
8243.2683  
8251.939862  
8265.830677  
8264.515574  
8266.2924  
8231.935084  
8186.365265  
8196.797681  
8232.335288  
8247.584854  
8214.550503  
8274.518433  
8203.878005  
8216.960058  
8173.918942  
8137.748029  
8189.376237  
8209.11699  
8158.784732  
8162.592605  
8166.928035  
8199.831332  
8234.069104  
8261.746016  
8246.193622  
8227.456543  
8223.728926  
8242.705172  
8236.259575  
8240.48533  
8220.221853  
8239.879308  
8267.311386  
8247.140739  
8276.006786  
8279.007709  
8263.436669  
8259.515293  
8236.961926  
8257.590955  
8264.185976  
8258.313363  
8261.773621  
8270.390605  
8246.808432  
8278.634636  
8293.273596  
8270.014778  
8270.172502  
8248.507215  
8224.239253  
8200.728688  
8222.886515  
8185.999511  
8213.266913  
8211.458805  
8182.251615  
8181.516372  
8243.297751  
8215.946665  
8196.542458  
8196.573765  
8209.314857  
8219.840013  
8245.7977  
8239.4181  
8207.932633  
8220.247546  
8239.424079  
8257.424576  
8232.641997  
8217.326561  
8209.464484  
8212.999053  
8253.613206  
8253.849999  
8283.185776  
8247.016584  
8223.546695  
8238.843266  
8245.979398  
8282.402608  
8311.223342  
8324.244747  
8299.48426  
8291.140581  
8296.670273  
8289.588823  
8292.019126  
8304.541059  
8290.191255  
8297.740027  
8304.096618  
8268.731289  
8245.298698  
8203.121852  
8208.567186  
8196.429475  
8208.587989  
8264.30666  
8236.927252  
8235.964191  
8251.632664  
8248.847517  
8244.578205  
8234.005988  
8216.376693  
8246.236001  
8200.478647  
8174.035924  
8145.825229  
7958.380931  
8192.916126  
8210.697352  
8214.840841  
8207.633849  
8203.676742  
8237.168656  
8202.591907  
8270.443893  
8275.37673  
8284.743761  
8267.248284  
8256.362727  
8329.768864  
8298.966753  
8320.275154  
8236.11974  
8239.554105  
8267.843141  
8293.688357  
8344.734626  
8364.504011  
8293.923609  
8206.742716  
8201.57394  
8178.313169  
8175.316395  
8186.405613  
8240.986302  
8206.061152  
8210.278415  
8204.268438  
8223.364981  
8213.224527  
8171.461936  
8159.905915  
8170.507905  
8184.788177  
8222.969301  
8278.023127  
8283.428145  
8258.898683  
8238.603523  
8250.466996  
8240.513899  
8275.414702  
8226.340886  
8212.259672  
8211.008528  
8247.179058  
8271.051923  
8279.675021  
8269.695845  
8255.74628  
8280.24144  
8288.975505  
8259.573186  
8283.450412  
8271.899787  
8260.801658  
8254.250315  
8239.233931  
8234.590463  
8221.430778  
8207.713235  
8195.269333  
8229.042986  
8258.561969  
8294.750562  
8294.326653  
8281.582331  
8256.595492  
8220.123205  
8228.13415  
8253.778914  
8255.639993  
8234.350234  
8219.791168  
8246.046811  
8258.123792  
8228.79548  
8217.051518  
8248.964001  
8255.070922  
8247.680765  
8236.742647  
8208.440546  
8215.932222  
8197.451864  
8211.101408  
8251.370051  
8230.278056  
8232.019665  
8206.406159  
8232.982674  
8223.672602  
8217.221441  
8260.869981  
8290.463496  
8302.581482  
8292.158185  
8253.696186  
8253.152391  
8267.536658  
8283.793127  
8249.563543  
8236.626129  
8218.669485  
8242.059615  
8197.13012  
8227.920522  
8302.672685  
8257.922852  
8211.717388  
8178.490945  
8192.604843  
8220.653971  
8216.055677  
8226.465906  
8238.721172  
8256.925608  
8252.0826  
8234.611543  
8301.482837  
8253.642052  
8244.926861  
8179.753647  
8142.223656  
8150.424365  
8167.929835  
8196.17742  
8212.945634  
8244.216071  
8226.823665  
8185.036535  
8227.589952  
8266.599261  
8256.077012  
8225.34538  
8187.571072  
8223.175715  
8238.300667  
8270.953416  
8253.684389  
8276.688756  
8258.658636  
8259.233074  
8265.385114  
8232.269169  
8226.046141  
8288.86741  
8290.180782  
8299.476759  
8250.903458  
8245.068111  
8279.83353  
8267.806426  
8265.84226  
8240.084103  
8258.779191  
8267.440217  
8226.250885  
8240.508875  
8253.305513  
8269.380556  
8281.458717  
8278.464388  
8248.103446  
8265.078695  
8234.361421  
8229.077638  
8251.857596  
8208.793417  
8238.050101  
8256.061541  
8253.422599  
8237.146626  
8247.437657  
8229.356568  
8212.318421  
8204.219545  
8171.941396  
8229.427765  
8208.99132  
8217.763697  
8264.532141  
8264.063041  
8261.996604  
8234.012641  
8227.845612  
8205.333281  
8198.65955  
8218.490608  
8221.795098  
8228.449017  
8217.329722  
8244.480021  
8254.969315  
8245.543191  
8257.510436  
8257.179166  
8242.679562  
8282.657116  
8264.223982  
8277.249457  
8272.365988  
8273.803447  
8305.808768  
8303.735154  
8272.593566  
8268.096958  
8239.694743  
8217.56492  
8233.24687  
8231.336806  
8207.843313  
8248.649838  
8244.982144  
8220.712223  
8249.386064  
8254.197467  
8220.110165  
8224.239199  
8299.267039  
8260.396909  
8248.585725  
8194.109852  
8113.725624  
8128.802469  
8127.117706  
8135.884117  
8174.507916  
8196.651945  
8192.071852  
8190.518308  
8221.076727  
8273.904665  
8288.87712  
8304.775668  
8297.607  
8265.930531  
8258.26678  
8284.042464  
8285.99035  
8264.329466  
8262.263479  
8249.19796  
8237.838226  
8238.187134  
8279.236014  
8287.33816  
8262.521638  
8233.7663  
8253.75327  
8289.595172  
8245.267223  
8227.940336  
8247.609529  
8255.959081  
8249.292133  
8238.923385  
8256.538284  
8256.436237  
8251.331882  
8224.398938  
8233.15891  
8250.220608  
8262.048309  
8242.06462  
8255.408381  
8243.696154  
8236.700293  
8267.511876  
8219.362078  
8237.543878  
8271.80201  
8237.578325  
8235.197301  
8236.525551  
8250.97813  
8271.299875  
8254.121427  
8217.339859  
8225.814963  
8253.284054  
8244.978765  
8245.920726  
8275.886484  
8299.53693  
8286.550188  
8255.344426  
8234.735993  
8193.50697  
8212.381979  
8289.741425  
8333.83417  
8311.336988  
8273.452776  
8262.481981  
8290.452065  
8255.736918  
8237.138195  
8263.534103  
8254.602776  
8249.621956  
8246.177859  
8247.216654  
8223.894585  
8270.512227  
8273.765998  
8218.399243  
8201.793607  
8142.589871  
8127.219902  
8102.498461  
8125.945136  
8130.156741  
8176.048262  
8166.140348  
8178.762152  
8223.004629  
8243.121577  
8262.018826  
8253.919887  
8257.212667  
8278.262972  
8333.718245  
8365.420651  
8332.751555  
8291.927289  
8287.60587  
8275.645126  
8290.26877  
8364.725015  
8372.011357  
8386.753222  
8425.653343  
8324.074178  
8259.132055  
8277.444095  
8235.307153  
8162.862837  
8133.015742  
8191.373882  
8201.827973  
8103.369644  
8142.285355  
8215.499661  
7877.511877  
8245.372738  
8156.666225  
8169.611862  
8226.60686  
8197.993491  
8152.360059  
8170.258582  
8226.239728  
8224.037908  
8252.115384  
8336.42359  
8279.98377  
8239.930635  
8247.652252  
8231.277981  
8248.77072  
8303.409632  
8250.576254  
8197.624501  
8213.589449  
8166.724873  
8127.26575  
8251.095628  
8263.992039  
8198.592907  
8176.963696  
8214.294775  
8248.118027  
8250.674095  
8266.78142  
8274.853636  
8249.302454  
8264.039644  
8285.416604  
8318.426857  
8341.676602  
8318.029434  
8279.942922  
8281.666576  
8269.124319  
8295.673128  
8271.099928  
8266.334433  
8249.779503  
8247.248346  
8239.427956  
8220.850267  
8240.624365  
8191.352023  
8195.37139  
8254.899225  
8246.94565  
8226.637381  
8261.892171  
8232.497487  
8274.854798  
8252.345007  
8229.807606  
8237.060289  
8239.464273  
8248.178433  
8254.148113  
8299.394362  
8276.550445  
8268.667695  
8285.51552  
8266.508185  
8254.666194  
8235.531539  
8231.533835  
8262.930762  
8215.56856  
8204.763566  
8258.31153  
8195.173561  
8185.02364  
8224.684051  
8200.810782  
8239.580616  
8228.449363  
8236.203451  
8246.682168  
8234.633799  
8224.572494  
8180.943173  
8170.87898  
8193.650112  
8210.72475  
8226.595636  
8221.546563  
8206.207393  
8219.367008  
8213.321776  
8231.808373  
8215.85727  
8189.912318  
8232.626553  
8241.264963  
8228.239066  
8232.836612  
8222.943155  
8237.426887  
8271.736643  
8271.364794  
8235.004656  
8230.961585  
8246.607016  
8270.323879  
8261.107528  
8278.725337  
8261.201387  
8281.886874  
8251.291083  
8202.082874  
8217.899282  
8227.455383  
8236.307896  
8240.18971  
8243.672667  
8241.016011  
8260.61885  
8292.630481  
8291.832899  
8283.708206  
8218.359196  
8227.114465  
8236.263546  
8285.040786  
8290.899991  
8267.505104  
8277.049472  
8274.75212  
8244.50655  
8262.430946  
8266.613351  
8233.586387  
8233.188974  
8216.814034  
8252.977532  
8290.230023  
8246.51359  
8223.11931  
8198.314946  
8202.577979  
8221.006734  
8171.917187  
8221.432643  
8243.301213  
8268.517244  
8261.531553  
8224.493977  
8232.501982  
8244.234549  
8265.733276  
8250.426918  
8262.809616  
8258.299679  
8234.024425  
8217.40132  
8221.477909  
8256.70803  
8288.640119  
8260.638442  
8263.833223  
8247.62934  
8252.923946  
8236.163611  
8222.249871  
8241.7499  
8279.015521  
8263.382814  
8243.619922  
8187.644862  
8166.147804  
8168.439439  
8167.294354  
8155.372979  
8166.755823  
8176.470872  
8198.252231  
8202.853771  
8206.143461  
8227.84753  
8225.345798  
8222.050771  
8236.594547  
8268.710761  
8275.199652  
8276.748914  
8268.189894  
8288.773111  
8245.315551  
8208.162504  
8217.038954  
8226.272075  
8238.837803  
8249.131485  
8285.376882  
8275.02968  
8318.247543  
8313.148351  
8282.224039  
8249.663258  
8311.25634  
8307.109649  
8278.914574  
8301.92858  
8260.762567  
8283.06739  
8294.3549  
8289.164772  
8279.777351  
8278.439401  
8283.22535  
8275.638132  
8251.535314  
8258.602647  
8218.806344  
8214.438961  
8221.459005  
8184.756186  
8190.495213  
8180.963374  
8186.199502  
8175.127167  
8205.305004  
8200.663506  
8226.098897  
8231.723531  
8241.868802  
8200.005409  
8209.19491  
8221.450489  
8261.430729  
8272.393351  
8231.600244  
8217.49815  
8221.836625  
8238.232477  
8261.135531  
8218.522689  
8152.597593  
8198.245429  
8241.30966  
8248.467685  
8247.224764  
8261.508798  
8267.624487  
8262.344048  
8224.693182  
8262.392861  
8272.14825  
8235.931787  
8230.715842  
8155.704378  
8188.78385  
8195.91301  
8217.30443  
8246.666936  
8233.072361  
8233.443321  
8225.083756  
8220.943605  
8234.582273  
8214.420307  
8227.891269  
8184.384201  
8203.480969  
8213.092665  
8242.954453  
8263.17615  
8256.724194  
8261.728887  
8274.044921  
8268.84964  
8218.892776  
8295.641476  
8278.705471  
8242.307771  
8222.411281  
8240.075195  
8257.15348  
8278.683833  
8279.130672  
8234.364283  
8267.233555  
8253.772434  
8272.612855  
8306.387687  
8243.978546  
8294.905897  
8340.636308  
8300.338922  
8248.07798  
8226.542233  
8218.25101  
8245.998205  
8227.179071  
8199.390446  
8235.935707  
8199.08328  
8185.778895  
8194.437128  
8197.009249  
8233.025382  
8191.440988  
8229.393036  
8221.379683  
8222.680972  
8247.860929  
8217.089489  
8216.836589  
8233.926648  
8206.746704  
8243.412622  
8237.886817  
8233.402153  
8199.882946  
8351.934269  
8338.612569  
