9261.262545  
9185.049748  
9347.170448  
8980.820951  
9088.486197  
8803.75308  
8946.203839  
8964.410682  
8866.569561  
8924.121488  
8981.946815  
9091.385479  
9087.256479  
8972.890907  
9050.070651  
9034.018742  
9060.687857  
9079.03572  
9158.664307  
9039.283579  
9036.106013  
8999.566519  
8984.295598  
9153.621169  
9189.044546  
9187.728271  
9127.548302  
9082.217867  
9043.617469  
9025.604398  
8993.079402  
9084.683406  
9150.537541  
9157.515343  
9096.133151  
8996.440711  
9003.909274  
9112.868465  
9036.359675  
9113.523006  
9079.569599  
8960.330904  
8999.391282  
9127.218957  
9102.534367  
9099.557523  
9123.175349  
9139.887169  
9007.539983  
8937.190054  
9014.369929  
9066.320463  
9035.356483  
9075.418419  
8861.311768  
9007.62746  
8915.852483  
8936.283466  
9086.475492  
9087.447322  
9164.30927  
9112.181528  
9199.08252  
9166.932636  
9107.584322  
9213.974403  
9098.630972  
9058.893987  
9002.568078  
8940.882024  
9002.820932  
8992.90672  
8886.81203  
8908.597168  
8938.350642  
9202.226206  
9121.711276  
9164.726187  
9133.219952  
9144.390099  
9178.742169  
9040.634691  
8965.844989  
9000.334341  
9165.372089  
9128.708571  
9089.350473  
8968.937669  
9010.766489  
9193.975417  
9174.39147  
9156.662091  
9051.36884  
9031.461407  
8856.587891  
9083.784142  
9061.733173  
9048.688608  
8965.701078  
9086.157208  
9036.011869  
9205.345553  
9102.280743  
9006.442157  
9080.890343  
9026.704177  
9111.40595  
9081.322115  
9121.643066  
9089.299917  
8906.06511  
8873.85053  
8954.409274  
9044.063345  
9058.697397  
9153.230919  
9083.894287  
9030.330998  
9072.985784  
8965.983511  
9157.254357  
9040.658203  
9099.030198  
9022.752085  
9065.170748  
9012.996469  
9047.028996  
8649.078275  
9440.114164  
9156.732234  
9030.095928  
9033.244366  
9201.304875  
9119.282921  
9095.763878  
8970.006554  
9084.503456  
9099.734093  
8982.253737  
9068.353365  
8984.868389  
9022.85391  
8913.840407  
8948.16934  
9043.029053  
8699.958327  
9139.575853  
9035.431265  
9135.551683  
9162.020959  
9239.750995  
9041.615441  
9163.544039  
9030.066688  
9099.119422  
9156.347018  
8620.799598  
9293.945181  
9171.790527  
9031.52802  
8985.346605  
9211.978816  
8900.096755  
9019.499756  
9114.352088  
9061.615047  
9073.977652  
9156.863093  
9056.89363  
9009.348576  
9190.86792  
9006.26801  
9054.552284  
9057.853459  
9057.109093  
8956.328087  
9003.659255  
9094.870399  
9055.291354  
9023.122934  
9086.274602  
8985.602408  
8941.619366  
9063.366774  
9134.650447  
8989.551889  
9037.747953  
8915.37008  
8961.356821  
9205.78078  
9135.415227  
9172.113939  
8998.546556  
9052.877592  
9031.577655  
9049.505334  
9127.15948  
9247.472656  
9109.332012  
9029.849684  
9074.160081  
9279.572172  
8992.118859  
8941.455322  
9029.557242  
9059.298284  
9210.045598  
9102.905687  
9162.591215  
9097.143517  
9001.562124  
8948.159837  
9031.557129  
8994.243239  
8961.379263  
9005.957632  
9138.499681  
9005.837196  
8980.803955  
8990.844802  
8987.242281  
8854.689491  
9156.501052  
9173.63439  
9110.603779  
9053.318585  
9187.076886  
9080.414232  
9020.385385  
9092.607553  
9083.77971  
9121.672495  
9144.202449  
9108.110126  
9019.407433  
9001.903452  
9042.870249  
8937.142034  
9072.760761  
9083.475755  
8955.973464  
8868.899527  
9107.20598  
9044.593656  
9010.571289  
9010.277494  
8990.687556  
8930.507512  
9026.203163  
9006.501277  
9169.702787  
9122.024151  
9162.424091  
9003.449989  
8910.139479  
9009.189228  
9079.980826  
9082.468187  
9156.055288  
9127.475173  
9083.121169  
9097.162316  
9065.591233  
9057.018142  
9212.333139  
9095.306058  
9080.179143  
9142.751709  
9105.058951  
9142.375601  
9138.888878  
9266.236065  
9187.93966  
9106.315937  
9127.891526  
9029.010573  
8882.426176  
8840.620718  
9035.49091  
9053.40563  
8917.670222  
8974.418889  
9000.527081  
8832.929481  
9018.154992  
9045.575346  
8968.881592  
9052.683218  
9011.545861  
9042.197284  
9115.117826  
9090.333703  
9132.167668  
9054.412429  
9018.630596  
8999.248235  
9062.697773  
9087.929556  
9176.450233  
9132.575515  
9022.029729  
9081.915471  
9072.489709  
9262.751164  
9137.183462  
9152.160325  
9238.904372  
8988.335468  
9064.573956  
9081.956731  
9117.683613  
8685.182148  
9026.839975  
9027.470365  
8944.365591  
9112.228441  
9121.065956  
9173.171161  
9089.169133  
9041.593093  
9085.697979  
8910.768179  
8968.116737  
8992.066181  
8981.807204  
9033.859075  
8911.11822  
9080.424561  
9052.973652  
9182.393874  
8996.983999  
9326.841215  
9239.340539  
9289.746263  
8892.708139  
8831.837102  
8989.956937  
9062.648625  
8884.42672  
8799.348032  
8963.057279  
9085.357422  
9088.884935  
9014.931077  
8889.778884  
8948.779992  
9128.657659  
9045.858342  
8921.675237  
9016.851168  
9128.941707  
9129.551288  
9133.550706  
9108.050838  
8989.841252  
8935.756348  
8970.28895  
9000.808594  
9104.932392  
9050.049129  
9120.137113  
9006.495887  
9109.16549  
9134.437594  
9339.494328  
9145.775391  
9055.504282  
8982.589919  
9024.012827  
9067.546199  
9227.876578  
9111.486948  
8989.916823  
9026.497089  
9155.524564  
8937.535851  
8887.876315  
9011.544678  
9047.051589  
8950.997465  
9056.68703  
8954.764292  
9133.965032  
9102.316331  
9074.210205  
9042.315711  
8945.987962  
9125.509916  
9117.136118  
9050.875845  
8944.769419  
9104.43658  
9144.13593  
9032.607441  
9112.996544  
8929.245624  
9062.497596  
9125.280499  
9076.574932  
9161.2263  
9205.851112  
9073.569843  
9140.076172  
9007.748761  
9141.247934  
9228.585393  
9062.633188  
9207.283973  
9077.757869  
9085.618765  
8987.319054  
8888.604624  
8911.882982  
9024.371883  
8979.793363  
8957.228779  
9145.145677  
9047.696834  
8948.612248  
9338.881235  
9346.799129  
9093.496375  
9019.181566  
9028.824557  
9076.508188  
9049.06588  
9152.502836  
8997.147386  
8983.998009  
9139.501239  
9064.938646  
9075.860558  
9093.848576  
8979.932279  
9060.314735  
9029.654372  
8970.271203  
8973.994854  
9001.884052  
8994.853422  
9054.81851  
9069.788668  
8930.474778  
9165.732985  
9040.571834  
8926.116493  
9077.572472  
9079.644719  
9098.152832  
9111.522592  
9098.891508  
9008.488187  
8932.470497  
9094.54233  
9159.086858  
9125.881197  
9243.509409  
9259.681246  
9130.522423  
9063.75755  
8997.696928  
9027.786978  
8949.74861  
8962.565204  
9031.383883  
8945.066425  
8864.184495  
9014.41164  
9053.435753  
9052.123948  
8957.628437  
8982.298791  
8960.976713  
9149.249399  
9199.469144  
9173.42041  
9140.640343  
8972.685397  
9051.568604  
9200.089731  
9097.830867  
9192.165922  
9118.11069  
9098.017747  
9217.267991  
9130.118333  
9133.449087  
8941.325327  
9037.65518  
9065.672495  
9153.928993  
9011.981633  
8992.013371  
8983.27986  
8915.220234  
8987.011137  
9034.971849  
8956.332839  
8978.567364  
9045.999061  
8905.991155  
9026.982854  
9058.016245  
9033.653602  
9079.169847  
9072.770977  
9060.282264  
8980.077843  
9009.089093  
8950.121638  
9041.338999  
9080.008883  
8993.506798  
9067.490873  
9017.180664  
9059.748667  
9314.96075  
9075.296011  
8972.190035  
9035.993239  
9117.614464  
8978.850342  
8940.91748  
9065.75755  
8946.794603  
9167.184758  
9168.021466  
9088.119441  
9077.097412  
9144.323205  
9059.037673  
9032.202731  
9178.396616  
9037.218243  
8896.44366  
9044.488375  
9055.859018  
8985.966628  
8989.946402  
8987.593487  
9042.320913  
9037.343938  
9158.516151  
9058.877028  
9075.324857  
9041.835881  
9093.705698  
9133.056941  
9052.45844  
9039.957313  
9110.363563  
9116.703632  
9077.685998  
9080.167706  
9065.390681  
9019.00492  
8995.88978  
9054.705491  
8866.824782  
9149.733868  
9163.560904  
9019.412429  
8972.847074  
8970.327355  
9057.873817  
9090.021203  
9212.418438  
8996.880841  
9105.3753  
9039.534217  
9094.676608  
9020.802077  
9049.57728  
9037.476619  
9212.35145  
9101.911452  
8989.773588  
9052.164044  
9075.665696  
9104.522405  
9038.88608  
9065.9138  
8939.265756  
9065.898043  
9377.66395  
9118.537072  
9185.188439  
9079.281288  
9051.326247  
9102.932523  
9066.73492  
9110.527231  
9128.822848  
9038.771165  
9098.063308  
8997.658504  
9029.61437  
9099.274996  
9094.655123  
9059.032828  
9102.805176  
9026.721304  
9000.736854  
9122.020883  
9082.188439  
9061.067946  
9007.968318  
9007.58528  
9086.586182  
8928.697078  
9150.45797  
9029.465726  
9046.656419  
9064.835881  
8952.701716  
8966.471774  
9078.067251  
9029.785626  
9039.326022  
9108.861873  
8969.361835  
9029.306866  
9046.825421  
9041.093543  
9013.687293  
9000.630859  
9073.456092  
9104.294884  
9078.546405  
9159.154804  
9083.460919  
9026.240441  
9092.517447  
9057.907377  
9139.970083  
9238.402701  
9072.8165  
9149.124174  
9119.207088  
9238.698843  
9099.562049  
9099.418476  
9306.653715  
8972.570932  
8996.056528  
8953.71721  
8921.333158  
8991.291804  
8883.167631  
8976.718712  
8873.325759  
9064.821796  
8907.625056  
8941.989427  
8988.543645  
8991.745512  
8956.678373  
9108.117357  
9004.222957  
9258.09591  
9368.588191  
9160.063739  
9183.357103  
9165.032039  
9079.090708  
9128.102595  
9191.743127  
9114.113676  
9065.565355  
9024.052359  
9063.222806  
8945.595553  
8989.233323  
8918.734957  
9034.227971  
9060.156494  
8959.895527  
8886.346717  
9051.562049  
8955.512451  
8991.010799  
9017.649151  
8972.996676  
9005.236591  
9069.928392  
9037.670673  
9119.025841  
9109.201435  
9155.146635  
9129.023644  
9042.636982  
8957.171668  
9024.087571  
9120.806659  
9085.148832  
9150.601074  
9001.479868  
9088.267597  
9051.980037  
9006.082106  
9143.206205  
8972.365591  
9155.151931  
9125.520151  
9030.709548  
9032.449951  
9100.280123  
9090.022949  
8962.707858  
9052.621958  
9055.223558  
9193.420579  
9049.611967  
8981.881179  
8946.216665  
9089.003981  
8934.568228  
9116.907076  
8975.403151  
9081.878662  
9046.881235  
9009.749117  
8914.444655  
9061.508676  
9050.622859  
9297.887432  
9114.891508  
9195.999869  
9162.032058  
9009.297833  
8899.482666  
9054.213097  
8986.432505  
8952.009897  
9127.342116  
8938.987173  
9025.410494  
9026.994573  
9101.118183  
9031.153057  
9058.371413  
9046.139911  
8986.988356  
9042.211933  
9031.291128  
8989.423453  
8976.948392  
8980.156626  
9063.469426  
9093.063383  
9014.137169  
8993.667593  
8972.243033  
9084.065054  
9000.162635  
9041.991211  
9004.847018  
8993.804537  
9192.593806  
8989.108248  
8987.600605  
9052.302678  
8929.525053  
9319.615948  
9177.335844  
9114.347731  
9150.813664  
8923.461858  
8957.570726  
8985.108511  
8986.310209  
9039.811411  
9069.104642  
9068.792988  
9065.553429  
9112.133752  
9096.434476  
9028.247239  
9123.273513  
9004.941143  
8979.824726  
9081.881517  
9004.732197  
9142.11191  
9177.930195  
9144.532452  
9170.25462  
9057.724647  
9187.742507  
9134.971811  
9114.641902  
9048.242638  
8987.997446  
9181.641789  
9089.079458  
9121.760479  
9203.05681  
9139.214111  
9135.748385  
9134.478196  
8995.550894  
8945.537598  
9009.343262  
9054.72091  
9137.120061  
9152.762207  
9048.205322  
9086.063533  
9005.123047  
8991.933932  
9057.678786  
8983.975586  
8994.374925  
9121.842924  
9003.842567  
9076.887583  
9013.238863  
8846.330998  
9090.030968  
8978.367751  
9049.114258  
9124.209679  
9082.044415  
9030.000169  
9161.575702  
9087.692627  
9072.31327  
9013.397367  
9198.258639  
9022.661959  
9045.097356  
9152.141188  
9081.023475  
9067.660194  
8986.846079  
8945.552716  
8933.285983  
8941.178166  
8851.980037  
9008.830642  
8942.91564  
8982.05264  
8940.523419  
8985.739765  
8900.704308  
9098.496713  
9138.913781  
9091.970365  
9128.710186  
9119.846267  
9088.9529  
9109.424711  
9091.0936  
9170.450252  
9169.262489  
9121.652738  
9095.221041  
9010.506517  
9078.371601  
9058.655724  
9097.177284  
9044.238863  
9115.570143  
9032.304368  
9088.868634  
8986.353365  
9125.221436  
9065.441857  
9041.401104  
8893.169565  
9009.022893  
9092.839881  
9180.593036  
9095.552903  
9030.576623  
9051.254582  
9112.950064  
9048.405198  
9150.003193  
9053.145602  
8995.346248  
9038.309927  
9139.815392  
8975.366981  
9108.352257  
9173.081806  
9066.961163  
9038.061692  
9142.813664  
8995.177922  
8885.216853  
8994.12346  
9047.881592  
9080.115422  
9032.132625  
9044.420354  
8972.410569  
8989.212233  
9071.865328  
9193.43658  
9010.469651  
9078.356389  
9122.463585  
9063.763728  
8947.556659  
9099.934082  
9245.315298  
9004.625845  
9039.238093  
8957.707426  
8964.52494  
8946.675612  
9115.448073  
9118.514686  
9059.598689  
8997.044321  
9033.830022  
9094.306284  
9038.619648  
9024.03433  
9003.329609  
9276.281982  
9084.443791  
9253.632193  
9158.487342  
9080.592886  
9086.772611  
9097.861441  
9018.760385  
9057.973689  
9075.008714  
9111.785119  
9006.666917  
9084.721248  
9159.377535  
9166.204627  
9113.293908  
9063.698749  
9132.011925  
9130.592623  
9082.218093  
9106.598013  
8981.912654  
8985.132456  
8962.595628  
9017.08759  
9087.035231  
9030.775466  
9045.602426  
8938.560753  
9061.738056  
9038.501221  
8943.371713  
9115.678918  
9017.053054  
8998.930589  
9026.980788  
9044.127667  
8976.037598  
9056.517165  
9032.25631  
8987.825402  
9060.544509  
9006.776424  
9020.787391  
9106.020451  
9039.205923  
9076.850511  
8893.855168  
8936.063458  
9118.374718  
9075.676063  
9135.271221  
9109.102708  
8966.152776  
9086.630071  
9122.123948  
9196.262752  
9218.750338  
9041.559176  
9058.629094  
9190.392634  
9057.294734  
9054.23184  
9024.220647  
9054.038274  
8943.571571  
8954.712722  
9055.040039  
9140.088078  
9169.022198  
9035.270639  
9087.374418  
8974.450101  
9001.09559  
8877.222544  
9156.707351  
9078.210074  
9165.051326  
8922.718975  
9080.512226  
8955.699632  
9086.360614  
9027.325627  
8826.644606  
8879.434307  
8834.667274  
8925.439885  
8922.110107  
9016.181002  
8918.925143  
9171.083308  
9149.448881  
9125.319355  
9224.552584  
9097.561298  
9171.499174  
9003.249249  
9085.132099  
9037.574857  
9215.816143  
9161.669208  
9085.172138  
9061.78525  
9077.455322  
8996.109882  
9046.11454  
9287.716496  
9022.577637  
9176.831017  
9030.816481  
9015.206731  
9069.214431  
9193.334623  
8913.665415  
8930.001258  
9007.447867  
8958.708045  
8964.945763  
8886.860183  
9065.03833  
9024.786978  
9081.370962  
9004.642785  
9158.067852  
9018.376671  
9013.243427  
8983.108887  
9050.794434  
9054.591665  
9149.635986  
9243.599459  
9003.396804  
9101.451303  
9007.768404  
9038.590313  
9093.558143  
9129.719914  
9082.69396  
9030.865216  
9101.97429  
9074.185096  
9151.46875  
9108.43981  
9099.935152  
9056.982797  
9009.021071  
9254.4295  
9058.794002  
9130.034386  
8953.208459  
9122.599102  
8894.473745  
9046.349234  
9128.528039  
9064.316519  
9167.287879  
9052.293138  
9068.802321  
9150.831355  
9036.193378  
8919.00184  
9017.009165  
9193.264292  
9085.457595  
9033.601938  
9095.622183  
9174.598933  
8932.14008  
9041.027231  
9061.82805  
9025.48184  
9000.875977  
9104.077937  
9052.609713  
9045.255559  
8966.556791  
9094.119235  
9050.226901  
9096.010611  
9106.339618  
8859.938383  
8969.537579  
9051.609075  
9195.176288  
9036.438852  
9029.792649  
9189.507888  
8947.394531  
9105.516864  
9053.593374  
9243.728065  
9127.622559  
9049.813739  
8904.744047  
9039.741718  
9049.19736  
9077.349422  
9041.98753  
9058.524621  
8982.350323  
9123.670241  
9112.114896  
9145.717792  
9084.418495  
9030.227502  
9120.827317  
8790.926908  
8982.49384  
9015.924429  
8969.75986  
9074.564247  
9046.837046  
9055.143893  
8990.566406  
9064.21783  
9085.50909  
9066.266996  
9020.830829  
9086.340294  
9035.095046  
8944.331505  
9071.018198  
8947.089468  
9068.216778  
9054.132193  
9085.7109  
9133.422701  
9054.561561  
8958.881573  
9035.51185  
9167.401968  
9027.744122  
9036.219013  
9069.416034  
9105.922589  
9225.928185  
8977.455604  
9092.883582  
9094.770207  
9042.683105  
8997.835299  
8988.700439  
9043.572735  
9122.592717  
9113.013522  
9110.71259  
9057.80403  
9087.226018  
9134.313326  
9139.707031  
9017.436317  
9028.890587  
9065.468468  
9126.661771  
9096.416072  
9052.508526  
9054.678354  
9052.096774  
9033.225586  
9072.31019  
9105.090557  
8984.051063  
8997.199238  
9003.373516  
9048.065899  
9105.265625  
9098.709961  
9020.090614  
9122.885705  
8992.65178  
8934.367488  
9018.434195  
9029.924316  
8937.281325  
8991.749906  
9079.094501  
9044.046049  
9052.075646  
9041.16318  
9046.928542  
9135.84467  
8997.402381  
9189.724666  
9019.116474  
9011.995455  
8977.495812  
9160.128324  
9084.70536  
9112.054594  
9122.20489  
8999.168326  
9082.836388  
9097.103835  
9060.658804  
9115.829909  
9078.283673  
9032.205153  
9057.821289  
9066.798114  
9015.771822  
8968.598276  
9161.84544  
9150.073712  
9110.965107  
9219.260104  
9141.45335  
9032.071665  
8924.004019  
8859.661828  
8930.942233  
8971.696158  
8946.619685  
8792.621976  
8938.393367  
9003.705717  
9077.456336  
9157.346886  
9223.191406  
9057.931434  
8981.825458  
9213.123253  
9095.104492  
9067.818697  
9005.757324  
9053.648419  
9058.582219  
9008.151855  
9021.592079  
9051.625  
9116.211707  
9121.529109  
9100.455172  
9150.023231  
9118.829834  
9125.516921  
9108.366943  
9132.996357  
9102.536922  
9097.20705  
9051.581937  
9051.527644  
8990.118652  
9145.511268  
9009.950383  
9039.957106  
9008.781475  
9101.460168  
9078.444148  
9103.904522  
9125.734319  
9107.404973  
9034.108117  
9031.100605  
9003.876916  
9081.413987  
9143.230788  
9038.716628  
9071.30495  
9120.841215  
9087.925086  
9035.404841  
8933.788649  
9048.355431  
8930.181171  
9027.187369  
9104.681847  
9118.408842  
9045.265043  
9099.553692  
9051.188758  
9005.063477  
9032.366962  
9093.17888  
9060.698205  
9212.790058  
9117.108699  
9117.435735  
9273.187688  
9122.036208  
9108.665227  
9100.608586  
8984.127479  
9033.085844  
9053.662109  
9094.212909  
8788.72198  
8779.325796  
9235.024902  
9065.29896  
9120.758939  
9156.345891  
9097.268254  
8998.484506  
8930.110746  
8883.639968  
8846.033034  
8908.791635  
9078.671556  
8993.88854  
9070.001427  
9012.056847  
9080.397423  
9032.54434  
8999.370399  
8876.630127  
9075.131686  
9178.61253  
9142.951829  
9150.663593  
9144.156306  
9141.817364  
9077.07512  
9288.052471  
9207.995774  
9046.915678  
9198.659893  
9346.379751  
9113.710994  
9151.323242  
9225.887977  
9160.14547  
9022.802209  
9002.106934  
8997.601994  
9095.005934  
9041.532245  
8965.210243  
8952.482384  
8940.462308  
8945.64579  
9013.152532  
9002.171819  
9030.579627  
9027.780236  
9009.665039  
9130.157283  
9019.871526  
9038.25293  
9079.775165  
9095.976412  
9213.074444  
9138.469595  
9195.914044  
9066.377554  
9054.551908  
9022.743352  
9063.908842  
9028.594088  
9055.585524  
8655.001803  
8843.821571  
9043.50954  
8858.421819  
8781.46351  
8975.730769  
9009.043758  
8813.129676  
8960.672927  
9009.716252  
8999.445294  
8935.885066  
9066.52017  
9188.103215  
9095.184927  
9142.242563  
9165.659743  
9128.036753  
9140.540771  
9094.654879  
9134.046687  
9182.104887  
9103.458383  
9123.797927  
9157.589074  
9059.957951  
8944.269024  
9018.699181  
9091.435322  
9019.39701  
9038.216759  
9050.918664  
9002.741342  
8989.715463  
9008.971961  
9056.297251  
9027.151461  
9042.619817  
9112.423302  
9041.411546  
9051.57005  
9104.24615  
9131.578651  
8999.182392  
9222.740309  
9238.994742  
9126.643085  
9025.740835  
9081.447097  
9102.672889  
9091.36469  
9105.180213  
9068.766977  
9062.87947  
9098.667537  
8983.82944  
9085.049523  
9020.349591  
9014.910588  
8939.429932  
9039.408147  
9142.737924  
9003.314866  
9002.208853  
8994.729774  
8954.309946  
9045.363187  
9045.017334  
9080.361103  
9055.038349  
9034.019362  
9068.666823  
9162.609845  
9077.33652  
8961.309608  
9032.561167  
9062.122972  
9074.935622  
8970.997991  
8924.488995  
8987.972037  
8992.395902  
9071.551213  
9003.540978  
8945.646052  
9068.539325  
9061.23599  
9110.014705  
9031.15071  
8964.773682  
9089.013991  
9035.033598  
9106.112492  
9023.702731  
9104.614596  
9111.12008  
9192.996037  
9079.29834  
9107.068604  
9106.101131  
9078.459717  
9191.020564  
9135.545466  
9084.594332  
8977.125808  
9047.620324  
9118.154241  
9117.975229  
9114.032959  
9103.044621  
9063.550819  
9079.410851  
9032.581412  
9151.501127  
9082.788123  
9016.955848  
8982.360915  
9026.742206  
9104.172401  
9141.833102  
9026.735483  
9049.500826  
9033.799899  
9013.515268  
9020.95675  
9042.42426  
9058.034762  
9068.59929  
9119.780593  
9030.267071  
8995.367544  
9029.420692  
8982.704571  
9159.580266  
9006.407227  
9063.4378  
9043.909349  
8970.459191  
9012.619986  
9087.348088  
9060.946139  
9107.25477  
8978.675518  
9146.907809  
9040.201059  
9041.263597  
8996.979192  
9061.017653  
9086.087384  
9206.04248  
9006.238638  
9084.274827  
8939.176777  
9020.049692  
9048.209942  
9034.501183  
8980.01401  
9046.919884  
8948.826322  
9014.24754  
9005.520714  
9097.653527  
9010.728779  
8928.343881  
9058.405405  
9072.005934  
9069.723971  
8988.538368  
9098.226544  
9065.840388  
9127.731276  
9095.621713  
9042.843205  
8993.072284  
8970.966891  
9110.579627  
9060.989089  
9051.774771  
9024.068021  
9090.79111  
9079.236835  
9134.613319  
9123.539626  
9171.062913  
9165.990835  
9033.201604  
9094.523738  
9124.056885  
9048.866943  
9122.752348  
9063.014874  
9134.088247  
9171.515738  
9063.941387  
9078.312744  
9069.254338  
9106.128211  
9129.826886  
8966.431265  
9073.917819  
9011.478666  
9002.78895  
9036.696852  
9036.831167  
9033.542593  
8963.648344  
8834.593149  
9062.555495  
9094.017146  
8975.398006  
9028.771522  
9011.884033  
9066.699162  
9140.665039  
9104.120699  
9000.644888  
8982.924298  
9112.691519  
9135.712233  
9053.68119  
8932.549335  
8964.453238  
9020.071815  
8998.138709  
9120.168157  
9024.667462  
9111.292255  
9090.367225  
9082.110821  
9170.114878  
9065.076904  
9180.799091  
9004.046049  
9079.640193  
9030.736384  
9049.763972  
9025.525597  
9015.765569  
9055.180326  
9119.330397  
8992.824538  
9043.458909  
9014.712121  
8965.260141  
8993.530987  
8961.997991  
9046.991849  
9035.609713  
9028.936373  
8960.139198  
9046.481051  
9092.842849  
9029.116774  
9198.406569  
9150.4455  
9149.923302  
9093.491418  
9044.33605  
9051.940505  
9027.026686  
9110.132681  
9120.56357  
9054.030011  
9077.065279  
9209.200383  
9100.982816  
9110.378493  
9154.836895  
9107.150841  
9072.955416  
9155.637301  
9133.528771  
9037.202186  
8861.629113  
9035.568585  
9116.868314  
9074.540358  
9141.026743  
9068.596567  
9057.248779  
9041.659386  
9022.534893  
9135.046368  
9037.737173  
9008.994704  
9062.762038  
9075.268611  
9067.200045  
9068.526912  
9058.062575  
9079.307073  
9075.026461  
9001.555889  
9071.951641  
9033.854041  
8954.338078  
8945.970384  
9023.935434  
