5974.588508  
5937.134947  
5962.759229  
5880.661214  
5911.522603  
5889.917788  
5920.117452  
5909.19342  
5923.516125  
5931.983593  
5947.658896  
5933.120139  
5917.005299  
5900.004324  
5921.290812  
5911.627806  
5889.747718  
5891.69652  
5908.059958  
5934.453558  
5940.254001  
5951.81116  
5952.416037  
5917.03673  
5935.38175  
5928.998209  
5923.450581  
5912.120313  
5936.20535  
5938.071395  
5933.081933  
5969.07029  
5941.719215  
5938.15087  
5917.021525  
5926.117407  
5927.097142  
5924.881493  
5937.358554  
5950.770043  
5935.200051  
5924.34245  
5951.740919  
5941.596109  
5912.869968  
5927.534119  
5934.354323  
5930.666551  
5912.617469  
5943.091697  
5949.214457  
5939.362685  
5958.259384  
5954.541952  
5911.681939  
5934.370185  
5913.413478  
5931.161068  
5977.025096  
5946.837593  
5957.171206  
5937.135044  
5940.46285  
5953.721725  
5952.227114  
5967.477719  
5959.34914  
5953.208177  
5998.855235  
5963.396449  
5938.582311  
5926.645172  
5933.312664  
5943.987671  
5954.970278  
5942.495984  
5919.278939  
5952.664971  
5939.91584  
5932.423187  
5948.585447  
5915.316447  
5936.363698  
5963.865036  
5950.429072  
5955.404492  
6000.739769  
5964.089163  
5948.936956  
5893.256058  
5943.544661  
5938.57991  
5916.291323  
5905.180263  
5912.091504  
5918.857493  
5908.271897  
5906.17887  
5902.844467  
5894.80097  
5886.007697  
5905.953001  
5907.095637  
5868.873679  
5881.318264  
5878.466116  
5907.1303  
5876.570512  
5886.270771  
5879.210257  
5895.509801  
5876.491753  
5897.411776  
5892.225575  
5911.678831  
5906.735098  
5880.557216  
5886.389788  
5895.87232  
5894.301088  
5907.619104  
5857.373145  
5887.714747  
5905.13276  
5907.373648  
5886.388933  
5910.745258  
5607.797627  
6065.747106  
6003.509631  
5924.828972  
5979.233817  
5981.435215  
5959.329465  
5936.613484  
5953.180724  
5932.828237  
5988.779619  
5955.352683  
5925.684898  
5931.834769  
5913.516183  
5894.131118  
5911.307413  
5958.864527  
5876.546352  
5977.239764  
5897.78401  
6006.200109  
6023.175923  
6028.381837  
6011.772235  
6027.115201  
5981.888285  
6018.96702  
5987.23019  
5909.958631  
5984.452345  
5951.350969  
5889.478026  
5894.730386  
5936.774527  
5877.790451  
5947.644096  
5969.778568  
5909.133367  
5929.936036  
5895.058791  
5932.82612  
5912.33987  
5909.942302  
5954.687288  
5938.371954  
5901.708612  
5900.92296  
5882.17417  
5924.244843  
5899.909092  
5908.047748  
5922.768623  
5909.862322  
5928.624594  
5944.558599  
5955.569889  
5935.385025  
5924.548737  
5941.30781  
5916.614169  
5920.065618  
5984.283606  
5960.937079  
5939.527711  
5937.724784  
5926.152039  
5926.820694  
5926.05866  
5958.323097  
5933.302606  
5956.17112  
5936.396715  
5890.671036  
5907.379217  
5896.304922  
5912.706094  
5928.604952  
5902.410027  
5954.251877  
5920.595119  
5904.377659  
5903.623733  
5895.033366  
5899.18547  
5888.119419  
5934.991477  
5956.37193  
5910.125379  
5924.985412  
5884.898561  
5898.076419  
5930.756569  
5936.05104  
5921.606993  
5926.369649  
5928.581453  
5930.518914  
5926.696015  
5936.345975  
5895.608523  
5950.727503  
5927.200163  
5967.234879  
5922.807147  
5932.981946  
5935.68902  
5896.052811  
5882.621659  
5900.892652  
5894.414149  
5892.947237  
5908.574941  
5921.602403  
5897.133913  
5916.322947  
5922.829313  
5926.68912  
5927.960528  
5936.772549  
5900.69578  
5964.346859  
5961.919096  
5950.684281  
5949.850195  
5939.896252  
5956.741234  
5915.828763  
5972.40503  
6002.294771  
5969.140346  
5957.317443  
5958.28382  
5927.112108  
5957.552374  
5922.88292  
5924.562231  
5960.788096  
5940.695279  
5950.75461  
5973.592306  
5826.792401  
5845.539933  
5945.730491  
5976.350298  
5939.782956  
5885.911546  
5901.391043  
5888.664056  
5886.768779  
5891.521614  
5888.053747  
5909.473993  
5912.205475  
5943.870781  
5938.632134  
5920.95651  
5912.18367  
5933.191412  
5964.244255  
5979.61822  
5924.011303  
5964.766433  
5984.844191  
5986.532351  
5981.024982  
5956.703226  
5971.94345  
6014.159604  
5967.02642  
5943.022069  
5965.783849  
5926.238482  
5953.692036  
5890.333034  
5925.2235  
5977.266077  
5906.524303  
5939.488065  
5887.779228  
5913.730616  
5876.873506  
5873.101621  
5826.352567  
5867.961834  
5832.333435  
5825.59684  
5855.778161  
5878.308113  
5921.245439  
5940.394661  
5869.750976  
5897.616606  
5877.483537  
5881.636931  
5878.27661  
5869.66631  
5906.365774  
5909.372224  
5799.000412  
5949.676541  
5864.773422  
6001.340202  
5907.339438  
5892.368351  
5892.945678  
5896.383325  
5862.507386  
5882.508318  
5894.823909  
5915.468432  
5903.142149  
5913.784617  
5933.917473  
5953.830773  
5917.057182  
5938.622742  
5963.346528  
5950.815951  
5912.947041  
5971.475492  
5925.936341  
5977.334145  
5957.082184  
5941.601434  
5952.042934  
5961.498011  
5943.904868  
5926.577232  
5929.363526  
5941.370498  
5950.249571  
5937.056293  
5932.759468  
5956.832858  
5983.943615  
5958.199334  
5953.871474  
5923.810788  
5939.716116  
5912.7668  
5968.063218  
5911.340093  
5930.882307  
5901.117182  
5936.316876  
5940.077165  
5945.876415  
5941.049624  
5931.14115  
5935.476932  
5927.835392  
5925.969917  
5924.685782  
5947.486449  
5956.222887  
5907.430706  
5907.40525  
5910.061146  
5896.005527  
5940.093385  
5954.834225  
5928.600564  
5902.160704  
5966.523682  
5951.27159  
5943.519874  
5933.835339  
5881.679497  
5931.543546  
5954.216645  
5956.155028  
5960.539614  
5923.833406  
5912.686637  
5927.288881  
5931.741478  
5957.277858  
5961.196437  
5960.484397  
5939.275153  
5909.624828  
5908.373489  
5910.987399  
5911.22975  
5916.681371  
5915.323871  
5914.762786  
5900.785744  
5920.782385  
5920.472313  
5958.432996  
5968.52067  
5927.069754  
5881.696975  
5894.117123  
5919.640458  
5941.903947  
5907.866389  
5889.085986  
5887.375887  
5891.435777  
5917.804469  
5929.867912  
5889.646196  
5883.589437  
5922.201764  
5915.682756  
5885.03551  
5888.383611  
5894.342839  
5911.304923  
5902.292503  
5922.298448  
5896.904096  
5927.108452  
5920.455478  
5918.848614  
5909.546885  
5935.321157  
5907.932814  
5891.859356  
5917.371471  
5921.939678  
5923.218021  
5894.532662  
5986.691356  
6025.293246  
5960.660327  
5969.920049  
5964.789355  
5932.90143  
5922.155267  
5902.157728  
5883.990585  
5915.319453  
5913.97918  
5924.037087  
5924.47648  
5909.788724  
5916.520791  
5925.727487  
5925.755413  
5908.809631  
5918.213918  
5924.145819  
5945.346121  
5960.012285  
5927.662483  
5905.979657  
5939.21698  
5965.825727  
5961.786971  
5961.014289  
5950.012076  
5966.07474  
5960.35156  
5970.161288  
5936.262831  
5944.444186  
5983.881647  
5870.615014  
5926.884472  
5923.239644  
5914.717082  
5917.178025  
5890.402723  
5867.548929  
5911.165055  
5893.455623  
5900.717995  
5886.404849  
5922.62861  
5919.585248  
5982.114059  
5938.217984  
5937.737702  
5921.826961  
5928.595845  
5926.569453  
5919.288248  
5920.997337  
5914.266125  
5926.949828  
5912.728253  
5903.224021  
5935.763816  
5941.764671  
5906.509851  
5938.48085  
5894.983187  
5889.075883  
5944.688472  
5920.842653  
5922.692397  
5897.516249  
5951.767411  
5932.84459  
5924.647513  
5978.278522  
5960.406816  
5943.339685  
5898.347507  
5912.872211  
5884.584131  
5908.384638  
5925.191321  
5850.681837  
5939.941945  
5907.133097  
5906.413895  
5879.531393  
5918.343999  
5915.888988  
5906.153231  
5906.23913  
5885.730109  
5901.636201  
5909.108534  
5944.036962  
5916.1649  
5907.236786  
5931.880667  
5898.03742  
5936.658548  
5895.377587  
5908.778773  
5912.328999  
5805.524723  
5950.538541  
5919.84314  
5855.675515  
5965.71687  
5949.327173  
5935.247401  
5965.773005  
5954.769159  
5952.042329  
5963.616483  
5961.538355  
5930.161188  
5922.175711  
5942.999083  
5982.691878  
5942.049928  
5951.177598  
5954.731446  
5979.16871  
5974.458103  
5949.355271  
5955.156098  
5933.294329  
5975.351747  
5938.048511  
5964.759718  
5888.10762  
5977.031559  
5999.521692  
5985.601373  
5947.013067  
5949.206034  
5958.632508  
5937.460361  
5947.55474  
5917.77339  
5937.302599  
5923.086611  
5928.614701  
5923.987391  
5887.44886  
5934.343762  
5941.53872  
5915.167121  
5923.103135  
5915.520373  
5923.487257  
5932.021191  
5945.018652  
5926.802703  
5904.272899  
5898.228114  
5888.25013  
5930.291404  
5900.649953  
5917.389303  
5919.071206  
5928.570415  
5902.057388  
5908.78628  
5937.560734  
5893.203491  
5942.837582  
5922.948791  
5932.212057  
5921.13374  
5924.597344  
5923.083179  
5915.470534  
5926.973675  
5927.308146  
5931.053511  
5939.839809  
5941.984121  
5922.676063  
5938.195603  
5935.543192  
5944.866859  
5923.292314  
5948.156227  
5935.510314  
5958.080193  
6022.641372  
5875.78082  
5926.361089  
5925.992861  
5912.442528  
5884.419663  
5879.823732  
5876.597032  
5887.591996  
5865.987275  
5891.090578  
5890.642669  
5890.317416  
5904.518721  
5927.378693  
5928.523313  
5946.957921  
5922.808013  
5932.044347  
5951.380452  
5932.14127  
6041.888674  
5977.256285  
5939.243186  
5939.775752  
5951.872984  
5990.940355  
5921.432088  
5926.176602  
5878.269838  
5897.350862  
5913.080666  
5938.126676  
5907.967353  
5900.774089  
5911.365451  
5939.130937  
5906.553561  
5903.130235  
5888.801231  
5923.353567  
5895.002021  
5904.656495  
5896.892311  
5924.072636  
5905.334682  
5942.894897  
5956.752184  
5910.142751  
5930.486061  
5919.033456  
5932.04004  
5903.973168  
5928.43081  
5937.568344  
5963.756778  
5922.941421  
5930.440502  
5941.340873  
5927.828822  
5904.685853  
5937.260868  
5948.777593  
5925.230119  
5935.057012  
5930.312447  
5947.616928  
5908.874358  
5941.181949  
5923.53925  
5927.003245  
5944.537686  
5874.142652  
5930.394177  
5902.296695  
5912.531758  
5919.647851  
5948.923459  
5932.202857  
5939.40622  
5904.857729  
5915.817967  
5924.810422  
5934.648521  
5922.794958  
5919.476523  
5938.829743  
5928.770928  
5965.262839  
5934.671431  
5949.327213  
5896.252067  
5907.126437  
5918.918713  
5904.852902  
5908.60552  
5909.33266  
5880.623569  
5910.784807  
5912.402341  
5917.27733  
5933.005301  
5934.026819  
5940.045408  
5916.478679  
5909.366162  
5919.800864  
5871.936436  
5887.854479  
5906.033583  
5877.044234  
5882.032674  
5910.529192  
5891.068825  
5876.268574  
5912.091445  
5884.691988  
5906.202318  
5904.383835  
5880.830564  
5899.319566  
5924.959867  
5910.626746  
5908.582433  
5934.835326  
5946.78227  
5924.15843  
5907.421457  
5928.295276  
5890.174512  
5941.145224  
5937.291263  
5933.413111  
5941.626514  
5941.377919  
5935.990498  
5946.772285  
5939.857722  
5941.257491  
5941.071487  
5921.490394  
5952.61053  
5944.996168  
5943.354328  
5964.755092  
5965.31177  
5984.728202  
5986.943995  
6003.447183  
5910.177006  
5973.628921  
5963.880728  
5956.515297  
5945.028133  
5973.867643  
5948.82127  
5975.589448  
5971.939304  
5938.343362  
5967.373116  
5956.979841  
5945.636974  
5932.390952  
5908.590054  
5908.76996  
5941.784951  
5982.771717  
5940.443806  
5936.519472  
5941.914485  
5906.183091  
5916.052161  
5950.105996  
5913.459727  
5923.111231  
5915.816424  
5916.625393  
5913.463867  
5913.279488  
5822.052643  
5966.203966  
5978.924364  
5946.978131  
5960.119958  
5958.856782  
5954.437442  
5963.103963  
5972.348848  
5971.926945  
6007.944932  
6062.339825  
5985.305919  
5865.700955  
5935.881527  
5902.681459  
5876.268  
5856.31356  
5829.473573  
5880.53428  
5868.376242  
5857.201897  
5804.925528  
5881.684022  
5908.650633  
5880.018383  
5870.844536  
5968.421913  
5971.566158  
5953.74034  
5952.507823  
5965.794672  
6004.752051  
5977.722185  
5950.789814  
5934.356183  
5959.911395  
5944.120073  
5936.330972  
5936.666568  
5906.176641  
5908.118636  
5883.891776  
5930.006429  
5901.272375  
5912.47925  
5907.879012  
5934.114836  
5929.018388  
5916.832013  
5912.703124  
5894.739079  
5939.16786  
5962.915448  
5920.032866  
5956.755377  
5905.997757  
5915.674289  
5908.256848  
5908.608997  
5930.827362  
5926.412714  
5884.808203  
5880.528269  
5931.799275  
5943.206594  
5854.508554  
5924.852475  
5921.780741  
5928.922709  
5891.969348  
5902.483503  
5903.921676  
5901.899625  
5870.541841  
5920.506492  
5921.105598  
5904.834219  
5915.769665  
5910.156759  
5924.95045  
5971.312815  
6037.932257  
5982.236892  
5982.742349  
5932.495019  
5934.7632  
5854.322216  
5946.290462  
5913.006563  
5884.464619  
5904.964519  
5893.133572  
5910.62198  
5914.47957  
5941.16621  
5921.787602  
5917.625623  
5947.365866  
5927.783424  
5936.233023  
5951.210288  
5956.927966  
5980.497346  
5986.893886  
5914.741296  
5955.075212  
5952.23942  
5930.887868  
5914.731965  
5954.552273  
5953.388322  
5933.546661  
5933.128957  
5954.824903  
5953.721914  
5966.484629  
5989.561387  
5958.229517  
5978.93403  
5964.870116  
5931.93401  
5936.373553  
5928.841891  
5936.075348  
5904.484271  
5895.400259  
5923.518826  
5898.80195  
5926.704601  
5877.294978  
5902.165326  
5897.14995  
5905.958498  
5956.616793  
5873.43942  
5902.083588  
5882.003341  
5908.471864  
5906.776497  
5922.895225  
5917.139417  
5888.505535  
5894.958467  
5899.324463  
5896.390383  
5916.312623  
5920.395633  
5927.542418  
5912.440056  
5894.921753  
5894.76413  
5930.065254  
5896.88916  
5934.892152  
5941.505111  
5939.832426  
5905.752558  
5914.485823  
5952.859443  
5946.489235  
5933.169886  
5940.779041  
5931.073009  
5948.226244  
5910.263747  
5908.535888  
5907.622448  
5921.04554  
5903.859791  
5938.66616  
5950.608412  
5949.937028  
5938.991441  
5936.446785  
5941.275655  
5985.701051  
6083.230883  
5997.93069  
5937.828843  
5890.685416  
5894.020156  
5820.9969  
5829.167237  
5730.686488  
5919.197656  
5801.538079  
5829.328762  
5865.628837  
5831.413031  
5893.935936  
5803.792902  
5910.997217  
5902.279537  
6003.116995  
5985.009671  
5942.531349  
5955.65646  
5926.076819  
5952.48084  
5958.011854  
5958.587724  
5968.717442  
5982.05808  
5958.235082  
5922.80295  
5931.29965  
5918.542918  
5940.791798  
5931.610737  
5958.030049  
5900.332621  
5917.146608  
5879.379787  
5841.573135  
5915.616674  
5898.392902  
5909.542749  
5899.117805  
5902.372916  
5900.822645  
5925.214259  
5901.294112  
5917.166109  
5919.182742  
5917.855782  
5907.547641  
5923.395323  
5903.810495  
5897.086135  
5915.167733  
5927.065275  
5948.797719  
5942.243352  
5962.692953  
5958.923004  
5958.171741  
5963.975939  
5954.517962  
5955.144178  
5926.12658  
5941.17234  
5931.571859  
5952.914623  
5952.727719  
5939.483141  
5905.0252  
5933.980813  
5956.046107  
5954.736704  
5984.624884  
5895.251753  
5966.201202  
5939.851117  
5950.899664  
5935.252829  
5954.888254  
5977.962735  
5956.387439  
5931.084938  
5980.89056  
5943.701092  
5960.907758  
5932.069934  
5951.331221  
5976.271013  
5959.061779  
5970.501048  
5943.31008  
5957.366385  
5946.356139  
5932.374032  
5920.135455  
5925.178384  
5902.833419  
5903.657931  
5851.337417  
5901.249796  
5875.37567  
5903.115556  
5912.557151  
5889.46062  
5900.598961  
5878.257382  
5872.619918  
5907.21348  
5906.316643  
5916.237064  
5913.143693  
5922.207163  
5952.387728  
5913.517839  
5978.65711  
5964.665942  
5937.703279  
5915.948155  
5935.38339  
5916.527129  
5937.899511  
5955.427782  
5938.0373  
5933.274459  
5936.431778  
5925.83849  
5926.305264  
5947.159939  
5882.154453  
5909.146302  
5913.518711  
5884.484348  
5872.510002  
5862.491421  
5884.713186  
5898.746372  
5891.113184  
5880.638304  
5878.707058  
5915.834195  
5919.659852  
5922.091741  
5909.880063  
5879.569805  
5882.299521  
5918.601768  
5963.390377  
5903.907669  
5960.279881  
5939.231528  
5956.038257  
5967.274709  
5958.682908  
5919.050732  
5930.257967  
5954.558602  
5972.600482  
5953.171067  
5904.079728  
5923.024454  
5928.847709  
5932.416259  
5913.112494  
5905.152364  
5947.761239  
5932.383368  
5895.825162  
5925.039768  
5925.459823  
5941.463236  
5932.196679  
5932.043711  
5897.279822  
5937.652174  
5930.786485  
5929.938699  
5919.138144  
5933.941726  
5919.338517  
5919.832208  
5927.831271  
5894.535723  
5921.922627  
5919.653376  
5903.073433  
5877.943077  
5917.841653  
5917.891643  
5918.11198  
5931.200983  
5909.024866  
5908.148769  
5901.961924  
5907.364926  
5909.869009  
5871.629021  
5920.641621  
5900.823557  
5895.178207  
5922.71038  
5914.480057  
5904.124088  
5906.802124  
5916.447117  
5899.046004  
5907.274485  
5941.93694  
5908.246124  
5952.937214  
5918.282516  
5912.704405  
5868.303563  
5920.408243  
5950.322603  
5926.408438  
5898.466101  
5896.954583  
5927.350161  
5935.962809  
5919.61638  
5921.516004  
5905.913414  
5875.549114  
5915.865704  
5917.41896  
5912.653419  
5956.695444  
6046.158067  
5995.249817  
5988.654154  
5982.961069  
5922.946827  
5878.777589  
5910.211789  
5836.87495  
5935.758722  
5961.627633  
5945.773171  
5937.365361  
5966.934293  
5984.922213  
5997.845299  
5913.334216  
5987.079364  
5945.29472  
5892.372498  
5954.970732  
5957.338137  
5953.156582  
5936.721568  
5954.335521  
5946.161838  
5938.426418  
5957.477294  
5953.13402  
5938.718111  
5922.656605  
5956.499264  
5992.100714  
5941.97592  
5936.519018  
5929.020367  
5951.351259  
5967.146728  
5959.885814  
5947.493429  
5846.091634  
5925.97866  
5901.468513  
5922.784731  
5921.911623  
5916.458786  
5941.645983  
5965.519139  
5945.427191  
5948.251539  
5966.771197  
5949.388155  
5938.39873  
5957.153983  
5956.29064  
5931.226455  
5886.410615  
5893.834735  
5924.000394  
5917.729751  
5893.170458  
5896.805211  
5913.297094  
5908.313745  
5931.274415  
5941.275089  
5868.51811  
5920.600885  
5910.013329  
5903.915306  
5915.119196  
5926.887258  
5959.752451  
5965.025293  
5956.221015  
5922.281533  
5959.03675  
5972.215839  
5974.054739  
5939.081649  
5927.710728  
5941.986765  
5952.813289  
5924.979365  
5914.951633  
5888.49863  
6010.48491  
6064.70381  
5871.28146  
5885.585449  
5864.059972  
5869.676084  
5811.899359  
5848.382394  
5844.247632  
5891.533102  
5873.025747  
5899.772641  
5926.450788  
5934.835373  
5918.307587  
5914.438988  
5921.305384  
5947.818356  
5964.425799  
5982.268946  
5971.373456  
5938.542464  
5938.066872  
5937.670553  
5970.819976  
5993.442765  
5993.549083  
6020.986717  
6060.222284  
6061.38547  
5996.949851  
5966.535608  
5969.583209  
5974.322947  
5911.949345  
5891.348309  
5917.551975  
5755.531717  
5830.385747  
5886.096581  
5937.97146  
5951.264708  
5869.888405  
5913.920887  
5903.984763  
5877.06469  
5909.958189  
5891.618286  
5986.275728  
6026.738426  
5933.633859  
5993.759265  
5984.182168  
5953.529144  
5979.571797  
5985.558846  
5901.849904  
5924.239447  
5967.023485  
5919.255772  
5931.254847  
5893.134748  
5887.489841  
5830.246781  
5883.029439  
5876.816953  
5869.880228  
5878.229802  
5898.886078  
5877.466491  
5853.747769  
5873.665917  
5888.581739  
5907.837948  
5887.198764  
5907.726046  
5937.875464  
5925.912796  
5918.922657  
5948.116958  
5943.226481  
5935.654344  
5906.493216  
5917.788116  
5936.855211  
5893.470669  
5922.700387  
5915.119301  
5917.91089  
5896.613197  
5845.075343  
5921.194094  
5897.651321  
5912.204631  
5959.85365  
5937.503623  
5942.789846  
5952.506445  
5923.209426  
5925.204893  
5918.337322  
5940.313413  
5950.162542  
5944.399882  
5919.125804  
5952.307227  
5891.592873  
5987.964789  
5947.95534  
5939.812582  
5954.888939  
5971.475345  
5947.381104  
5930.359588  
5951.498848  
5918.305108  
5902.84411  
5953.83338  
5908.38957  
5935.795396  
5911.406057  
5917.4475  
5895.566349  
5932.261798  
5927.67477  
5914.951074  
5883.346948  
5931.073843  
5904.750477  
5918.634129  
5919.73744  
5917.915169  
5923.800373  
5939.859109  
5920.291902  
5934.822204  
5909.301118  
5925.415853  
5914.435433  
5913.763694  
5895.570208  
5912.109015  
5885.514482  
5898.276538  
5908.845914  
5865.751776  
5883.280059  
5897.410274  
5928.742851  
5920.683507  
5955.71766  
5933.557796  
5965.716357  
5918.090097  
5893.989579  
5899.919451  
5951.572104  
5957.978684  
5934.845291  
5947.094314  
5940.460037  
5937.193589  
5974.606434  
5893.495068  
5955.918639  
5904.821276  
5933.268395  
5911.984759  
5956.867703  
5975.291685  
5949.662339  
5983.319176  
5952.326836  
5872.146298  
5959.133747  
5962.420031  
5925.538547  
5899.856219  
5899.545866  
5888.809071  
5948.561366  
5937.496982  
5915.344333  
5895.68149  
5913.193169  
5919.068734  
5906.156884  
5928.412478  
5931.897345  
5940.370123  
5926.566391  
5941.837238  
5919.930561  
5908.576173  
5938.354978  
5847.889185  
5933.075783  
5915.404337  
5905.945178  
5915.077342  
5921.004191  
5926.151681  
5925.687412  
5923.582141  
5930.013102  
5924.229319  
5940.477105  
5931.216127  
5930.828078  
5927.241342  
5955.010994  
5956.367755  
5945.533804  
5917.03402  
5880.035894  
5937.183422  
5916.105071  
5928.278721  
5922.727261  
5878.791673  
5930.16652  
5914.411826  
5904.161572  
5907.699129  
5901.480635  
5879.258223  
5929.997591  
5934.938611  
5950.499303  
5935.173011  
5924.155668  
5881.490573  
5949.264382  
5942.89979  
5946.219539  
5951.529933  
5943.509715  
5943.886489  
5956.816107  
5926.288799  
5948.339663  
5951.951008  
5927.990852  
5920.249056  
5930.314487  
5966.465558  
5928.506372  
5969.650009  
5955.093617  
5947.27112  
5957.819557  
5972.239474  
5974.507096  
5933.449201  
5963.946668  
5953.721381  
5939.00177  
5951.576907  
5940.693647  
5930.727109  
5913.417192  
5887.396819  
5909.180151  
5909.01695  
5892.982652  
5887.87338  
5910.884675  
5893.875793  
5867.679939  
5902.445569  
5913.049506  
5886.318079  
5901.681859  
5897.120316  
5931.660685  
5927.458861  
5906.060928  
5901.296133  
5892.389505  
5844.281228  
5922.412308  
5939.253592  
5889.351113  
5877.067579  
5918.574382  
5908.202367  
5897.783116  
5906.276043  
5910.030646  
5932.930938  
5924.03157  
5955.039461  
5955.458166  
5947.878409  
5963.921274  
5916.571381  
5911.911385  
5894.311317  
5920.046924  
5914.440868  
5923.378952  
5904.262719  
5922.808884  
5935.325047  
5911.788937  
5906.134867  
5916.311784  
5892.84958  
5895.692503  
5911.48604  
5930.565973  
5939.985022  
5926.735787  
5930.832447  
5936.302289  
5939.918706  
5951.308544  
5928.843908  
5961.793307  
5936.435719  
5929.153972  
5950.582804  
5938.52041  
5959.490799  
5969.00402  
5929.82054  
5916.642076  
5948.965275  
5921.928333  
5949.116574  
5964.801613  
5939.947639  
5983.507963  
5943.002889  
5895.635852  
5909.879145  
5931.173515  
5954.665195  
5918.018204  
5921.517774  
5900.976023  
5915.380552  
5915.4762  
5916.061184  
5909.556778  
5921.223762  
5914.022162  
5928.250845  
5929.935406  
5909.990743  
5911.024836  
5901.29502  
5902.099685  
5917.722293  
5926.669062  
5904.182662  
5896.162784  
5902.035177  
5896.877725  
5987.514767  
6000.83659  
