7873.571808  
7834.319256  
7798.958038  
7727.274197  
7724.42047  
7718.818224  
7722.208088  
7687.380797  
7732.785741  
7751.150042  
7756.330431  
7760.859365  
7734.697095  
7740.397638  
7754.699104  
7747.062623  
7739.543395  
7699.977083  
7766.241221  
7800.657434  
7735.730584  
7727.460975  
7748.469873  
7744.805425  
7756.469032  
7778.929508  
7753.800583  
7748.967291  
7714.864677  
7731.863042  
7702.619998  
7829.144397  
7831.748606  
7753.196636  
7703.291201  
7736.117994  
7756.737089  
7770.268248  
7808.261644  
7819.148262  
7774.368756  
7719.352599  
7714.649566  
7711.839136  
7702.883871  
7726.810185  
7724.049702  
7724.401568  
7728.560131  
7808.86637  
7831.417256  
7859.895436  
7816.062716  
7728.705062  
7745.999726  
7741.869049  
7787.434207  
7740.843645  
7746.79105  
7744.197827  
7750.212216  
7747.12504  
7758.075989  
7773.737166  
7803.046454  
7806.450884  
7759.996127  
7688.453895  
7639.406256  
7756.645335  
7761.217656  
7695.349006  
7694.304234  
7710.32801  
7733.523462  
7727.565712  
7744.809357  
7741.054134  
7754.823425  
7731.445306  
7734.532358  
7699.242572  
7702.408294  
7724.917016  
7765.559475  
7757.00372  
7744.040379  
7810.656558  
7778.737028  
7784.820062  
7797.35609  
7793.844526  
7776.135842  
7775.819231  
7738.342802  
7785.036361  
7749.049168  
7745.633705  
7673.666045  
7773.735204  
7744.477722  
7740.279175  
7789.191008  
7768.38677  
7722.995947  
7675.444171  
7773.759666  
7735.283514  
7707.15056  
7720.052611  
7768.499124  
7731.815796  
7748.649504  
7779.890433  
7763.889328  
7712.847268  
7710.372499  
7709.967603  
7816.921881  
7792.705756  
7807.514574  
7752.414437  
7701.802488  
7683.778105  
7737.651088  
7688.919941  
7610.799753  
7731.922688  
7742.87135  
7717.165995  
7749.439348  
7769.601515  
7766.132007  
7803.586614  
7807.971581  
7781.552815  
7810.842414  
7794.809927  
7727.895549  
7793.114339  
7746.218859  
7743.867265  
7736.757923  
7763.96196  
7788.734667  
7809.873733  
7803.164419  
7648.803759  
7731.030231  
7724.082503  
7760.774392  
7758.77758  
7775.338639  
7758.077219  
7763.451757  
7763.208428  
7726.681141  
7774.306105  
7794.727682  
7783.912499  
7751.401518  
7748.82641  
7736.201706  
7767.786988  
7808.052372  
7758.608239  
7778.889318  
7742.834637  
7761.665988  
7773.58072  
7777.707123  
7807.515256  
7783.440399  
7781.171255  
7783.938313  
7782.687658  
7746.714124  
7752.598802  
7716.750209  
7726.220858  
7739.147745  
7725.014746  
7715.370916  
7761.098533  
7759.333527  
7731.162008  
7756.570343  
7787.175871  
7748.647298  
7779.392318  
7759.012231  
7735.430634  
7769.48643  
7691.561403  
7724.630281  
7725.423254  
7739.892584  
7764.181134  
7770.738023  
7680.351549  
7773.538231  
7728.047912  
7745.087429  
7756.816023  
7823.736598  
7828.463502  
7835.080648  
7799.340018  
7775.376867  
7791.026673  
7751.056903  
7707.569863  
7739.771446  
7744.249645  
7684.756771  
7749.507866  
7766.379561  
7747.664803  
7731.539946  
7774.173261  
7764.526071  
7767.410661  
7774.71312  
7784.770347  
7799.304185  
7770.173816  
7772.669712  
7759.60473  
7818.974272  
7796.975911  
7824.770865  
7794.231725  
7753.173506  
7759.662631  
7740.114514  
7715.772514  
7722.717739  
7718.56939  
7715.159869  
7706.574399  
7756.911263  
7749.976002  
7792.399326  
7770.90931  
7742.727687  
7771.260741  
7729.829435  
7720.166893  
7729.084735  
7674.068731  
7808.330276  
7812.108195  
7779.372857  
7753.176702  
7738.085232  
7770.918107  
7825.32546  
7821.834007  
7781.129379  
7763.998842  
7762.516087  
7764.496973  
7745.104243  
7728.005945  
7741.860291  
7801.997485  
7789.371741  
7771.740212  
7739.798011  
7850.29916  
7800.155871  
7736.078335  
7720.684456  
7703.928131  
7652.694043  
7705.285362  
7692.363555  
7699.504579  
7701.05231  
7710.839033  
7715.933472  
7709.261822  
7699.393472  
7716.21478  
7711.35033  
7728.165712  
7793.455396  
7781.750833  
7777.925485  
7781.788374  
7743.825549  
7787.847884  
7801.106436  
7726.985706  
7745.611451  
7775.146278  
7788.250698  
7763.976847  
7731.491975  
7743.54747  
7686.636408  
7785.324189  
7821.283203  
7772.814045  
7808.759631  
7738.483746  
7667.534373  
7672.179958  
7708.988119  
7671.918806  
7702.909867  
7696.822702  
7667.084796  
7735.150797  
7693.969319  
7697.46731  
7651.901062  
7833.865222  
7694.842559  
7769.702702  
7699.809882  
7738.64925  
7777.109822  
7776.68503  
7756.825466  
7786.455908  
7751.30776  
7883.585301  
7638.702942  
7888.234858  
7688.944211  
7702.339017  
7673.081817  
7645.568062  
7663.8897  
7685.916171  
7718.960246  
7754.201621  
7744.028878  
7772.052295  
7800.843822  
7808.804148  
7835.066347  
7787.621025  
7721.93959  
7790.044044  
7780.63572  
7779.926437  
7805.126602  
7839.459612  
7839.569004  
7785.178324  
7762.289739  
7770.529257  
7742.495925  
7725.209172  
7763.016502  
7755.553939  
7769.048078  
7758.306314  
7753.973403  
7777.34162  
7790.608741  
7859.24543  
7798.520888  
7775.796637  
7767.835101  
7755.719709  
7814.364634  
7775.260665  
7774.631767  
7746.578563  
7758.010472  
7761.910658  
7742.548764  
7734.380292  
7775.797966  
7787.420666  
7792.756114  
7789.07816  
7767.418547  
7728.117785  
7766.038794  
7778.958041  
7756.689531  
7745.199865  
7716.120135  
7777.912937  
7753.995341  
7770.810006  
7757.629334  
7784.740533  
7767.650608  
7748.03596  
7688.607375  
7703.636307  
7701.425166  
7754.310596  
7786.531241  
7806.769718  
7738.50568  
7735.089266  
7722.73114  
7750.953269  
7786.603828  
7751.839393  
7743.874612  
7735.584475  
7704.594204  
7709.673906  
7690.061647  
7711.85847  
7704.621895  
7743.551473  
7785.107589  
7766.1064  
7719.138984  
7781.689165  
7707.477377  
7832.529246  
7778.332439  
7721.242627  
7702.867923  
7736.658625  
7757.243622  
7752.93121  
7725.892534  
7738.052949  
7722.127357  
7743.34356  
7787.904064  
7753.3165  
7752.237606  
7758.909768  
7754.315517  
7740.2499  
7701.653514  
7736.610558  
7709.27581  
7777.527929  
7798.547881  
7768.151519  
7744.676528  
7734.523938  
7736.314575  
7741.017398  
7787.503307  
7784.797456  
7775.82095  
7810.884663  
7753.556746  
7745.82572  
7724.671167  
7813.27864  
7837.302225  
7797.641227  
7766.941799  
7757.695891  
7743.770666  
7733.736123  
7693.648355  
7721.042219  
7725.966201  
7728.279253  
7731.917469  
7731.678524  
7734.243751  
7764.01085  
7775.63405  
7743.226708  
7760.948563  
7727.687685  
7756.534582  
7819.171211  
7841.692736  
7815.666799  
7781.346822  
7710.288806  
7768.329822  
7793.957512  
7799.082771  
7771.016194  
7795.644896  
7804.437594  
7787.826682  
7797.133897  
7751.416092  
7731.483856  
7722.413681  
7712.458608  
7730.204673  
7695.370482  
7672.679241  
7676.240564  
7729.973822  
7741.223992  
7746.242051  
7714.83602  
7707.176445  
7729.529229  
7728.828927  
7785.89112  
7805.982638  
7781.889791  
7772.497204  
7766.8202  
7735.813496  
7772.02859  
7735.178396  
7739.200419  
7738.694532  
7735.438685  
7745.03943  
7745.091746  
7772.387506  
7779.787834  
7775.799857  
7754.764329  
7713.275911  
7748.342682  
7759.743886  
7749.47011  
7725.549817  
7754.488875  
7746.825739  
7773.962296  
7800.391376  
7802.020177  
7749.227253  
7751.205992  
7749.241864  
7688.023885  
7740.638117  
7758.364649  
7727.42487  
7761.005111  
7774.326933  
7755.594494  
7722.236338  
7787.093576  
7771.476871  
7786.156532  
7753.282322  
7733.965008  
7725.503953  
7743.282997  
7762.720151  
7769.774977  
7763.447685  
7766.02451  
7772.215889  
7760.953891  
7724.791543  
7784.117911  
7755.790529  
7549.303873  
7800.134254  
7716.924319  
7690.21448  
7781.442231  
7735.335174  
7739.82175  
7757.240268  
7776.027544  
7783.520793  
7736.155821  
7750.200695  
7729.485874  
7701.418342  
7718.629673  
7719.712198  
7690.140368  
7769.765505  
7780.22442  
7806.276405  
7805.040093  
7811.00754  
7804.647429  
7767.128212  
7792.942221  
7768.047838  
7794.377602  
7750.238266  
7869.076159  
7896.13733  
7831.545717  
7815.685956  
7811.803437  
7737.668908  
7768.626595  
7774.752902  
7758.644701  
7754.708658  
7746.276257  
7718.741492  
7709.086696  
7706.419237  
7729.396025  
7744.210933  
7748.304143  
7721.733802  
7725.064004  
7738.414591  
7772.131053  
7775.89492  
7784.625495  
7745.677281  
7737.578363  
7733.00336  
7714.241099  
7706.664511  
7741.514692  
7738.864829  
7770.915768  
7720.794702  
7686.633461  
7744.748441  
7701.642743  
7772.295871  
7768.956113  
7781.893981  
7778.353163  
7754.241813  
7735.386366  
7753.474051  
7797.662179  
7788.148869  
7807.679108  
7794.379797  
7795.517611  
7802.141787  
7746.725406  
7733.329981  
7788.165177  
7760.046928  
7770.846059  
7754.926441  
7804.394263  
7826.685337  
7661.241963  
7727.830425  
7693.977542  
7680.598243  
7654.174766  
7676.7246  
7683.713553  
7700.194012  
7687.137062  
7700.735544  
7686.209592  
7732.632451  
7724.427617  
7753.94222  
7769.346244  
7790.474829  
7767.978694  
7769.632007  
7779.256605  
7761.235533  
7915.910018  
7860.987016  
7829.71425  
7789.280982  
7806.943163  
7847.07282  
7842.730406  
7688.95342  
7703.500791  
7696.325976  
7645.792806  
7706.163863  
7720.093843  
7727.90703  
7751.223463  
7796.376729  
7763.9565  
7732.300624  
7707.543013  
7702.376321  
7729.1815  
7775.527068  
7758.030424  
7770.709415  
7733.312896  
7714.698363  
7779.765755  
7733.472313  
7801.076193  
7740.047172  
7742.972493  
7758.546107  
7769.596959  
7790.127047  
7824.048762  
7774.665545  
7760.744037  
7748.421632  
7744.905178  
7736.730076  
7745.293034  
7793.019439  
7760.045575  
7808.983995  
7758.839383  
7776.181042  
7778.740465  
7736.935454  
7769.484016  
7766.159292  
7763.853629  
7732.443584  
7786.744597  
7773.013636  
7745.136888  
7759.50977  
7783.884388  
7788.848434  
7824.783135  
7776.839945  
7744.197213  
7700.979534  
7716.535891  
7729.014863  
7762.398479  
7720.990164  
7766.663061  
7755.106704  
7755.783689  
7742.627159  
7717.396617  
7674.145769  
7709.374119  
7740.403886  
7729.367039  
7738.454111  
7768.001603  
7789.588036  
7833.644714  
7781.216578  
7768.213527  
7806.001104  
7810.600605  
7769.380746  
7735.014191  
7694.79216  
7705.837777  
7702.429737  
7724.784871  
7713.361147  
7730.402537  
7723.108589  
7726.841093  
7719.676228  
7714.668647  
7726.303289  
7745.238996  
7754.016391  
7766.298077  
7788.231851  
7728.953068  
7743.513806  
7747.938309  
7785.912948  
7789.208621  
7782.795901  
7768.435248  
7777.957466  
7698.568142  
7690.2511  
7756.714062  
7760.426427  
7727.557678  
7729.862926  
7716.090797  
7753.934435  
7766.108512  
7751.419037  
7714.800332  
7731.042602  
7744.176105  
7724.258849  
7763.805068  
7744.567951  
7768.620557  
7796.324166  
7821.858903  
7836.355447  
7786.032101  
7856.659271  
7839.159413  
7795.089094  
7806.461386  
7770.62164  
7845.749484  
7863.11445  
7865.788714  
7817.651915  
7783.907651  
7764.920323  
7751.494426  
7738.757703  
7748.024201  
7722.888605  
7699.25928  
7757.812421  
7746.465248  
7759.158581  
7784.089142  
7698.274929  
7747.951148  
7707.184775  
7739.553954  
7728.472701  
7732.186301  
7755.728647  
7777.893036  
7722.022143  
7511.361594  
7743.843595  
7726.52902  
7722.129083  
7739.582392  
7747.108217  
7735.425406  
7746.520275  
7760.20067  
7705.309778  
7738.218464  
7753.351749  
7776.112455  
7725.566705  
7778.544248  
7717.924  
7659.493966  
7647.080412  
7642.665202  
7692.018978  
7697.631275  
7726.719215  
7680.32321  
7761.515788  
7734.186569  
7724.459437  
7692.812743  
7813.87252  
7849.243147  
7815.317759  
7760.110639  
7774.306295  
7833.74602  
7845.722031  
7830.466506  
7818.715354  
7816.09542  
7775.871033  
7780.705396  
7815.203399  
7780.262492  
7738.840163  
7726.01865  
7735.736177  
7768.695596  
7791.434662  
7791.120517  
7770.559504  
7721.359704  
7744.832266  
7726.357786  
7712.906955  
7751.610883  
7794.194494  
7793.575881  
7786.728483  
7775.106412  
7752.997487  
7755.571054  
7762.997549  
7761.552496  
7764.586774  
7752.178113  
7744.508334  
7801.961895  
7832.78691  
7745.61053  
7822.706223  
7785.654442  
7784.201819  
7726.500895  
7726.463209  
7690.692415  
7710.869  
7738.678957  
7756.572527  
7768.497292  
7791.888286  
7754.963111  
7692.871751  
7696.259479  
7743.445862  
7787.159174  
7759.044973  
7771.784119  
7695.658907  
7707.580211  
7710.066572  
7755.378884  
7730.351616  
7674.36481  
7677.661158  
7711.522183  
7711.460567  
7772.303602  
7795.348283  
7751.333828  
7732.034113  
7788.270946  
7773.138235  
7754.784051  
7768.289527  
7821.695665  
7825.375953  
7806.508665  
7762.524985  
7783.092183  
7769.524828  
7761.261829  
7778.964091  
7788.972414  
7767.26155  
7786.469327  
7792.60459  
7796.735959  
7778.140563  
7785.971572  
7843.846505  
7844.80573  
7842.043748  
7791.768629  
7775.824219  
7745.226307  
7741.811828  
7723.372862  
7639.538689  
7698.064997  
7726.79303  
7728.026403  
7737.437297  
7692.03207  
7715.478823  
7726.630234  
7728.010378  
7789.794793  
7721.973353  
7749.201193  
7727.267062  
7730.998482  
7745.910985  
7758.780633  
7753.053864  
7692.565719  
7723.744794  
7697.397164  
7724.150121  
7753.137033  
7740.826123  
7722.279882  
7698.906599  
7708.243417  
7732.329675  
7752.91496  
7783.141064  
7791.939959  
7788.106902  
7785.360498  
7721.948162  
7751.38395  
7793.142786  
7798.8561  
7796.02308  
7742.010461  
7745.998214  
7754.659303  
7780.148191  
7739.154423  
7728.104319  
7736.004733  
7752.215724  
7801.251379  
7785.584439  
7779.179071  
7760.674376  
7772.374366  
7778.782189  
7789.027078  
7804.72834  
7717.525721  
7708.282401  
7715.175243  
7700.892562  
7166.647327  
7897.381981  
7647.782848  
7699.133698  
7689.718013  
7715.955648  
7716.402622  
7702.867678  
7808.662852  
7681.172084  
7870.252825  
7764.170584  
7836.845303  
7938.343863  
7853.663706  
7856.315309  
7752.430145  
7730.257051  
7728.584786  
7754.012268  
7833.112426  
7837.934685  
7813.686333  
7781.138911  
7760.225549  
7714.168996  
7751.758479  
7725.778486  
7790.106326  
7708.530372  
7744.667277  
7747.981058  
7749.032003  
7806.337021  
7697.958708  
7671.923547  
7692.242478  
7682.654027  
7712.336679  
7757.454843  
7723.545489  
7724.055997  
7737.266001  
7729.80675  
7708.502335  
7686.355116  
7709.75646  
7744.032832  
7733.947462  
7795.368449  
7784.747777  
7793.699731  
7821.474219  
7790.729339  
7803.739937  
7799.812721  
7787.935403  
7785.908048  
7783.085606  
7738.659817  
7767.740359  
7801.783157  
7803.985339  
7746.720861  
7701.05802  
7777.703738  
7765.764279  
7729.012024  
7729.974803  
7749.246646  
7781.423051  
7760.077052  
7763.855449  
7760.587839  
7774.105133  
7801.514644  
7817.039494  
7784.551748  
7793.245419  
7762.156226  
7766.941294  
7734.253227  
7801.751726  
7862.377782  
7848.617905  
7813.479391  
7779.134579  
7770.778486  
7718.203044  
7730.939236  
7740.937071  
7726.008183  
7690.744042  
7697.169471  
7664.238745  
7724.287493  
7658.508479  
7746.396006  
7762.296537  
7765.477816  
7769.06841  
7698.992975  
7707.218132  
7721.8187  
7786.427921  
7790.146969  
7691.882006  
7718.215638  
7762.502815  
7729.965775  
7761.079391  
7794.320759  
7758.551449  
7745.753222  
7736.35748  
7703.677239  
7729.404047  
7769.858372  
7760.500397  
7775.498247  
7797.129068  
7770.890736  
7800.165974  
7884.325502  
7820.617669  
7793.873532  
7711.202787  
7658.851554  
7623.137952  
7628.208088  
7670.957658  
7679.896742  
7726.117842  
7686.504417  
7691.473284  
7726.888841  
7756.75552  
7763.057686  
7754.882941  
7735.454799  
7708.202882  
7730.133333  
7775.846465  
7752.40663  
7794.580972  
7784.775598  
7762.407799  
7807.084571  
7808.330818  
7785.97454  
7762.777799  
7785.604386  
7793.110177  
7747.501892  
7743.129554  
7779.70036  
7780.594758  
7815.622839  
7765.148898  
7777.322259  
7775.79429  
7741.778564  
7781.935414  
7762.056858  
7755.775021  
7799.673121  
7821.747617  
7773.027745  
7788.799065  
7775.686453  
7773.853415  
7740.099143  
7716.169227  
7722.251679  
7742.097084  
7769.826067  
7737.209803  
7765.303591  
7792.723966  
7757.096132  
7669.420013  
7698.101815  
7728.011149  
7768.533164  
7729.270462  
7747.00763  
7771.212377  
7775.774806  
7774.410784  
7741.814401  
7749.584664  
7712.369273  
7734.642384  
7776.89336  
7787.461762  
7717.607371  
7744.592428  
7756.47015  
7744.09649  
7786.881053  
7767.571884  
7769.115391  
7784.239611  
7766.125674  
7760.707429  
7764.364977  
7722.092461  
7734.678546  
7784.559285  
7799.86671  
7771.030729  
7778.533875  
7721.231131  
7744.451967  
7780.070882  
7740.932071  
7744.925902  
7731.038706  
7729.635519  
7749.060931  
7767.792702  
7747.207478  
7736.899115  
7752.036684  
7787.94413  
7778.948  
7768.80117  
7728.088716  
7693.309602  
7682.618673  
7698.483008  
7703.34719  
7711.412668  
7712.794621  
7706.205878  
7730.792862  
7778.889087  
7796.726253  
7794.524603  
7814.349993  
7753.232826  
7746.085785  
7777.884782  
7756.652296  
7730.143265  
7728.421117  
7721.610181  
7755.67652  
7752.78082  
7779.653896  
7778.424865  
7765.551554  
7743.632948  
7791.316928  
7844.097366  
7822.495642  
7800.684927  
7765.785739  
7748.808927  
7752.103644  
7750.318217  
7772.999645  
7806.931367  
7751.177297  
7731.289928  
7739.278922  
7779.255377  
7779.040056  
7785.607376  
7760.471079  
7740.956338  
7758.610148  
7743.766377  
7766.861765  
7777.485202  
7800.240362  
7823.123938  
7792.536263  
7798.092632  
7772.947442  
7748.08391  
7721.676101  
7671.698345  
7667.60556  
7722.688387  
7721.061786  
7747.213599  
7780.853354  
7742.46293  
7794.088022  
7738.010425  
7736.25117  
7685.99731  
7726.475698  
7758.0811  
7799.645866  
7801.639397  
7792.418738  
7814.989149  
7850.109022  
7793.207857  
7763.47432  
7756.4273  
7787.391635  
7798.319481  
7741.55887  
7770.884111  
7703.030531  
7646.424085  
7747.971884  
7781.667452  
7739.789116  
7689.819794  
7607.852946  
7627.884871  
7634.064093  
7674.020327  
7689.84459  
7713.117623  
7700.193328  
7745.167216  
7761.408065  
7778.934099  
7737.671058  
7727.562743  
7767.42823  
7814.736596  
7819.395504  
7795.451638  
7784.669785  
7800.732288  
7780.878859  
7792.347137  
7901.6037  
7817.736282  
7833.480661  
7825.773547  
7789.287513  
7812.115571  
7778.768773  
7762.547235  
7767.140092  
7725.461547  
7695.106225  
7753.551651  
7738.724952  
7780.254563  
7826.310768  
7665.37949  
7812.998296  
7711.451045  
7732.558719  
7741.726497  
7747.15965  
7713.929737  
7713.128924  
7722.136419  
7736.364211  
7691.17402  
7717.494229  
7761.330877  
7732.845352  
7710.742092  
7777.817889  
7643.838996  
7707.9247  
7721.531325  
7699.273298  
7702.071693  
7685.102557  
7610.184076  
7739.470271  
7795.509315  
7719.131814  
7698.65051  
7707.185856  
7762.457692  
7777.608789  
7783.478242  
7732.623097  
7742.612811  
7730.678779  
7744.160077  
7796.399587  
7818.855218  
7782.586918  
7793.098763  
7796.385457  
7803.156073  
7779.911303  
7742.085682  
7773.403616  
7783.386911  
7783.585352  
7762.963495  
7792.704265  
7773.357293  
7699.71623  
7785.593468  
7765.570766  
7742.513496  
7727.50771  
7756.736822  
7747.981062  
7768.408011  
7740.13035  
7757.420001  
7739.417429  
7739.977565  
7695.729263  
7718.827568  
7752.628545  
7776.476998  
7785.089473  
7808.696189  
7824.246582  
7836.595848  
7781.693958  
7767.891798  
7743.533362  
7776.219706  
7809.53165  
7776.120022  
7754.179411  
7770.940503  
7798.884454  
7807.388673  
7784.509746  
7747.667845  
7776.042165  
7761.292553  
7770.983259  
7727.929378  
7691.474446  
7734.229032  
7714.188845  
7739.123011  
7767.585586  
7747.14739  
7758.356243  
7738.714223  
7748.714682  
7746.677979  
7767.026439  
7741.525896  
7741.920248  
7780.376248  
7701.645026  
7717.449991  
7694.344359  
7712.323024  
7728.974352  
7716.652123  
7734.799182  
7705.10581  
7700.199724  
7749.240792  
7774.401571  
7778.396271  
7760.466838  
7808.578985  
7782.275996  
7764.957212  
7739.003466  
7788.79725  
7791.072723  
7781.202501  
7779.271219  
7761.571751  
7761.359638  
7765.512354  
7754.102493  
7769.352413  
7692.453357  
7718.249674  
7721.887276  
7748.652189  
7782.719171  
7788.441074  
7799.593071  
7739.399403  
7682.685713  
7797.947925  
7831.72458  
7767.033437  
7747.670236  
7694.7737  
7767.03866  
7767.267936  
7752.646507  
7713.769498  
7710.74921  
7732.675391  
7729.215553  
7713.986747  
7721.886687  
7762.08202  
7768.374369  
7761.314921  
7769.607092  
7731.574456  
7749.017106  
7746.174964  
7757.169985  
7781.99252  
7739.077029  
7732.53359  
7717.234995  
7750.084763  
7758.004449  
7772.993384  
7771.766972  
7810.213804  
7808.169522  
7816.033456  
7757.925646  
7719.826224  
7726.60192  
7814.103257  
7803.295998  
7766.136882  
7712.75057  
7671.389998  
7704.750308  
7698.302138  
7705.182826  
7710.732116  
7699.706051  
7716.311481  
7817.906812  
7819.008205  
7758.435789  
7754.516106  
7734.041477  
7764.171141  
7784.005906  
7787.351969  
7796.340035  
7775.163755  
7800.335998  
7779.128678  
7779.20157  
7759.243356  
7754.905167  
7761.2072  
7701.266322  
7752.672348  
7743.499301  
7770.400172  
7756.338097  
7718.341589  
7749.443076  
7842.122378  
7854.09662  
7778.588561  
7744.236938  
7721.583979  
7757.831286  
7806.785134  
7844.66456  
7834.706262  
7783.895937  
7792.405453  
7783.857743  
7782.845886  
7794.119289  
7781.335884  
7734.392098  
7663.654168  
7701.672543  
7707.825159  
7701.865503  
7700.89784  
7685.279652  
7753.790414  
7745.697791  
7703.550314  
7770.067801  
7746.0289  
7709.52085  
7715.248874  
7719.020173  
7765.197072  
7761.785137  
7783.922132  
7775.527965  
7750.699552  
7725.555717  
7762.37766  
7756.560835  
7700.466428  
7676.127967  
7719.09873  
7757.35526  
7766.618864  
7748.016265  
7753.229839  
7757.622206  
7794.22303  
7796.099691  
7820.935699  
7795.711224  
7783.001362  
7727.386013  
7692.828115  
7708.379121  
7720.194654  
7716.934761  
7739.351726  
7743.464101  
7752.677407  
7761.859959  
7695.009157  
7757.776075  
7768.148242  
7708.003955  
7721.130378  
7723.65024  
7791.021999  
7755.801563  
7755.886282  
7774.474355  
7800.03399  
7811.949479  
7779.190868  
7780.540663  
7781.201554  
7726.956168  
7732.211175  
7750.239283  
7755.052431  
7781.133012  
7779.536914  
7768.27849  
7757.368015  
7778.116972  
7759.459457  
7732.390875  
7747.982296  
7754.143172  
7817.07544  
7784.609161  
7751.4199  
7738.661546  
7744.442341  
7774.189394  
7730.515348  
7735.473143  
7759.48073  
7737.455973  
7736.424127  
7711.827166  
7705.339903  
7745.874589  
7754.872167  
7769.960379  
7758.845139  
7735.400084  
7755.172078  
7748.143504  
7747.881869  
7748.093789  
7726.961643  
7733.316957  
7772.658933  
7729.390459  
7743.380334  
7831.247419  
7792.969534  
