6479.954114  
6488.099879  
6494.497661  
6399.906777  
6468.161737  
6429.251388  
6452.440969  
6450.592105  
6496.407034  
6506.419395  
6461.628881  
6463.970909  
6481.711477  
6449.70378  
6469.139494  
6463.266807  
6399.224147  
6404.305201  
6423.641987  
6475.250604  
6456.949681  
6482.24743  
6485.825465  
6470.866892  
6500.335938  
6443.487176  
6444.960077  
6398.032124  
6445.95725  
6489.69147  
6424.690558  
6516.876593  
6475.537662  
6453.10764  
6445.640072  
6464.383391  
6425.306975  
6479.978927  
6484.025365  
6474.259997  
6474.27002  
6503.758596  
6485.286621  
6440.338713  
6454.3851  
6416.933748  
6459.458547  
6443.650185  
6481.959601  
6504.218544  
6455.773746  
6500.072677  
6505.043714  
6474.360454  
6493.77462  
6455.26443  
6450.278744  
6453.246865  
6507.738076  
6503.65219  
6481.922003  
6443.315777  
6454.554212  
6449.670397  
6481.628495  
6502.266769  
6525.693385  
6478.744179  
6479.60543  
6499.954975  
6464.011346  
6467.512567  
6471.746402  
6518.310624  
6493.697792  
6473.171143  
6444.472129  
6464.867869  
6454.970369  
6439.934686  
6495.910876  
6459.271626  
6482.156366  
6466.067421  
6487.962389  
6484.085655  
6492.465705  
6496.445467  
6455.134894  
6407.213662  
6480.937179  
6465.659218  
6423.282368  
6433.906725  
6482.963777  
6481.728349  
6451.256952  
6414.492573  
6443.08951  
6433.504523  
6432.098299  
6430.134727  
6446.577483  
6403.36287  
6412.132106  
6387.430908  
6424.21911  
6427.622738  
6431.497559  
6431.318681  
6409.061215  
6418.292737  
6410.920307  
6403.519544  
6426.968018  
6416.70608  
6395.339535  
6427.240324  
6438.007568  
6391.944477  
6445.660041  
6392.535477  
6398.969752  
6463.335886  
6459.092324  
6373.745798  
6390.109336  
6047.979132  
6560.29487  
6553.630731  
6524.583599  
6577.841283  
6583.108077  
6551.40305  
6488.366044  
6526.172903  
6538.195737  
6564.079204  
6446.985172  
6482.730494  
6498.109902  
6470.490119  
6448.074283  
6474.000296  
6551.435868  
6432.465975  
6514.693077  
6279.633712  
6562.223209  
6546.63988  
6526.308607  
6526.139803  
6532.955387  
6513.497983  
6557.677837  
6497.277986  
6459.842799  
6526.292031  
6528.064916  
6440.73381  
6439.23399  
6541.009354  
6370.403744  
6475.327547  
6514.256039  
6466.876323  
6480.452405  
6440.961336  
6476.299663  
6451.380718  
6440.438207  
6477.288497  
6490.47831  
6436.299779  
6406.306178  
6455.365607  
6476.830258  
6421.837942  
6469.54586  
6488.28044  
6474.338096  
6457.432938  
6471.549175  
6499.237562  
6497.605533  
6516.871376  
6469.351126  
6488.821418  
6495.276046  
6539.064774  
6516.430818  
6481.252698  
6499.322253  
6455.13988  
6453.241404  
6439.361804  
6488.216848  
6498.980687  
6476.292583  
6422.476421  
6419.234992  
6448.866352  
6417.560714  
6465.465075  
6457.375167  
6442.551873  
6489.387695  
6476.958085  
6439.385652  
6439.744834  
6393.67713  
6433.234979  
6412.500694  
6433.745361  
6435.360827  
6423.316355  
6446.820968  
6408.797248  
6445.912482  
6444.30037  
6468.127094  
6453.952058  
6403.109285  
6496.598183  
6469.319721  
6461.575555  
6461.929058  
6466.970652  
6492.387927  
6487.619963  
6472.969148  
6451.596423  
6479.687783  
6482.436845  
6442.943424  
6421.00974  
6448.827932  
6447.941843  
6421.824296  
6418.682759  
6472.859272  
6436.159899  
6483.596217  
6419.915296  
6432.301758  
6461.443295  
6514.734028  
6463.360943  
6492.729017  
6447.919074  
6506.193334  
6488.299625  
6473.653873  
6492.982422  
6472.01443  
6524.756592  
6545.141267  
6539.969418  
6487.719945  
6484.976845  
6450.132196  
6491.269043  
6449.361637  
6488.111174  
6511.392732  
6468.779156  
6482.320351  
6530.7454  
6348.881155  
6390.981458  
6465.55826  
6491.563836  
6473.093172  
6389.622481  
6427.809737  
6459.013967  
6404.117444  
6414.111739  
6436.44237  
6454.206659  
6416.666285  
6468.76028  
6467.134162  
6472.892437  
6431.121325  
6446.316907  
6478.214523  
6472.894608  
6482.314556  
6507.458753  
6474.731034  
6534.52814  
6469.676462  
6463.280094  
6486.942357  
6527.97876  
6474.077778  
6466.922081  
6431.959216  
6424.731895  
6453.525352  
6407.81196  
6453.347348  
6499.508314  
6448.267912  
6435.609298  
6379.85818  
6430.686048  
6395.560714  
6409.074244  
6397.206916  
6437.20599  
6401.424252  
6329.604929  
6388.617432  
6403.221101  
6458.613872  
6467.794768  
6410.941959  
6422.903886  
6438.737369  
6449.036557  
6440.133288  
6419.575298  
6449.768606  
6489.51028  
6306.914101  
6500.408396  
6396.440892  
6507.327791  
6400.353567  
6385.174766  
6390.346436  
6452.420886  
6377.297376  
6442.870991  
6455.833188  
6433.064517  
6435.183337  
6476.91022  
6482.44431  
6484.14696  
6463.175576  
6467.536737  
6475.035786  
6486.243974  
6436.846718  
6505.928467  
6467.61756  
6494.415142  
6496.194683  
6519.831749  
6510.062282  
6509.202637  
6482.089317  
6452.722772  
6444.530492  
6508.021677  
6478.795513  
6481.101884  
6466.315879  
6487.474391  
6492.636295  
6477.811009  
6471.612099  
6459.992444  
6498.003251  
6439.871094  
6480.669318  
6467.893349  
6471.958316  
6466.441984  
6512.189273  
6476.802066  
6474.336233  
6490.713931  
6464.331183  
6489.473569  
6509.168059  
6475.320248  
6446.537122  
6450.166902  
6496.67352  
6448.385922  
6459.307129  
6433.382877  
6457.240183  
6464.44963  
6470.896716  
6467.807861  
6461.702521  
6523.050434  
6483.094804  
6436.159193  
6480.73557  
6418.037212  
6448.168046  
6489.552747  
6484.034077  
6482.106702  
6478.376953  
6464.276791  
6425.646921  
6462.728233  
6479.940918  
6462.548224  
6482.629433  
6425.713109  
6450.990877  
6441.015201  
6440.753726  
6452.047042  
6439.305086  
6457.67388  
6448.798314  
6456.908524  
6437.935997  
6447.503122  
6459.188104  
6456.767103  
6416.948024  
6412.864926  
6459.585102  
6470.028654  
6484.985698  
6489.551784  
6423.897204  
6411.273527  
6415.378572  
6468.632761  
6487.618575  
6434.784475  
6467.680484  
6462.946944  
6462.505294  
6429.799843  
6407.642655  
6438.851164  
6462.979274  
6458.323563  
6473.796747  
6439.582417  
6500.169022  
6419.113384  
6472.262156  
6436.189697  
6479.87428  
6456.493794  
6404.710321  
6377.369128  
6462.86711  
6453.64484  
6425.56417  
6481.932232  
6545.863782  
6493.697009  
6544.113898  
6492.93678  
6504.81232  
6453.290592  
6479.056191  
6434.994333  
6476.560161  
6454.016627  
6459.684211  
6496.459486  
6482.245554  
6476.450324  
6485.943462  
6483.471667  
6462.454089  
6476.330965  
6457.631091  
6484.252467  
6500.142707  
6478.219868  
6433.641948  
6451.83595  
6514.507119  
6508.440481  
6513.698486  
6482.482897  
6502.030929  
6494.470369  
6479.272744  
6456.813348  
6504.861906  
6522.416183  
6362.289088  
6427.961927  
6459.06322  
6421.142912  
6432.967889  
6465.977655  
6436.896073  
6461.701159  
6416.029927  
6435.48399  
6452.288189  
6469.868061  
6435.19395  
6494.119141  
6427.981535  
6461.314376  
6443.26903  
6467.691972  
6453.556898  
6421.956093  
6480.152087  
6439.698705  
6470.83969  
6461.219187  
6477.938991  
6461.832982  
6474.700054  
6439.993254  
6438.942833  
6465.011667  
6442.013389  
6495.27823  
6506.681062  
6484.974083  
6441.951185  
6477.64854  
6441.210809  
6420.637991  
6497.318192  
6492.06976  
6465.528847  
6419.39137  
6429.873664  
6407.071161  
6440.004998  
6453.167635  
6384.557694  
6454.777048  
6448.905389  
6431.068488  
6378.418431  
6476.446019  
6435.780171  
6440.429726  
6444.804392  
6437.334164  
6465.971821  
6442.811665  
6519.239386  
6447.721808  
6423.799419  
6471.45752  
6429.946148  
6444.193745  
6417.345587  
6464.525044  
6419.253791  
6356.62243  
6510.718917  
6441.529965  
6401.729171  
6534.037585  
6507.416196  
6470.463289  
6465.518079  
6523.775982  
6502.320056  
6468.138595  
6511.633648  
6472.300589  
6469.148862  
6468.716167  
6559.344714  
6455.742329  
6482.298648  
6485.47195  
6482.525802  
6520.56913  
6450.282162  
6481.877608  
6477.411711  
6513.367444  
6480.159205  
6505.557296  
6406.199411  
6522.673417  
6508.674792  
6513.328459  
6445.603477  
6492.240543  
6490.606111  
6444.633391  
6506.142951  
6432.063785  
6464.7385  
6477.492162  
6433.761012  
6466.194888  
6462.602809  
6470.726832  
6456.335629  
6444.434789  
6460.564941  
6412.017411  
6481.403025  
6462.569426  
6492.461117  
6458.331761  
6470.494102  
6420.236624  
6460.884701  
6492.32251  
6430.889648  
6454.939337  
6469.277459  
6471.520559  
6458.694002  
6429.192087  
6498.316162  
6442.354775  
6477.886076  
6454.160593  
6460.600907  
6460.484812  
6453.829603  
6434.165759  
6432.5092  
6479.488063  
6445.166722  
6466.467388  
6434.032072  
6462.700658  
6442.059429  
6464.761809  
6455.032329  
6478.190584  
6452.055831  
6494.860403  
6494.513929  
6478.39723  
6575.646639  
6368.863127  
6504.469174  
6431.504793  
6445.034835  
6413.312757  
6403.967478  
6438.465268  
6388.34862  
6459.888274  
6415.065224  
6448.268182  
6436.457301  
6418.558247  
6464.916414  
6491.741905  
6507.00293  
6424.799471  
6445.117997  
6477.403295  
6411.501298  
6550.792018  
6511.534835  
6440.01849  
6468.984285  
6469.120104  
6490.394107  
6450.036762  
6441.376375  
6416.417403  
6448.157072  
6463.602244  
6451.623651  
6435.953999  
6447.040412  
6440.099147  
6472.734336  
6487.727629  
6437.421361  
6420.698679  
6454.50654  
6409.553788  
6428.335282  
6450.355931  
6508.546207  
6447.279156  
6486.09934  
6502.14696  
6443.364926  
6454.536801  
6469.385781  
6447.793765  
6436.157445  
6480.556307  
6467.428878  
6493.681782  
6501.23778  
6486.574296  
6442.895264  
6436.634342  
6482.453382  
6453.395405  
6458.4035  
6473.065378  
6452.438091  
6437.984915  
6460.089227  
6460.647795  
6469.886128  
6430.891435  
6480.947985  
6492.032779  
6424.157856  
6488.446662  
6453.368074  
6486.627544  
6472.963803  
6490.969251  
6496.591129  
6482.437693  
6482.257877  
6443.752107  
6426.562744  
6481.548263  
6443.902023  
6497.643503  
6476.666851  
6480.957931  
6513.249679  
6459.343146  
6471.309468  
6432.567614  
6497.578164  
6436.074874  
6455.162225  
6430.226884  
6435.41333  
6439.877236  
6430.567216  
6479.699977  
6428.055022  
6485.562372  
6502.859259  
6487.861688  
6464.369076  
6460.104736  
6462.271818  
6418.556152  
6408.492393  
6452.303081  
6415.041118  
6480.269634  
6444.841681  
6392.834434  
6409.843159  
6421.354852  
6420.578947  
6440.270135  
6415.57675  
6424.802683  
6477.395379  
6441.393786  
6455.489168  
6431.807296  
6448.925344  
6450.854685  
6429.803891  
6419.377069  
6476.403988  
6440.021304  
6478.570235  
6481.388029  
6463.17785  
6464.061292  
6475.61738  
6456.512143  
6487.586439  
6477.954551  
6474.681062  
6469.642077  
6460.271484  
6496.768092  
6476.097913  
6491.135575  
6503.685932  
6498.804906  
6490.228747  
6491.819773  
6533.545976  
6449.347438  
6505.652588  
6524.005525  
6438.477269  
6482.707982  
6515.501927  
6473.293534  
6516.51975  
6473.251722  
6475.21893  
6497.998869  
6445.566972  
6475.678338  
6479.003585  
6423.489566  
6457.390227  
6463.918765  
6498.698062  
6486.137348  
6499.354916  
6481.180728  
6431.880898  
6486.894814  
6522.633725  
6426.26939  
6444.000077  
6478.167236  
6446.472399  
6421.462544  
6414.151817  
6366.957828  
6491.405453  
6540.686125  
6484.708997  
6488.27151  
6504.750013  
6509.396047  
6519.865671  
6508.568629  
6535.251169  
6514.137348  
6581.974198  
6537.997392  
6422.120965  
6445.069079  
6442.054238  
6421.005204  
6377.581479  
6368.856702  
6452.740363  
6402.284321  
6404.633121  
6360.065982  
6456.275493  
6440.22867  
6398.480366  
6401.234054  
6524.639751  
6515.101113  
6487.925254  
6495.473016  
6509.736328  
6513.715705  
6484.419691  
6477.0032  
6468.014186  
6479.692306  
6451.43971  
6457.051295  
6446.577457  
6416.228156  
6427.5942  
6420.277832  
6468.182193  
6429.876375  
6451.759072  
6424.156803  
6438.771009  
6470.369488  
6453.866648  
6480.52169  
6436.378045  
6461.99346  
6503.26673  
6469.515342  
6463.626246  
6431.099005  
6437.326866  
6447.610968  
6449.536672  
6456.000925  
6482.909488  
6409.362228  
6429.914576  
6491.599918  
6461.713777  
6386.72903  
6477.371852  
6453.180471  
6448.946045  
6422.62757  
6433.880628  
6431.24937  
6418.988821  
6442.02913  
6444.100252  
6468.100239  
6464.061087  
6453.640638  
6425.795372  
6480.583817  
6509.490401  
6584.737035  
6548.777434  
6512.764571  
6449.127429  
6472.109979  
6378.386166  
6487.033087  
6454.599854  
6414.361624  
6445.666234  
6449.796515  
6456.360274  
6459.92388  
6482.338944  
6454.989965  
6444.858437  
6485.332944  
6488.847605  
6454.217953  
6490.617522  
6471.308285  
6525.102282  
6542.693668  
6427.627403  
6477.799972  
6474.723003  
6459.349738  
6450.800987  
6482.932167  
6462.659591  
6461.236996  
6478.968056  
6450.699579  
6503.109735  
6517.067987  
6496.645623  
6507.152164  
6499.755435  
6463.509033  
6450.931024  
6462.818848  
6468.90936  
6455.85899  
6441.7059  
6450.563592  
6442.18272  
6454.432039  
6448.506836  
6431.397037  
6438.39971  
6446.70017  
6449.358938  
6467.789872  
6433.182065  
6422.982229  
6408.700131  
6415.27345  
6433.473877  
6427.945518  
6459.849352  
6469.794472  
6425.771394  
6422.838366  
6439.707224  
6462.752865  
6471.176488  
6475.124486  
6454.903654  
6428.64687  
6409.382658  
6483.46122  
6484.520945  
6463.361174  
6491.565186  
6437.689235  
6445.421091  
6469.432759  
6470.826172  
6464.136629  
6449.887657  
6459.660388  
6483.653359  
6488.676732  
6424.184712  
6450.312089  
6464.099365  
6455.192897  
6444.3649  
6513.320184  
6504.101306  
6498.943899  
6490.463135  
6514.973581  
6456.870361  
6473.569567  
6564.048892  
6545.544883  
6493.827264  
6422.376722  
6469.4885  
6446.140869  
6331.82995  
6278.939826  
6471.535696  
6333.694439  
6377.020726  
6399.262618  
6357.548314  
6438.227128  
6328.328331  
6450.586362  
6407.128007  
6489.536583  
6489.85854  
6412.076172  
6461.852809  
6467.125758  
6491.19882  
6454.233951  
6469.398553  
6506.496608  
6467.573294  
6493.592992  
6438.746788  
6470.623214  
6450.481702  
6439.895829  
6455.983347  
6471.13925  
6440.820068  
6415.804765  
6424.967054  
6398.016396  
6467.760151  
6409.931846  
6456.901406  
6462.735377  
6441.548417  
6457.213546  
6447.597425  
6469.398232  
6444.781533  
6482.849481  
6446.934262  
6462.986174  
6475.125026  
6466.473569  
6428.356394  
6471.390766  
6491.650506  
6477.497867  
6495.538574  
6509.608154  
6474.285079  
6509.300845  
6511.594444  
6506.168688  
6487.355392  
6475.653307  
6496.703343  
6465.222104  
6461.784989  
6488.226665  
6479.156635  
6463.842735  
6463.430574  
6512.442254  
6514.412778  
6544.595099  
6429.87437  
6505.865748  
6470.061421  
6495.361726  
6466.115658  
6474.7964  
6480.663767  
6519.782304  
6479.226049  
6533.128714  
6472.556975  
6496.665026  
6467.70964  
6488.614823  
6488.862767  
6493.224699  
6494.553428  
6470.331453  
6497.121903  
6449.56408  
6479.395109  
6460.16121  
6480.307347  
6423.345343  
6444.243768  
6439.602154  
6434.610776  
6436.693321  
6397.971693  
6451.68033  
6433.806422  
6417.611277  
6391.16784  
6430.48796  
6446.846577  
6436.602796  
6443.386359  
6434.44539  
6463.78549  
6482.70698  
6464.491622  
6489.959049  
6470.326133  
6489.500141  
6437.794575  
6470.508673  
6474.622636  
6474.469225  
6492.207006  
6462.571482  
6477.47601  
6449.597322  
6438.907715  
6401.679508  
6479.111084  
6429.530016  
6463.776007  
6449.921207  
6386.722592  
6445.24355  
6389.930086  
6390.900352  
6417.757324  
6440.973093  
6393.290643  
6376.837235  
6449.486315  
6478.153809  
6446.216373  
6436.597592  
6418.318269  
6411.348106  
6451.765381  
6517.214715  
6482.929675  
6485.802799  
6506.961105  
6488.87676  
6499.040296  
6520.842054  
6443.429765  
6454.877775  
6490.593622  
6517.331209  
6471.573358  
6434.89024  
6455.447792  
6491.782586  
6426.430214  
6452.919896  
6475.441522  
6453.674252  
6490.888723  
6448.994745  
6452.922942  
6485.649889  
6444.203626  
6499.177465  
6498.252763  
6436.721436  
6475.08942  
6462.205798  
6468.915386  
6454.269403  
6465.674162  
6467.763004  
6428.59208  
6442.482589  
6421.941291  
6466.807476  
6431.528487  
6460.957301  
6408.106253  
6508.416979  
6435.992316  
6437.901984  
6484.517604  
6437.265753  
6434.93263  
6415.987472  
6449.049728  
6458.88483  
6421.088353  
6477.719084  
6440.556281  
6420.48715  
6454.916671  
6456.921836  
6430.826288  
6428.728657  
6507.537302  
6447.628418  
6481.298366  
6495.948718  
6481.191895  
6494.923957  
6464.599841  
6448.357216  
6434.660683  
6462.969662  
6472.565237  
6456.005782  
6395.884213  
6434.446842  
6486.081029  
6494.343493  
6451.508545  
6448.255345  
6426.525712  
6448.449579  
6451.964317  
6457.524465  
6428.819811  
6506.544691  
6564.525159  
6511.494719  
6509.091219  
6473.878688  
6420.745978  
6397.485095  
6425.990813  
6328.509483  
6476.536056  
6486.001221  
6449.914075  
6463.217529  
6490.290964  
6492.40918  
6505.271754  
6472.310187  
6478.787765  
6463.149388  
6375.868151  
6488.033126  
6486.340409  
6497.602475  
6438.483848  
6440.905286  
6460.855225  
6440.142784  
6474.106304  
6454.967645  
6466.18344  
6448.242188  
6482.324167  
6481.531674  
6460.085475  
6478.755435  
6494.112587  
6461.185226  
6525.6613  
6475.274196  
6466.340281  
6386.356008  
6462.289319  
6428.580194  
6451.726819  
6451.413613  
6454.285079  
6507.386449  
6459.286261  
6480.899517  
6486.168714  
6532.832211  
6537.279181  
6471.781803  
6464.030916  
6493.826185  
6468.578228  
6414.99955  
6421.284925  
6445.662251  
6442.582301  
6446.144159  
6447.255024  
6484.765227  
6445.271304  
6447.668431  
6452.699476  
6411.850766  
6514.424959  
6466.004497  
6431.979595  
6435.341193  
6515.990389  
6480.865286  
6523.494475  
6481.788677  
6475.539062  
6506.379035  
6541.30064  
6499.351434  
6480.826596  
6494.921245  
6484.704204  
6485.650738  
6463.490556  
6451.790476  
6444.22177  
6509.042031  
6615.635691  
6385.97646  
6391.833882  
6381.9467  
6391.222669  
6372.65129  
6405.234336  
6393.748445  
6428.620798  
6422.90828  
6433.354865  
6473.31958  
6494.3888  
6450.149594  
6450.67731  
6437.092594  
6492.171747  
6485.126259  
6524.103361  
6451.93051  
6464.638723  
6436.414397  
6443.158679  
6508.274465  
6478.966617  
6521.898001  
6620.461503  
6637.000218  
6576.725599  
6466.896382  
6459.803223  
6467.322394  
6450.831466  
6407.885884  
6425.788793  
6438.37261  
6259.223106  
6331.305446  
6387.817974  
6457.353169  
6415.817357  
6371.747417  
6389.785298  
6392.390651  
6391.36323  
6405.381592  
6360.947574  
6624.610519  
6700.316008  
6793.685406  
6522.01993  
6486.960873  
6598.187911  
6777.884264  
6741.765882  
6762.330823  
6454.189929  
6448.059519  
6427.170462  
6439.970253  
6455.737819  
6494.614027  
6335.894891  
6385.642617  
6390.386295  
6388.786043  
6382.636783  
6404.441869  
6424.088867  
6373.293136  
6388.814235  
6403.303814  
6398.818565  
6404.985185  
6435.2661  
6460.819709  
6469.835295  
6477.004754  
6454.874615  
6506.057167  
6488.866211  
6454.697728  
6451.041979  
6442.265342  
6438.88749  
6398.811806  
6494.126953  
6461.157201  
6460.834087  
6338.917275  
6459.224172  
6386.201519  
6428.734002  
6491.989605  
6472.410388  
6444.782728  
6451.89394  
6460.564941  
6443.68353  
6476.403462  
6465.991185  
6507.882825  
6456.134496  
6430.275905  
6490.851858  
6397.855058  
6525.510884  
6485.361649  
6459.215435  
6491.165219  
6483.490761  
6477.267578  
6480.988333  
6498.45256  
6460.48584  
6420.363513  
6479.808838  
6432.00893  
6495.961837  
6437.84429  
6447.385485  
6435.397242  
6488.730469  
6467.546412  
6451.669074  
6402.661441  
6464.211901  
6444.349982  
6445.48363  
6447.446752  
6467.017103  
6477.655556  
6499.77611  
6451.437166  
6460.472476  
6416.194503  
6444.205399  
6446.044883  
6449.994642  
6418.746556  
6425.553865  
6423.978143  
6452.494321  
6441.880268  
6371.469482  
6427.905106  
6405.947021  
6448.876131  
6462.491686  
6456.736701  
6480.461027  
6515.974481  
6468.963469  
6449.175704  
6475.827791  
6488.218082  
6499.716411  
6503.585976  
6472.568205  
6453.623856  
6465.950774  
6547.67262  
6421.294421  
6461.233488  
6445.848003  
6463.312693  
6464.735364  
6492.959511  
6520.394685  
6492.353413  
6493.818938  
6474.269261  
6435.271086  
6494.816162  
6471.308748  
6478.066458  
6445.336272  
6399.921502  
6405.419845  
6478.13262  
6447.048019  
6431.815725  
6431.84551  
6439.267617  
6422.706119  
6452.9692  
6451.228888  
6457.828164  
6441.577161  
6450.209318  
6451.095356  
6476.343506  
6442.163035  
6470.400146  
6374.109247  
6458.40314  
6445.612086  
6416.049638  
6408.541517  
6456.698358  
6470.156417  
6464.611791  
6480.958432  
6473.810059  
6514.818295  
6448.903667  
6460.537148  
6471.351909  
6470.951506  
6479.551976  
6487.064055  
6530.446559  
6453.725355  
6424.397692  
6483.978194  
6463.857974  
6509.659604  
6482.462865  
6412.085372  
6517.030787  
6463.74274  
6429.182643  
6387.98052  
6419.296798  
6414.200606  
6439.677876  
6457.618729  
6442.76371  
6447.096179  
6492.834267  
6370.241686  
6490.129947  
6503.037315  
6476.532573  
6459.682334  
6446.472245  
6472.962788  
6498.177053  
6447.661313  
6496.462389  
6484.15706  
6451.138042  
6449.861739  
6425.22434  
6514.818719  
6496.098286  
6506.942743  
6525.33004  
6504.227282  
6505.581582  
6514.573602  
6481.877403  
6462.638184  
6492.974854  
6509.958136  
6474.723209  
6420.321482  
6494.547633  
6480.638274  
6446.808838  
6427.162919  
6430.339587  
6450.237844  
6440.605212  
6436.327804  
6451.428197  
6453.348363  
6444.472207  
6474.605661  
6453.194709  
6431.284462  
6444.05709  
6447.58171  
6465.002313  
6505.356625  
6455.787379  
6455.227745  
6452.362729  
6342.912289  
6436.538112  
6442.19751  
6432.682643  
6403.432412  
6415.093917  
6414.02363  
6418.957956  
6423.850856  
6407.96956  
6446.185598  
6440.904271  
6480.473761  
6494.954795  
6473.908473  
6485.574836  
6485.448306  
6419.850933  
6440.117072  
6461.75893  
6443.545654  
6457.751516  
6428.722977  
6435.192023  
6460.433118  
6412.703125  
6431.981188  
6453.711901  
6426.911942  
6432.284707  
6456.858424  
6469.554276  
6480.973646  
6450.427387  
6468.378354  
6496.648142  
6499.12676  
6492.840358  
6448.691098  
6506.088032  
6484.978888  
6474.336323  
6509.703292  
6474.337415  
6544.582057  
6499.924368  
6487.360544  
6439.396009  
6476.517347  
6448.893028  
6506.699437  
6540.515355  
6456.624126  
6491.317254  
6495.965936  
6416.460693  
6453.664409  
6480.12581  
6476.605327  
6480.452868  
6459.983488  
6448.491956  
6450.217799  
6433.569863  
6422.365479  
6447.393773  
6469.819169  
6448.648438  
6477.737061  
6470.289487  
6425.82427  
6437.555883  
6430.202714  
6452.88704  
6445.063836  
6446.857268  
6434.939903  
6466.020611  
6438.505551  
6413.007427  
6495.01763  
6533.942743  
