5934.025081  
5898.418612  
5921.280479  
5843.792889  
5876.253099  
5854.767036  
5883.850709  
5875.461389  
5885.96991  
5896.663689  
5914.554711  
5898.911622  
5881.25208  
5865.040613  
5887.331134  
5877.060886  
5855.432024  
5856.128201  
5874.422166  
5899.27881  
5904.067183  
5915.172209  
5916.573903  
5879.595933  
5899.698999  
5889.647742  
5888.541883  
5876.417543  
5900.826349  
5898.679615  
5899.600307  
5932.221625  
5904.29593  
5902.387842  
5882.519853  
5890.691322  
5890.611452  
5888.934975  
5901.959264  
5914.348719  
5898.596397  
5889.427425  
5912.557855  
5905.699883  
5877.934048  
5892.73192  
5898.601774  
5890.596473  
5879.620379  
5904.988077  
5910.51731  
5902.200126  
5919.919761  
5925.342457  
5874.869341  
5896.438597  
5879.463501  
5893.394798  
5941.537196  
5908.829747  
5924.883017  
5899.777213  
5903.870509  
5918.859539  
5916.402882  
5929.834027  
5923.643159  
5914.108022  
5968.200069  
5926.772822  
5900.442982  
5888.878182  
5896.405386  
5907.480039  
5918.837246  
5901.17485  
5882.891625  
5914.975739  
5907.111584  
5900.665527  
5913.68502  
5883.658027  
5901.535336  
5928.791274  
5915.475657  
5919.203236  
5968.836169  
5928.185289  
5909.135476  
5860.078637  
5903.006818  
5901.457495  
5880.070568  
5867.437124  
5879.692758  
5879.103428  
5872.97485  
5870.171797  
5867.849608  
5864.243619  
5851.658067  
5866.857373  
5870.214621  
5832.745589  
5844.767543  
5846.27161  
5871.477427  
5843.652875  
5849.56447  
5840.865233  
5860.859496  
5840.058912  
5854.483778  
5856.210721  
5882.09886  
5868.653025  
5847.651452  
5850.092782  
5858.603601  
5857.700859  
5869.738135  
5825.741539  
5852.020109  
5869.099409  
5873.100766  
5853.786518  
5872.081804  
5578.111147  
6036.204528  
5967.501951  
5883.902588  
5939.855781  
5941.233149  
5920.517325  
5894.763658  
5915.145283  
5894.184903  
5950.27352  
5927.079515  
5887.297471  
5892.211301  
5879.27787  
5859.905332  
5872.801605  
5921.974909  
5839.070483  
5942.779427  
5856.747725  
5963.050515  
5985.122481  
5989.710467  
5972.499635  
5984.994776  
5941.018977  
5982.780625  
5950.109769  
5871.343196  
5953.356045  
5912.022488  
5854.517343  
5854.840308  
5901.224403  
5840.207  
5912.856082  
5931.313216  
5874.903667  
5893.905767  
5857.938241  
5895.087458  
5877.669164  
5870.20376  
5915.991219  
5902.846342  
5862.698446  
5863.443892  
5842.402615  
5885.130281  
5861.574278  
5870.50148  
5885.920649  
5873.301935  
5892.366206  
5911.200728  
5918.376301  
5897.446337  
5886.611063  
5903.966593  
5878.889268  
5881.265351  
5948.082006  
5922.220554  
5900.958612  
5901.568573  
5890.45003  
5896.860562  
5892.441908  
5924.895172  
5897.344588  
5922.302682  
5907.847191  
5856.714423  
5872.457813  
5861.474381  
5879.096228  
5893.436046  
5868.919865  
5916.129197  
5887.672909  
5867.807067  
5867.860414  
5860.191058  
5867.089198  
5855.617006  
5901.300574  
5925.999988  
5873.852253  
5888.538005  
5850.173687  
5861.024452  
5892.147749  
5899.758695  
5890.045843  
5888.468399  
5892.460611  
5894.24954  
5887.842652  
5901.193303  
5858.908051  
5911.6614  
5889.591897  
5928.372726  
5889.372393  
5893.12403  
5897.732524  
5862.940813  
5844.672892  
5865.50773  
5858.577141  
5853.471372  
5873.425356  
5884.111154  
5864.167974  
5879.63769  
5883.295525  
5889.271188  
5888.088985  
5900.309447  
5863.444066  
5926.616357  
5935.203934  
5911.269385  
5912.399664  
5899.503052  
5919.063861  
5882.114712  
5933.345868  
5963.808485  
5932.746432  
5922.070174  
5927.606941  
5888.998172  
5919.137886  
5890.51557  
5887.605814  
5921.619825  
5903.700357  
5913.122461  
5937.476219  
5788.438894  
5812.265839  
5903.158899  
5940.317283  
5903.003614  
5850.453166  
5862.320677  
5854.074535  
5850.408967  
5857.649569  
5847.942056  
5871.349034  
5878.133272  
5902.897381  
5902.150393  
5881.228884  
5873.072867  
5897.255076  
5924.411053  
5940.119543  
5886.073991  
5928.418974  
5946.91846  
5948.58188  
5937.917546  
5920.930483  
5935.653404  
5975.714932  
5928.694844  
5903.649636  
5930.131219  
5895.848015  
5917.823505  
5855.873751  
5888.891938  
5934.426762  
5874.012828  
5903.24  
5859.883378  
5884.543767  
5842.383608  
5841.780046  
5798.691192  
5836.98445  
5800.116229  
5800.996521  
5825.343898  
5849.32534  
5893.940845  
5904.884763  
5840.267005  
5869.030084  
5846.447243  
5854.060538  
5847.058584  
5837.736001  
5875.489649  
5875.09986  
5765.360553  
5920.028785  
5834.047322  
5964.763353  
5878.56331  
5860.698494  
5860.115114  
5861.887735  
5828.280333  
5850.833959  
5860.689963  
5880.091959  
5866.863696  
5878.325094  
5894.526178  
5916.518861  
5875.899793  
5898.510482  
5928.231321  
5911.013945  
5874.628969  
5927.403835  
5887.68607  
5936.118557  
5915.758  
5900.506307  
5910.486541  
5922.287806  
5904.93357  
5889.666345  
5894.401592  
5901.486344  
5914.489619  
5899.046384  
5895.659982  
5918.229389  
5945.7318  
5917.598459  
5912.615941  
5886.251305  
5900.553018  
5874.464404  
5928.108419  
5876.617578  
5892.074289  
5862.04602  
5898.956423  
5902.941645  
5907.476361  
5903.541504  
5894.872732  
5897.41044  
5889.709706  
5885.093865  
5891.401262  
5915.65329  
5918.347088  
5871.192106  
5866.907217  
5877.258264  
5859.829495  
5899.276951  
5922.061709  
5893.821244  
5866.71266  
5931.383271  
5915.987613  
5908.474033  
5898.124318  
5851.417119  
5898.430029  
5920.139512  
5918.917479  
5923.037173  
5892.546798  
5878.509357  
5891.995094  
5898.412189  
5914.670819  
5926.065241  
5928.135791  
5905.821927  
5871.96354  
5872.040602  
5877.154009  
5877.20325  
5878.808586  
5880.749535  
5870.771201  
5861.970163  
5880.531454  
5882.547695  
5922.836174  
5931.278502  
5890.148261  
5844.343412  
5858.317574  
5883.730932  
5902.031762  
5871.344051  
5855.083739  
5850.724662  
5855.925466  
5881.149494  
5890.67739  
5853.507847  
5847.300994  
5882.811632  
5876.434391  
5848.923279  
5854.181738  
5857.787518  
5873.926961  
5865.31153  
5885.156017  
5860.465781  
5891.735318  
5882.25957  
5881.8525  
5874.203865  
5897.196999  
5873.808489  
5857.555286  
5881.376081  
5887.182531  
5885.61194  
5858.934191  
5947.654815  
5983.746687  
5925.227121  
5934.433037  
5930.283126  
5895.737673  
5885.408395  
5866.579963  
5851.936203  
5879.619647  
5880.896509  
5888.406  
5885.372353  
5874.643001  
5880.064934  
5886.029094  
5890.151814  
5869.986991  
5883.297045  
5891.449846  
5904.036073  
5922.338169  
5889.912135  
5870.090551  
5904.776578  
5927.78929  
5923.424561  
5919.280366  
5918.61908  
5925.300019  
5922.030562  
5934.363901  
5900.334597  
5904.394832  
5946.547159  
5841.248808  
5894.128752  
5892.5783  
5878.61259  
5885.073019  
5855.62166  
5833.542624  
5875.998293  
5857.439594  
5866.821504  
5854.654691  
5888.546017  
5885.479717  
5945.457468  
5901.523425  
5902.799374  
5885.354217  
5891.638285  
5892.976153  
5887.145197  
5887.2706  
5872.691019  
5890.688755  
5873.340519  
5868.883059  
5899.486949  
5907.443115  
5873.053947  
5901.704309  
5859.196332  
5856.975855  
5907.498964  
5884.980498  
5887.567261  
5860.724915  
5914.052018  
5894.86455  
5884.284407  
5937.917491  
5921.168131  
5903.874924  
5863.866317  
5876.947366  
5854.351973  
5874.469478  
5891.38626  
5822.747638  
5901.051631  
5871.808665  
5874.144138  
5849.672219  
5883.118974  
5881.792519  
5872.708384  
5873.21117  
5856.426891  
5868.070109  
5876.441694  
5911.503311  
5883.89416  
5876.381266  
5898.4878  
5867.101899  
5904.329484  
5865.831919  
5875.815553  
5879.075384  
5777.290091  
5900.6387  
5877.911234  
5822.526726  
5922.020722  
5908.967182  
5896.869239  
5928.315529  
5917.402794  
5914.86743  
5926.568404  
5923.716558  
5892.119556  
5884.8536  
5907.02008  
5938.279028  
5907.833491  
5910.261863  
5916.325278  
5944.553391  
5935.272216  
5912.771529  
5915.30191  
5901.378866  
5934.849381  
5905.929904  
5925.851646  
5858.302464  
5941.066569  
5959.96082  
5949.455723  
5911.931155  
5912.490874  
5922.943922  
5900.866654  
5910.172501  
5884.249342  
5897.058292  
5885.656028  
5891.576437  
5887.977327  
5856.19655  
5898.669394  
5904.55057  
5879.310801  
5884.546737  
5882.234374  
5887.486578  
5896.656861  
5906.17917  
5889.96006  
5870.533674  
5862.847469  
5851.809361  
5893.92954  
5867.375589  
5880.774395  
5885.123737  
5891.521725  
5868.053274  
5869.544629  
5902.275964  
5860.084678  
5902.424757  
5884.647115  
5893.885058  
5884.754619  
5889.231892  
5883.762651  
5878.097242  
5891.475811  
5887.807818  
5894.982612  
5901.814178  
5903.045987  
5886.502379  
5901.851643  
5899.790131  
5906.449567  
5886.381435  
5911.854295  
5893.601535  
5919.14495  
5978.085265  
5837.777413  
5888.407237  
5891.093928  
5879.712641  
5851.585544  
5848.425756  
5848.534246  
5859.563219  
5831.431133  
5860.104653  
5856.187978  
5856.262764  
5869.474027  
5895.315844  
5894.698553  
5910.972177  
5888.620428  
5899.765839  
5914.084145  
5898.513064  
5996.033675  
5938.053449  
5898.876045  
5901.743025  
5914.701227  
5951.913621  
5888.350885  
5890.306975  
5843.307972  
5859.982051  
5874.402687  
5902.831955  
5874.247376  
5865.201623  
5873.998285  
5901.322019  
5870.19756  
5868.071012  
5856.670921  
5885.396003  
5862.977135  
5868.902287  
5863.474015  
5887.169563  
5869.895115  
5905.822139  
5919.678882  
5877.278567  
5893.120459  
5878.369411  
5891.499543  
5866.076859  
5894.948962  
5895.983355  
5926.12037  
5885.158498  
5890.353354  
5903.227364  
5894.152165  
5870.355187  
5900.309887  
5908.516453  
5890.503471  
5896.511157  
5893.03311  
5910.954145  
5867.159293  
5903.947774  
5888.378579  
5890.227104  
5907.581341  
5843.74585  
5895.045762  
5869.619665  
5875.373604  
5884.800256  
5911.848726  
5898.553995  
5905.114265  
5868.386759  
5879.765742  
5888.909246  
5899.489026  
5885.868444  
5881.53141  
5904.044414  
5893.015437  
5928.153414  
5896.915085  
5910.860104  
5861.505302  
5872.381561  
5885.301571  
5868.601579  
5875.716023  
5873.416736  
5844.572531  
5873.802084  
5873.880861  
5880.614987  
5893.128754  
5896.438928  
5903.145944  
5880.231842  
5868.805616  
5883.628663  
5834.663395  
5852.170007  
5867.926372  
5840.561138  
5846.342769  
5872.729568  
5854.132859  
5839.030335  
5873.560851  
5847.414727  
5869.267316  
5867.256269  
5847.51328  
5861.54875  
5888.958201  
5875.957955  
5871.962728  
5896.534542  
5909.603079  
5887.392576  
5874.3404  
5894.679209  
5855.948461  
5912.240856  
5903.245664  
5900.942109  
5908.272125  
5906.783306  
5902.05757  
5911.479912  
5901.58803  
5905.353131  
5908.527459  
5887.607118  
5918.765155  
5907.786513  
5907.376418  
5920.134604  
5926.376544  
5946.952083  
5949.142195  
5965.956485  
5882.342252  
5938.664904  
5928.07783  
5917.273166  
5908.251622  
5935.559158  
5908.163304  
5936.536992  
5930.677531  
5903.45116  
5929.733935  
5918.728655  
5905.097514  
5893.805058  
5873.36162  
5868.229395  
5904.519129  
5940.187882  
5904.589545  
5900.914398  
5906.516876  
5873.383164  
5883.014145  
5910.578909  
5879.526362  
5886.388571  
5880.223326  
5881.437559  
5878.705654  
5877.677073  
5785.981666  
5927.869743  
5938.3564  
5913.265375  
5918.150675  
5916.856553  
5914.510441  
5922.471424  
5929.386679  
5925.831794  
5962.573226  
6014.053271  
5952.406585  
5840.799043  
5898.534039  
5870.330707  
5847.47091  
5826.515479  
5798.529846  
5853.28271  
5839.081517  
5826.365818  
5780.721711  
5847.343351  
5874.428236  
5850.989234  
5844.158548  
5926.56687  
5929.241577  
5912.808736  
5915.537932  
5931.799903  
5965.439548  
5938.109585  
5916.559053  
5897.918033  
5921.036197  
5910.047216  
5898.14148  
5899.73272  
5875.366406  
5876.84515  
5850.265133  
5895.596064  
5868.974457  
5874.572574  
5870.940863  
5897.14396  
5894.627815  
5882.629009  
5876.473168  
5861.425997  
5902.693449  
5927.586818  
5883.074398  
5920.355743  
5873.062804  
5879.324559  
5873.424488  
5874.866397  
5896.242352  
5892.695761  
5848.782373  
5846.090382  
5895.709507  
5904.362265  
5827.236617  
5887.164635  
5885.492989  
5890.753801  
5860.394406  
5869.870595  
5873.204762  
5866.754861  
5835.883533  
5885.033215  
5886.762343  
5873.308236  
5878.872918  
5875.818404  
5889.542916  
5924.415584  
5991.064118  
5939.54797  
5944.2241  
5891.39554  
5897.445595  
5826.00718  
5908.076129  
5875.392135  
5850.588643  
5873.425891  
5857.873698  
5878.053648  
5880.763507  
5902.632676  
5885.091208  
5882.043194  
5909.529609  
5890.676067  
5897.1457  
5913.582443  
5919.546783  
5939.484861  
5945.781431  
5883.646557  
5917.186305  
5917.907286  
5895.572725  
5878.804007  
5918.750026  
5914.561285  
5900.078222  
5894.131555  
5917.409686  
5916.270695  
5926.221707  
5945.666358  
5920.181117  
5941.143505  
5925.955922  
5898.628123  
5897.978276  
5891.692641  
5900.871485  
5868.301984  
5858.775473  
5889.263251  
5863.17463  
5890.438732  
5842.744585  
5871.731708  
5862.659552  
5871.166899  
5912.239202  
5844.007382  
5868.856905  
5847.76136  
5873.851214  
5871.691696  
5888.655242  
5880.227863  
5855.489337  
5859.976183  
5861.760343  
5863.156786  
5880.726297  
5884.70813  
5892.9936  
5877.940044  
5860.559788  
5859.823977  
5894.363232  
5864.417998  
5900.315726  
5903.841042  
5902.196673  
5871.179243  
5876.889083  
5916.642461  
5908.399768  
5898.820286  
5903.843682  
5897.156494  
5909.132214  
5871.97742  
5870.126558  
5869.575309  
5883.918412  
5870.533659  
5903.720418  
5912.899841  
5907.413133  
5901.797837  
5899.387209  
5903.779667  
5943.0328  
6036.574468  
5955.278083  
5901.442759  
5856.917849  
5860.452893  
5775.225925  
5802.681953  
5705.510038  
5883.826474  
5779.693467  
5805.017747  
5836.696236  
5797.795509  
5858.205068  
5768.861102  
5877.907295  
5869.831589  
5966.615037  
5950.312037  
5907.783233  
5918.529238  
5888.702551  
5916.296801  
5918.505307  
5920.659792  
5926.21004  
5942.257026  
5919.143557  
5887.210545  
5896.999737  
5879.922749  
5906.672367  
5894.674813  
5921.639993  
5863.314797  
5886.157629  
5841.933442  
5813.173341  
5880.16279  
5865.946053  
5873.156837  
5865.155408  
5866.496352  
5866.423757  
5893.041869  
5863.245169  
5882.057897  
5882.257957  
5882.081245  
5873.760491  
5890.26057  
5865.012989  
5859.582208  
5880.251297  
5886.385695  
5911.454233  
5904.020093  
5925.452815  
5922.218815  
5919.988298  
5924.679883  
5915.055194  
5915.540796  
5888.375702  
5902.726974  
5899.429175  
5916.951131  
5914.727512  
5902.818032  
5867.039293  
5898.607255  
5920.443644  
5919.67256  
5945.936302  
5864.787698  
5929.493525  
5900.619528  
5916.099535  
5896.352477  
5916.388953  
5938.562256  
5918.396626  
5893.951169  
5941.693702  
5905.000143  
5924.966127  
5894.696892  
5915.045772  
5938.851642  
5920.973079  
5933.742306  
5906.05921  
5919.502742  
5911.479534  
5898.421505  
5880.784673  
5891.975527  
5868.235974  
5869.893598  
5820.591304  
5867.455033  
5840.765278  
5869.096425  
5881.789591  
5856.800932  
5868.563007  
5848.930013  
5838.656235  
5873.339983  
5872.412418  
5879.115219  
5878.447396  
5889.129752  
5916.993037  
5876.640757  
5942.013266  
5927.504182  
5900.050782  
5879.315337  
5901.199029  
5880.690789  
5900.902034  
5916.849394  
5902.377355  
5894.625893  
5900.239673  
5887.684187  
5886.687874  
5902.981077  
5847.109194  
5871.777294  
5876.365592  
5848.278752  
5835.602538  
5830.275426  
5852.921357  
5863.326172  
5852.6749  
5843.869428  
5846.234795  
5882.189771  
5880.766709  
5888.111077  
5872.950531  
5847.210803  
5848.697964  
5887.428685  
5925.525925  
5867.057416  
5924.600198  
5900.292744  
5918.602205  
5931.866629  
5921.101447  
5885.964646  
5891.413089  
5918.04616  
5935.634267  
5915.14159  
5870.741019  
5887.580472  
5891.667546  
5895.133665  
5877.134367  
5868.925291  
5910.384002  
5895.898837  
5859.197057  
5889.785416  
5886.785478  
5905.541551  
5893.146413  
5892.583478  
5864.409219  
5900.903598  
5895.519849  
5893.468588  
5880.690201  
5901.608005  
5883.674375  
5882.71037  
5891.286999  
5860.665188  
5886.400683  
5882.43022  
5866.867196  
5846.551213  
5881.858965  
5883.835421  
5881.677814  
5896.033322  
5874.576811  
5874.25018  
5864.343338  
5873.010614  
5874.978954  
5838.48301  
5886.007045  
5865.364688  
5857.090838  
5886.180666  
5878.56327  
5870.719004  
5869.481684  
5878.198292  
5863.086322  
5873.772192  
5902.988646  
5872.475685  
5918.288107  
5881.539153  
5876.878982  
5837.106891  
5887.228437  
5913.99626  
5888.296945  
5861.769106  
5861.183354  
5893.266186  
5897.737935  
5881.641396  
5881.367037  
5865.911801  
5842.75157  
5877.845235  
5884.371089  
5876.067902  
5909.181267  
5993.455713  
5952.268399  
5952.152941  
5947.606592  
5888.502369  
5848.551387  
5879.62855  
5816.522221  
5903.985975  
5926.760058  
5911.464538  
5900.678418  
5928.75082  
5947.884488  
5959.144997  
5884.235991  
5949.647562  
5908.691412  
5859.043614  
5915.946045  
5921.204635  
5918.239971  
5902.641402  
5916.835307  
5909.944958  
5902.632956  
5919.444475  
5913.565292  
5902.766444  
5885.821528  
5919.569804  
5952.741612  
5902.74099  
5901.791339  
5891.269184  
5915.914554  
5925.393778  
5923.58983  
5909.948273  
5823.799437  
5887.636877  
5864.962044  
5886.401996  
5888.276325  
5881.712437  
5902.789081  
5928.618127  
5907.131512  
5910.718318  
5925.902562  
5907.715711  
5898.936338  
5919.53798  
5919.483661  
5895.870242  
5849.076289  
5862.999194  
5891.430147  
5884.599892  
5862.341352  
5862.592844  
5876.745786  
5871.313177  
5894.592528  
5903.227445  
5840.800084  
5882.548262  
5873.182271  
5869.46626  
5881.551665  
5891.58177  
5918.827207  
5924.165443  
5912.974802  
5886.705187  
5922.142289  
5932.905308  
5936.785385  
5900.611573  
5896.997358  
5904.023359  
5916.498201  
5890.271986  
5880.108991  
5836.069841  
5960.768944  
6020.152283  
5845.804327  
5856.284233  
5833.86576  
5841.921171  
5787.240068  
5825.167651  
5817.400377  
5861.592986  
5838.660977  
5864.463294  
5891.082311  
5894.539509  
5878.800993  
5882.935243  
5887.182872  
5909.90673  
5924.529186  
5940.929003  
5932.989337  
5896.998334  
5902.28258  
5902.067057  
5933.080938  
5958.848282  
5950.085284  
5960.055146  
5995.235903  
6004.313097  
5963.913393  
5928.658928  
5921.42116  
5929.100823  
5878.333864  
5855.964959  
5883.602715  
5742.427766  
5809.110209  
5858.036124  
5904.543537  
5919.524905  
5840.332592  
5891.240886  
5876.293624  
5852.255972  
5883.176422  
5861.729683  
5937.739719  
5980.474264  
5872.950476  
5944.120448  
5947.460177  
5908.257819  
5918.571119  
5928.920102  
5841.36065  
5883.653474  
5931.0022  
5883.826705  
5897.44053  
5859.11872  
5854.05828  
5811.927422  
5851.870545  
5843.51475  
5838.633346  
5850.328572  
5868.646088  
5843.43942  
5829.376919  
5838.134729  
5852.865728  
5872.548235  
5855.059911  
5873.808607  
5903.329856  
5884.650282  
5881.113686  
5910.649797  
5904.537339  
5895.789717  
5871.925412  
5881.350055  
5897.169652  
5857.572273  
5887.725969  
5878.774954  
5877.403086  
5863.420278  
5822.409389  
5887.132227  
5861.916712  
5882.711182  
5924.687012  
5903.537397  
5907.838044  
5919.417832  
5890.594135  
5887.134322  
5884.27583  
5904.97867  
5914.195047  
5905.350608  
5887.035359  
5913.144261  
5864.281569  
5947.235203  
5909.922448  
5901.335638  
5916.55783  
5931.779683  
5910.228616  
5894.097678  
5911.537589  
5883.230161  
5871.488771  
5915.004116  
5871.535751  
5902.543924  
5877.857737  
5887.151075  
5865.176195  
5895.464954  
5892.236404  
5878.021072  
5848.350357  
5893.64409  
5869.801995  
5884.331849  
5881.57653  
5880.726709  
5887.562177  
5900.028051  
5885.026719  
5898.612404  
5874.479696  
5889.99247  
5880.986673  
5877.693185  
5861.829082  
5883.146987  
5854.925559  
5864.480068  
5876.233863  
5835.509069  
5847.858016  
5862.223236  
5895.331634  
5881.412199  
5917.882075  
5895.285774  
5931.055833  
5879.12076  
5860.215703  
5863.343763  
5913.256955  
5920.975182  
5896.455899  
5907.673201  
5902.037763  
5901.457126  
5933.88069  
5861.507501  
5917.314405  
5871.081769  
5895.150719  
5874.689707  
5917.427146  
5939.149185  
5910.467248  
5942.489978  
5913.833401  
5845.92304  
5921.416117  
5919.111311  
5886.383946  
5867.084905  
5867.208322  
5852.431489  
5913.472598  
5903.241942  
5881.840218  
5861.153331  
5879.40495  
5884.564702  
5869.796113  
5894.021371  
5892.112239  
5905.69744  
5889.610613  
5905.229323  
5885.710017  
5874.086071  
5900.990638  
5818.09721  
5900.502501  
5876.436278  
5871.682945  
5879.225937  
5884.580224  
5892.648884  
5887.539202  
5886.092517  
5893.589254  
5886.054274  
5902.735372  
5892.776488  
5893.069435  
5892.06818  
5915.768318  
5918.369587  
5907.6866  
5880.25048  
5847.762025  
5899.128601  
5884.054384  
5891.456575  
5884.557603  
5844.263661  
5891.888364  
5880.63963  
5869.543032  
5874.323909  
5866.803528  
5847.757359  
5896.359719  
5902.056251  
5912.76397  
5896.837079  
5887.340634  
5850.816319  
5908.565595  
5901.090229  
5905.240951  
5914.129887  
5911.387136  
5904.090538  
5921.134803  
5890.136635  
5913.04499  
5914.763945  
5892.376405  
5884.592257  
5895.731888  
5927.135362  
5886.778183  
5930.996959  
5916.559377  
5911.081148  
5919.426862  
5933.288264  
5935.560719  
5895.419791  
5924.458594  
5916.611486  
5900.281469  
5913.832532  
5903.886976  
5892.564528  
5879.197489  
5852.826002  
5873.412215  
5874.093637  
5856.674371  
5853.87639  
5876.383989  
5857.911216  
5836.413726  
5866.686355  
5877.53902  
5853.38695  
5865.605155  
5861.907462  
5893.602556  
5886.863708  
5872.385766  
5863.693201  
5857.417612  
5816.408067  
5888.468261  
5904.758399  
5856.249717  
5845.659264  
5887.059015  
5875.331681  
5863.938355  
5872.426468  
5874.183122  
5902.833234  
5889.004082  
5923.83117  
5912.964201  
5909.293211  
5926.930468  
5884.131034  
5883.807417  
5858.153955  
5888.296471  
5878.690865  
5889.469569  
5868.956737  
5887.728184  
5901.635308  
5875.317706  
5872.311125  
5882.35368  
5856.97774  
5862.695188  
5874.918399  
5895.230134  
5903.490332  
5889.056081  
5893.376378  
5897.032274  
5903.764912  
5915.4763  
5892.487358  
5924.450064  
5896.81981  
5889.975847  
5912.984263  
5897.78844  
5920.373194  
5930.828278  
5890.515469  
5881.505731  
5910.261938  
5888.026016  
5907.59203  
5929.682503  
5905.586029  
5946.083886  
5904.504871  
5862.062145  
5875.559163  
5893.196548  
5917.935355  
5882.901201  
5886.959748  
5867.146734  
5883.655992  
5884.885264  
5882.946405  
5877.95022  
5888.35883  
5878.485256  
5891.096889  
5890.413377  
5874.200879  
5875.076642  
5865.012775  
5870.917354  
5881.148221  
5892.340207  
5869.853293  
5864.331896  
5866.274966  
5866.125468  
5942.476342  
5949.422511  
