9812.367211  
9750.632233  
9738.204689  
9735.423115  
9755.628978  
9732.035954  
9842.445829  
9833.028547  
9824.775284  
9786.2614  
9802.280575  
9785.531864  
9796.419725  
9808.630956  
9761.884026  
9801.889807  
9758.412322  
9796.608181  
9813.47507  
9763.792887  
9782.083301  
9849.298918  
9788.874603  
9836.894338  
9832.801245  
9807.455497  
9814.105  
9799.298242  
9793.616085  
9808.9357  
9764.11754  
9721.346259  
9743.056546  
9769.105876  
9744.048413  
9781.115523  
9764.208473  
9738.761932  
9790.652749  
9766.647268  
9720.523179  
9748.419276  
9742.88411  
9781.354076  
9814.153127  
9820.898798  
9845.1926  
9757.711677  
9710.663346  
9713.158968  
9773.511727  
9781.596969  
9777.970933  
9745.585217  
9779.36378  
9766.005915  
9773.334282  
9787.293588  
9817.008149  
9764.702425  
9759.747926  
9720.541173  
9723.602579  
9721.71678  
9746.757585  
9804.906762  
9817.378283  
9831.464856  
9879.611522  
9868.57634  
9849.882826  
9802.791057  
9767.445813  
9807.675016  
9778.305834  
9774.487596  
9736.100737  
9742.108904  
9770.764012  
9705.314237  
9717.382952  
9715.96374  
9719.783796  
9762.489642  
9785.55776  
9798.251354  
9764.02006  
9812.280208  
9808.3502  
9867.766101  
9821.861654  
9806.352593  
9818.426414  
9759.931598  
9787.687571  
9803.417175  
9780.058664  
9785.775573  
9804.443521  
9761.517286  
9743.51627  
9767.93693  
9813.35453  
9800.639275  
9836.043863  
9849.888101  
9784.265697  
9784.89798  
9791.183019  
9743.546625  
9810.494675  
9804.509341  
9815.626748  
9906.551903  
9916.305558  
9879.669579  
9878.391147  
9815.387906  
9819.101769  
9805.306126  
9835.857484  
9801.652713  
9857.46356  
9831.964217  
9822.434094  
9765.972846  
9774.311976  
9796.540344  
9816.68639  
9799.28213  
9875.246545  
9825.610472  
9792.554972  
9733.164906  
9687.799242  
9652.448644  
9675.450378  
9675.630587  
9696.131743  
9688.432953  
9668.286405  
9706.849033  
9719.774596  
9789.06681  
9763.766694  
9783.709519  
9774.842715  
9756.610897  
9757.149353  
9702.847055  
9681.705004  
9683.322009  
9714.128224  
9773.328617  
9767.74083  
9803.974884  
9772.758192  
9786.119327  
9756.921998  
9779.251303  
9806.027755  
9784.28341  
9843.699442  
9840.886382  
9820.865582  
9812.064296  
9793.533155  
9818.571944  
9836.171872  
9877.978281  
9902.360612  
9910.52882  
9917.302836  
9847.406813  
9806.243081  
9804.413446  
9797.558707  
9805.019296  
9776.700115  
9801.375413  
9809.221226  
9782.530737  
9761.169644  
9754.796247  
9728.109821  
9736.353338  
9769.411948  
9800.713082  
9746.752365  
9737.663986  
9724.040376  
9768.843214  
9739.850461  
9728.586341  
9732.063664  
9711.115615  
9738.100278  
9757.393025  
9745.938773  
9780.151188  
9794.894201  
9815.552921  
9815.448655  
9834.204635  
9761.589432  
9827.423529  
9839.823349  
9844.268483  
9796.041133  
9796.789037  
9780.273195  
9794.824936  
9816.743563  
9781.14378  
9762.305723  
9761.728117  
9728.436841  
9756.73829  
9785.080041  
9839.830475  
9831.726799  
9812.828374  
9839.758195  
9817.735113  
9857.242426  
9814.166099  
9833.269855  
9771.172144  
9827.073558  
9814.505507  
9795.514757  
9834.305667  
9775.171911  
9764.716123  
9735.867611  
9734.483047  
9725.334427  
9720.793181  
9746.357262  
9774.74546  
9850.890172  
9830.189794  
9831.331078  
9767.455276  
9739.153886  
9773.768943  
9784.454729  
9794.510955  
9803.550687  
9759.591391  
9814.163113  
9798.897115  
9769.281199  
9784.241423  
9781.439174  
9781.265477  
9787.046048  
9798.500213  
9833.122477  
9790.320593  
9782.203927  
9704.342196  
9689.040311  
9763.471203  
9747.96093  
9758.487803  
9779.821922  
9808.825795  
9815.48045  
9800.821863  
9857.474293  
9861.602707  
9795.77756  
9831.834897  
9830.86714  
9832.098263  
9791.31389  
9854.21914  
9851.545066  
9764.75822  
9752.609741  
9727.617766  
9769.503645  
9734.00315  
9755.889944  
9703.489185  
9708.035086  
9738.922072  
9751.907076  
9805.515248  
9727.427455  
9697.9637  
9684.35742  
9720.663302  
9753.19151  
9746.24007  
9759.926958  
9807.09668  
9812.905229  
9830.924315  
9875.025026  
9856.008293  
9916.972691  
9879.997716  
9853.295363  
9885.987226  
9822.468332  
9840.55676  
9812.293709  
9831.467814  
9800.983394  
9768.246719  
9826.525369  
9770.014793  
9819.803279  
9868.175318  
9786.246999  
9839.942  
9816.536696  
9827.154481  
9800.005723  
9871.367278  
9823.769273  
9748.052307  
9799.76551  
9746.017415  
9763.163785  
9714.676084  
9754.906492  
9783.418274  
9737.876234  
9739.850878  
9707.084851  
9755.823429  
9727.343311  
9707.946849  
9731.895143  
9682.25438  
9705.328286  
9719.588605  
9725.490943  
9753.391055  
9810.042578  
9764.871993  
9772.969724  
9779.149307  
9809.679298  
9792.415545  
9773.373537  
9793.519655  
9803.565711  
9800.542363  
9830.667953  
9837.769775  
9792.668908  
9821.524258  
9814.395217  
9813.096949  
9842.973087  
9808.632206  
9811.032983  
9797.072804  
9832.862474  
9859.254375  
9872.317435  
9843.434978  
9758.394677  
9800.373485  
9799.307911  
9718.019503  
9665.934376  
9640.046023  
9656.634112  
9737.39367  
9762.01012  
9767.143892  
9792.952319  
9841.462485  
9838.045497  
9819.431477  
9810.166527  
9814.640563  
9803.196584  
9722.255933  
9706.720546  
9717.951906  
9721.627941  
9801.211425  
9803.039548  
9809.796512  
9845.141601  
9827.266734  
9794.547868  
9784.029047  
9750.622455  
9754.30672  
9776.139982  
9767.153371  
9761.3176  
9767.385625  
9784.628816  
9856.644652  
9815.187563  
9777.715268  
9753.456442  
9766.190236  
9783.538091  
9752.878171  
9727.984589  
9724.251312  
9721.021682  
9706.558571  
9740.205321  
9793.729548  
9765.024743  
9794.860877  
9825.486977  
9860.921609  
9829.015403  
9845.310384  
9847.615764  
9855.67089  
9873.527844  
9889.474413  
9862.654226  
9813.738813  
9843.043487  
9830.166115  
9804.621918  
9836.324601  
9840.214138  
9845.126152  
9835.861197  
9839.637804  
9754.045273  
9807.633655  
9770.467239  
9786.137991  
9740.723019  
9737.386177  
9703.552395  
9688.632585  
9746.450734  
9793.253891  
9751.033026  
9813.95227  
9899.901651  
9820.229733  
9793.918489  
9793.055394  
9827.859224  
9763.279031  
9784.613734  
9816.72374  
9802.719006  
9775.50942  
9787.256616  
9713.618717  
9691.380531  
9693.28509  
9708.980633  
9685.535344  
9745.081297  
9750.27754  
9743.555803  
9769.767377  
9832.328346  
9873.612588  
9850.173598  
9795.489483  
9831.142069  
9851.047802  
9849.534686  
9855.246628  
9819.975735  
9764.093257  
9756.076354  
9781.200013  
9756.900373  
9755.148634  
9818.732082  
9827.920168  
9767.29801  
9756.123755  
9730.457945  
9684.931367  
9752.832577  
9702.194205  
9654.808179  
9607.660347  
9622.383671  
9653.914779  
9693.810035  
9690.908998  
9773.655309  
9791.387972  
9824.393328  
9832.009773  
9856.900575  
9838.809628  
9870.852402  
9838.476715  
9819.648207  
9816.083581  
9809.291808  
9795.779642  
9784.697257  
9840.066268  
9804.970354  
9836.928869  
9860.359063  
9825.524889  
9758.556407  
9744.122525  
9829.866819  
9810.961657  
9865.267294  
9883.406437  
9843.35996  
9843.84035  
9878.930654  
9818.831349  
9747.56949  
9733.329252  
9799.094769  
9819.725075  
9827.458664  
9774.025148  
9773.799742  
9735.908817  
9771.665009  
9770.622377  
9797.130866  
9775.88822  
9772.533815  
9818.332444  
9836.570766  
9823.420201  
9859.994866  
9816.165534  
9811.025798  
9788.552338  
9814.498074  
9845.4457  
9844.061932  
9809.000669  
9762.379739  
9739.236777  
9718.287162  
9767.091769  
9806.56937  
9758.670797  
9761.539826  
9789.018935  
9795.536768  
9773.929323  
9744.024575  
9741.458475  
9789.266754  
9814.21207  
9818.849375  
9832.824117  
9822.13498  
9777.219645  
9795.312192  
9844.969899  
9873.845096  
9839.124416  
9833.747843  
9881.494183  
9858.975714  
9816.227279  
9821.963502  
9800.898172  
9738.286939  
9748.415059  
9649.117561  
9573.966858  
9586.242782  
9593.129196  
9620.838625  
9719.830455  
9731.650953  
9747.251827  
9792.117906  
9748.921006  
9763.252106  
9724.579921  
9726.185271  
9744.269405  
9754.458305  
9769.569293  
9805.439714  
9837.593455  
9850.180248  
9806.45844  
9790.358475  
9846.626407  
9793.810163  
9856.885198  
9824.837345  
9845.710003  
9835.745079  
9824.413398  
9779.948977  
9776.657695  
9723.044853  
9744.830725  
9750.169786  
9817.675066  
9837.184526  
9767.950359  
9702.176828  
9706.966734  
9786.771561  
9784.27374  
9754.414518  
9747.476337  
9738.98048  
9714.703433  
9752.869087  
9751.720153  
9778.768393  
9791.915854  
9798.670765  
9822.383745  
9797.570851  
9844.204804  
9914.450513  
9953.810835  
9915.049486  
9904.413353  
9907.612044  
9828.648512  
9858.355988  
9841.449371  
9774.004264  
9766.003546  
9824.59872  
9857.558774  
9859.425226  
9788.936255  
9748.869726  
9726.07415  
9720.696206  
9707.146082  
9706.890915  
9747.064071  
9750.296846  
9784.424165  
9828.101913  
9840.138209  
9793.830337  
9823.790863  
9828.265355  
9883.551171  
9814.062885  
9819.317214  
9816.71207  
9703.396235  
9646.435301  
9715.559227  
9640.777103  
9584.39227  
9521.528134  
9500.441825  
9488.680259  
9525.739362  
9588.897485  
9655.993968  
9689.202737  
9716.879883  
9748.090345  
9768.597301  
9811.429737  
9754.587846  
9769.928866  
9833.282222  
9801.727942  
9744.063947  
9734.149562  
9790.487449  
9844.127374  
9858.76454  
9891.904553  
9931.165596  
9933.512946  
9897.720347  
9904.026258  
9916.249921  
9898.333526  
9900.441706  
9938.343576  
9947.659446  
9847.45644  
9802.567838  
9823.477254  
9809.235104  
9817.762033  
9809.976637  
9841.793968  
9899.226912  
9929.606828  
9914.153379  
9844.387377  
9869.401381  
9833.913252  
9817.608296  
9863.471347  
9828.806666  
9806.579301  
9777.823251  
9807.764657  
9768.084923  
9704.975647  
9671.117908  
9672.272299  
9645.209147  
9672.901854  
9675.443967  
9675.865135  
9684.45651  
9772.902698  
9760.617759  
9773.251  
9753.507895  
9766.446736  
9774.53545  
9821.732125  
9868.249666  
9876.715226  
9902.367452  
9854.540086  
9936.880909  
9882.80485  
9826.729399  
9815.270486  
9741.589585  
9597.78423  
9599.065065  
9577.529286  
9637.307991  
9699.013591  
9734.795442  
9740.414958  
9783.390388  
9822.755357  
9826.433031  
9842.287344  
9859.476268  
9801.675237  
9825.594551  
9880.857484  
9883.780712  
9815.632757  
9854.36895  
9846.45839  
9770.976294  
9751.350077  
9780.555361  
9760.343537  
9719.375686  
9692.004611  
9741.176194  
9750.951637  
9707.711087  
9727.885598  
9761.293024  
9804.714549  
9812.56463  
9785.000771  
9782.064073  
9777.49582  
9786.584313  
9792.82724  
9827.490713  
9877.025146  
9931.068585  
9852.199524  
9812.289496  
9856.065178  
9875.917289  
9791.722203  
9846.815504  
9797.446244  
9709.013903  
9669.721102  
9685.559783  
9701.0286  
9689.015048  
9719.024714  
9748.586481  
9805.316311  
9796.523688  
9806.442227  
9797.998288  
9810.227131  
9774.456123  
9814.384223  
9834.605473  
9811.621408  
9779.762158  
9814.320352  
9774.50394  
9691.476308  
9666.892215  
9680.775786  
9712.432904  
9731.629054  
9753.384382  
9806.52561  
9823.014743  
9818.554777  
9870.863285  
9888.100974  
9863.749934  
9814.733561  
9859.092654  
9891.901286  
9899.319557  
9879.399477  
9949.14576  
9923.321362  
9864.040204  
9792.243531  
9776.392993  
9655.308872  
9661.811543  
9658.493827  
9619.104234  
9601.977803  
9616.390789  
9666.101372  
9726.590883  
9752.979654  
9745.687482  
9760.620065  
9755.931543  
9822.709435  
9859.47423  
9848.139144  
9836.901218  
9862.929281  
9854.294722  
9885.536841  
9886.653947  
9884.989612  
9919.803914  
9911.767356  
9963.920367  
9959.491453  
9900.411158  
9898.08334  
9905.938691  
9892.87146  
9804.977078  
9718.968099  
9666.182381  
9681.327821  
9645.088382  
9651.187984  
9657.539384  
9671.804652  
9699.107681  
9694.379864  
9730.05497  
9691.238006  
9696.658186  
9751.725195  
9801.93607  
9804.276218  
9768.266991  
9756.467698  
9742.073057  
9738.969332  
9738.290277  
9750.6262  
9832.952462  
9836.912283  
9807.289975  
9741.669995  
9787.434971  
9758.972609  
9775.694988  
9728.13082  
9833.49603  
9766.567838  
9735.685866  
9751.285033  
9745.644902  
9756.93752  
9778.387598  
9804.390932  
9779.080206  
9811.650927  
9769.848005  
9787.844954  
9752.259918  
9749.400626  
9787.725664  
9808.304008  
9731.621917  
9723.29333  
9681.195552  
9724.928109  
9692.032346  
9703.27458  
9722.513046  
9721.405243  
9745.506307  
9811.681493  
9841.052879  
9850.746299  
9845.328402  
9831.765121  
9815.841152  
9852.194102  
9810.387903  
9825.259736  
9815.201361  
9788.798493  
9764.863738  
9756.814054  
9783.803659  
9759.936221  
9882.71083  
9896.762283  
9883.862182  
9901.96891  
9872.491746  
9907.698258  
9918.729687  
9837.529943  
9794.281585  
9815.099906  
9821.376245  
9756.45414  
9682.209728  
9695.421435  
9698.19455  
9717.422353  
9718.428267  
9794.669689  
9795.314633  
9789.700056  
9822.488945  
9832.043379  
9783.306062  
9743.040991  
9779.837972  
9801.480929  
9828.394335  
9867.728347  
9864.740586  
9835.876824  
9871.50306  
9889.945425  
9854.244035  
9888.439657  
9875.571412  
9839.920034  
9849.098762  
9850.495316  
9863.912822  
9891.850476  
9846.458267  
9768.651569  
9810.798341  
9821.387109  
9852.970498  
9844.233488  
9757.73345  
9758.820306  
9747.711781  
9730.783285  
9779.794293  
9750.521778  
9745.794065  
9763.400816  
9799.287344  
9816.913106  
9777.078605  
9793.238952  
9828.988543  
9820.287703  
9833.306737  
9780.840186  
9797.389462  
9854.942906  
9751.675827  
9760.917624  
9743.466983  
9671.502713  
9508.19028  
9561.406675  
9558.658992  
9597.970701  
9648.362035  
9653.984345  
9736.180906  
9766.947869  
9758.809354  
9762.413301  
9802.850295  
9841.573857  
9827.554358  
9845.504762  
9872.791786  
9868.204173  
9850.749757  
9738.895245  
9752.446218  
9763.937396  
9761.261203  
9737.010593  
9723.83351  
9779.897526  
9805.689099  
9784.423255  
9820.046045  
9794.166516  
9796.569422  
9783.320957  
9827.803194  
9873.337948  
9814.277766  
9812.84775  
9782.344394  
9796.635717  
9780.993762  
9824.220579  
9771.997729  
9793.694709  
9755.871233  
9769.681757  
9755.856338  
9720.150303  
9754.058839  
9729.283906  
9765.160113  
9773.631089  
9848.813986  
9832.538244  
9878.147797  
9793.480316  
9807.959972  
9793.900377  
9804.32351  
9776.302162  
9798.222244  
9745.731766  
9777.440082  
9784.483774  
9816.836687  
9813.235333  
9810.313369  
9841.988339  
9866.739462  
9876.895883  
9889.815388  
9892.125003  
9907.250382  
9803.593453  
9805.603685  
9814.058099  
9729.163093  
9730.115074  
9708.837979  
9764.80899  
9709.418072  
9704.848711  
9771.908259  
9710.696729  
9750.013788  
9753.049023  
9737.747507  
9674.811058  
9703.147597  
9714.353836  
9766.222224  
9778.688598  
9774.441658  
9760.974995  
9760.226835  
9731.957065  
9729.883958  
9820.069527  
9888.505287  
9840.398828  
9837.272775  
9836.171729  
9876.975213  
9905.4767  
9913.857797  
9867.490542  
9845.240461  
9855.356443  
9859.149349  
9845.294545  
9845.560567  
9802.720402  
9839.80998  
9852.269139  
9821.687005  
9876.193151  
9833.443978  
9814.550592  
9744.362639  
9830.961837  
9865.058157  
9793.304725  
9753.67282  
9709.836379  
9740.845799  
9797.739748  
9749.812743  
9786.063231  
9796.005391  
9735.003963  
9732.76578  
9718.41307  
9697.053687  
9663.109943  
9676.763631  
9675.525569  
9714.345763  
9738.980041  
9724.468269  
9703.305722  
9704.856257  
9647.768381  
9632.852066  
9677.135435  
9658.352622  
9688.921253  
9757.351778  
9822.054798  
9875.273943  
9883.856965  
9912.291048  
9894.339249  
9898.330029  
9896.27843  
9818.576603  
9811.509932  
9846.749783  
9878.896448  
9894.48372  
9791.359042  
9783.555407  
9766.41466  
9812.669067  
9855.197429  
9765.037679  
9747.84229  
9742.432804  
9727.459773  
9781.242509  
9778.659198  
9775.531059  
9811.523707  
9887.396387  
9826.722502  
9843.746772  
9819.941408  
9864.294596  
9827.183927  
9821.849981  
9867.834449  
9856.88629  
9769.445451  
9801.609886  
9819.004017  
9834.238441  
9805.014097  
9752.048525  
9746.282172  
9665.590506  
9585.825549  
9621.690299  
9658.767734  
9699.432585  
9728.027919  
9791.380479  
9814.78259  
9794.362617  
9758.734841  
9771.243909  
9770.697807  
9749.276797  
9811.913946  
9810.473624  
9869.339198  
9839.90665  
9867.455013  
9895.333163  
9789.630851  
9720.124433  
9725.038233  
9783.949679  
9758.846849  
9750.370206  
9746.734926  
9793.613391  
9824.271055  
9793.057285  
9763.139008  
9784.384403  
9756.925795  
9714.430337  
9681.325942  
9697.088178  
9685.787079  
9674.20822  
9651.244127  
9706.403774  
9689.173204  
9750.102108  
9786.753518  
9839.890385  
9720.605516  
9699.497952  
9819.220269  
9742.370133  
9647.94449  
9677.316147  
9653.210054  
9581.363864  
9615.403433  
9643.774272  
9661.775698  
9696.188492  
9727.527552  
9785.18722  
9774.857144  
9817.306203  
9809.223872  
9789.619923  
9775.830276  
9735.344481  
9804.152342  
9758.920532  
9770.097516  
9744.047038  
9783.095945  
9827.226356  
9806.024539  
9849.969371  
9860.386914  
9840.99904  
9867.540545  
9841.159801  
9848.219389  
9850.694827  
9921.193778  
9931.82352  
9933.149733  
9986.937217  
10018.30821  
9958.926611  
9931.67066  
9840.861599  
9877.12566  
9890.787235  
9834.915335  
9729.372981  
9752.442053  
9733.484355  
9729.656423  
9757.675986  
9736.332955  
9712.256313  
9728.76446  
9740.284455  
9774.239264  
9793.75251  
9804.157409  
9866.312114  
9876.8152  
9899.463169  
9909.008904  
9876.392249  
9831.242823  
9822.049222  
9832.311356  
9779.935204  
9788.575254  
9777.06037  
9713.570904  
9713.287519  
9710.330089  
9684.670655  
9623.117529  
9660.707877  
9734.964881  
9723.212649  
9769.588091  
9774.075579  
9734.751352  
9766.227885  
9748.386472  
9774.012436  
9784.567306  
9777.060301  
9743.137418  
9767.409337  
9775.934128  
9844.039761  
9892.210176  
9858.638225  
9858.235541  
9902.019397  
9869.641449  
9829.299529  
9850.202903  
9866.413252  
9782.411914  
9859.836464  
9838.298518  
9870.579494  
9860.639686  
9834.266507  
9860.334987  
9799.890743  
9773.854816  
9825.25376  
9842.106318  
9869.444269  
9896.846206  
9910.92479  
9842.816782  
9762.290756  
9705.585322  
9872.296843  
9937.313769  
9873.804523  
9719.103411  
9632.321416  
9599.644451  
9673.465505  
9675.806008  
9703.488698  
9708.994931  
9773.513943  
9769.069597  
9765.593101  
9821.834222  
9849.801459  
9863.816136  
9786.998766  
9794.603001  
9805.934347  
9809.744812  
9836.430289  
9793.423649  
9767.651796  
9771.720753  
9790.682386  
9706.090997  
9730.624025  
9738.366186  
9710.364472  
9699.419286  
9745.410482  
9743.20514  
9805.223213  
9775.589836  
9769.83345  
9720.928356  
9773.045013  
9683.469253  
9657.187865  
9669.319808  
9727.410559  
9768.996099  
9801.810978  
9825.842012  
9824.924706  
9822.560648  
9795.896343  
9814.841002  
9835.949546  
9849.273086  
9829.309553  
9888.630563  
9793.242328  
9705.927783  
9715.7047  
9708.158699  
9724.125351  
9732.968898  
9825.265915  
9834.756741  
9823.098335  
9774.313381  
9712.975544  
9849.374432  
9796.654104  
9885.988195  
9880.339928  
9859.87891  
9823.463409  
9793.407117  
9837.014064  
9838.279435  
9793.178088  
9809.407375  
9781.481141  
9722.644781  
9694.637751  
9699.391637  
9758.383882  
9761.642863  
9796.137953  
9865.293323  
9856.12574  
9819.442951  
9791.090815  
9811.347406  
9827.946659  
9794.005602  
9794.488639  
9813.955023  
9819.362493  
9814.708372  
9749.14284  
9772.631541  
9807.849008  
9889.162938  
9853.757885  
9853.259724  
9850.080562  
9807.947454  
9852.87313  
9773.085358  
9801.883762  
9886.247093  
9858.490377  
9794.113022  
9821.532517  
9782.394785  
9724.256774  
9670.983491  
9668.62104  
9681.207681  
9737.512125  
9739.773794  
9751.324401  
9723.131876  
9741.225727  
9748.041484  
9744.588539  
9774.95189  
9804.431684  
9881.159263  
9861.226965  
9905.380176  
9835.147789  
9748.999395  
9728.525138  
9727.552119  
9723.02192  
9765.91191  
9837.951501  
9811.818852  
9797.338751  
9848.175046  
9783.984014  
9800.667684  
9745.879691  
9778.930553  
9771.38245  
9768.522976  
9678.108643  
9726.561086  
9646.076057  
9690.266743  
9736.539759  
9727.872447  
9771.91315  
9763.644377  
9821.008102  
9851.871293  
9871.15467  
9820.442133  
9795.482304  
9744.974806  
9775.049868  
9758.697304  
9674.953401  
9695.644123  
9698.922365  
9633.650991  
9686.347426  
9733.189094  
9721.303618  
9703.656652  
9782.19789  
9772.75198  
9752.859305  
9715.676317  
9760.636806  
9814.19912  
9787.28494  
9834.767555  
9900.932394  
9818.262087  
9786.749588  
9847.23359  
9822.384415  
9775.270879  
9818.879274  
9869.976132  
9802.339874  
9770.733981  
9798.327269  
9814.830439  
9764.934934  
9808.72306  
9833.857362  
9830.430685  
9885.840053  
9791.142833  
9680.369424  
9706.54175  
9685.901093  
9743.407351  
9800.318288  
9882.604595  
9916.352414  
9911.161201  
9925.461818  
9894.284093  
9938.938922  
9910.598022  
9884.506633  
9882.203562  
9856.120617  
9831.162244  
9874.781773  
9890.007315  
9929.234885  
9783.467402  
9754.297974  
9833.334628  
9832.434449  
9830.789368  
9856.884507  
9847.421257  
9762.740628  
9831.789801  
9816.341869  
9832.448021  
9838.996861  
9778.801308  
9786.880698  
9825.747683  
9820.942049  
9818.169212  
9784.553168  
9704.426751  
9662.439624  
9659.453202  
9687.403982  
9678.060149  
9692.226966  
9670.997816  
9682.579523  
9595.790595  
9638.131777  
9626.17554  
9426.968351  
9762.277411  
9746.174408  
9733.651309  
9610.914601  
9573.399515  
9579.150897  
9704.374909  
9745.778311  
9750.799118  
9740.649442  
9790.696532  
9773.174754  
9800.298099  
9728.433319  
9802.488928  
9847.538191  
9829.729235  
9833.430135  
9877.874428  
9861.982614  
9832.027225  
9850.807127  
9911.945636  
9907.542304  
9899.408684  
9854.952815  
9792.260527  
9793.330419  
9791.021495  
9765.698653  
9784.661678  
9794.465186  
9714.16569  
9815.921805  
9787.963148  
9825.821626  
9849.557975  
9854.970175  
9777.580841  
9782.51599  
9844.423623  
9839.143358  
9816.962972  
9864.525227  
9798.746131  
9698.893072  
9661.50593  
9679.267315  
9689.403734  
9727.886701  
9757.89382  
9795.342583  
9771.30578  
9764.752287  
9820.608468  
9911.115604  
9902.735975  
9927.919113  
9879.591049  
9933.875329  
9936.854271  
9823.424937  
9827.204496  
9857.594396  
9889.049415  
9863.992137  
9903.457172  
9829.855248  
9810.043811  
9810.665212  
9789.111911  
9717.22675  
9737.850027  
9746.277767  
9723.181538  
9758.216519  
9752.669286  
9863.182907  
9865.838012  
9782.066564  
9846.441127  
9788.840743  
9770.023465  
9782.623551  
9794.281819  
9592.603402  
9779.093656  
9760.564584  
9741.138422  
9737.320676  
9748.318547  
9705.926782  
9747.879536  
9735.009476  
9765.202957  
9769.261838  
9730.87696  
9761.630645  
9805.23251  
9817.010426  
9779.891547  
9833.120174  
9839.719379  
9676.863542  
9783.359987  
9838.576266  
9803.405261  
9799.533611  
9838.678353  
9786.731177  
9763.90141  
9824.547654  
9855.609514  
9773.414618  
9822.857281  
