9602.076422  
9455.691475  
9454.7398  
9383.940856  
9426.467954  
9412.833585  
9482.757063  
9477.607679  
9466.016755  
9483.201083  
9451.757301  
9450.094853  
9445.88174  
9448.863124  
9496.434682  
9490.834254  
9438.223141  
9440.929499  
9386.601547  
9388.108606  
9449.039931  
9550.440937  
9507.495033  
9435.172486  
9459.080678  
9455.372762  
9487.901359  
9403.933663  
9423.269247  
9461.063288  
9480.010081  
9415.337841  
9457.700284  
9457.127687  
9411.290789  
9446.063896  
9531.337556  
9438.877495  
9360.200884  
9431.85633  
9407.538936  
9506.874254  
9504.226959  
9564.382351  
9446.513533  
9399.599263  
9479.920918  
9460.202295  
9532.526359  
9449.735494  
9359.293042  
9376.605734  
9415.685285  
9416.7294  
9492.88372  
9430.60618  
9410.175255  
9442.10946  
9463.082631  
9465.265025  
9464.452691  
9482.715813  
9471.325787  
9474.563557  
9444.52782  
9415.543622  
9476.046675  
9447.408814  
9489.413832  
9454.543638  
9413.598352  
9432.734221  
9439.258012  
9466.041427  
9503.423055  
9509.093723  
9452.539089  
9427.68199  
9459.685458  
9422.130052  
9444.919041  
9447.661748  
9394.124685  
9375.468858  
9369.922436  
9474.07889  
9417.215836  
9485.697208  
9527.852424  
9504.192267  
9484.315237  
9469.851778  
9494.133947  
9499.0843  
9470.892367  
9437.343077  
9388.589459  
9454.47865  
9510.028097  
9504.797525  
9501.731564  
9488.096883  
9462.489992  
9462.104781  
9455.829717  
9454.634108  
9460.639533  
9421.554095  
9460.980542  
9472.846138  
9590.6053  
9484.70063  
9444.263164  
9439.144847  
9497.134362  
9450.488977  
9465.51391  
9454.393066  
9472.791865  
9491.835176  
9535.450115  
9446.716993  
9434.187704  
9426.21627  
9444.383255  
9427.192894  
9438.773188  
9543.359721  
9516.05195  
9513.854923  
9469.09726  
9490.583654  
9502.545525  
9451.939691  
9505.123501  
9439.117503  
9476.834265  
9399.866907  
9466.132343  
9424.100363  
9464.540093  
9459.406096  
9412.351978  
9461.442356  
9460.932064  
9473.205363  
9443.855715  
9479.908764  
9438.403486  
9447.215078  
9460.606295  
9409.394143  
9352.104554  
9302.028305  
9322.229385  
9445.56172  
9444.545787  
9439.780942  
9437.760904  
9474.362147  
9507.137295  
9458.354481  
9438.04561  
9408.725813  
9427.70399  
9446.491292  
9390.619391  
9444.462352  
9459.296137  
9432.491065  
9449.915893  
9448.376503  
9475.719707  
9437.801343  
9475.762738  
9407.231707  
9459.075284  
9454.507017  
9424.570382  
9386.086564  
9384.479581  
9397.650437  
9390.822316  
9458.793861  
9552.86525  
9461.938415  
9448.785199  
9445.812831  
9397.566833  
9457.351147  
9470.8136  
9409.887384  
9402.793557  
9427.60623  
9418.043657  
9484.032157  
9416.621943  
9406.317571  
9459.951091  
9439.103723  
9500.458488  
9448.387234  
9433.349586  
9483.256817  
9421.687961  
9453.324446  
9518.754494  
9457.69865  
9469.605526  
9489.251772  
9511.71133  
9473.895439  
9433.489185  
9520.807033  
9445.925762  
9450.408161  
9417.022772  
9443.366119  
9459.650145  
9443.976785  
9464.17843  
9473.252634  
9535.287548  
9515.426454  
9511.937588  
9524.008093  
9496.70622  
9478.597725  
9508.893312  
9470.362112  
9435.966216  
9527.151087  
9529.609294  
9477.245344  
9506.300824  
9472.469119  
9455.65096  
9409.596714  
9443.870056  
9523.184824  
9467.184405  
9514.379168  
9523.731764  
9476.079063  
9492.119529  
9484.092377  
9405.906565  
9373.738793  
9481.919134  
9516.30596  
9576.783326  
9512.928872  
9455.409787  
9533.24093  
9458.873597  
9466.900206  
9471.905377  
9522.43517  
9521.78659  
9487.95394  
9494.983222  
9477.087721  
9481.119152  
9416.919872  
9323.423328  
9348.656792  
9340.267963  
9444.546344  
9536.129268  
9511.091855  
9462.456708  
9376.242014  
9362.006563  
9461.784856  
9494.856907  
9434.917557  
9427.192717  
9461.445293  
9501.255967  
9453.069032  
9492.533561  
9437.24133  
9501.077525  
9459.35563  
9419.881205  
9363.152013  
9458.146861  
9451.148572  
9392.506525  
9436.849548  
9484.974513  
9535.229896  
9483.166938  
9430.046114  
9368.907649  
9387.1134  
9338.538474  
9339.79273  
9396.001369  
9423.738908  
9436.822273  
9474.464048  
9483.422248  
9524.107456  
9487.184874  
9584.07057  
9517.545349  
9484.280627  
9456.24975  
9451.410775  
9477.955574  
9403.017816  
9417.31022  
9384.957823  
9433.699842  
9501.060635  
9477.65026  
9426.188653  
9400.313973  
9465.594757  
9418.993456  
9528.867357  
9510.063961  
9549.626726  
9504.292519  
9464.992803  
9523.955789  
9404.127149  
9487.628756  
9438.66359  
9460.685405  
9486.591801  
9476.866715  
9492.420376  
9479.060428  
9473.259393  
9460.008924  
9408.395246  
9455.079644  
9556.033976  
9454.36059  
9440.433532  
9451.740442  
9381.660498  
9417.156611  
9545.891321  
9542.544976  
9492.062854  
9443.766748  
9430.158934  
9475.981734  
9472.750823  
9430.237793  
9459.143662  
9514.526067  
9483.531442  
9503.103066  
9448.408111  
9393.662848  
9457.080005  
9489.980553  
9513.719473  
9484.52188  
9471.812408  
9391.594354  
9404.520331  
9325.493756  
9517.713706  
9549.004041  
9444.930914  
9387.430276  
9393.193459  
9340.700622  
9378.045841  
9411.382105  
9393.378722  
9450.392313  
9441.739135  
9452.204632  
9437.946451  
9457.476343  
9439.499458  
9498.695643  
9476.21552  
9423.947131  
9441.084738  
9425.589094  
9454.491399  
9436.22351  
9420.969727  
9503.00045  
9489.61109  
9530.682417  
9566.95955  
9580.118998  
9457.926385  
9400.779831  
9411.868929  
9410.797894  
9429.090547  
9461.365938  
9443.073861  
9472.083446  
9423.838594  
9434.778205  
9425.193525  
9476.023372  
9452.814292  
9420.181837  
9392.966605  
9391.056621  
9383.827145  
9401.795168  
9338.470542  
9402.422475  
9479.529589  
9462.976801  
9513.532353  
9548.769216  
9521.162844  
9528.2391  
9509.461741  
9482.764633  
9503.339502  
9442.857403  
9471.784576  
9464.829878  
9539.635884  
9500.214113  
9462.465036  
9484.531365  
9461.231976  
9465.69988  
9528.096238  
9317.425112  
9554.080428  
9579.170033  
9486.101962  
9393.268278  
9423.457035  
9436.231937  
9468.631125  
9405.61159  
9459.841274  
9398.708654  
9428.826887  
9445.161487  
9424.98935  
9479.922632  
9446.228389  
9453.911825  
9425.216639  
9501.877272  
9431.098571  
9450.173371  
9520.481411  
9478.156692  
9495.214313  
9490.387568  
9433.908838  
9457.407  
9445.353742  
9443.567898  
9416.39104  
9437.387799  
9373.937258  
9458.405127  
9413.152463  
9436.100686  
9508.433636  
9542.905127  
9444.04378  
9504.183963  
9413.374712  
9438.111205  
9435.595884  
9443.978719  
9475.920683  
9374.138641  
9408.677062  
9395.566129  
9394.733268  
9339.666819  
9362.864815  
9490.775621  
9515.858252  
9505.232199  
9479.101582  
9482.067748  
9427.490538  
9343.707012  
9373.126223  
9392.494152  
9411.081877  
9450.967147  
9450.282892  
9499.779251  
9509.195032  
9507.724448  
9565.765848  
9560.172409  
9591.516198  
9484.204882  
9486.278532  
9466.068236  
9375.869679  
9357.918003  
9423.100467  
9478.842293  
9289.489934  
9496.579501  
9518.192533  
9478.380348  
9412.410583  
9431.969711  
9337.526325  
9411.905466  
9460.367088  
9547.313865  
9521.587529  
9539.568778  
9514.039401  
9471.337087  
9403.530439  
9401.544468  
9330.95702  
9354.914724  
9417.076518  
9488.441072  
9474.896327  
9459.246905  
9420.586995  
9430.015202  
9453.729546  
9418.865077  
9455.327041  
9518.645623  
9507.51995  
9533.062066  
9509.319251  
9516.510458  
9509.310981  
9566.489412  
9452.308813  
9572.162236  
9524.177342  
9488.93898  
9456.965017  
9466.725993  
9427.974875  
9425.786141  
9525.311131  
9534.915943  
9515.002687  
9465.51065  
9427.509862  
9471.385531  
9453.853619  
9438.598517  
9467.137122  
9455.451864  
9475.195028  
9549.779047  
9475.103558  
9410.160679  
9406.530892  
9451.731045  
9429.234621  
9475.453609  
9489.871232  
9454.741584  
9366.50163  
9517.144274  
9495.352466  
9523.852339  
9538.479331  
9479.506217  
9415.485974  
9340.884858  
9330.298628  
9334.98494  
9366.99674  
9337.578832  
9417.566368  
9485.039585  
9453.812761  
9425.29072  
9527.188273  
9458.345784  
9468.382732  
9424.682971  
9377.56536  
9389.379583  
9418.906842  
9466.375208  
9467.457177  
9523.62001  
9476.145335  
9425.853885  
9481.879879  
9433.942625  
9438.754091  
9476.580067  
9528.112439  
9465.007563  
9476.829759  
9507.839578  
9529.685401  
9439.606453  
9435.048182  
9406.661617  
9363.937077  
9518.375519  
9414.781542  
9516.990727  
9506.297375  
9459.112328  
9467.026179  
9420.214901  
9445.405554  
9460.468973  
9465.25476  
9517.322558  
9510.854627  
9467.939407  
9451.346434  
9444.55714  
9388.759454  
9466.07809  
9460.435259  
9530.019339  
9524.885938  
9501.440487  
9454.790197  
9462.38207  
9426.019727  
9381.715117  
9361.180645  
9403.746563  
9480.654835  
9564.402755  
9521.366595  
9562.419933  
9444.772626  
9429.39918  
9357.191187  
9407.149326  
9418.703606  
9462.440391  
9426.410664  
9475.410821  
9535.666877  
9509.429995  
9479.232314  
9472.336987  
9466.247309  
9453.396165  
9494.324261  
9413.398991  
9448.44925  
9259.024568  
9543.274737  
9455.525433  
9421.592151  
9351.026625  
9355.65084  
9295.630902  
9330.844346  
9310.899372  
9305.862501  
9358.878572  
9421.612543  
9433.483856  
9444.605561  
9479.022346  
9484.676554  
9497.452191  
9550.532038  
9459.425785  
9446.284441  
9501.917384  
9466.000784  
9486.821935  
9497.475025  
9493.482422  
9547.285668  
9514.281923  
9515.375738  
9537.354854  
9513.762565  
9473.138041  
9514.76754  
9515.838237  
9608.251707  
9294.479039  
9500.695716  
9498.331335  
9442.000465  
9420.932125  
9348.087218  
9369.165097  
9416.756936  
9473.547106  
9488.671052  
9466.552373  
9463.382243  
9415.874416  
9396.03576  
9437.073173  
9375.483783  
9438.637184  
9461.00882  
9427.394339  
9531.226113  
9513.051419  
9521.444624  
9399.987978  
9383.904193  
9428.927104  
9430.435493  
9443.680568  
9469.265371  
9510.845522  
9503.889341  
9536.450687  
9538.529374  
9575.974644  
9533.513403  
9545.703279  
9520.516748  
9436.472883  
9451.256344  
9481.190853  
9458.441272  
9593.024299  
9540.456766  
9550.98499  
9524.084373  
9487.966601  
9447.596299  
9390.965978  
9329.418526  
9329.450407  
9368.693959  
9410.764245  
9481.7921  
9425.288509  
9478.095834  
9503.430395  
9473.433009  
9540.54546  
9501.639414  
9519.426423  
9474.770423  
9486.836779  
9467.432317  
9467.674282  
9492.598021  
9512.907999  
9510.644993  
9461.16184  
9458.422644  
9466.393905  
9444.861893  
9289.676085  
9421.674147  
9444.596499  
9489.504145  
9521.931179  
9511.171737  
9468.493602  
9448.678561  
9415.437854  
9382.141475  
9493.908838  
9556.881932  
9497.444697  
9444.943152  
9473.352381  
9250.1981  
9531.206924  
9498.185835  
9426.560593  
9425.106937  
9395.015471  
9408.124669  
9386.083673  
9391.106976  
9339.780289  
9297.095215  
9350.508678  
9421.144658  
9414.499627  
9532.047782  
9621.442936  
9653.948315  
9545.245148  
9460.10167  
9436.365923  
9396.090674  
9541.26917  
9495.054026  
9395.830909  
9349.37094  
9296.58413  
9319.454359  
9364.823584  
9323.443905  
9378.015521  
9441.656027  
9518.89685  
9456.107499  
9618.620106  
9605.933229  
9527.589044  
9644.911025  
9612.727958  
9604.620106  
9582.959922  
9575.901002  
9512.571216  
9618.309482  
9563.935435  
9561.237243  
9394.966009  
9417.461837  
9398.29493  
9388.657573  
9288.586203  
9278.268485  
9273.888895  
9319.669484  
9301.390694  
9335.360709  
9414.965255  
9411.313307  
9468.639414  
9505.78684  
9560.675977  
9510.310862  
9610.815457  
9590.869164  
9561.857537  
9561.526117  
9646.08608  
9587.221557  
9513.592743  
9682.000531  
9638.921744  
9639.342693  
9591.704609  
9569.296329  
9523.775364  
9532.000942  
9554.709423  
9476.097848  
9341.484417  
9377.498474  
9325.865703  
9203.448988  
9233.620994  
9213.275887  
9211.717481  
9262.96772  
9334.81656  
9320.307417  
9421.838929  
9373.637453  
9409.118133  
9414.414512  
9297.596987  
9416.857576  
9441.801881  
9425.456635  
9415.252065  
9387.187696  
9421.381486  
9413.900091  
9494.476205  
9483.823842  
9423.623374  
9388.461107  
9461.302023  
9444.174589  
9403.967712  
9507.611224  
9487.809878  
9482.063215  
9512.457719  
9499.365477  
9512.128529  
9484.970661  
9523.753499  
9457.892732  
9450.444655  
9549.702571  
9514.927965  
9474.182356  
9487.998704  
9386.150963  
9471.787659  
9418.060512  
9411.026621  
9516.065972  
9392.217081  
9409.233195  
9355.822546  
9369.561593  
9388.961107  
9341.655043  
9427.828509  
9462.124154  
9552.984752  
9499.917965  
9519.380759  
9529.26897  
9510.22276  
9458.815168  
9513.05523  
9527.856726  
9489.962564  
9536.15991  
9527.525867  
9487.581858  
9462.539493  
9613.59538  
9584.430257  
9600.631767  
9590.268993  
9540.303669  
9529.882486  
9447.419595  
9479.293392  
9305.692237  
9462.683548  
9539.914885  
9504.643755  
9357.296752  
9365.876353  
9326.053753  
9296.224536  
9298.310405  
9359.305722  
9419.238558  
9455.30774  
9409.956674  
9448.410998  
9499.758581  
9431.190349  
9477.894754  
9450.456897  
9425.678603  
9465.271242  
9438.949557  
9496.344484  
9478.077245  
9484.485821  
9512.652259  
9504.511307  
9510.190122  
9475.08102  
9489.517643  
9485.499827  
9451.679591  
9518.406884  
9522.944271  
9496.253237  
9486.522034  
9472.35124  
9418.88525  
9423.953544  
9393.060493  
9479.587648  
9395.295649  
9455.755206  
9409.901321  
9427.313642  
9381.051439  
9493.885904  
9485.856334  
9489.574807  
9525.168526  
9536.060893  
9507.246617  
9542.673163  
9511.858814  
9465.692329  
9400.217389  
9374.057667  
9283.271557  
9406.71126  
9475.542023  
9514.640056  
9464.781604  
9398.893078  
9367.929384  
9317.699499  
9310.319313  
9343.460749  
9401.921629  
9505.428038  
9485.226543  
9505.800739  
9461.868787  
9452.566425  
9477.798374  
9495.494533  
9564.564938  
9515.099729  
9532.453652  
9508.880348  
9459.352139  
9410.341086  
9401.202033  
9394.072269  
9358.500531  
9421.749204  
9455.893635  
9469.632032  
9476.205101  
9539.967904  
9530.57706  
9439.501719  
9370.126899  
9487.059786  
9489.380744  
9505.73183  
9456.296394  
9468.667346  
9519.624293  
9504.853454  
9508.65853  
9522.974452  
9507.337264  
9462.138391  
9471.460741  
9495.467604  
9491.632805  
9423.379687  
9504.885673  
9515.824572  
9456.684301  
9413.148595  
9503.009081  
9341.78511  
9468.79987  
9487.314872  
9474.004721  
9383.7925  
9362.170529  
9398.300055  
9423.334657  
9477.709438  
9505.377268  
9483.973679  
9491.421417  
9476.848137  
9390.104588  
9379.864254  
9444.439676  
9426.470157  
9453.332581  
9481.431583  
9490.888737  
9475.203894  
9490.78378  
9407.350524  
9417.113673  
9406.05626  
9256.218381  
9462.064638  
9480.679799  
9449.269089  
9394.779685  
9448.265048  
9460.648107  
9508.14044  
9487.84044  
9467.00564  
9421.439476  
9455.205939  
9456.476459  
9468.75521  
9457.108725  
9444.947831  
9434.196366  
9530.866126  
9504.459876  
9528.223806  
9527.910748  
9487.21369  
9538.080862  
9477.863985  
9412.770427  
9564.011304  
9585.871194  
9573.457404  
9539.607141  
9420.847379  
9441.028793  
9381.63337  
9403.156477  
9409.784856  
9360.143678  
9413.823238  
9466.236813  
9520.110832  
9457.273222  
9426.501092  
9450.960945  
9455.693505  
9519.290835  
9516.333865  
9459.522065  
9504.346291  
9416.516967  
9393.318744  
9517.257463  
9491.530916  
9480.232902  
9489.003714  
9460.762361  
9492.549301  
9416.203982  
9375.035648  
9489.819897  
9421.729461  
9449.767444  
9472.239915  
9477.864185  
9503.949342  
9195.835741  
9383.92878  
9332.875408  
9361.330962  
9362.96354  
9356.688192  
9433.795729  
9497.527032  
9320.329059  
9610.22797  
9542.061781  
9518.915404  
9460.737224  
9443.558863  
9425.652474  
9253.703629  
9423.29829  
9460.68522  
9526.862597  
9486.429361  
9446.536809  
9421.440753  
9479.525295  
9497.519451  
9532.147426  
9505.045402  
9549.706974  
9466.253564  
9457.55047  
9455.26496  
9489.313177  
9518.962441  
9548.00544  
9563.882816  
9539.717916  
9431.181375  
9440.806287  
9480.386896  
9486.422333  
9576.081628  
9523.215382  
9508.936089  
9438.12648  
9619.466951  
9434.710972  
9460.54235  
9543.857895  
9522.947681  
9480.642667  
9409.565257  
9360.653136  
9342.325438  
9316.164543  
9447.236047  
9534.518328  
9579.141571  
9638.65104  
9540.210215  
9492.489281  
9418.912106  
9332.951956  
9303.457373  
9483.288705  
9486.164824  
9517.946466  
9472.800524  
9485.577641  
9491.789505  
9443.818425  
9437.096091  
9419.24662  
9447.802865  
9490.044733  
9498.179668  
9380.668907  
9470.498774  
9493.235428  
9610.524691  
9558.662098  
9486.732141  
9369.474048  
9302.314999  
9342.374558  
9385.403351  
9369.281481  
9329.438826  
9390.126646  
9378.588875  
9404.928607  
9404.9265  
9260.156896  
9510.435904  
9556.836953  
9394.897784  
9434.575215  
9357.045056  
9328.530154  
9373.663097  
9373.089436  
9456.783961  
9448.051112  
9455.71875  
9465.949088  
9440.746444  
9442.961034  
9453.590182  
9461.982472  
9475.416219  
9338.322566  
9481.3848  
9449.752503  
9459.704567  
9450.195239  
9359.977212  
9446.38039  
9453.062877  
9422.148926  
9549.443325  
9572.49268  
9554.577248  
9517.766648  
9493.285979  
9482.136488  
9455.753726  
9442.477051  
9517.784576  
9557.854611  
9566.920487  
9399.920756  
9573.540043  
9444.586841  
9489.96028  
9513.719911  
9486.843519  
9446.090678  
9469.694174  
9412.979623  
9389.42532  
9403.850778  
9451.777555  
9426.46539  
9408.332485  
9386.62778  
9413.001361  
9434.040066  
9425.432325  
9473.348821  
9541.696143  
9583.316787  
9467.529647  
9461.291269  
9511.747882  
9506.448504  
9562.139518  
9461.520062  
9443.773495  
9431.411879  
9502.901682  
9455.029651  
9400.527278  
9415.810416  
9418.781611  
9306.775621  
9362.711357  
9360.965459  
9343.6357  
9361.535187  
9443.169703  
9521.670541  
9545.726835  
9539.628799  
9491.97201  
9486.635431  
9526.976332  
9431.484125  
9425.883824  
9405.92008  
9489.893147  
9499.209569  
9496.083731  
9444.761588  
9523.806206  
9492.650675  
9500.045649  
9550.013318  
9514.301596  
9498.928634  
9435.457939  
9457.312192  
9428.471853  
9437.699192  
9490.303584  
9462.663974  
9511.296687  
9500.764179  
9420.493971  
9412.558086  
9464.7393  
9423.848748  
9413.83047  
9502.026475  
9182.64926  
9452.83157  
9591.690691  
9491.030773  
9537.457939  
9490.401483  
9432.614665  
9273.319747  
9355.643662  
9329.313769  
9344.949703  
9391.064865  
9448.282111  
9375.171444  
9510.820416  
9450.784772  
9594.622366  
9545.199057  
9549.567906  
9503.58162  
9467.114081  
9434.58849  
9545.768216  
9509.422386  
9485.877284  
9501.931218  
9478.520896  
9492.368037  
9476.554611  
9453.775641  
9453.982364  
9419.798736  
9384.38024  
9371.50957  
9429.383528  
9459.831624  
9579.161175  
9527.428357  
9447.512265  
9345.890025  
9380.253618  
9376.005679  
9446.28441  
9464.319551  
9440.755302  
9452.341059  
9477.247905  
9467.732503  
9410.444371  
9458.326437  
9476.812592  
9577.996082  
9576.787828  
9526.273376  
9457.025437  
9353.292384  
9420.376307  
9397.261234  
9331.125408  
9426.811635  
9289.613339  
9544.194647  
9535.627391  
9506.20429  
9429.203421  
9345.216662  
9421.373877  
9448.682556  
9483.577568  
9491.993729  
9523.799097  
9440.784076  
9590.877657  
9504.218785  
9551.312108  
9510.276083  
9483.060635  
9465.104373  
9326.684228  
9479.068502  
9449.429576  
9515.168676  
9480.538663  
9489.437119  
9555.365765  
9523.892078  
9439.104058  
9479.578963  
9437.759316  
9482.738654  
9464.621348  
9500.535325  
9432.581862  
9421.362055  
9401.408853  
9385.618045  
9466.566299  
9456.403086  
9442.991984  
9481.502372  
9509.818828  
9504.157215  
9414.339144  
9436.068067  
9288.158757  
9499.261403  
9568.286271  
9524.629806  
9494.639841  
9476.429295  
9369.053142  
9351.777144  
9379.107222  
9445.704836  
9409.365776  
9414.644327  
9408.916777  
9487.338925  
9527.069513  
9517.055756  
9507.656223  
9420.103012  
9520.798882  
9390.960053  
9603.143451  
9514.645762  
9522.451533  
9453.50331  
9383.424116  
9421.571278  
9374.560808  
9495.765394  
9543.884304  
9491.854492  
9536.697631  
9493.441633  
9532.248008  
9453.077775  
9386.185482  
9397.789678  
9595.078698  
9437.145731  
9387.705178  
9390.192806  
9357.664266  
9352.679168  
9389.577091  
9464.644858  
9442.631559  
9476.852601  
9418.321301  
9526.023303  
9521.289143  
9623.011527  
9539.189853  
9525.387538  
9351.782269  
9421.19046  
9236.969111  
9369.522453  
9403.505617  
9435.716339  
9388.723287  
9362.264829  
9382.755779  
9478.055433  
9529.17324  
9562.918465  
9527.703363  
9465.823085  
9509.734794  
9473.241534  
9452.975498  
9437.671198  
9496.4676  
9485.322981  
9519.004464  
9525.923409  
9473.43622  
9443.736686  
9433.658588  
9447.758401  
9442.855215  
9481.18003  
9410.547417  
9300.330528  
9385.572735  
9503.49431  
9488.497709  
9554.717916  
9463.025394  
9459.858606  
9392.454248  
9398.875138  
9433.817829  
9435.410214  
9489.497462  
9508.045895  
9582.224817  
9587.62407  
9595.754525  
9578.395481  
9500.926504  
9535.89708  
9503.131459  
9454.839755  
9456.060355  
9538.373927  
9512.368137  
9450.855888  
9296.109202  
9399.473064  
9418.187354  
9352.051804  
9447.335599  
9527.56536  
9583.079275  
9545.168026  
9440.019877  
9478.193252  
9488.549782  
9524.715374  
9469.535468  
9336.185132  
9433.004779  
9441.104715  
9583.280839  
9438.713644  
9376.286056  
9481.902663  
9357.803849  
9456.493506  
9396.47193  
9408.184613  
9433.492876  
9435.79997  
9424.808713  
9423.429157  
9241.390733  
9044.244129  
9033.348963  
9592.071908  
9537.258205  
9357.898599  
9430.967262  
9364.905631  
9388.74178  
9391.208711  
9440.212625  
9481.960096  
9501.221499  
9469.816564  
9513.523972  
9458.722133  
9429.677715  
9476.305168  
9468.339659  
9465.156754  
9452.841674  
9518.786225  
9501.737762  
9507.387976  
9476.615373  
9627.793545  
9490.955689  
9582.916316  
9537.43096  
9498.29724  
9386.880167  
9402.261957  
9411.331147  
9507.380925  
9483.841059  
9501.718969  
9568.385969  
9536.594569  
9528.921479  
9477.329613  
9425.217896  
9522.648245  
9447.159687  
9404.195074  
9291.433798  
9513.103446  
9437.720645  
9451.138007  
9392.631909  
9366.165354  
9380.995867  
9406.340782  
9376.318448  
9417.062554  
9407.790243  
9463.888349  
9484.370821  
9457.032738  
9394.934912  
9482.918234  
9446.490511  
9499.901383  
9554.127968  
9550.585834  
9492.132436  
9467.465455  
9409.673459  
9393.407476  
9441.404009  
9457.789332  
9563.802788  
9503.881786  
9446.740661  
9436.863793  
9434.60766  
9452.874346  
9401.125392  
9396.546141  
9419.60044  
9446.568602  
9443.303565  
9528.691272  
9630.553549  
9471.36763  
9391.907138  
9425.097668  
9395.266002  
9191.000554  
9457.170691  
9404.933102  
9423.090267  
9495.487378  
9515.658834  
9463.68607  
9500.662275  
9462.81155  
9440.820151  
9492.705167  
9365.950111  
9379.531262  
9355.06343  
9435.098091  
9486.466051  
9487.163655  
9488.411064  
9501.504741  
9481.323623  
9510.055049  
9411.171963  
9439.668803  
9453.691637  
9440.517909  
9491.136603  
9469.5221  
9445.978631  
9555.95454  
9496.51569  
