8520.331464  
8419.68646  
8387.556995  
8489.015066  
8479.798474  
8421.548206  
8454.657801  
8455.659132  
8493.443974  
8442.032589  
8548.209544  
8480.010057  
8521.27643  
8530.042851  
8593.300246  
8471.051065  
8512.127465  
8541.6336  
8448.638932  
8449.223113  
8536.405195  
8448.252134  
8432.765192  
8485.676096  
8454.527296  
8502.752898  
8455.962765  
8447.34086  
8439.48988  
8490.101775  
8450.738872  
8503.85313  
8456.69291  
8540.018059  
8462.786944  
8496.335772  
8540.850806  
8384.397351  
8473.696336  
8412.655155  
8463.574872  
8475.228012  
8478.822667  
8485.645453  
8505.052797  
8491.288771  
8500.504694  
8529.701511  
8540.556649  
8412.840812  
8470.376024  
8404.912086  
8461.301451  
8445.825392  
8451.565855  
8439.803136  
8454.571407  
8545.925962  
8476.087237  
8450.826944  
8458.09805  
8578.318281  
8521.695116  
8460.39198  
8468.33163  
8513.407872  
8435.576865  
8498.25782  
8511.476862  
8500.166472  
8449.584685  
8497.943391  
8446.481304  
8485.227208  
8450.767224  
8451.627048  
8433.763097  
8517.338741  
8521.514664  
8449.923694  
8531.233895  
8521.229555  
8462.08022  
8463.78099  
8409.791724  
8385.465553  
8366.852263  
8474.185744  
8464.622062  
8454.248614  
8438.635663  
8479.210859  
8527.483902  
8556.603327  
8567.687508  
8434.195297  
8539.274863  
8480.514601  
8499.641468  
8438.542543  
8481.187579  
8462.185342  
8485.797135  
8489.213521  
8488.832992  
8502.199337  
8423.454944  
8421.540008  
8531.21634  
8505.0754  
8469.059271  
8471.254371  
8423.665425  
8505.18435  
8492.947029  
8466.271807  
8479.61488  
8533.260301  
8525.06932  
8511.878993  
8522.423111  
8432.165149  
8546.935507  
8537.886356  
8454.746637  
8451.239486  
8481.199668  
8500.931601  
8497.032841  
8419.336394  
8487.836985  
8442.272989  
8556.185618  
8505.598389  
8612.529399  
8578.462828  
8543.283754  
8499.403919  
8491.255607  
8571.231784  
8415.170166  
8446.365486  
8408.69317  
8327.864998  
8423.90525  
8474.268893  
8424.481083  
8497.073471  
8439.486604  
8560.22498  
8529.287606  
8480.616227  
8372.77391  
8423.948644  
8444.236249  
8430.157857  
8383.887971  
8482.226862  
8485.545993  
8558.626827  
8504.213277  
8441.005284  
8439.775052  
8511.469427  
8490.389184  
8445.598782  
8506.909786  
8492.352523  
8490.966482  
8468.242865  
8500.488478  
8519.220963  
8483.547592  
8516.141956  
8532.198896  
8561.462528  
8536.077999  
8513.393941  
8503.927136  
8541.175269  
8521.407416  
8574.617881  
8503.060192  
8601.051159  
8479.271744  
8491.927608  
8428.577637  
8532.449959  
8504.281155  
8535.627434  
8464.713481  
8510.666906  
8496.292701  
8580.500457  
8545.423608  
8478.713088  
8455.751945  
8409.829149  
8428.960615  
8516.00567  
8530.923576  
8438.680223  
8504.092411  
8315.374307  
8358.217348  
8435.272492  
8421.363644  
8390.425049  
8413.021587  
8407.049135  
8471.372779  
8470.355807  
8493.34423  
8542.259128  
8474.582346  
8509.11388  
8463.25645  
8471.365203  
8440.468821  
8471.242471  
8450.385632  
8489.835457  
8491.066343  
8473.8479  
8489.324502  
8505.932286  
8556.024367  
8471.528171  
8592.324573  
8501.361856  
8423.171206  
8476.961284  
8435.965466  
8453.604673  
8484.239061  
8436.877276  
8428.087788  
8376.155187  
8480.609635  
8437.107753  
8467.968616  
8486.909432  
8490.156951  
8514.099208  
8485.115392  
8472.746732  
8449.125134  
8451.191965  
8496.955685  
8482.581968  
8468.470207  
8463.548143  
8488.212198  
8547.557397  
8501.583339  
8495.650154  
8497.573864  
8398.266917  
8443.061539  
8425.665189  
8401.143563  
8480.690438  
8376.677388  
8374.363297  
8371.429317  
8356.861541  
8444.186862  
8476.350688  
8463.591214  
8424.328968  
8443.732123  
8418.701117  
8502.72075  
8569.095916  
8628.513774  
8548.200621  
8506.264617  
8596.617825  
8503.225436  
8484.797631  
8521.402509  
8529.188185  
8492.803837  
8512.877111  
8481.969971  
8549.513845  
8510.206417  
8490.443351  
8395.177884  
8437.105965  
8526.060697  
8483.707803  
8436.036558  
8391.283558  
8520.286275  
8490.978035  
8443.245857  
8426.164795  
8497.490542  
8533.577834  
8476.737974  
8502.390082  
8490.336646  
8528.922332  
8517.447919  
8477.646902  
8419.769846  
8556.12222  
8506.075258  
8548.979303  
8526.93435  
8457.173025  
8480.670717  
8485.520634  
8679.764034  
8571.714245  
8515.30946  
8666.756702  
8523.801088  
8377.688516  
8489.845821  
8474.641153  
8435.01431  
8398.55705  
8461.155651  
8452.388719  
8355.933105  
8455.413432  
8443.898115  
8425.191406  
8482.703629  
8457.108367  
8482.62726  
8410.806121  
8443.186342  
8444.868448  
8410.421221  
8499.768704  
8495.468372  
8449.150777  
8478.967372  
8412.861919  
8345.451085  
8277.000354  
8452.059358  
8494.82058  
8476.999252  
8503.57366  
8521.374606  
8510.144153  
8460.266105  
8409.537865  
8543.019886  
8496.268129  
8495.923033  
8452.15955  
8403.371873  
8352.741998  
8476.117534  
8466.006167  
8505.300277  
8506.866077  
8505.597381  
8413.54756  
8465.190595  
8597.700187  
8538.515932  
8543.936586  
8509.4474  
8571.560515  
8514.816824  
8455.96827  
8381.897461  
8260.495621  
8340.649863  
8378.411487  
8431.830598  
8403.325936  
8473.393468  
8450.853681  
8565.499559  
8555.063855  
8646.440217  
8590.922261  
8545.886805  
8540.697203  
8530.235092  
8474.30301  
8469.876158  
8457.913913  
8445.688225  
8397.797363  
8464.00267  
8615.798001  
8529.58719  
8486.396957  
8484.839048  
8474.886057  
8460.742959  
8561.990825  
8407.923348  
8499.272611  
8524.137317  
8542.765893  
8418.328015  
8516.546245  
8452.860824  
8537.665756  
8492.759372  
8489.932176  
8511.664882  
8480.185571  
8389.502378  
8394.387939  
8399.203243  
8445.394067  
8518.318273  
8494.934578  
8518.104839  
8534.843254  
8535.444785  
8438.230225  
8497.443525  
8616.072967  
8622.872212  
8634.712339  
8548.199479  
8434.049277  
8550.975554  
8513.354067  
8521.479358  
8400.363313  
8305.741683  
8561.795678  
8559.407589  
8503.335213  
8538.742321  
8534.42701  
8488.544371  
8611.025351  
8496.745259  
8450.126158  
8431.553097  
8397.75693  
8415.943155  
8337.898406  
8398.472373  
8418.447368  
8483.930097  
8596.72761  
8518.068233  
8481.230169  
8487.044788  
8489.390515  
8425.156155  
8529.503127  
8561.369676  
8476.741636  
8486.170906  
8418.686886  
8494.914259  
8427.432775  
8421.235682  
8474.537298  
8508.596034  
8339.954417  
8360.843592  
8373.670678  
8435.761301  
8472.458126  
8463.29226  
8463.845026  
8548.107934  
8534.335646  
8501.018421  
8560.966474  
8475.290716  
8461.313532  
8474.426797  
8516.207315  
8480.328834  
8445.715017  
8520.066792  
8364.769752  
8424.335693  
8576.354083  
8517.613722  
8487.495968  
8467.528525  
8417.834575  
8488.182712  
8468.799159  
8451.144256  
8476.328188  
8419.357453  
8334.039204  
8333.629111  
8323.315634  
8430.449534  
8411.665779  
8478.417339  
8499.76583  
8454.404399  
8513.298671  
8559.574723  
8531.04211  
8548.444785  
8584.10984  
8493.96497  
8481.102618  
8478.17408  
8590.779636  
8551.777328  
8470.194281  
8471.462709  
8377.852263  
8398.564532  
8476.003969  
8437.75389  
8562.136144  
8489.379812  
8528.622086  
8524.324038  
8577.729091  
8488.847704  
8360.822628  
8416.781108  
8504.39869  
8549.32488  
8521.240534  
8505.363573  
8534.14635  
8502.637782  
8466.122031  
8485.462324  
8468.730634  
8426.985092  
8467.43587  
8495.21827  
8468.94169  
8424.686327  
8539.565091  
8435.151808  
8418.978539  
8476.330976  
8556.166268  
8516.609312  
8554.285196  
8500.113179  
8392.820328  
8421.527029  
8473.849412  
8543.537417  
8511.004851  
8511.50256  
8558.095459  
8428.730366  
8412.261278  
8399.17875  
8275.983729  
8354.182452  
8353.756371  
8477.272177  
8604.272973  
8600.353287  
8609.771358  
8595.422332  
8589.354083  
8605.789929  
8545.731343  
8430.742314  
8449.643334  
8556.232973  
8434.044339  
8515.907101  
8567.854358  
8556.577589  
8512.078668  
8456.432633  
8394.51453  
8311.847066  
8331.434814  
8312.999189  
8385.640247  
8384.918796  
8382.176033  
8475.833512  
8493.163188  
8543.387081  
8539.310484  
8440.508128  
8445.285487  
8465.781982  
8565.190469  
8540.59056  
8544.673269  
8615.524375  
8506.311413  
8417.096743  
8447.843246  
8429.033416  
8440.045678  
8417.808342  
8400.446565  
8486.34994  
8447.680837  
8482.772587  
8489.598373  
8491.1154  
8461.589308  
8370.845435  
8412.526391  
8538.068895  
8578.691075  
8324.327495  
8463.895405  
8526.089143  
8552.559161  
8460.869243  
8465.287259  
8438.692847  
8449.768838  
8454.542032  
8463.982083  
8477.388231  
8503.216135  
8440.110005  
8348.051592  
8369.370432  
8440.903092  
8351.86577  
8436.359139  
8531.255765  
8521.217482  
8567.066217  
8563.007151  
8507.113722  
8467.501843  
8379.371141  
8540.736596  
8574.577731  
8547.769027  
8567.546017  
8606.141806  
8429.780226  
8484.898579  
8522.506781  
8559.297056  
8536.014302  
8480.897406  
8456.858934  
8485.380946  
8506.532959  
8422.642145  
8351.463938  
8373.433074  
8287.370046  
8482.626307  
8328.48228  
8497.472704  
8424.198549  
8601.209394  
8574.239203  
8608.224499  
8536.771098  
8533.49863  
8428.365967  
8325.679105  
8245.760033  
8312.266263  
8377.783841  
8402.948242  
8330.152722  
8330.905155  
8354.229469  
8463.132521  
8557.845711  
8536.83834  
8499.003489  
8521.403013  
8486.381875  
8491.412031  
8525.547639  
8527.168914  
8470.513798  
8485.460725  
8480.598019  
8443.760577  
8513.288661  
8510.544182  
8524.319005  
8472.187484  
8460.156179  
8556.230445  
8603.237454  
8490.668339  
8467.2361  
8533.036093  
8520.525446  
8476.614124  
8417.941934  
8416.243518  
8475.527808  
8507.467325  
8530.905037  
8636.198518  
8572.261246  
8564.974578  
8464.492046  
8501.50567  
8541.256033  
8498.634876  
8557.379788  
8510.553294  
8517.340608  
8520.134128  
8517.114045  
8504.993487  
8520.622889  
8462.481414  
8444.368865  
8302.879686  
8383.550529  
8310.850531  
8392.531486  
8477.4805  
8549.489589  
8568.036873  
8498.973412  
8491.536889  
8505.111698  
8541.142444  
8500.884128  
8517.283825  
8493.897713  
8511.854886  
8547.96901  
8476.532565  
8568.359154  
8544.840104  
8503.929617  
8403.431649  
8352.577314  
8437.184791  
8341.998315  
8374.992621  
8361.568462  
8323.620661  
8349.507616  
8433.899965  
8552.751733  
8570.291031  
8608.86169  
8558.57907  
8505.818359  
8373.22342  
8367.314611  
8425.278383  
8454.853657  
8500.791811  
8484.210977  
8490.219986  
8598.082693  
8446.009293  
8391.793473  
8364.864478  
8370.169686  
8409.250811  
8483.096097  
8499.801624  
8512.138924  
8457.018641  
8524.988754  
8562.781431  
8596.549104  
8473.434602  
8435.896658  
8613.743574  
8364.74407  
8591.11173  
8557.666701  
8554.235446  
8491.203952  
8573.48002  
8468.374323  
8481.080543  
8443.318249  
8443.978145  
8355.519712  
8380.110446  
8376.476263  
8408.659266  
8462.118904  
8471.338844  
8480.006458  
8506.840718  
8387.50415  
8199.25797  
8433.661424  
8585.866557  
8501.555325  
8478.355776  
8506.741605  
8530.709992  
8520.925293  
8510.98013  
8524.73977  
8393.494196  
8433.58967  
8463.150257  
8436.69747  
8446.55868  
8461.727153  
8541.541961  
8593.538117  
8561.693336  
8569.140365  
8715.424899  
8694.995944  
8615.195383  
8630.531518  
8655.53073  
8490.313847  
8521.337631  
8469.330692  
8485.630662  
8534.926333  
8560.284873  
8422.211308  
8410.654762  
8396.169851  
8338.738218  
8322.216009  
8282.764231  
8463.621543  
8406.433736  
8396.32388  
8403.7103  
8520.401517  
8507.977704  
8503.300458  
8607.280242  
8536.526446  
8535.003363  
8540.370188  
8680.55401  
8631.962355  
8629.561019  
8742.748  
8768.608406  
8690.232658  
8567.157321  
8438.03444  
8532.93787  
8586.92538  
8622.466781  
8566.175403  
8600.562484  
8639.178081  
8486.33059  
8476.10717  
8525.558011  
8480.584095  
8387.22316  
8353.876087  
8387.811114  
8342.241605  
8323.830795  
8330.518563  
8298.921749  
8291.170961  
8385.793717  
8462.894586  
8449.8687  
8519.598782  
8514.429207  
8339.276666  
8341.327196  
8408.700731  
8449.668741  
8420.723404  
8434.360147  
8446.092907  
8475.967301  
8365.604555  
8439.746236  
8445.675498  
8432.862462  
8416.080543  
8336.024997  
8383.38927  
8382.170513  
8458.455748  
8374.042977  
8400.831244  
8423.095459  
8402.343222  
8434.068714  
8475.327282  
8422.788173  
8408.774761  
8434.438823  
8364.949274  
8417.494723  
8472.755536  
8457.034747  
8343.49355  
8395.128946  
8504.15951  
8424.422796  
8432.225846  
8441.476003  
8581.687878  
8632.188957  
8568.956488  
8630.797182  
8674.132387  
8597.899934  
8597.821722  
8677.675868  
8609.529313  
8567.616258  
8641.631048  
8608.879662  
8618.061933  
8686.420221  
8696.324069  
8635.865203  
8606.157589  
8685.486848  
8587.508513  
8434.849027  
8432.97902  
8488.620621  
8426.656849  
8480.347704  
8498.818084  
8544.922765  
8527.056979  
8499.08689  
8444.846593  
8386.230028  
8417.768358  
8375.496653  
8482.308279  
8407.209803  
8465.738147  
8390.257143  
8422.7024  
8539.340946  
8465.671017  
8457.350531  
8488.15306  
8450.857382  
8420.582236  
8452.548497  
8454.320391  
8497.291276  
8516.994487  
8526.189776  
8478.096262  
8546.388735  
8596.008891  
8461.615376  
8477.745456  
8507.095034  
8447.899028  
8496.603453  
8345.361612  
8487.796607  
8544.872196  
8460.115833  
8490.501158  
8437.816178  
8498.610517  
8462.423387  
8473.992684  
8527.575109  
8506.909022  
8471.024713  
8477.396886  
8529.85057  
8517.608446  
8463.607422  
8495.679333  
8484.925608  
8399.644972  
8335.249614  
8491.752567  
8469.85958  
8592.604532  
8490.762554  
8575.644878  
8593.686728  
8519.202353  
8404.733611  
8427.987155  
8417.55709  
8359.38067  
8383.251654  
8384.741557  
8377.332961  
8378.705874  
8354.971609  
8265.856792  
8401.612974  
8437.085717  
8530.891428  
8516.195202  
8664.130757  
8530.061964  
8541.757301  
8510.826511  
8520.776997  
8466.203582  
8484.712741  
8431.978846  
8443.385183  
8388.092844  
8543.589615  
8477.816099  
8497.608099  
8375.989856  
8516.261711  
8504.811744  
8486.556822  
8516.022296  
8511.609147  
8498.118692  
8462.186712  
8508.031486  
8487.104382  
8459.827015  
8450.179002  
8434.633789  
8435.26883  
8465.771547  
8416.451849  
8398.001583  
8436.041898  
8387.115376  
8475.638617  
8431.927341  
8531.48747  
8514.587749  
8462.51127  
8476.763877  
8535.695502  
8469.676128  
8467.547875  
8531.954771  
8549.393484  
8541.768964  
8485.921639  
8458.069171  
8528.53251  
8500.608792  
8419.170552  
8447.870424  
8362.355059  
8370.252528  
8443.350169  
8432.491998  
8566.425852  
8609.909298  
8523.778998  
8574.072297  
8445.204346  
8479.905234  
8543.718285  
8456.068572  
8539.599562  
8486.111832  
8381.669914  
8463.679057  
8467.204881  
8446.383828  
8454.487856  
8416.644106  
8422.931066  
8443.466309  
8420.083205  
8490.80175  
8486.747102  
8498.558956  
8411.163803  
8453.668496  
8425.485273  
8409.671355  
8428.244511  
8389.698896  
8405.555239  
8379.036141  
8492.016783  
8510.425907  
8582.824487  
8574.040031  
8530.330921  
8571.66233  
8567.117471  
8509.488777  
8479.212245  
8561.824605  
8578.112572  
8474.492188  
8520.05924  
8592.282652  
8497.887176  
8503.351618  
8532.732682  
8587.784818  
8526.49381  
8453.502646  
8467.043402  
8475.732761  
8477.092616  
8367.838615  
8471.333701  
8531.707653  
8444.601436  
8484.881993  
8405.639688  
8475.138483  
8467.329464  
8398.180105  
8422.342671  
8406.850476  
8313.833378  
8441.759561  
8560.885939  
8563.450069  
8601.76279  
8479.324392  
8465.901068  
8451.631017  
8363.515822  
8377.564579  
8450.779643  
8435.999921  
8480.211489  
8435.228933  
8406.265381  
8501.345475  
8496.472081  
8535.524997  
8540.809295  
8588.85906  
8568.930963  
8502.895933  
8494.978965  
8485.178073  
8460.737785  
8482.38334  
8500.586197  
8510.074975  
8496.165496  
8483.957961  
8479.110084  
8472.504465  
8383.621842  
8418.567391  
8422.356548  
8524.282975  
8548.451109  
8437.286141  
8500.259112  
8454.878993  
8456.937886  
8444.903777  
8447.039882  
8530.366998  
8492.837591  
8523.134868  
8460.731461  
8499.00089  
8444.058294  
8546.063146  
8540.635908  
8515.225239  
8468.854721  
8365.082157  
8358.246425  
8280.816005  
8275.755702  
8346.46645  
8476.349137  
8495.488683  
8532.65866  
8504.832433  
8527.289433  
8440.302482  
8372.419646  
8460.994747  
8522.03414  
8532.775469  
8482.752796  
8578.456708  
8500.446722  
8469.599641  
8473.263577  
8460.995456  
8481.722412  
8485.487919  
8492.106296  
8500.865912  
8357.168851  
8389.770067  
8463.949802  
8556.324975  
8539.545111  
8469.961079  
8522.700172  
8519.735194  
8385.807609  
8398.595089  
8477.522563  
8470.294906  
8430.986651  
8448.924072  
8495.035558  
8453.046127  
8456.387467  
8523.75174  
8563.157597  
8491.390168  
8476.713891  
8461.333047  
8414.609343  
8457.604917  
8436.8317  
8356.610084  
8304.849578  
8312.038448  
8269.031628  
8306.509734  
8325.73365  
8371.69773  
8437.027312  
8460.228602  
8455.37726  
8471.449739  
8500.685374  
8477.997795  
8575.574439  
8521.699652  
8514.93572  
8533.798458  
8339.539401  
8432.764554  
8552.117211  
8577.954976  
8487.439524  
8526.346995  
8452.601712  
8521.99077  
8626.284762  
8588.601169  
8644.932129  
8571.962142  
8483.230555  
8519.727169  
8595.933294  
8584.772469  
8613.166213  
8645.72505  
8537.810634  
8588.268736  
8618.148398  
8486.211032  
8451.98825  
8470.486872  
8521.872338  
8457.671166  
8434.568076  
8447.815595  
8476.920536  
8578.885081  
8538.839332  
8521.440304  
8583.504465  
8555.887349  
8528.408014  
8424.78974  
8545.427892  
8527.671024  
8467.530762  
8571.339096  
8473.39168  
8496.013625  
8493.736879  
8509.060484  
8409.797702  
8484.750669  
8390.834473  
8422.222577  
8434.65714  
8343.311051  
8313.58834  
8346.760884  
8345.031612  
8338.527856  
8414.527934  
8408.864124  
8408.571273  
8447.7305  
8454.136097  
8463.400847  
8475.133742  
8513.68587  
8482.687398  
8540.696596  
8564.21434  
8412.924529  
8452.064532  
8494.768838  
8453.225799  
8492.352263  
8590.996377  
8568.248582  
8593.239415  
8401.126095  
8376.329314  
8448.358233  
8403.456551  
8441.854949  
8512.766546  
8482.473263  
8599.266987  
8671.022343  
8522.660424  
8485.66989  
8224.187894  
8427.505536  
8643.145988  
8623.792244  
8531.798686  
8657.624394  
8629.70826  
8585.904935  
8491.749275  
8505.527509  
8431.507734  
8463.345286  
8439.932657  
8434.76772  
8399.383395  
8417.869487  
8432.632119  
8439.454834  
8432.358217  
8451.452416  
8521.591891  
8453.636482  
8469.449613  
8385.2391  
8457.673734  
8503.236753  
8402.022949  
8432.826054  
8478.554703  
8423.038551  
8416.29111  
8393.606784  
8454.555538  
8460.191926  
8483.550789  
8508.209512  
8556.826093  
8567.81098  
8582.420749  
8604.634167  
8556.579716  
8576.447565  
8459.909928  
8495.764696  
8465.451345  
8452.676907  
8406.334095  
8489.880371  
8514.471963  
8440.045623  
8337.584307  
8365.664968  
8544.119881  
8536.058814  
8633.211473  
8582.16322  
8544.777249  
8484.348208  
8488.36095  
8425.581669  
8303.057735  
8510.532124  
8519.113644  
8564.283093  
8521.583339  
8558.09327  
8502.22761  
8389.546024  
8470.52061  
8529.645917  
8562.952834  
8511.722373  
8476.523059  
8409.475397  
8516.781825  
8528.992085  
8539.506568  
8503.147878  
8570.825274  
8486.035826  
8340.27343  
8378.631348  
8483.398729  
8444.372889  
8459.349034  
8533.391019  
8482.102208  
8532.845483  
8496.70648  
8500.704007  
8474.254615  
8453.099231  
8463.895335  
8464.917772  
8437.055782  
8444.072478  
8461.047513  
8453.409613  
8483.92319  
8422.651399  
8525.80931  
8523.110989  
8484.039598  
8486.329582  
8437.755048  
8377.182082  
8434.684767  
8420.426679  
8476.920103  
8468.480563  
8555.09731  
8580.777832  
8462.553246  
8518.19625  
8453.907581  
8460.073282  
8499.792929  
8482.566556  
8455.016735  
8517.599121  
8480.561413  
8421.103941  
8403.464442  
8435.546032  
8485.219963  
8532.830543  
8537.802325  
8563.53136  
8539.407069  
8497.041732  
8531.386262  
8443.082598  
8435.073904  
8510.82529  
8447.921127  
8494.717899  
8456.860777  
8526.280116  
8477.094002  
8489.621677  
8572.529423  
8429.831771  
8438  
8520.274548  
8444.986171  
8472.779423  
8408.979004  
8440.07099  
8467.403683  
8432.741227  
8396.778517  
8409.806743  
8372.30709  
8475.07729  
8459.971703  
8497.678774  
8551.03303  
8533.477051  
8511.826597  
8376.653801  
8535.811917  
8450.913621  
8495.436397  
8373.957795  
8408.587678  
8396.448809  
8391.799781  
8444.250756  
8421.128599  
8474.299561  
8441.14068  
8402.655518  
8415.948919  
8414.019665  
8467.645571  
8452.890893  
8482.767507  
8513.397587  
8480.637884  
8529.516192  
8500.320596  
8398.561862  
8502.469585  
8484.916024  
8500.209551  
8454.651643  
8485.2414  
8426.66092  
8454.306893  
8498.54771  
8466.031604  
8480.312453  
8527.287802  
8494.910487  
8430.389105  
8459.213324  
8395.463891  
8446.0992  
8479.947352  
8498.519681  
8497.542142  
8483.321037  
8542.802254  
8576.48432  
8609.467695  
8616.328416  
8590.842065  
8425.051608  
8439.723712  
8597.812382  
8565.188697  
8592.375811  
8537.900265  
8540.775068  
8458.304829  
8513.102468  
8573.774548  
8484.441083  
8501.327172  
8486.373197  
8429.550285  
8486.06858  
8532.454921  
8554.370101  
8440.374646  
8425.700644  
8615.301033  
8550.79415  
8531.149808  
8579.154163  
8509.310673  
8472.523461  
8500.600342  
8523.201109  
8451.213347  
8498.577196  
8477.476917  
8460.611848  
8397.114754  
8320.066918  
8162.670229  
8250.981981  
8367.785645  
8515.905376  
8423.909148  
8423.933468  
8412.430601  
8387.322463  
8444.532731  
8452.332701  
8469.186933  
8466.475121  
8388.315926  
8416.497692  
8455.267696  
8540.105036  
8473.986431  
8473.739463  
8516.357351  
8483.872968  
8451.136648  
8380.507553  
8485.181396  
8424.6726  
8529.706937  
8576.947218  
8649.805318  
8510.61903  
8515.654218  
8467.523847  
8494.509017  
8452.97965  
8497.469695  
8477.644358  
8439.237966  
8421.171418  
8453.932168  
8417.632127  
8455.813736  
8443.786361  
8393.967584  
8440.643334  
8407.481406  
8476.419859  
8498.182806  
8543.90514  
8617.072785  
8579.42319  
8479.06695  
8475.264869  
8423.727956  
8447.264633  
8431.520768  
8454.111864  
8457.244133  
8357.845207  
8316.80564  
8351.817028  
8415.210717  
8446.923552  
8511.293796  
8556.833622  
8477.652076  
8546.238273  
8582.708559  
8514.154919  
8492.857036  
8595.807838  
8614.911574  
8440.136333  
8487.199494  
8488.575802  
8504.110202  
8565.7103  
8493.008576  
8505.967813  
8359.510624  
8462.435744  
8449.948927  
8476.633939  
8510.640026  
8509.474657  
8529.473105  
8467.010514  
8548.058688  
8404.76075  
8367.275249  
8632.59879  
8553.532313  
8530.07948  
8510.545639  
8516.055144  
8535.853909  
8492.957646  
8480.33326  
8327.017476  
8387.075463  
8440.283778  
8435.956448  
8385.669686  
8398.833512  
8475.115542  
8456.675191  
8449.316477  
8359.379166  
8400.243085  
8482.14057  
8462.288173  
8478.681223  
8516.853114  
8568.807846  
8571.400847  
8498.885207  
8504.420473  
8521.282549  
8523.044182  
