10144.16197  
10008.64393  
9934.998427  
9859.648329  
10047.28415  
9829.26039  
9846.42277  
9846.623644  
9891.458577  
9817.3734  
9946.472873  
9963.724609  
10007.63542  
10000.03328  
10015.72184  
9926.56524  
9984.040473  
10121.53033  
9912.189806  
9981.765055  
10019.28019  
9888.990289  
9865.441732  
9882.926676  
10070.64141  
9971.873644  
9938.387695  
9827.167155  
9881.242133  
9925.554606  
10043.83407  
9918.536567  
9962.369168  
10034.94664  
9936.903646  
10063.04232  
9999.246935  
9856.239448  
9824.230604  
9853.495605  
10000.36051  
10013.16539  
9958.76161  
9923.809842  
9887.975016  
9933.429308  
9991.608914  
10054.12641  
10040.90731  
9895.508925  
9940.42041  
9850.642632  
9982.352105  
9910.480442  
9810.949409  
9937.540826  
10010.71498  
9895.095161  
9881.354221  
9911.682997  
9879.063639  
10064.87497  
9933.390652  
9896.748942  
9908.111247  
9855.939182  
10044.60905  
9943.193034  
9955.098253  
9921.452854  
9924.433865  
9969.436252  
9990.0625  
9970.097304  
9930.052192  
9908.304443  
9899.114312  
9974.817708  
9996.486328  
10034.94767  
9845.401232  
9986.117242  
9917.087104  
9896.361111  
9858.294786  
9927.289307  
9920.754096  
10030.31798  
9943.197781  
9904.415907  
9918.192925  
9952.646484  
10022.765  
10069.35935  
10049.06695  
9994.241347  
10088.98711  
9922.739285  
9893.034885  
9899.29248  
9903.212809  
9827.774468  
9976.908881  
10005.5603  
9929.465468  
9962.332574  
9945.680854  
10045.60164  
9984.132351  
9939.294786  
9944.026204  
9886.534017  
9881.008681  
9872.148709  
9954.939182  
9911.725043  
10042.98196  
10085.33274  
9944.794976  
9886.433078  
9999.579671  
9883.848497  
10052.19816  
9985.432807  
9896.467584  
9985.363281  
9932.193956  
9940.268528  
9820.296224  
9945.601128  
9847.021484  
10028.18701  
10060.28771  
9919.092258  
10095.05214  
10026.03977  
10100.79023  
9927.600559  
10036.16612  
10013.31264  
9910.665744  
9882.882623  
9874.554606  
9742.78928  
9886.859728  
9898.392931  
9907.74471  
9970.842773  
9939.308024  
9947.278944  
10011.65655  
9972.488091  
9832.99585  
9882.137912  
9911.173991  
9847.748562  
9812.5  
9892.800401  
10026.82335  
10016.14925  
9953.945584  
9900.943576  
9885.130642  
10011.77406  
9935.15172  
10076.98372  
9907.992269  
9902.573079  
9945.407064  
9858.134169  
9976.278781  
9961.633545  
9893.58827  
10018.15639  
10023.71677  
10166.30588  
9967.571696  
9984.262994  
10003.42212  
10033.31342  
9991.629693  
10061.97599  
10055.46935  
10048.22002  
9895.04145  
9991.532661  
9891.060384  
10020.87204  
10012.81532  
9969.359809  
9969.627713  
10028.26817  
10003.13856  
10178.89299  
9997.49981  
10015.25529  
9976.377496  
9862.460476  
10018.95155  
9902.469781  
9914.56071  
9892.502957  
9933.299561  
9874.487712  
9860.589735  
9815.382785  
9870.172255  
9804.769206  
9853.155545  
9879.846788  
9966.506809  
9938.039117  
10015.39098  
10004.76034  
9934.540609  
10012.11692  
9989.01983  
9927.088406  
9872.540283  
9845.976264  
10078.02349  
9898.668647  
9929.530165  
9812.270562  
9925.445638  
10005.34926  
10035.27878  
10048.92472  
10069.42535  
10039.26275  
9802.847602  
9903.163601  
9866.680176  
9920.885959  
9971.523573  
10000.55192  
9893.238173  
9982.923286  
9891.496365  
9814.664524  
9810.404812  
9985.317573  
10012.30745  
9933.36594  
10053.64261  
9980.682861  
9954.79305  
10052.1173  
9956.353814  
9912.864638  
9914.911702  
9851.102729  
9950.881348  
10119.70573  
10163.16287  
9921.404948  
10064.40335  
9854.542752  
9974.561822  
9914.115668  
10008.67041  
9971.595432  
9933.246012  
9875.606608  
9804.302382  
9957.104709  
9926.359185  
9954.101969  
9909.669542  
9877.358805  
9824.854519  
9860.575928  
10044.63401  
10010.38411  
10076.47965  
10008.91694  
10120.70312  
10030.74146  
9894.980686  
9929.644423  
10062.3737  
10012.94491  
9896.200195  
10000.41352  
9934.907416  
10036.12473  
9955.296902  
9848.466444  
9845.164931  
9804.926731  
10110.85316  
9905.621392  
9988.518392  
9931.649929  
9842.173394  
9821.165446  
9876.390001  
9792.232476  
9978.743924  
9934.579644  
9906.754937  
9857.442356  
9952.698351  
10129.89871  
9917.282254  
9927.676378  
9853.012831  
9963.01964  
10093.33515  
9952.123291  
9966.995361  
9959.608995  
9899.080024  
10034.07614  
10027.56809  
9995.95166  
9902.555311  
10105.5721  
10089.9197  
9906.40644  
9934.200928  
9939.295247  
9867.995795  
9894.593587  
9893.953152  
9911.06798  
9863.259277  
10004.22279  
9923.43259  
9864.428982  
10002.49957  
9954.254069  
10022.57601  
9934.004286  
9976.032742  
9927.168755  
9962.462511  
9967.587945  
10040.00703  
9904.1368  
9933.14426  
9915.435059  
9847.781006  
9653.055311  
9896.929633  
10003.53315  
9940.049506  
9951.574056  
9932.30211  
9979.502035  
10001.51953  
9918.824599  
9995.790636  
9898.806993  
9974.448269  
9905.12519  
9840.748427  
9856.815186  
9965.075656  
9951.868273  
9987.3176  
10019.49268  
10019.71129  
9795.137695  
9892.126926  
9974.263021  
9956.554226  
9894.291124  
10090.57034  
10073.99742  
10097.5682  
10027.40484  
9939.331299  
9755.988525  
9845.047743  
9809.577637  
9853.931234  
9818.4037  
9868.813938  
9959.141954  
10146.75288  
9987.475098  
10091.72257  
10135.58743  
10072.98063  
10046.12074  
10008.43628  
9887.517334  
9867.528076  
9916.219537  
9797.385118  
9883.943414  
9978.327121  
10057.46585  
9986.222304  
9957.519803  
10031.44  
9957.721978  
9968.029351  
10056.50939  
9893.848823  
9932.227105  
9973.373996  
9922.149034  
9839.182102  
10018.62313  
9956.511258  
10005.83496  
9989.058322  
10056.95177  
10035.6339  
9953.727105  
9874.732503  
9818.208306  
9848.311795  
9838.050971  
9909.597087  
9966.594944  
9957.300618  
10030.22569  
9974.578016  
9910.528781  
9955.419651  
9998.769884  
10010.81519  
10107.98101  
10043.46634  
9988.161051  
10156.31215  
9950.241048  
9984.730686  
9928.720323  
9687.087701  
9889.954861  
10005.39811  
9910.040039  
10024.73698  
10009.12386  
9969.102268  
10133.77384  
9984.510227  
9961.472738  
9823.627333  
9899.024577  
9909.685086  
9776.919217  
9776.591634  
9924.878581  
9985.376194  
10171.29245  
9971.144667  
9959.489665  
9929.352485  
9910.43259  
9906.368462  
10082.23614  
10079.19849  
9962.157823  
9963.431207  
9971.665093  
9940.663276  
9906.981011  
9866.385444  
9914.595133  
9951.119005  
9857.365967  
9829.445828  
9737.15568  
9798.290988  
10027.82864  
9932.460232  
9943.91276  
9997.236355  
10023.01248  
10020.8741  
10127.14385  
9951.710124  
9903.879747  
9948.012207  
9957.723145  
9890.922092  
9809.089952  
9905.513808  
9919.51123  
9884.269423  
10107.02832  
10000.96558  
10007.07389  
10069.22274  
10036.79481  
9946.71167  
9891.680257  
9957.758057  
10018.02189  
9865.151937  
9760.8125  
9673.698676  
9587.578912  
10032.17906  
9887.486545  
9871.540256  
9881.947808  
9894.379395  
9920.659397  
10039.522  
9954.429823  
9970.837511  
10001.80927  
10014.09679  
9878.590793  
9762.153998  
10153.85173  
10072.73535  
10076.52471  
10048.49276  
9846.769558  
9795.237956  
9755.397868  
9977.459581  
10130.77428  
9954.806613  
9956.746148  
10040.03649  
10068.28904  
9973.951036  
9722.40644  
9807.590549  
10012.10905  
10032.00363  
10048.85273  
10118.4968  
10006.14494  
9954.642144  
9965.028347  
9976.801622  
9846.133925  
9838.326552  
9900.394097  
9910.789931  
9878.395833  
9764.447618  
10018.69192  
9922.098443  
9932.13463  
9994.630859  
10038.09332  
9981.164035  
10082.15275  
10001.97168  
9896.085883  
9792.347711  
9932.74585  
10174.11084  
9962.572293  
10080.24493  
10127.15403  
9993.125597  
9922.411648  
9876.639269  
9590.066895  
9819.740207  
9907.908474  
9910.025228  
10049.44746  
10072.18978  
10044.28385  
10072.15994  
10129.1138  
10123.34009  
9961.700575  
9829.281657  
9887.606011  
10172.87877  
9878.446859  
10046.69531  
10045.2695  
10001.20717  
10106.14825  
10014.3677  
9964.208008  
9789.269721  
9752.685683  
9688.788005  
9895.87698  
9800.396729  
9766.148085  
9856.21715  
10019.49325  
10028.17985  
10048.49891  
9899.542643  
9855.129856  
9890.095839  
10104.28491  
10033.99745  
10022.66984  
10010.67415  
9947.676731  
9885.15823  
9798.189914  
9886.408773  
9804.643907  
9841.011637  
9941.824137  
10000.04788  
9941.372206  
9995.903863  
9982.074273  
10091.1231  
10025.71815  
9938.745226  
9894.620497  
10077.93736  
9968.747613  
9782.077745  
9986.831299  
10030.23145  
10031.47304  
9945.158936  
9924.437907  
9889.716797  
9978.339084  
9949.83469  
9908.405138  
9980.542263  
9977.339274  
9904.366591  
9696.302409  
9669.523465  
9705.11301  
9760.405843  
9847.360162  
10000.58876  
9917.100179  
10086.53166  
10076.20079  
10052.48131  
10023.01934  
9749.235921  
10046.65763  
10074.36358  
9944.391656  
10028.95508  
10159.31611  
9951.443821  
9908.453559  
10015.02696  
9946.743164  
9956.705241  
9893.624647  
9842.563477  
9929.725505  
10046.58122  
9849.903212  
9777.915202  
9791.319526  
9704.103678  
9911.659939  
9888.241699  
10008.48739  
10034.74658  
10033.25345  
10121.41922  
10200.03204  
10164.80298  
10156.09543  
10005.14665  
9917.792019  
9774.11556  
9750.330566  
9765.912082  
9902.856717  
9781.984375  
9818.869737  
9723.838379  
9957.621582  
10082.86724  
10054.33455  
10010.51383  
10011.71107  
10091.50854  
9722.9815  
9833.943142  
10047.66772  
9933.455838  
9897.64936  
9905.573649  
9878.161594  
9919.62717  
9894.482368  
9945.170193  
9948.540039  
9909.595296  
9880.821262  
10113.91838  
9979.895589  
9932.351644  
10057.8903  
10017.64635  
9964.526855  
9883.714545  
9883.69165  
9884.2449  
10011.78969  
9895.917616  
10150.4789  
10042.53377  
10082.76785  
9910.013184  
10043.70193  
10022.69865  
9984.293972  
10066.43707  
10006.93446  
9979.598877  
10052.0159  
10091.74072  
10033.08914  
10098.78187  
9969.767632  
9942.996826  
9791.802246  
9863.767578  
9653.229546  
9766.189046  
9975.529758  
10034.99186  
10099.08415  
10006.58572  
9944.903103  
9918.921522  
9953.738742  
9835.532037  
9956.455512  
9858.393745  
10070.99029  
9977.860623  
9981.565267  
10077.07132  
10042.62316  
10112.1183  
9954.896701  
9768.54324  
9888.207845  
9756.611301  
9842.326063  
9832.264893  
9792.371474  
9741.665283  
9697.646512  
10142.76676  
10078.07495  
10099.74221  
10104.12118  
10030.3581  
9912.287109  
9750.32959  
9856.038466  
9995.437609  
9989.077257  
10027.1786  
10042.51432  
10188.30347  
9983.512641  
9856.897705  
9804.275391  
9824.451931  
9932.531576  
9976.067112  
10023.99821  
10049.54994  
9967.37085  
10047.64497  
10009.68964  
9992.310248  
9943.8109  
9801.384766  
9942.14114  
9815.157932  
9984.248155  
10063.80884  
10100.56654  
9951.042942  
10115.95247  
9969.446289  
10065.75355  
9949.271674  
9998.542046  
9981.132785  
9882.468099  
9933.525743  
9859.082086  
9855.149061  
9915.581516  
9909.221327  
9862.992215  
9653.012777  
9415.057373  
9748.053494  
10128.41328  
10042.94865  
10075.21479  
9952.502821  
10035.2924  
10085.64019  
10121.99227  
10079.02908  
9949.16607  
9936.918159  
9952.072483  
9880.796902  
9853.10593  
9968.981364  
9944.142036  
9922.180339  
9878.625  
9986.689426  
10131.75757  
10072.55385  
9941.695177  
9988.549561  
9879.621012  
9840.051866  
9949.816949  
9976.413249  
10139.61895  
10108.79259  
10245.53822  
10001.58325  
10033.47274  
10042.22453  
9878.114638  
9865.311659  
9795.456868  
9928.602892  
9853.262044  
9885.671414  
9823.207357  
9938.869873  
9912.717177  
9911.063341  
10010.77721  
9985.371311  
9929.267985  
10015.95169  
10094.65826  
9976.68712  
9896.910455  
10179.77333  
10114.41192  
10019.95454  
9787.608426  
9728.480632  
9809.708279  
10099.30783  
10039.15028  
10129.85015  
10335.14019  
10256.36572  
10136.09538  
10054.52569  
10118.45646  
10010.95321  
9890.340088  
9846.424561  
9787.333822  
9918.225098  
9875.120036  
9802.794325  
9814.958794  
9657.689535  
9885.963379  
9962.490885  
9995.266737  
10008.2443  
10005.95814  
9834.986084  
9688.957275  
9931.815674  
9945.514974  
9953.744439  
10001.77903  
9974.756538  
9931.983724  
9825.900282  
9841.916233  
9846.49471  
9919.336127  
9931.635525  
9789.556722  
9811.601264  
9697.489963  
10013.9005  
9962.6942  
9868.850667  
9843.459364  
9880.971408  
9957.047255  
9971.169786  
9902.731879  
9886.981635  
10002.82077  
9859.028158  
9983.138346  
9949.166775  
9968.060493  
9867.726698  
9833.32883  
9917.140923  
9844.022651  
9762.719401  
9642.447618  
10008.74007  
10044.256  
10113.61919  
10198.52555  
10127.76983  
10094.68576  
10072.15755  
10211.35265  
10094.09776  
10020.02284  
10092.87874  
10012.91124  
10022.92399  
10171.40351  
10124.75833  
10190.09234  
10225.44458  
10147.90424  
10123.80149  
9914.196886  
9796.335314  
10065.30282  
9750.404894  
9884.030246  
10042.4098  
9993.032633  
10022.27962  
10018.98104  
9930.613498  
9842.041043  
9855.747586  
9859.393636  
9977.839111  
9833.975694  
9831.995388  
9842.005534  
9875.243056  
10010.97773  
9966.508681  
9915.840685  
9926.582384  
9894.903727  
9870.687473  
9867.170139  
9833.596734  
9976.130697  
9954.657769  
9993.062934  
9905.08469  
9998.473985  
10042.10813  
9907.06901  
9880.753906  
9988.176107  
9928.538764  
10031.61572  
9671.425483  
9759.581353  
10067.88778  
9970.837375  
10047.01506  
9936.552138  
10002.09562  
9987.850505  
9962.529243  
10105.29864  
9996.796115  
9906.159749  
10016.70039  
9994.304986  
10002.61572  
9900.876845  
9971.415853  
9959.128282  
9776.589464  
9689.79541  
9944.999457  
9891.967773  
10078.22673  
9948.590115  
10027.95348  
10282.2101  
10172.02412  
10048.7532  
10011.65921  
9885.139296  
9840.897027  
9818.916233  
9905.232069  
9829.130534  
9878.210449  
9733.906196  
9559.829753  
9629.914334  
9805.219293  
10027.96376  
9954.846246  
10210.82994  
10034.06752  
10044.77441  
10005.65213  
10089.98126  
10079.33526  
10066.47271  
9887.573513  
9900.01945  
9745.439236  
9978.850586  
9989.288656  
9989.803033  
9781.275363  
9829.483181  
10031.4793  
10012.1709  
10014.6856  
9980.931261  
10010.39871  
9988.854411  
9912.585232  
9990.730957  
9860.919678  
9905.762722  
9956.603543  
9894.892225  
9920.99037  
9867.392253  
9821.338053  
9923.380914  
9839.897081  
9916.271023  
9920.600505  
9906.138401  
10070.4911  
9843.916016  
10008.11214  
10036.68191  
9986.501356  
9910.269667  
10042.93707  
9981.191678  
10026.49607  
9957.839627  
9962.743625  
10040.74316  
9942.877007  
9912.510986  
9865.469727  
9816.433865  
9719.618028  
9743.31939  
9872.838542  
10007.88241  
10126.47534  
10180.44276  
10128.59741  
10018.92367  
9958.243381  
10011.17448  
10026.57414  
10112.41797  
9991.611708  
9882.666857  
9832.439019  
9921.052327  
9899.719835  
9989.143229  
9844.277534  
9863.415256  
9991.421034  
9939.331326  
9974.255073  
9919.17806  
9970.36792  
9851.414225  
9813.263428  
9767.080078  
9955.598877  
9905.699707  
9784.056098  
9812.916151  
9698.151232  
9772.065782  
9866.986328  
10073.4098  
10058.82446  
10054.96965  
10028.95066  
10116.01104  
10100.22808  
9962.163493  
10009.09066  
10033.30311  
9932.884142  
10014.28969  
10044.37744  
10056.33824  
9866.62519  
9915.129883  
10047.096  
10240.37866  
9995.24349  
9847.423584  
9820.936334  
10057.43701  
9870.080756  
9758.24197  
10075.58645  
9979.121229  
10005.63051  
9930.339925  
9958.77832  
10019.5966  
9920.674615  
9929.801568  
9893.673069  
9824.292263  
10011.88387  
10088.50854  
10060.08502  
10168.44434  
10071.52778  
9997.504015  
9952.861003  
9739.927327  
9642.669976  
9813.190728  
9848.471354  
9831.026259  
9878.160889  
9702.733453  
9950.435465  
9989.287652  
9914.951877  
9973.671007  
9950.958388  
10012.64133  
10170.95508  
9995.701416  
9946.801324  
9921.693359  
9977.556179  
9988.497613  
10001.89065  
10004.13048  
10006.09383  
9977.426975  
9943.258925  
9881.419515  
9857.261692  
9877.454427  
10010.7178  
10023.00456  
9870.241564  
9922.047879  
9897.199029  
9817.694363  
9910.484863  
9894.294189  
10039.61466  
9946.939589  
9956.524902  
10056.66249  
10009.87191  
9943.996446  
10043.21221  
10133.16241  
10034.52409  
10073.83442  
9792.721408  
9810.278944  
9797.489448  
9764.829725  
9616.019938  
9809.716851  
9948.0169  
10072.43772  
9992.746826  
10075.85156  
9936.698568  
9804.768962  
9808.109402  
9973.659641  
10067.16265  
9983.130452  
10064.41675  
10099.6253  
9974.578803  
9934.536079  
9904.765679  
9972.152832  
10003.35482  
9975.568441  
9984.329183  
9606.88699  
9775.655789  
9893.1588  
10120.56784  
9971.092177  
10116.57924  
10058.44301  
10060.9008  
9918.185113  
9936.835097  
9971.602973  
9953.546034  
9907.907932  
9899.839301  
9873.945258  
9846.022244  
9983.769233  
9990.733344  
10063.58982  
10053.52789  
9986.001736  
10048.14722  
10011.88691  
9967.216146  
9957.522135  
9817.37972  
9778.394368  
9807.399929  
9740.755398  
9710.001166  
9752.576118  
9852.326877  
9863.407552  
9908.095323  
9952.995144  
9934.548177  
9979.625787  
10009.83794  
10068.18045  
10022.23359  
9950.274387  
9964.581787  
9677.803847  
9869.393772  
10034.13992  
10016.58881  
10002.80748  
10042.23475  
9968.518772  
9976.372125  
10048.83287  
10032.24561  
9975.092882  
9981.031711  
9854.843804  
9837.662354  
10007.14638  
10094.68245  
10022.85959  
10192.00635  
10045.14478  
9963.560845  
10166.5386  
10017.25719  
10009.33898  
10000.97862  
10037.58746  
9913.820394  
9898.455078  
9931.319689  
9924.522054  
10036.4436  
9974.630914  
9991.554742  
9908.789931  
10025.85997  
9989.298123  
9883.631483  
9972.032308  
10041.98275  
9947.676785  
10094.92228  
9936.690484  
10096.41338  
10041.62177  
9931.785292  
9989.681017  
10033.03122  
9969.750949  
9889.451362  
9927.008735  
9840.355957  
9713.86811  
9717.762017  
9818.5625  
9852.153998  
9880.358398  
9905.136475  
9904.837429  
9980.746284  
9947.059082  
9961.702284  
9948.916314  
9927.799045  
9945.174778  
9918.323785  
9956.61461  
9759.482368  
9794.21677  
9932.068088  
9984.697184  
10061.20776  
10108.54272  
10155.41528  
10125.8495  
9820.578939  
9663.643121  
9973.28928  
9927.56741  
9953.836073  
10019.29869  
10029.09296  
10091.50415  
10080.60745  
9967.885769  
9933.594916  
9452.313938  
9651.599609  
9989.125027  
9989.181342  
9959.233236  
10197.62272  
10286.51264  
10252.66756  
10029.48147  
10112.84749  
9961.165609  
10028.56337  
9866.888292  
9884.441243  
9904.012804  
9885.29796  
9811.623047  
9870.748291  
9918.708713  
9943.750895  
10107.67177  
9998.105984  
9989.44987  
9756.340251  
9935.619059  
10011.02881  
9888.056505  
9950.913656  
10027.51451  
9901.616482  
9904.102648  
9857.330377  
9953.382894  
9905.543918  
9845.707384  
9805.99235  
9911.177327  
10068.32492  
9979.3058  
10066.16442  
10106.97021  
10159.992  
10026.18658  
9985.947021  
9899.225342  
9864.72545  
9850.162272  
9920.431613  
9971.708957  
9780.930149  
9628.185628  
9648.091797  
10063.1087  
9935.181695  
10099.82303  
10054.64296  
10062.65384  
10051.45527  
9992.284641  
9951.395779  
9712.985135  
9804.827365  
9994.216824  
10114.31752  
10083.99029  
9985.205865  
10043.77281  
9838.62991  
9856.213433  
10043.82973  
9959.235514  
9942.577474  
9918.130995  
9652.652696  
10063.01652  
10043.47711  
10048.58442  
10022.21368  
10126.23079  
10059.90001  
9728.20109  
9817.36122  
10046.03885  
9982.860677  
9845.377143  
10007.53795  
9974.917209  
10058.94005  
9941.628906  
9989.688314  
9871.258165  
9896.21205  
9914.876736  
9927.311198  
9891.30759  
9936.794732  
9957.06939  
9914.774034  
9942.167453  
9731.418945  
9911.099202  
9961.870714  
9980.301215  
9969.058539  
9888.222439  
9788.883843  
9787.668321  
10028.06087  
10006.03874  
9996.475179  
10070.2264  
10192.47556  
10057.80859  
10064.15557  
9937.913981  
9986.684814  
10012.65397  
9951.648817  
9981.810493  
9999.353407  
9947.407281  
9868.970269  
9840.250081  
9706.015923  
9998.407606  
10036.59923  
10053.13116  
10049.43175  
10017.59505  
10008.84402  
10011.85436  
9922.699382  
9933.94477  
9934.561985  
9907.727973  
9959.671712  
9957.083279  
10020.98448  
9927.690511  
9868.250407  
10188.13897  
9794.742784  
9992.200792  
10070.18403  
10014.16298  
10014.1005  
9899.551568  
9874.592529  
9862.499919  
9748.25472  
9819.585151  
9769.89898  
9618.548286  
9880.574788  
9932.500407  
9965.992459  
10113.14475  
10040.77946  
10059.7175  
9870.250543  
10135.87036  
9919.23386  
9996.149007  
9816.53418  
9883.070068  
9752.434272  
9855.813015  
9922.391168  
9810.270237  
9933.51454  
9900.967855  
9817.268663  
9811.746908  
9846.682319  
9829.229167  
9940.627414  
9932.23348  
10037.74848  
9955.192518  
10013.90196  
10045.30984  
9893.536811  
10063.39434  
10027.34386  
9956.396512  
9920.394531  
9967.869656  
9760.830648  
9810.596408  
9970.255751  
9986.402561  
9977.339518  
10099.36523  
10005.87636  
9958.58572  
9947.582764  
9912.880697  
9815.542128  
9893.771484  
9845.064589  
9979.441867  
9938.319173  
10036.97917  
10020.3406  
10077.38767  
10069.48996  
10166.83558  
9915.352865  
9790.240044  
10107.83317  
10015.62703  
10130.84182  
10064.63699  
9984.227105  
9838.066976  
10055.08708  
10056.71691  
9830.645291  
10097.14092  
9933.130588  
9879.545003  
9915.163032  
9966.224338  
10018.46956  
9915.073839  
9795.213813  
10097.24848  
10076.22021  
10038.03147  
10046.26473  
10090.77368  
9995.205187  
10042.26194  
9975.471463  
10004.21208  
10023.06367  
9960.815538  
10020.44537  
9953.158773  
9601.893311  
9542.606798  
9742.484131  
9793.999702  
10065.96666  
9959.13859  
10025.3249  
9975.77322  
9710.746853  
9774.567057  
9963.756158  
9947.447456  
10039.11358  
9706.424452  
9823.656874  
9960.533203  
10046.77289  
9969.811252  
9919.173041  
9952.519504  
9868.188558  
9827.929606  
9695.701416  
9935.605659  
9929.981934  
9868.411919  
9982.911133  
10157.02016  
10059.88873  
10103.86274  
10032.33919  
10001.63034  
9920.398953  
10002.99471  
10006.66026  
9792.475179  
9942.152995  
10020.28301  
9945.614909  
9936.227024  
9892.330024  
9920.665853  
9842.762804  
9807.389242  
10011.40226  
10022.81182  
10023.08938  
10085.30534  
10165.61689  
9983.140191  
10021.31364  
9922.35734  
9904.321804  
9934.858426  
9892.818414  
9903.845486  
9726.088243  
9701.344184  
9696.73584  
9779.831272  
9872.985758  
9939.851807  
10044.83748  
10018.38593  
10029.83512  
10146.01392  
10053.544  
10008.83599  
10087.20272  
9935.068576  
9989.330485  
9950.45147  
9955.222168  
10056.66341  
10139.18316  
10036.29877  
10010.47602  
9823.066461  
9840.337999  
9706.887424  
9724.389187  
9957.000488  
9947.61537  
10131.09671  
9964.200005  
10007.2551  
9880.103326  
9784.243951  
10151.97333  
10095.83076  
10052.35579  
10053.82973  
10014.38463  
10005.88295  
9940.305311  
10075.44271  
9875.930881  
9929.730767  
10022.64743  
9890.533881  
9876.474935  
9860.699219  
10024.17803  
9874.355387  
9861.848931  
9798.291395  
9745.757297  
9879.661974  
9889.829807  
9956.770752  
9958.619141  
10028.63984  
10021.87611  
10001.66539  
9971.890299  
10043.20001  
9954.569336  
