6317.88801  
6331.414101  
6319.284167  
6354.609394  
6316.102841  
6375.096391  
6377.450285  
6345.033781  
6352.006386  
6285.15776  
6371.464542  
6362.45202  
6395.588315  
6399.389552  
6367.773007  
6378.855796  
6353.293894  
6323.393497  
6354.747803  
6386.768863  
6372.981195  
6361.95822  
6335.472708  
6355.351749  
6320.282856  
6352.349487  
6340.843063  
6339.243665  
6359.984195  
6410.591418  
6340.408216  
6329.555638  
6327.762188  
6379.065834  
6365.868318  
6373.429116  
6311.894634  
6307.529201  
6342.019049  
6277.0464  
6343.227295  
6352.366635  
6372.557572  
6361.535786  
6246.305561  
6369.877583  
6329.340493  
6347.543669  
6293.853111  
6337.202386  
6326.130519  
6366.480854  
6343.851498  
6310.348761  
6343.99355  
6271.89847  
6353.742637  
6368.153301  
6350.621711  
6314.757999  
6345.905999  
6355.555831  
6386.814453  
6385.34641  
6348.104222  
6317.808825  
6374.705322  
6334.687571  
6386.504574  
6357.899562  
6326.921618  
6326.05427  
6321.271337  
6362.886841  
6370.688168  
6364.632273  
6313.842356  
6327.578716  
6362.055902  
6378.676199  
6381.674785  
6342.900558  
6341.074399  
6327.237787  
6304.132266  
6355.132087  
6305.74709  
6352.162386  
6322.084042  
6360.380358  
6340.764912  
6381.1211  
6384.137837  
6334.663407  
6327.10259  
6356.942344  
6335.123342  
6373.270257  
6391.202727  
6337.798867  
6333.357852  
6350.626857  
6391.591052  
6317.245907  
6338.956273  
6343.327071  
6337.623452  
6345.083715  
6385.466071  
6367.128187  
6407.668624  
6324.845279  
6357.697818  
6370.096815  
6386.752005  
6353.07781  
6342.644763  
6354.135016  
6399.000437  
6361.68245  
6367.372616  
6365.897544  
6394.337473  
6363.556127  
6359.697214  
6349.978593  
6308.747154  
6371.233386  
6376.1381  
6367.529014  
6370.824566  
6367.055677  
6439.670911  
6332.493305  
6334.762342  
6368.419337  
6354.396401  
6375.725355  
6365.981779  
6308.186286  
6311.172248  
6295.352353  
6298.836953  
6290.877988  
6371.372514  
6417.239932  
6291.701024  
6321.941638  
6319.019056  
6348.681403  
6270.962955  
6306.77302  
6263.684628  
6330.824546  
6339.355289  
6354.09215  
6370.631187  
6367.332571  
6377.046676  
6344.016402  
6351.173173  
6338.527838  
6355.938509  
6400.894865  
6368.119661  
6343.763601  
6360.735795  
6357.104068  
6361.012586  
6402.238378  
6320.078864  
6333.946797  
6363.955342  
6354.970029  
6358.905293  
6319.579725  
6335.002332  
6346.867329  
6339.613904  
6355.134464  
6353.531783  
6289.668065  
6344.2431  
6290.440552  
6337.88855  
6317.967433  
6385.775924  
6319.989984  
6363.084736  
6326.112517  
6350.590081  
6362.488262  
6325.278327  
6316.507626  
6336.120541  
6332.512336  
6319.137008  
6347.888839  
6282.314363  
6335.407445  
6376.815192  
6326.618042  
6328.980706  
6363.420468  
6305.139192  
6394.707031  
6359.420552  
6362.679353  
6307.146761  
6379.809969  
6322.307932  
6386.413773  
6417.488281  
6366.699649  
6341.896748  
6371.037803  
6376.8364  
6344.550325  
6381.601151  
6340.891017  
6368.926295  
6349.049535  
6318.973967  
6355.527536  
6351.036917  
6334.908396  
6367.672601  
6302.145958  
6354.553223  
6405.403314  
6371.752094  
6394.398656  
6358.273746  
6361.110602  
6373.737041  
6364.564241  
6372.043939  
6346.258937  
6356.308131  
6365.460032  
6430.306898  
6343.460873  
6378.759721  
6363.237465  
6303.416157  
6371.670892  
6332.682938  
6349.803737  
6389.237497  
6348.564704  
6326.839156  
6382.423886  
6346.678936  
6356.701345  
6414.096365  
6376.083856  
6366.001574  
6392.732685  
6347.864457  
6394.925897  
6378.963276  
6324.06656  
6264.341456  
6306.174824  
6310.158055  
6352.21902  
6328.442736  
6355.397127  
6297.658299  
6334.550139  
6285.366127  
6325.039037  
6360.1466  
6381.203941  
6305.765541  
6416.107358  
6395.723048  
6410.116198  
6390.16166  
6324.601678  
6347.772416  
6342.558452  
6374.64252  
6324.555863  
6368.263139  
6354.889141  
6370.215345  
6354.521831  
6350.539185  
6305.194773  
6367.856529  
6326.256425  
6284.563014  
6290.619558  
6315.826769  
6305.675364  
6304.830856  
6363.080701  
6351.392173  
6299.690288  
6329.719315  
6316.385607  
6375.304655  
6432.042288  
6393.277517  
6360.652177  
6399.338848  
6392.485711  
6371.365074  
6360.11066  
6340.179989  
6307.369815  
6377.465737  
6326.378129  
6387.201519  
6348.296194  
6351.94902  
6402.156976  
6312.700941  
6422.642257  
6406.667397  
6396.946623  
6383.861238  
6377.169986  
6363.286788  
6388.885357  
6377.136789  
6329.249634  
6370.825703  
6369.6689  
6374.088315  
6332.277087  
6359.327251  
6346.001253  
6315.532047  
6335.621152  
6367.866744  
6298.401952  
6351.059204  
6300.201834  
6378.178576  
6325.74477  
6309.989084  
6302.753463  
6348.56437  
6304.2693  
6361.357692  
6392.759785  
6322.740915  
6347.583162  
6338.409578  
6377.447503  
6372.231188  
6313.332346  
6336.19307  
6344.920012  
6311.98494  
6347.029329  
6377.419594  
6345.350547  
6376.365838  
6357.713674  
6301.028295  
6312.25054  
6336.480013  
6333.32197  
6249.326891  
6371.139668  
6371.92395  
6397.140355  
6315.160227  
6288.729679  
6317.008365  
6275.590525  
6303.029997  
6305.49788  
6360.953825  
6276.187693  
6313.156321  
6372.836824  
6404.485538  
6392.729055  
6427.90104  
6331.991526  
6358.473864  
6299.828144  
6334.659025  
6396.744918  
6355.915264  
6374.84172  
6368.620747  
6361.418965  
6403.77336  
6396.603278  
6362.626022  
6357.522223  
6369.688618  
6325.557251  
6357.631515  
6374.624936  
6379.388049  
6384.302818  
6344.685855  
6330.448563  
6318.13643  
6363.74089  
6405.937802  
6368.231432  
6328.722798  
6361.586798  
6327.772397  
6282.557643  
6285.87058  
6264.511616  
6337.007729  
6305.507928  
6257.740093  
6368.203196  
6319.537514  
6368.221326  
6330.66829  
6320.369982  
6396.63278  
6400.510421  
6412.980488  
6350.227944  
6366.430073  
6400.709081  
6403.486078  
6379.426629  
6377.931281  
6358.79904  
6346.280068  
6391.007793  
6334.201326  
6386.322535  
6343.55224  
6344.686022  
6363.402793  
6356.90661  
6373.396067  
6358.2385  
6314.381232  
6371.367239  
6318.96884  
6262.209318  
6359.310386  
6357.69458  
6315.902074  
6352.995728  
6364.663195  
6406.741256  
6354.505435  
6416.549792  
6366.827527  
6364.607942  
6390.568925  
6309.862009  
6344.739932  
6338.542018  
6348.800935  
6267.241198  
6362.084865  
6347.655447  
6276.446064  
6271.631528  
6329.009901  
6327.895636  
6300.684911  
6327.488076  
6374.588507  
6401.057598  
6402.791716  
6434.835147  
6393.269885  
6334.404708  
6301.964632  
6314.648354  
6313.203941  
6301.433549  
6265.338964  
6284.142122  
6312.695692  
6312.342266  
6411.564954  
6387.808928  
6357.878836  
6347.506296  
6346.316747  
6305.728047  
6326.115523  
6394.660651  
6395.384785  
6365.986103  
6362.30567  
6299.551032  
6333.968853  
6329.400436  
6356.028526  
6339.929186  
6364.534957  
6441.084543  
6387.447792  
6342.135993  
6378.0602  
6370.170783  
6328.159032  
6368.462788  
6373.126985  
6237.477918  
6380.746107  
6394.342767  
6348.14509  
6340.491282  
6372.404708  
6286.757845  
6297.534944  
6379.137406  
6347.758751  
6345.71442  
6342.004998  
6391.556962  
6361.706729  
6320.506907  
6292.092536  
6319.616179  
6348.704012  
6401.072908  
6397.475702  
6348.326641  
6371.805889  
6395.557418  
6395.878598  
6373.386308  
6331.969662  
6337.831973  
6340.801674  
6440.834338  
6335.891756  
6300.56153  
6325.253469  
6347.632909  
6385.377872  
6374.261224  
6404.723646  
6363.954249  
6376.67803  
6352.008301  
6319.775249  
6301.505557  
6379.07373  
6392.906546  
6376.365858  
6396.403712  
6376.395482  
6377.544665  
6311.428544  
6328.480841  
6321.845478  
6306.268291  
6313.923957  
6370.225233  
6348.18459  
6350.215075  
6356.349764  
6412.662675  
6375.502274  
6324.713495  
6328.647557  
6326.041806  
6357.196508  
6345.265349  
6432.610846  
6335.732595  
6423.15564  
6388.913009  
6406.643465  
6317.556377  
6293.499775  
6319.074501  
6269.291138  
6276.926674  
6258.626953  
6289.216321  
6275.882395  
6279.643548  
6353.287135  
6358.18962  
6349.28064  
6319.874133  
6312.61677  
6364.51876  
6351.709216  
6394.390709  
6372.218204  
6381.72256  
6385.514719  
6363.136603  
6366.174124  
6299.593532  
6368.397924  
6291.620124  
6359.974873  
6373.620837  
6357.986681  
6281.237799  
6404.627538  
6369.262695  
6333.397365  
6389.884361  
6378.751619  
6325.719842  
6395.771523  
6222.591662  
6398.944985  
6330.764668  
6385.109735  
6357.192222  
6336.072927  
6321.114367  
6394.286987  
6377.932534  
6360.999351  
6350.71645  
6325.819259  
6350.649196  
6336.256508  
6272.575684  
6368.007131  
6331.368363  
6283.191175  
6303.88891  
6407.684358  
6396.467285  
6395.151836  
6360.231516  
6379.025705  
6355.905762  
6395.567004  
6408.892109  
6384.631463  
6357.952675  
6366.275558  
6323.89703  
6276.429013  
6380.488333  
6318.700928  
6389.642989  
6348.412476  
6365.697047  
6362.507626  
6367.474532  
6348.862125  
6295.490054  
6350.135665  
6353.610217  
6263.213931  
6442.852635  
6254.119121  
6220.792134  
6264.383082  
6349.995156  
6304.861142  
6359.742612  
6318.020154  
6235.884065  
6225.828228  
6201.847611  
6223.515162  
6241.052253  
6282.980398  
6329.123008  
6260.551546  
6259.08577  
6357.72335  
6421.220196  
6409.377795  
6451.348029  
6457.505108  
6358.672646  
6365.812082  
6392.471172  
6386.063868  
6415.059943  
6399.037585  
6417.214824  
6403.421894  
6359.831485  
6376.056519  
6440.261905  
6359.490324  
6365.9067  
6362.700703  
6194.351717  
6304.472984  
6411.519126  
6410.640368  
6355.064768  
6418.305491  
6359.640612  
6388.333374  
6410.754305  
6409.141698  
6401.113101  
6351.01966  
6410.147024  
6387.836265  
6379.953909  
6378.508924  
6389.75771  
6493.227333  
6380.195692  
6386.362632  
6428.076467  
6429.071662  
6369.645803  
6373.610981  
6356.205181  
6372.484137  
6313.305908  
6344.604576  
6280.650853  
6322.895791  
6298.533717  
6334.276386  
6295.998715  
6328.498214  
6344.377743  
6320.820769  
6341.539968  
6344.820216  
6387.631804  
6367.991834  
6378.662951  
6489.99522  
6386.99098  
6354.664024  
6360.38269  
6326.116648  
6306.367997  
6262.778134  
6256.514308  
6233.16554  
6318.180979  
6329.675756  
6306.523624  
6282.114547  
6233.210539  
6278.56543  
6341.497957  
6383.946167  
6348.656141  
6437.825324  
6383.887008  
6344.777164  
6359.756078  
6436.930895  
6401.462775  
6416.745278  
6440.555491  
6380.742425  
6338.417821  
6356.513081  
6322.166292  
6337.264706  
6436.052606  
6372.152324  
6346.676854  
6433.631662  
6318.832674  
6310.842516  
6267.505506  
6293.908839  
6334.903475  
6289.124338  
6288.815693  
6310.838572  
6322.825215  
6383.997372  
6160.719213  
6373.646427  
6422.423436  
6455.496087  
6405.113763  
6417.188592  
6358.66883  
6343.057926  
6283.874537  
6331.378521  
6323.183279  
6321.188496  
6273.286679  
6272.214664  
6285.61747  
6333.39502  
6304.439697  
6283.341521  
6339.387528  
6311.934429  
6319.644852  
6447.206408  
6402.076956  
6419.655909  
6388.653609  
6325.112382  
6337.732891  
6314.347329  
6341.646549  
6290.557174  
6286.638556  
6319.724327  
6320.613692  
6316.837345  
6286.269313  
6293.388698  
6364.396966  
6370.374203  
6403.503386  
6391.888222  
6396.382671  
6360.368562  
6477.001394  
6462.158325  
6472.659135  
6494.633153  
6500.999525  
6438.840178  
6438.012612  
6420.151759  
6376.911795  
6324.008654  
6332.174329  
6391.717118  
6303.523515  
6290.513826  
6260.132729  
6229.372822  
6281.608167  
6336.407291  
6287.63384  
6301.653911  
6338.804752  
6366.657304  
6290.116384  
6354.656353  
6369.937513  
6319.744224  
6370.749814  
6427.992322  
6406.14942  
6339.163349  
6313.942563  
6529.13244  
6409.156199  
6464.415887  
6464.514796  
6339.072844  
6377.191811  
6365.593763  
6311.07799  
6354.508763  
6346.924728  
6298.486752  
6322.046824  
6323.849931  
6293.656629  
6359.253669  
6307.922517  
6300.340178  
6293.614675  
6298.599731  
6310.124878  
6362.710057  
6275.829866  
6315.935142  
6275.885421  
6371.714869  
6363.909803  
6430.894255  
6380.362664  
6402.159983  
6407.744802  
6336.470131  
6358.817627  
6314.347258  
6341.003836  
6310.891852  
6351.179475  
6371.316612  
6303.036833  
6350.094129  
6355.560592  
6381.830393  
6329.161409  
6342.566226  
6384.494963  
6366.361906  
6379.977494  
6331.751625  
6369.382292  
6423.81737  
6378.604422  
6400.106137  
6387.105899  
6345.261622  
6339.368485  
6294.471641  
6299.46884  
6302.745323  
6309.864399  
6286.414538  
6296.258314  
6309.895026  
6340.425627  
6343.835224  
6404.930998  
6361.194207  
6300.636398  
6377.642475  
6393.52638  
6380.314935  
6366.405929  
6381.585295  
6376.232377  
6413.068629  
6535.045725  
6434.783948  
6416.842902  
6495.005866  
6390.779901  
6414.859356  
6364.330412  
6414.721211  
6243.585706  
6343.432784  
6371.658197  
6346.62306  
6285.205239  
6311.408601  
6263.557013  
6291.733007  
6269.526823  
6264.541163  
6275.926784  
6296.736906  
6276.037  
6320.564684  
6303.652241  
6282.954159  
6328.83074  
6358.536711  
6330.719868  
6352.819548  
6341.389372  
6307.241474  
6310.323923  
6353.45362  
6374.124216  
6389.831177  
6355.324977  
6392.304045  
6405.612459  
6342.206492  
6393.444137  
6366.121923  
6389.671502  
6339.843108  
6309.642687  
6291.33931  
6296.695518  
6354.107897  
6265.713983  
6308.773778  
6338.411152  
6320.49592  
6343.492104  
6395.865652  
6395.323371  
6390.576467  
6365.495856  
6376.14004  
6338.635967  
6381.499692  
6366.136243  
6338.917339  
6366.565295  
6289.932482  
6237.004362  
6343.720767  
6375.393587  
6224.430638  
6297.444111  
6329.425486  
6298.980488  
6301.621627  
6247.89615  
6242.921849  
6353.608386  
6342.503225  
6355.543823  
6310.828286  
6342.489669  
6341.240858  
6349.994552  
6346.33241  
6368.671046  
6369.117933  
6417.642822  
6441.314016  
6422.640908  
6421.541722  
6425.754851  
6389.956794  
6429.673333  
6403.366063  
6344.014713  
6407.710873  
6360.569946  
6350.177291  
6354.580566  
6382.317942  
6364.225695  
6358.613692  
6201.212608  
6429.21201  
6426.238821  
6403.69264  
6413.948859  
6376.63048  
6367.926167  
6382.437725  
6347.737054  
6363.57772  
6341.709897  
6343.554912  
6352.285991  
6374.453678  
6360.936183  
6365.514745  
6387.999056  
6337.030273  
6363.882658  
6381.835366  
6205.466964  
6321.665418  
6331.073531  
6339.39421  
6344.703247  
6343.735866  
6322.80799  
6328.370869  
6321.500649  
6349.16926  
6355.20529  
6314.357043  
6348.14953  
6330.138935  
6337.092863  
6321.313856  
6333.79363  
6350.16572  
6425.571302  
6342.125944  
6362.066413  
6344.837203  
6416.053023  
6371.577046  
6341.972155  
6342.816869  
6177.914583  
6335.048051  
6413.042127  
6311.589317  
6297.555561  
6358.767167  
6338.565603  
6320.470125  
6339.220465  
6329.967632  
6336.465904  
6347.406443  
6361.755602  
6333.360698  
6369.10146  
6359.608135  
6341.34206  
6359.698403  
6356.377114  
6329.118652  
6328.396099  
6337.910195  
6373.495798  
6307.640085  
6330.24283  
6416.549734  
6427.151078  
6441.210725  
6506.858321  
6424.056384  
6473.194754  
6375.611656  
6401.1551  
6398.390342  
6145.561254  
6285.92122  
6332.122822  
6433.824534  
6336.962023  
6362.864528  
6381.499666  
6393.265908  
6358.782304  
6309.627255  
6360.515297  
6441.611739  
6386.9637  
6363.789326  
6358.015027  
6394.005397  
6384.716919  
6404.791395  
6325.917911  
6344.048346  
6338.075247  
6325.041536  
6396.441727  
6354.398026  
6285.063573  
6364.800306  
6359.770341  
6209.977468  
6264.800087  
6340.888524  
6308.48636  
6304.778796  
6326.236913  
6342.551584  
6325.210732  
6164.211548  
6178.781475  
6403.779078  
6366.077412  
6380.642424  
6406.143156  
6296.629812  
6197.298584  
6190.941805  
6369.507896  
6349.535632  
6399.948011  
6372.86021  
6377.627756  
6430.798822  
6377.590788  
6395.102134  
6355.596583  
6311.998008  
6345.730906  
6335.833959  
6352.298777  
6370.099462  
6406.881952  
6400.117644  
6369.416575  
6332.890516  
6382.351524  
6311.032111  
6354.970061  
6388.651046  
6357.637515  
6341.483405  
6373.168097  
6319.25397  
6412.468043  
6428.024504  
6331.028796  
6380.659154  
6416.279348  
6308.60818  
6315.26867  
6301.454481  
6293.085815  
6284.605572  
6309.968442  
6364.466521  
6394.894287  
6411.468075  
6389.637721  
6339.681994  
6320.932212  
6304.409025  
6402.24743  
6383.341347  
6347.233135  
6397.088315  
6367.568886  
6436.83304  
6367.517829  
6320.648727  
6396.793656  
6371.001985  
6338.437609  
6333.660285  
6306.176655  
6276.372983  
6268.431628  
6398.307649  
6414.876156  
6414.47644  
6382.26035  
6262.125553  
6335.113969  
6316.199887  
6287.455444  
6292.703331  
6270.339799  
6256.619346  
6197.062648  
6260.13226  
6333.466964  
6359.533659  
6232.176539  
6295.283158  
6449.021793  
6372.781462  
6331.295603  
6376.006765  
6324.577438  
6365.418785  
6341.832166  
6346.839921  
6302.549638  
6290.580464  
6316.184519  
6342.161107  
6368.772262  
6340.542429  
6280.375341  
6277.824771  
6281.600194  
6408.809275  
6396.432238  
6349.902832  
6337.207025  
6291.987709  
6282.062551  
6305.664589  
6405.729004  
6399.810033  
6356.125437  
6360.807367  
6382.230019  
6411.842806  
6400.144923  
6372.099802  
6346.107236  
6352.213109  
6341.156822  
6379.008583  
6381.408698  
6449.239444  
6392.632645  
6416.15005  
6470.252454  
6467.390753  
6440.716463  
6367.780145  
6432.838283  
6420.929186  
6402.134374  
6352.240344  
6385.887753  
6328.23708  
6351.959903  
6344.30328  
6350.402761  
6336.756926  
6290.151129  
6286.880011  
6292.431531  
6290.093602  
6384.589529  
6337.902299  
6405.504048  
6393.715531  
6367.057681  
6343.435958  
6471.94032  
6403.426996  
6384.058979  
6301.17961  
6372.801739  
6285.758057  
6306.698949  
6321.702572  
6357.568841  
6401.914878  
6329.041247  
6312.807771  
6315.790906  
6294.197516  
6330.23965  
6334.680285  
6373.209563  
6364.299323  
6411.443578  
6387.799137  
6351.759464  
6291.261976  
6334.557444  
6321.202315  
6369.895553  
6392.937018  
6376.102436  
6430.438946  
6459.678011  
6382.404766  
6443.658595  
6410.58994  
6387.795262  
6357.560887  
6380.137548  
6443.583181  
6407.101248  
6398.995374  
6398.976781  
6394.333156  
6379.831909  
6364.149106  
6341.268073  
6317.388479  
6236.595639  
6064.056059  
6346.985923  
6139.580174  
6351.139057  
6381.343133  
6293.162392  
6261.591309  
6204.916298  
6360.662829  
6282.49813  
6301.41723  
6319.773181  
6299.009059  
6289.086362  
6306.287758  
6349.914878  
6398.042281  
6379.394204  
6359.661852  
6332.695563  
6373.889719  
6351.073178  
6348.914403  
6316.034649  
6346.743935  
6389.378649  
6339.212775  
6352.39227  
6380.112587  
6310.349462  
6302.750598  
6248.10367  
6285.70671  
6284.025783  
6451.869828  
6392.185663  
6341.809673  
6375.932958  
6363.703999  
6359.19158  
6267.803287  
6343.327116  
6329.802452  
6366.451949  
6364.676784  
6319.977166  
6310.36129  
6276.773335  
6252.815256  
6407.988198  
6406.831729  
6442.841694  
6491.140419  
6430.083091  
6373.231272  
6306.090583  
6375.849172  
6324.08171  
6372.994295  
6479.70123  
6162.335064  
6399.571122  
6395.006675  
6376.33764  
6331.057938  
6281.699122  
6345.070704  
6362.486604  
6381.975098  
6404.646529  
6380.599397  
6337.313393  
6393.217272  
6380.858077  
6379.900262  
6411.114033  
6369.255307  
6393.873606  
6276.227494  
6382.753007  
6359.74592  
6371.009631  
6408.640207  
6397.714985  
6339.277241  
6383.274112  
6375.331048  
6399.979891  
6385.941715  
6310.775436  
6357.4984  
6325.782734  
6314.454153  
6376.751857  
6301.198608  
6316.35606  
6357.31286  
6079.104595  
6283.367734  
6287.83843  
6286.460905  
6341.137316  
6288.91554  
6295.015747  
6315.646362  
6418.525301  
6394.935277  
6407.792506  
6392.451949  
6420.782702  
6314.949065  
6366.811562  
6329.660535  
6367.728625  
6381.512972  
6354.900558  
6323.303236  
6377.661473  
6387.884425  
6322.42007  
6341.067537  
6335.361026  
6394.61093  
6346.51497  
6434.000835  
6410.571366  
6344.92192  
6342.525917  
6369.968467  
6386.224847  
6329.125347  
6385.382607  
6345.183118  
6316.677696  
6378.343814  
6391.554328  
6363.395341  
6382.573583  
6367.651534  
6424.190905  
6403.647255  
6361.017225  
6316.954763  
6310.642411  
6316.435348  
6356.090673  
6327.275076  
6366.177561  
6304.169498  
6392.887805  
6376.52214  
6334.376279  
6332.713507  
6424.168502  
6426.359895  
6379.775898  
6336.397782  
6091.148123  
6293.438791  
6294.105604  
6201.421149  
6284.220568  
6317.330502  
6327.123715  
6283.889089  
6392.556576  
6310.463617  
6294.227096  
6347.717619  
6333.594001  
6378.895225  
6331.500694  
6431.353554  
6442.761198  
6373.314826  
6355.321887  
6367.176514  
6366.954815  
6390.999171  
6368.680208  
6371.548745  
6366.755609  
6377.506463  
6323.44147  
6280.606754  
6283.015336  
6341.570357  
6397.40465  
6377.024896  
6361.193391  
6331.269377  
6355.250514  
6376.08843  
6280.654772  
6317.182566  
6340.563676  
6388.961027  
6389.240697  
6389.705001  
6399.667686  
6416.626381  
6469.976485  
6435.891088  
6434.642257  
6411.394216  
6308.544189  
6220.915598  
6358.112375  
6425.910824  
6290.322992  
6294.592471  
6325.408839  
6386.517424  
6358.883455  
6388.848157  
6381.463681  
6376.435161  
6346.93795  
6306.03808  
6383.696694  
6365.708201  
6319.446128  
6351.071501  
6220.845947  
6289.584916  
6166.061947  
6396.55479  
6362.704236  
6300.713405  
6345.976723  
6288.929951  
6381.051102  
6310.353612  
6301.761481  
6323.817081  
6370.392835  
6295.566837  
6311.538998  
6114.280183  
6045.240202  
6319.876452  
6316.921033  
6379.407252  
6244.292782  
6316.7084  
6294.213411  
6301.712255  
6291.266017  
6390.122951  
6341.765779  
6354.470536  
6327.305484  
6352.094328  
6382.730013  
6365.002647  
6432.235133  
6405.215762  
6364.07657  
6369.721089  
6429.195737  
6344.248458  
6391.205342  
6345.424978  
6413.510402  
6490.649517  
6471.555722  
6410.841559  
6366.120914  
6397.067755  
6399.233238  
6404.607685  
6401.802991  
6421.803203  
6406.190924  
6339.528173  
6395.033569  
6419.329455  
6415.347322  
6341.954314  
6327.923019  
6298.318809  
6387.617522  
6133.532111  
6328.336137  
6370.313412  
6359.576898  
6281.002217  
6320.287039  
6333.400526  
6366.989232  
6331.964015  
6329.65668  
6325.079789  
6260.892373  
6327.234285  
6330.251767  
6331.379574  
6383.488834  
6391.415662  
6396.767957  
6427.532207  
6450.515921  
6390.392334  
6405.464156  
6407.414705  
6408.773405  
6398.775371  
6372.588109  
6362.706093  
6361.76186  
6350.237491  
6314.960301  
6288.364027  
6275.574469  
6264.700285  
6257.469476  
6267.659951  
6247.019705  
6292.209742  
6320.23866  
6309.048764  
6293.709113  
6272.183671  
6319.305902  
6367.02487  
6235.965724  
6377.940738  
6389.143407  
6387.146369  
6327.322542  
6374.722316  
6343.615613  
6404.53621  
6336.307643  
6343.331787  
6356.924181  
6379.682437  
6367.510145  
6325.42785  
6332.003906  
6358.543155  
6402.244648  
6413.394345  
6331.822169  
6383.663953  
6392.006071  
6375.234516  
6369.207205  
6386.899427  
6274.139815  
6210.046252  
6372.693623  
6378.511468  
6377.45026  
6386.339073  
