11101.00972  
11009.48879  
10952.20966  
10965.84271  
11058.53868  
11034.26528  
11026.90101  
11058.33273  
11023.1725  
11052.67915  
11024.796  
11137.56113  
11120.80474  
11063.97787  
10980.83773  
10939.54201  
11091.37433  
11076.13625  
11047.71889  
11094.307  
11130.89283  
11132.20251  
11123.85546  
11080.85385  
11053.40408  
11046.51762  
11050.70891  
11019.40217  
11041.0861  
11039.79273  
11027.30314  
11042.66679  
11051.34654  
11073.72265  
11067.32529  
11025.42599  
11012.00567  
11080.02415  
11097.07605  
11016.21793  
11081.95299  
11033.54108  
11048.29224  
11071.24178  
11067.57254  
11045.30038  
11011.55918  
11055.53794  
11089.90294  
11030.12755  
11036.59906  
11021.06783  
11008.92062  
11022.4886  
10770.10503  
11080.30306  
11215.05271  
11111.62878  
11040.05721  
11053.49866  
11092.88013  
11046.43082  
11067.70687  
11068.6112  
11089.21182  
11102.75204  
11063.46434  
11066.21222  
10998.98457  
10995.28403  
11043.98865  
11105.78698  
11097.33357  
11077.59343  
11087.445  
11063.1716  
11082.87048  
11092.30836  
11104.32702  
11131.88859  
11046.99132  
11035.97374  
11012.55291  
11032.5922  
10999.22714  
11014.32097  
11070.49096  
11058.66872  
11072.43904  
11055.36792  
11099.28096  
11142.87022  
11049.67323  
11002.12772  
11030.56726  
11004.61361  
11032.90592  
11013.2189  
11035.6298  
11025.69203  
11051.52941  
11009.60225  
10998.4912  
11021.54157  
11008.96952  
10985.63815  
11022.98357  
11015.10613  
11005.73399  
11017.82075  
11069.96653  
11073.72811  
11043.49038  
11047.23329  
11050.74864  
11082.21248  
11073.04975  
11041.91053  
11021.0391  
11004.31134  
11065.77951  
11079.38389  
11082.21551  
11057.5325  
11047.41803  
11037.34779  
11054.79959  
11082.30176  
11059.13485  
11087.26789  
11039.18487  
11099.84366  
11115.18352  
11098.86501  
11084.71291  
11094.24902  
11113.18155  
11120.82618  
11050.99399  
11007.45097  
11067.85935  
11116.97935  
11063.17942  
10897.45383  
10996.22022  
11037.59439  
11042.26494  
11061.78235  
11068.60954  
11045.9283  
10986.91379  
10969.20788  
11105.1635  
11123.01668  
11065.19122  
10991.97351  
10968.75604  
10978.13775  
10978.37523  
11022.20932  
11008.63943  
11039.83362  
11025.04353  
11050.22117  
11052.088  
11070.74527  
11069.79863  
11099.5829  
11159.69297  
11025.42245  
11006.14013  
11002.41816  
11024.5286  
11043.63068  
11064.60907  
11035.40013  
11040.97754  
11076.4239  
11027.93756  
11060.68538  
11063.73468  
11057.35711  
11034.04049  
11013.62574  
11001.93302  
11032.5128  
11011.43003  
10990.09385  
11068.42762  
11047.43014  
11090.20681  
11078.95111  
11070.37854  
11028.35298  
10980.55823  
11088.21621  
11115.83899  
11043.19397  
11038.14975  
11059.26171  
11080.68062  
11083.44197  
11040.60853  
11038.25669  
11004.39495  
11019.62968  
11040.00237  
11091.44345  
11102.77866  
11051.17707  
11062.57902  
11106.51961  
11128.6545  
11173.1447  
11088.87683  
11023.72312  
11028.01945  
11043.61693  
11036.76872  
11046.76229  
11025.26101  
11042.65949  
11052.61956  
10986.68973  
10949.85083  
10924.98283  
10979.68856  
10988.95535  
10997.89654  
11023.22239  
11091.42235  
11054.30465  
11017.85647  
11009.44176  
11037.66756  
11039.47304  
11013.2432  
11035.72189  
11033.91059  
11076.56811  
11086.38756  
11066.63496  
11018.66178  
11027.27167  
11031.26634  
11034.28215  
11025.24358  
11006.94652  
10998.88571  
11041.35102  
11042.98063  
11067.93479  
11079.79741  
11105.04051  
11102.75479  
11092.90298  
11043.72967  
11064.66442  
11113.49855  
11168.11008  
11106.13856  
10984.89271  
11044.37259  
11033.0527  
11066.00312  
11110.36132  
11027.00586  
11023.14863  
11038.45638  
11077.84448  
11099.31842  
11068.19039  
11085.91884  
11063.49913  
11027.36944  
11018.91664  
11081.03973  
11149.32299  
11123.28806  
11061.39445  
11077.41899  
11039.9335  
11003.79769  
10999.40293  
10988.22637  
10993.80744  
10988.73878  
11037.7276  
11025.74473  
11053.29898  
11022.40308  
11020.25584  
11020.1809  
11030.96783  
11014.54782  
11006.66334  
11032.42024  
11055.56172  
11096.83047  
11074.36467  
11081.46158  
11035.20163  
11065.06301  
11071.18885  
11088.09986  
11064.25798  
11013.75474  
11068.02763  
11090.85319  
11069.0298  
11068.30475  
11087.48792  
11066.19847  
11053.04496  
11039.72935  
11005.05867  
11033.90317  
11070.79023  
11081.38982  
11016.21128  
11007.24608  
11013.04815  
10885.42474  
11108.30502  
11026.44294  
10983.40395  
10976.64879  
11055.18379  
11134.51414  
11052.6839  
11081.0808  
11070.18784  
11118.66589  
11069.83351  
11073.37944  
11026.33973  
10986.47944  
11019.2046  
11078.02755  
11090.10143  
11083.9715  
11094.89874  
11088.07921  
11070.78954  
11076.25954  
11094.2898  
10855.65533  
11172.23265  
11092.11413  
11101.27764  
11075.12201  
11076.76353  
11093.21163  
11092.70511  
11076.25921  
11058.0514  
11066.85873  
11013.39454  
11017.28628  
11063.43322  
11037.38833  
11019.79321  
10984.77603  
11059.05999  
11085.55992  
11127.26887  
11133.09591  
11042.00945  
11001.52439  
11010.74811  
11028.44195  
11074.73837  
11136.40184  
11143.30056  
11109.64466  
11109.0976  
11075.88902  
11078.22537  
10971.22117  
10941.54458  
10944.09357  
10981.89363  
10972.86891  
10965.14474  
10963.47942  
11020.60455  
11062.32732  
11031.90083  
11013.60924  
11032.0993  
11021.40775  
11074.09845  
11112.6515  
11069.45877  
11003.11666  
11016.49849  
11087.4333  
11093.95128  
11071.91292  
11078.61584  
11085.05481  
11142.86349  
11100.16717  
11017.2985  
11035.86261  
11040.29346  
11069.99378  
11076.87588  
11067.75492  
11037.6946  
11067.1256  
11081.70485  
11072.25252  
11063.67743  
11017.60201  
11017.26581  
11041.30862  
11056.06767  
11058.24305  
11009.07713  
11005.49848  
10946.03317  
10981.50059  
11042.66284  
11022.13966  
10997.62691  
10976.35169  
10981.51939  
11068.95024  
11112.97939  
11043.42423  
10993.81548  
11011.09548  
10997.3738  
11020.81535  
11076.22565  
11091.14383  
11053.39424  
11025.07924  
11086.94892  
11172.49348  
11119.40937  
11070.96302  
11011.05214  
11015.82981  
11041.02069  
11080.22614  
11053.97322  
11115.96126  
11126.03424  
11032.75852  
11018.4222  
11047.29955  
11035.72827  
11069.91478  
11088.77548  
11102.89911  
11067.41793  
11105.78339  
11100.5192  
11047.24091  
10993.38799  
11011.19364  
11003.70166  
10985.65058  
10983.20754  
10988.6963  
10990.91158  
11031.4013  
11070.44642  
11060.14665  
11039.37818  
11011.83083  
11030.581  
11016.71584  
11091.50018  
11077.15636  
11024.65378  
10977.81591  
11014.11605  
11052.35893  
11045.76895  
11008.25086  
10991.31597  
10912.67902  
10931.43958  
11043.58305  
11104.81076  
11116.08764  
11060.84122  
11085.01906  
11111.12637  
11081.66697  
11041.87414  
11013.03962  
11038.79259  
11034.89974  
11040.40375  
11049.77391  
11021.87636  
10998.34916  
11085.38556  
11158.5038  
11186.56782  
11166.2434  
11164.31617  
11122.80688  
11140.85868  
11118.1682  
11065.71364  
11055.61428  
11060.91055  
11071.92442  
11111.93865  
11095.97256  
11092.99952  
11078.34199  
11063.57045  
11033.85329  
11037.72395  
11089.76411  
10973.4552  
10763.46473  
10949.55242  
11008.21365  
10989.0079  
10935.26077  
11025.01582  
11051.98558  
11015.87364  
10997.07677  
10975.27801  
11053.63704  
11045.27996  
11063.57309  
10999.17618  
11029.85101  
10986.75925  
11007.20708  
11063.57375  
11039.15179  
11003.92975  
11071.83598  
11090.6949  
11116.69435  
11151.5425  
11072.36481  
11043.33163  
11077.87757  
11093.35671  
11154.60467  
11143.10532  
11051.261  
10984.6168  
11001.1273  
11051.36078  
11122.91756  
11103.69136  
11045.84595  
10981.43611  
10971.8786  
10951.9053  
10944.81692  
10978.34524  
11137.61627  
11113.1148  
11141.18651  
11121.83919  
11085.77634  
11063.60604  
11086.93602  
11100.1041  
11142.95245  
11123.21848  
11085.39924  
11066.3834  
11079.67217  
11099.66518  
11098.83486  
11071.4561  
11103.0699  
11068.39087  
11107.67105  
11022.75079  
11021.07149  
11026.73846  
10973.10423  
11008.48856  
10958.60367  
10965.9037  
11030.93273  
11071.04618  
10998.58969  
11009.82658  
11055.64298  
11120.17815  
11081.08195  
11092.4643  
11103.67694  
11091.87406  
11062.11962  
11035.4416  
11035.98618  
11064.68092  
11087.5238  
10994.91622  
11038.97346  
10976.18685  
10973.04214  
11021.81909  
11089.17551  
11101.27342  
11130.36143  
11170.43434  
11152.60441  
11125.22306  
11044.71166  
11001.92835  
10968.59177  
11013.37251  
11008.43362  
10996.599  
10961.37216  
10968.89199  
10932.30854  
10938.27298  
11002.3812  
10959.10926  
10948.12882  
10971.20542  
10983.82809  
11002.62433  
11016.88491  
11038.17317  
11069.04789  
11030.96593  
11035.66741  
11048.63767  
11063.05751  
11064.65286  
11059.57746  
11063.68921  
11087.29092  
11046.97715  
11125.45941  
11098.51164  
11062.53703  
11041.49615  
11094.54222  
11054.72902  
11054.48866  
11063.88061  
11022.88737  
11043.37195  
11085.04185  
11118.39183  
11123.01673  
11109.8188  
11100.83815  
11044.96264  
11121.0697  
11049.52746  
11029.31312  
11033.0021  
11013.69725  
11028.41091  
11033.96906  
11013.11896  
11011.2275  
10934.55461  
10919.38518  
11222.67112  
11091.21114  
11056.75392  
11054.27027  
11110.74404  
11150.94375  
11003.82077  
11101.53678  
11061.69801  
11053.40624  
11105.56914  
11075.88728  
11075.97361  
11059.4382  
11055.42696  
11042.68243  
11053.236  
11005.36916  
11001.69921  
11020.28298  
11028.56884  
11020.42035  
10987.28836  
10925.35372  
10994.15269  
11023.66828  
11071.94136  
11083.71867  
11093.11238  
11127.85985  
11065.50625  
11018.98044  
11028.67058  
11054.27941  
11106.7547  
11050.67295  
11065.68892  
11092.50941  
11102.69658  
11072.00991  
11020.61251  
11065.92597  
11132.06611  
11138.26165  
11104.42759  
11038.64544  
10986.58713  
10986.10572  
11015.50471  
10977.46808  
11001.3589  
10991.85985  
10972.7639  
10991.60631  
11028.30978  
11078.40219  
11144.45237  
11130.88072  
11063.07763  
11022.07692  
11001.56942  
11008.1736  
11029.69979  
11019.9008  
11034.74258  
10882.36694  
11009.93038  
11094.69863  
11091.92144  
11077.88335  
11055.59362  
11044.96872  
11013.84093  
11039.58255  
11042.76214  
11030.25223  
11104.92503  
11075.03037  
11027.24344  
11015.90575  
11016.63795  
11029.67339  
11107.85755  
11124.03654  
11037.17259  
11038.45647  
11084.79437  
11111.13639  
11081.52287  
11043.06177  
11063.87987  
11050.17265  
11042.92821  
11088.00152  
11121.10169  
11087.55901  
11048.78046  
11056.98054  
11099.66429  
11130.52089  
11131.51599  
11076.99891  
11066.8271  
11058.64068  
11088.50598  
11100.13345  
11114.27178  
11110.77243  
11090.21267  
11036.7201  
11033.06277  
10986.00135  
11024.6432  
11022.52923  
11060.12188  
11007.14281  
10939.85149  
10993.04148  
11104.74952  
11097.61884  
11046.77647  
11030.17826  
11047.30339  
11047.03983  
11007.7289  
10943.12389  
10813.86776  
10933.6165  
10974.33994  
10979.84406  
11140.42153  
11071.53943  
10998.68265  
11006.78569  
10988.97158  
11027.48504  
11022.14421  
11044.51076  
11042.06664  
11034.1451  
11032.93276  
11093.41586  
11165.66627  
11175.91226  
11112.93713  
11077.26522  
11039.57727  
11050.93549  
11115.41653  
11122.57524  
11124.92717  
11119.50973  
11050.14079  
11031.2545  
11059.91128  
11047.62728  
11029.94332  
10988.93141  
11001.51207  
11074.15067  
11073.59367  
11046.40333  
11030.14091  
11005.57254  
11003.36943  
11015.86466  
11062.43525  
11000.01408  
11092.66202  
11088.20364  
11043.13717  
10990.93674  
11025.4668  
11080.46602  
11073.95852  
11036.66954  
11057.83604  
11001.36857  
11006.32231  
11073.08081  
11098.04736  
11070.76527  
11063.52778  
11037.96343  
11041.62304  
11081.82071  
11088.22799  
11086.5481  
11064.22717  
11064.63155  
11082.44406  
11081.8507  
11036.57031  
11046.5987  
11054.28499  
11053.95584  
11079.87283  
11010.68199  
10988.6723  
10876.75967  
10803.94416  
11097.73444  
11071.95851  
11094.80134  
10990.23897  
10992.25369  
11020.74566  
11009.33387  
11019.96708  
11019.38982  
11060.95148  
11115.50932  
11165.53523  
11106.90669  
11140.29778  
11096.03584  
11115.53747  
11092.03622  
11088.41967  
11079.77669  
11059.04483  
10989.48333  
11022.80084  
10989.34173  
11050.17758  
11006.17094  
11030.51743  
11006.74371  
11034.3018  
11019.34026  
11044.33879  
11028.42176  
10997.32201  
11010.89418  
11009.42628  
11030.07375  
10998.17429  
10975.37357  
10997.41346  
11037.21252  
11066.10582  
11024.72951  
10975.90722  
11090.78034  
11039.43782  
11059.79544  
11094.76238  
11101.32048  
11090.03323  
11028.71896  
11007.31542  
11074.46348  
11114.22445  
11059.96419  
11144.35707  
11101.08052  
11066.22997  
11095.41107  
11123.5439  
11111.46967  
11050.46524  
10991.5675  
10999.89576  
10962.93111  
10994.29379  
11047.02403  
11082.72701  
11027.96762  
11009.53772  
10993.08181  
11006.83844  
11083.07771  
11109.35682  
10994.75058  
10845.54482  
11155.03872  
11121.91166  
11081.13124  
11048.27078  
11051.17377  
11057.95833  
11078.82212  
11122.55744  
11110.74595  
11085.78001  
11040.04541  
11031.39358  
11024.43454  
10998.19899  
11051.74454  
11080.46098  
11056.54874  
11025.37444  
11031.84983  
10960.49704  
11054.74404  
11007.57905  
11052.68988  
11010.34741  
11106.78536  
11105.46247  
11052.12659  
11042.19164  
11059.17923  
11041.60829  
11050.39155  
11014.7524  
10995.99233  
10969.56303  
10993.5677  
11000.64558  
11056.35852  
11049.41063  
11088.35369  
11120.37245  
11098.69355  
11101.5631  
11093.38022  
11073.40721  
11080.25927  
11097.85055  
11036.68174  
11039.88073  
11019.98718  
11016.91997  
11029.52436  
11048.49696  
11077.94194  
11113.10863  
11112.51024  
11138.06095  
11103.3798  
11077.4629  
11124.92098  
11120.41427  
11064.53701  
11037.54395  
11075.15257  
11040.16596  
11060.73786  
11040.47786  
11019.58794  
11073.39945  
11079.04673  
11017.05146  
11034.77393  
11059.98057  
11098.02686  
11089.10837  
11025.87161  
11003.61151  
11024.6997  
11095.34031  
11126.1286  
11100.80227  
11062.40975  
11048.85637  
11049.37348  
11045.4724  
11024.34006  
11007.69672  
11007.833  
10796.02713  
11159.9982  
11113.14383  
11015.8299  
10914.19088  
10946.50831  
11005.0941  
11067.61147  
11029.37947  
11013.88542  
11040.59543  
11038.17405  
11034.05574  
11027.35037  
11056.44954  
11140.19171  
11152.10411  
11074.7386  
11051.82593  
11020.82696  
11046.65347  
11027.91003  
11041.84956  
11052.02771  
11115.57401  
11089.93423  
11082.5639  
11029.84431  
10983.6613  
10955.07148  
10975.57156  
10961.41565  
11007.46573  
11022.73522  
11021.08854  
11079.69185  
11153.40626  
11156.09884  
11085.34143  
11020.74102  
11032.30758  
11095.21558  
11140.24472  
11100.97884  
10983.51703  
11158.22633  
11151.0994  
11123.48231  
11061.31918  
11072.74489  
11071.04057  
11087.30578  
11036.60401  
11022.10163  
10997.47183  
11000.74631  
11040.74341  
11044.59731  
11094.41067  
11079.18141  
11107.0397  
11110.36239  
11093.89403  
11046.44414  
11046.97551  
11066.26521  
11029.02026  
11016.03071  
11016.78949  
10989.84857  
10957.82628  
10964.39757  
10979.35017  
11010.12866  
11020.36151  
11045.28166  
11031.78895  
11033.96411  
11018.31517  
11021.2535  
11003.3563  
11058.43849  
10999.84184  
11046.90956  
11105.85643  
11087.86644  
11013.18595  
11034.67606  
11026.06709  
11028.24763  
11039.65746  
11024.79841  
11014.87867  
11079.06685  
11075.96127  
11077.94523  
11092.53148  
11051.22641  
11027.97441  
10942.31147  
10982.90453  
11086.51603  
11092.98302  
10997.86672  
11026.38937  
10980.63209  
11023.71086  
11005.93315  
10980.37766  
10986.20362  
11022.18307  
11028.73689  
11150.39599  
10886.71784  
11155.4156  
11103.63576  
11069.20656  
11070.82488  
11091.7447  
11129.63653  
11078.20595  
11050.82368  
11100.59469  
11121.35023  
11062.46767  
11041.42059  
11023.80134  
11081.86057  
11073.84084  
11119.92181  
11079.4627  
11087.4189  
11080.13782  
11106.94568  
11125.65574  
11077.47191  
11047.29998  
11054.2515  
11022.78842  
11008.87822  
11040.35926  
11096.49425  
11064.72331  
11082.10654  
11032.56753  
10972.57523  
10964.77123  
10952.93837  
10993.35532  
11061.89168  
11049.60235  
11053.78646  
11047.41857  
11029.00972  
11047.2397  
11081.45405  
11066.46453  
11028.54059  
11045.17444  
11056.62004  
11103.68529  
11216.71514  
11164.44134  
11118.48828  
11005.8381  
10923.20536  
10968.40292  
10940.04049  
10966.61632  
10886.92648  
10924.07984  
10962.98658  
11009.92581  
10992.34425  
11007.32583  
11017.49974  
11074.0507  
11074.31859  
11095.74504  
11063.87347  
11025.55088  
10988.50787  
11009.47324  
11038.27623  
11048.80856  
11030.23673  
10994.59685  
11010.31539  
10979.38413  
11014.1477  
11031.81564  
11021.39491  
11075.90921  
11077.34731  
11066.40825  
11129.41348  
11117.23325  
11157.54929  
11131.83824  
11167.27543  
11141.88834  
11127.79457  
11089.02253  
11099.62387  
11073.31523  
11024.66458  
10994.78201  
10997.14924  
11041.47737  
11068.03985  
11058.8462  
11075.94214  
11108.64464  
11035.35808  
10967.67614  
10934.07852  
10987.12174  
10936.30446  
11074.79999  
11029.856  
10998.415  
10960.63516  
10925.13237  
10999.48684  
11004.7827  
11023.90497  
11053.69048  
11083.58333  
11093.83898  
11125.04885  
11123.67109  
11109.60292  
11052.02732  
11112.41011  
11102.86454  
11103.55222  
11096.36565  
11128.52975  
11136.37335  
11117.97751  
11088.3637  
11023.57244  
11039.54214  
11106.04516  
11151.41619  
11085.95148  
11072.44132  
11075.15387  
11061.36937  
11074.05148  
11100.73978  
11076.27724  
11070.31034  
11089.371  
11112.58156  
11099.57188  
11059.17058  
11022.43218  
11045.15643  
11090.77693  
11083.55508  
10944.79075  
10898.99267  
10971.69184  
11007.16722  
10987.22391  
10950.81054  
10945.04681  
10730.64827  
11148.47593  
11083.09547  
11118.74022  
11039.94829  
10996.53353  
11033.8653  
11056.82491  
11022.39853  
11021.64691  
11036.68497  
11056.52878  
11096.10959  
11108.33088  
11116.40437  
11108.45231  
11078.38611  
11066.93607  
11064.71374  
11089.27457  
11109.08721  
11105.62893  
11129.89248  
11135.44243  
11124.06251  
11082.44095  
11047.78083  
11099.05907  
11090.71465  
11102.69389  
11083.79428  
11098.565  
11136.55774  
11134.69651  
11130.99067  
11055.50337  
11048.73306  
11042.07191  
11024.59315  
11037.75105  
10998.65837  
10923.90683  
11003.86883  
10938.71537  
10851.16442  
10809.67646  
10839.73737  
10906.93706  
11048.73991  
11029.49661  
11024.26007  
11021.53406  
11021.75543  
11027.56421  
11051.60121  
11133.31638  
11079.81023  
11101.66563  
11064.58299  
11073.1619  
11072.98535  
11068.62983  
11062.64601  
11097.96603  
11088.29831  
11097.46857  
11095.49865  
11106.38679  
11052.75739  
11055.07999  
11033.99103  
11062.06539  
11105.26262  
11073.39056  
11023.75642  
11046.69164  
10873.55263  
11047.9816  
11282.85332  
11208.30051  
11127.31097  
11043.15028  
11105.03996  
11038.58499  
11020.21771  
10995.39124  
10961.95182  
10955.83964  
10988.2688  
11021.30308  
11059.30824  
11104.61631  
11074.37386  
11041.65398  
10986.98205  
11002.12602  
10993.42707  
10994.62056  
11107.10383  
11097.05419  
11040.75809  
11015.30223  
11023.54026  
11055.41835  
11051.70658  
11030.91289  
11050.0348  
11042.97808  
11064.47655  
11062.40294  
11064.54086  
11043.53345  
10999.83261  
11018.17623  
11049.91141  
11059.72259  
11116.75663  
11094.82856  
11036.878  
10987.76086  
10969.59071  
10960.43669  
11098.41338  
11100.31625  
11093.68573  
11047.008  
11008.93083  
11047.82376  
11083.01615  
11075.75856  
11036.23102  
11006.24939  
10983.33774  
10995.03149  
10990.63848  
11034.34398  
10978.1679  
10984.41108  
11089.23209  
11134.7912  
11036.81293  
10989.75122  
11009.43202  
11009.27611  
11031.4917  
11024.90556  
11074.66804  
11056.78513  
11055.99908  
10820.02016  
11166.43787  
11172.16459  
11139.47827  
10882.60064  
11094.34196  
11111.41415  
11097.90288  
11070.21068  
11056.83979  
11097.84092  
11044.75449  
11142.91269  
11119.06185  
11118.21893  
11100.64544  
11135.67261  
11108.58891  
11093.37005  
11061.69157  
11009.92645  
10980.80242  
10963.39693  
11037.26402  
11074.0254  
11039.80985  
10996.79001  
11036.52084  
11083.93063  
11147.573  
11116.67036  
11009.88658  
10977.81087  
10978.7365  
10951.52718  
10944.24068  
11002.63199  
11024.69131  
11017.95028  
11013.86462  
11020.64928  
11093.60704  
11021.71473  
11020.60333  
11013.98424  
11057.31384  
11026.09037  
11025.88365  
11015.12217  
11054.55005  
11081.10704  
11031.32005  
11058.85998  
11096.40875  
11095.17492  
11074.04537  
11060.55172  
11091.73488  
11118.93416  
11061.64641  
11125.50104  
11192.39018  
11101.24  
11048.70021  
11059.23622  
11137.79244  
11110.09194  
11089.40626  
11058.09475  
11014.53435  
11016.55648  
11012.47229  
10979.16214  
10963.67516  
10943.40059  
11012.73556  
11058.18368  
11004.71266  
10929.31039  
11029.11252  
11070.8707  
11063.46716  
11077.10672  
11071.57887  
11106.56411  
11083.60961  
11117.68805  
11164.65322  
11080.0305  
11036.27303  
11071.10048  
11085.77854  
11118.67021  
11135.12817  
11102.80513  
11040.14641  
10985.35161  
10983.45143  
10990.67491  
11046.48782  
11079.75859  
11106.48223  
11119.80126  
11082.34662  
11098.01338  
11089.98441  
11038.50783  
11027.39503  
11006.8354  
10977.69907  
10949.16748  
10996.86324  
10992.18393  
11075.45208  
10964.58089  
11061.24568  
11115.92013  
11084.9277  
11020.81988  
11021.11859  
11088.96161  
11102.87798  
11024.44289  
10984.22621  
11002.9048  
11065.22352  
11106.93719  
11119.57857  
11041.39372  
11058.19632  
11053.60359  
11059.23546  
11014.19795  
11009.6948  
11063.03005  
11063.4653  
11086.07942  
11102.67242  
11086.69698  
11114.04917  
11082.5517  
11096.88131  
11005.55166  
11067.35398  
11048.88283  
11028.65148  
11077.24562  
11104.00982  
11041.00089  
11049.73102  
11031.25794  
11037.1956  
11000.80974  
11049.80685  
11041.28049  
11007.15701  
10924.47498  
10913.81712  
10894.99293  
10910.95901  
10969.78052  
10990.93674  
11062.78439  
11094.38932  
11129.10355  
11090.38756  
11078.60512  
11063.20298  
11100.99027  
11095.87257  
11079.03568  
11027.3093  
10581.90206  
11096.57585  
11092.13011  
11047.72662  
11038.13052  
11052.30939  
11066.6543  
11039.46474  
10971.70586  
11002.78918  
10946.89972  
10996.02712  
11020.91096  
11038.79091  
11048.58992  
11061.52073  
11062.33058  
11049.23101  
11093.14817  
11100.57418  
11057.74925  
11057.77682  
11152.37856  
11129.60957  
11099.25194  
11070.42151  
11114.26554  
11138.73123  
11136.66733  
11095.8403  
11096.64105  
11057.78779  
11014.7185  
10921.56797  
11062.25066  
11118.33223  
11097.09294  
11029.61395  
11048.29909  
11034.97672  
11084.59037  
11135.88053  
11097.50301  
11063.60878  
11070.35251  
11053.76744  
11055.29222  
11047.35408  
11038.21952  
11045.43902  
10988.4136  
11082.47127  
11028.00798  
10982.17615  
10799.83786  
