9046.796033  
8907.829448  
8886.737899  
8846.437528  
8940.242407  
8874.714547  
8782.055742  
8778.099263  
8766.489102  
8902.600225  
8738.031979  
8719.147737  
8789.165195  
8977.115885  
9078.737383  
8476.053201  
8837.344394  
8988.393781  
8993.917155  
8790.478225  
8936.593297  
8692.755881  
8958.117598  
9021.430714  
8947.220349  
9036.602221  
8883.066031  
8968.930806  
8972.006227  
8872.107974  
8930.722394  
8946.252618  
8776.854973  
8839.896074  
8816.346411  
8900.485281  
8717.554617  
8759.128715  
8855.091599  
8925.535461  
8827.453762  
8675.993426  
8922.414629  
8886.976244  
8934.032135  
9049.880987  
8777.442687  
8736.091195  
8684.328663  
8804.742287  
8953.117386  
8900.893342  
8715.131609  
8858.56855  
8653.003581  
8928.472692  
8964.939078  
8825.934712  
8944.731934  
8869.708213  
8826.463089  
8879.919667  
8913.270869  
8927.478657  
8762.795382  
8878.368341  
8901.455007  
8899.60031  
8947.094168  
8836.328543  
8860.181718  
8929.328366  
8779.851287  
8989.909611  
8955.567355  
9027.551432  
8707.505619  
8892.154552  
8688.651318  
8965.689623  
9025.739852  
8869.997608  
9081.960952  
8884.440345  
8976.707647  
8766.675024  
8908.227327  
9013.322987  
8898.327771  
8891.593757  
8698.433594  
8994.336652  
8963.21057  
8947.603247  
8840.835138  
8794.697152  
8798.767925  
8881.327056  
8962.049026  
8970.18692  
8772.973937  
8661.465693  
8868.466486  
8975.151721  
8802.779318  
8890.190819  
8888.223895  
8724.033628  
8855.486342  
8855.691541  
8874.212848  
8892.941463  
8896.446459  
8796.198893  
8718.180912  
8828.91172  
8680.597883  
8756.073094  
8920.932115  
8903.317206  
8786.680317  
8765.539162  
8846.856594  
8836.741805  
8927.966132  
9051.718332  
8610.329151  
8742.243539  
8844.84639  
8985.977815  
8799.667289  
8940.207895  
8767.546967  
8958.300965  
8950.511931  
8890.806563  
9040.074346  
9143.91339  
9047.877264  
8867.169342  
8870.003751  
8569.588839  
8895.752845  
8944.946869  
8872.561587  
8986.53464  
8776.852957  
8790.188271  
8942.32119  
8940.886096  
9103.495782  
8835.948596  
8822.563385  
8849.243284  
8897.962084  
9049.160078  
8894.286076  
8811.348293  
8822.907849  
8860.88173  
8836.075372  
8847.113564  
8815.546033  
8952.921075  
8916.680806  
8878.215318  
8895.564241  
8857.992357  
8883.376904  
8875.653844  
8982.313052  
9012.814743  
8808.200592  
8829.997233  
8879.850041  
8821.509355  
8949.630831  
8809.082958  
8911.26479  
8792.685172  
8891.949389  
9047.222175  
8986.578493  
8711.698582  
8913.802734  
8719.661189  
8965.377795  
8675.343113  
8833.313802  
8601.71311  
8865.903122  
8902.109446  
8818.29052  
8908.167891  
8813.541928  
8713.627484  
8912.168422  
8977.28764  
8923.336164  
8788.764054  
9027.385855  
8836.989201  
8893.855363  
8973.516297  
8976.800116  
8794.34438  
8701.62229  
9002.16206  
8911.975331  
8834.885962  
8757.191017  
8720.731162  
8645.396116  
8776.038645  
8837.554072  
8989.378807  
8957.388495  
8815.820907  
8891.544427  
8889.974348  
8895.878644  
8663.383478  
8788.138056  
8897.841747  
8866.829484  
8951.3613  
8778.322117  
8822.098357  
8841.705941  
8895.175251  
8786.894368  
8907.125396  
8969.734807  
8671.358625  
8835.009334  
8905.820928  
8758.73998  
8907.380541  
8873.746978  
8774.702219  
8861.480992  
8933.826342  
8909.923821  
8931.921281  
8805.371271  
8915.609892  
8927.332286  
8782.54374  
8939.662216  
8693.73526  
8831.738642  
8868.684485  
8758.377378  
8876.487383  
8713.657559  
8976.416596  
9150.995046  
8816.180374  
8745.21536  
8926.52595  
9019.57504  
9118.627774  
8819.028582  
8871.424571  
8625.643257  
8764.73228  
8990.212848  
9334.714271  
9175.480051  
8850.821508  
8875.243716  
8793.30761  
9000.523558  
9120.411458  
8844.417771  
8808.943041  
8770.595441  
8741.867555  
8877.637271  
8876.958737  
8971.042778  
8937.32729  
8940.808707  
9074.639641  
8809.419596  
8936.464455  
8809.042204  
8807.120577  
8854.877356  
8747.173856  
8785.273388  
8848.547618  
8724.659484  
8940.495379  
8743.278603  
8828.878998  
8949.095059  
8639.136485  
8799.418938  
8836.929412  
8822.883272  
8961.664919  
8677.180268  
8997.281554  
8693.867152  
8986.413284  
8674.064729  
8890.24724  
9143.341153  
8794.82148  
8861.970356  
8762.676807  
8849.233469  
8932.856091  
9081.930692  
8883.598788  
8855.124922  
8897.345484  
8834.133216  
8927.63122  
9064.493766  
8564.709805  
8896.419327  
8762.412732  
8874.680339  
8992.839702  
8749.45897  
8921.99608  
9100.695716  
8915.814998  
8810.701129  
8946.39589  
8804.704462  
8703.959593  
8843.343849  
8820.927267  
8964.528193  
8804.729676  
8825.220809  
8793.083475  
8933.273091  
9023.091054  
8756.680721  
8894.399945  
9053.926885  
8922.369424  
8927.193423  
8893.024747  
8823.721949  
8890.941788  
8921.987475  
8957.957838  
8971.41063  
8854.009419  
8918.086525  
8933.415563  
8748.479153  
8913.819187  
9086.096878  
8941.631808  
8822.502378  
8955.595668  
8679.522164  
8857.429157  
8861.374965  
8689.812592  
9111.303414  
8853.374469  
8859.124476  
8832.117272  
8612.674826  
8769.245839  
8890.18295  
8988.916419  
8802.363409  
8832.157814  
8889.549288  
9023.615355  
8841.638184  
8813.866388  
8870.624908  
8703.680806  
8799.670205  
8899.099779  
8777.092561  
8783.579024  
8826.337183  
8806.161451  
8792.415825  
8824.995853  
8824.708836  
8895.522397  
8984.45948  
8802.537534  
8796.617053  
8821.374172  
8762.256128  
9061.502413  
8998.09024  
8836.262193  
8805.898162  
8989.740227  
8854.126557  
8907.599532  
8762.190932  
8796.182723  
8924.305508  
8763.83535  
8908.184514  
8937.108512  
8693.535715  
8874.929369  
8927.025334  
9015.404396  
8814.313682  
8886.428782  
8659.742421  
8958.042169  
9106.922406  
9038.892437  
8942.819803  
8995.650391  
8603.206203  
8902.440621  
9060.073999  
8973.339419  
8886.316123  
8875.655903  
8550.433374  
8661.159647  
8786.115503  
8922.577382  
8867.141219  
8738.977504  
8755.475069  
8885.296641  
8979.604648  
9123.042183  
8767.441328  
8853.115751  
8859.861321  
8945.533203  
8903.943444  
8911.794009  
8766.498521  
8734.868348  
8808.527464  
8826.396477  
8868.805211  
8947.216408  
8923.950981  
8787.029198  
8757.418167  
8853.399839  
8817.982712  
8922.650801  
8833.12321  
8729.032297  
8827.556853  
8898.952389  
9043.145628  
9049.353317  
8850.821013  
8874.373988  
8872.975388  
8912.13115  
8956.886054  
8738.576618  
8795.987036  
8794.312019  
8923.730193  
8928.521541  
8814.693671  
8810.124314  
8874.239838  
8782.630385  
9129.737715  
9249.853976  
8851.075592  
8882.974376  
8740.433141  
8822.831536  
8966.111675  
8979.80795  
8849.334218  
8832.604082  
8627.699721  
8795.604457  
8976.433558  
8942.045559  
8774.265498  
8924.737864  
8862.608009  
8935.882897  
8868.120061  
8876.142656  
8779.710074  
8866.592313  
8994.114923  
8898.688554  
8905.980653  
8869.557221  
8785.407205  
9047.214072  
9050.410241  
8855.878616  
8769.449247  
8848.49615  
8848.837983  
8920.132607  
8976.045318  
8861.25034  
8790.738635  
8888.011839  
8892.394404  
8952.726647  
8812.326653  
8860.171097  
8929.988564  
8891.819598  
8912.310356  
8942.341174  
9089.663871  
8633.884872  
8877.65971  
8895.890972  
8710.530358  
8765.576759  
8765.444032  
8837.000757  
8855.888912  
8493.775461  
8700.32591  
8829.712395  
8857.624023  
8922.284534  
8902.617768  
8785.866756  
8591.721651  
8724.745485  
8738.974546  
8804.394425  
9052.354867  
8843.569463  
8740.65015  
8804.170269  
8929.599723  
8944.203075  
8796.631687  
8732.088556  
8680.204639  
8817.05996  
8860.385197  
8947.074905  
8826.977815  
8599.68014  
8738.316909  
8977.656328  
9361.807306  
9200.122162  
8984.672179  
8855.482068  
8705.358943  
8789.033974  
8733.504288  
8947.999335  
8979.844344  
8879.975034  
8801.519206  
8900.134242  
8835.087926  
8833.108717  
8855.423304  
8891.572407  
9031.079689  
8738.459211  
8773.015696  
8830.040513  
8909.392323  
9074.285623  
8573.0008  
8725.61459  
8963.766757  
8874.831019  
8991.201306  
8817.702  
8955.350253  
9014.303117  
9044.209409  
8778.748486  
8833.290464  
8965.009971  
8628.340254  
8823.373896  
8800.094613  
8867.29943  
8707.357662  
8765.935887  
8881.191088  
9009.248712  
8972.775978  
8905.907835  
8893.686835  
8867.975926  
9164.359736  
8987.949226  
8768.574382  
8733.521081  
8854.229535  
8832.246115  
8800.499151  
8910.774209  
8812.349892  
8842.547675  
8830.932561  
8795.220491  
9211.596333  
9291.270069  
9074.859948  
8865.363911  
8853.405408  
8993.938632  
9017.897772  
8874.340325  
8874.047385  
8866.254012  
8889.513771  
8800.940833  
8844.696862  
8855.780726  
8755.757756  
8927.171967  
8801.064  
8855.311205  
8898.522779  
8871.293351  
8737.438434  
8761.011429  
8866.987092  
8827.212721  
8745.2721  
8757.682313  
8729.390441  
8863.360599  
8861.124264  
8945.751521  
8800.430367  
8918.305395  
8703.769666  
8801.968955  
8958.412449  
8811.371773  
8871.281936  
8897.756772  
8748.958772  
8839.580312  
8865.108816  
8811.986392  
8765.963068  
8954.076795  
8927.836164  
9044.001437  
8963.228763  
8994.432398  
9138.92898  
8819.146576  
8940.74102  
9009.36786  
8677.150023  
8878.81969  
8836.38541  
8966.122014  
8971.394885  
9087.618008  
8963.766439  
8895.415747  
8868.361901  
9013.991289  
9015.977171  
8950.204045  
8807.365652  
8738.126911  
9051.473888  
9076.979839  
8804.315493  
8747.997382  
8801.423871  
8736.446332  
8834.970236  
8823.105589  
8924.763636  
8872.976428  
9073.49741  
9174.214872  
8981.206338  
8720.728084  
8748.867251  
8794.119381  
8817.310419  
8973.778405  
8929.066774  
8896.292594  
8841.498542  
8745.311141  
8737.856304  
8825.358823  
8784.425286  
8862.739527  
8931.902202  
8888.603374  
8919.712381  
8757.227341  
8739.577255  
8689.596658  
8719.10169  
8822.055742  
9002.59663  
8894.296903  
8747.724369  
8757.302685  
8883.924033  
8815.388835  
8849.420354  
8836.16177  
9015.692998  
8686.282319  
8667.011273  
8783.021272  
8844.006263  
8937.558523  
8812.427083  
8822.945312  
8788.174104  
8815.699424  
8821.113069  
8863.233957  
8984.258775  
8496.717759  
8840.522772  
8779.658564  
8848.367336  
8978.944378  
8751.488048  
8872.330397  
8902.257529  
8967.058346  
8856.953592  
8898.29754  
9205.179829  
9067.560016  
8879.314906  
8809.445284  
8718.780259  
8841.004989  
8868.049706  
8899.022326  
9005.018838  
8850.819117  
8852.007402  
8849.600501  
8908.976103  
8915.837572  
8899.521668  
8933.506956  
9141.544901  
9104.719203  
9083.778087  
8870.042983  
8934.750283  
8908.735953  
8789.505329  
8841.828019  
8899.179971  
8854.375347  
8803.618497  
8825.699332  
8887.961001  
9016.198079  
9039.913843  
9004.176666  
8661.762971  
8622.869374  
8883.609403  
8795.311531  
8881.718927  
9024.605681  
9095.520982  
8961.614774  
8781.525844  
8753.761613  
8866.062472  
9037.056747  
8814.483929  
8913.981502  
8987.882261  
9039.955786  
8911.428534  
8846.312097  
8646.061361  
8664.545276  
8646.513693  
8959.514656  
9098.406158  
8905.029962  
8876.234184  
8706.263544  
8743.830665  
8820.886344  
8898.706607  
8963.346524  
8825.662619  
8792.271499  
8644.066909  
8781.440401  
8880.792544  
8971.65332  
8753.430933  
8854.651459  
8873.598392  
8801.523926  
8984.807115  
8942.568006  
8914.534144  
8757.953585  
8834.872629  
8831.37224  
8873.143052  
8835.07937  
8855.454073  
8812.008782  
8719.137525  
8830.902761  
8772.792098  
8894.376946  
8980.02699  
8883.11931  
8868.808891  
8904.814616  
8780.313031  
8794.459367  
8889.682228  
8891.60745  
8753.726492  
8837.979421  
8773.975706  
8798.036437  
8931.809613  
9110.813399  
8959.650136  
8793.599489  
8799.430381  
8799.531469  
8860.954774  
8883.456472  
8984.07954  
8751.97209  
8745.70016  
8844.577792  
8910.819739  
8918.974914  
8724.172717  
8808.624611  
8820.781554  
8834.605787  
8919.495124  
8709.035715  
8881.609502  
9047.266729  
9107.26128  
8878.0831  
9057.503715  
8599.578146  
8850.450953  
8927.221078  
9062.503255  
9011.050689  
9009.230448  
8820.777825  
8851.514705  
8869.239293  
8831.704738  
8760.111144  
8800.096439  
8795.047448  
8913.420191  
8868.846354  
8800.874894  
8768.85411  
8871.526884  
8902.59295  
8994.455425  
8949.510332  
8875.234679  
8903.472324  
8713.948709  
8815.175951  
8918.211631  
8980.610366  
8871.150546  
8883.342151  
8929.59157  
8854.785333  
8893.227773  
8868.57545  
8889.221085  
8802.627647  
8871.272702  
9089.344267  
8878.15153  
8818.95713  
8844.611576  
8754.267054  
8918.077467  
8783.329979  
8819.58719  
8677.57315  
8986.578819  
9195.579965  
8948.083199  
9097.258251  
8997.901721  
8715.097869  
8848.260035  
8982.41828  
8909.718998  
9025.605285  
9149.518272  
8773.670764  
8756.33419  
8643.023438  
8776.90032  
8962.649612  
8845.98618  
8933.235019  
8930.584904  
8727.228013  
8824.481672  
8953.973244  
9028.011959  
9076.801234  
8817.323129  
8751.53396  
8761.621844  
8829.075769  
9013.233271  
8252.772008  
8972.374179  
8704.939191  
8796.727185  
8863.6044  
8869.641906  
8765.259532  
8759.776042  
8919.335378  
8860.879529  
8851.20747  
8998.016113  
8961.945624  
8777.928067  
8856.208057  
8545.771421  
8730.080545  
8775.647341  
9076.366027  
8757.533132  
8821.680763  
8698.820659  
8850.00334  
8936.661671  
8815.700033  
8852.480532  
8961.496971  
9037.507062  
8840.674026  
8776.181117  
8803.384858  
8850.459381  
9017.03309  
8912.486052  
8825.350275  
8794.533493  
8872.895649  
8943.034831  
8876.270649  
8770.67881  
8841.715643  
8875.897567  
8993.240744  
8839.341096  
8936.044971  
8974.67283  
9118.147666  
8887.552175  
8961.641021  
8848.945369  
9042.70696  
8700.481042  
8835.580623  
8970.243348  
8965.506334  
8931.811587  
8806.501642  
8884.554504  
8801.959593  
8923.947492  
8887.689602  
8918.626656  
8885.371716  
8826.032856  
8825.256673  
9000.915513  
8880.063385  
8740.759858  
8852.797675  
8846.021223  
8914.214228  
8858.07252  
8776.553775  
9138.074749  
9188.168174  
9087.859672  
8987.45534  
8805.522426  
8700.397298  
8766.884794  
8859.648997  
8803.70822  
8822.594635  
8823.385551  
8688.841868  
8930.672533  
9180.48417  
8977.43157  
9024.925548  
8807.743129  
8995.153299  
8931.085386  
8921.734  
8840.336482  
8720.4436  
8775.631355  
8922.510141  
8868.65797  
8789.267415  
8777.005661  
8808.566074  
8797.868192  
8992.892918  
9096.40199  
9052.713959  
8848.966464  
8772.189644  
8804.032871  
8730.094635  
8856.085421  
8764.513212  
8620.558565  
8602.573497  
8779.884971  
8893.148593  
8940.646456  
8897.006885  
8887.621978  
8829.11355  
8783.526289  
8802.430636  
8861.321098  
8815.189687  
8767.215042  
8985.06291  
8987.395458  
8887.439623  
8881.505279  
8802.467894  
8992.378998  
9009.441753  
8831.425626  
8645.818925  
8869.181648  
8841.229881  
8857.759596  
8850.560561  
8812.955163  
8846.828104  
8735.462353  
8931.809011  
9034.126875  
8761.281915  
8809.55635  
8581.311304  
8778.508796  
9035.485189  
8938.124618  
8992.560144  
8872.909236  
8862.115114  
8818.228431  
8703.268059  
8779.304928  
8940.235557  
8822.063859  
8971.109425  
8896.563448  
8842.07688  
9030.588209  
8680.977638  
8792.90136  
8733.850324  
8895.961539  
8906.618015  
8895.168967  
8870.148289  
8850.976357  
8925.404658  
8949.660425  
8847.551588  
8818.120174  
8862.126592  
8969.618072  
9097.680565  
8820.761896  
8591.176956  
8877.939071  
9090.820086  
8897.4672  
8865.472727  
8823.727971  
9059.47025  
8643.889365  
8769.546542  
9050.775921  
9184.646272  
8948.190274  
8690.293931  
8806.714943  
9109.370881  
8974.170771  
8897.763566  
8945.800109  
9068.011705  
9040.61038  
8938.621992  
8947.717611  
8778.918082  
8818.291433  
8947.685108  
8797.265738  
9104.711787  
8946.501847  
8841.24925  
8827.17351  
8637.211688  
8766.633053  
8926.626663  
8796.418195  
8849.672675  
8767.483002  
9036.101202  
8866.797377  
8883.984057  
8694.905939  
8566.813922  
8871.043733  
8901.827248  
8934.159293  
8850.487425  
8730.98843  
8522.86435  
8736.37742  
8867.332845  
8890.302317  
8868.838499  
8934.290895  
8754.731155  
8655.933813  
8824.66201  
8915.419667  
8850.224022  
8913.075641  
8814.646661  
8800.494615  
8849.113083  
8967.880796  
8829.021463  
8966.032149  
8990.949424  
8965.088987  
8884.875467  
8974.167141  
8801.273544  
8880.63577  
8913.428824  
8777.441703  
8740.795226  
9068.262023  
8783.394085  
9151.621504  
8910.391708  
8941.32729  
8621.232832  
8800.043464  
8936.753588  
8847.660609  
8809.977886  
8841.132452  
8951.703875  
8940.845739  
8906.827481  
8850.400277  
8772.010615  
8742.442814  
8750.673998  
8874.339002  
8902.623556  
8975.744848  
8827.22255  
8806.341075  
8991.373868  
9075.442057  
8704.663461  
8902.640087  
8879.831472  
8879.946629  
8861.709975  
8946.885311  
8857.74114  
8852.185405  
8808.528391  
8798.808806  
8793.417261  
8692.036501  
8747.351244  
8852.706798  
8989.756093  
8921.492195  
8825.626168  
8962.494792  
8940.565408  
8998.728169  
8818.09709  
8758.178562  
8758.66327  
8812.846743  
8884.203026  
8728.868263  
8875.125439  
8873.136556  
9176.338421  
8702.018441  
8868.793032  
8944.498712  
9084.170658  
9081.146272  
8890.971333  
8984.228827  
8738.775914  
8754.4413  
8815.282807  
8760.661593  
8750.4398  
8751.943458  
8697.543825  
8904.485076  
8790.200082  
8870.929164  
8827.416631  
9040.699474  
8846.885735  
9096.44585  
8953.270543  
8847.784066  
8835.781356  
8946.512816  
8917.617747  
8899.416844  
8809.325429  
8768.536947  
8903.507558  
8826.575938  
9019.083949  
8845.356452  
8812.453847  
8977.032149  
8960.734849  
8858.510551  
8805.073469  
8964.295438  
8871.398105  
8902.526148  
8864.541037  
8990.728077  
8920.88991  
8954.429206  
8878.426376  
8934.713181  
8706.3415  
8863.903504  
8896.269885  
9067.807086  
9134.102008  
8837.817857  
8309.306407  
9113.728494  
9102.163121  
9015.116565  
8790.412499  
8732.140441  
8760.633506  
8934.565769  
9027.379196  
8813.142656  
8872.214539  
8880.257077  
8930.27503  
8858.085407  
8879.071516  
8889.703663  
8760.911303  
8905.050017  
8872.909576  
8834.648968  
8856.014111  
8837.290563  
8805.772829  
8815.395232  
8821.200485  
8871.819838  
8863.540853  
8860.682263  
8771.933013  
8835.582895  
8837.083149  
8778.567255  
8832.361293  
8594.361441  
8767.960909  
8797.568232  
8888.544278  
8869.279042  
8811.574551  
8848.245952  
8540.527259  
8882.382827  
9126.290556  
9315.709508  
9395.604351  
8850.188087  
8842.653596  
8458.566527  
8646.85331  
8627.223654  
8902.361746  
8971.8902  
8752.531285  
8721.494792  
8750.830043  
8681.340658  
8931.668683  
8931.394149  
9064.107379  
8774.650504  
8615.937436  
8858.003397  
8971.940592  
8932.777386  
8913.407573  
8776.052246  
8853.390887  
8905.987623  
8954.16264  
9029.577559  
8824.584303  
8829.769093  
8866.089087  
8916.416235  
8965.523742  
8943.02152  
8874.781873  
8935.781172  
8755.593899  
8831.962041  
8841.505067  
8866.573136  
8981.468361  
9246.265809  
8925.332244  
9019.307136  
8935.06262  
8879.043301  
8839.772128  
8702.500021  
8825.006737  
9002.682454  
8992.171825  
9109.346305  
9148.807645  
8997.487722  
8997.926454  
8754.929213  
8768.173616  
8836.542381  
8944.367209  
8809.89422  
8745.011974  
8558.209841  
8826.736434  
9003.172979  
8939.394708  
8855.074304  
8859.544971  
8814.529184  
8833.813392  
8907.441449  
8942.336525  
8917.658331  
8802.918733  
8790.860203  
8820.426864  
8711.073745  
8872.420141  
9005.281434  
9054.55514  
8790.682086  
8826.377293  
9026.590721  
9125.157913  
9154.109495  
8841.313703  
8832.497905  
8692.616975  
8853.471467  
8905.735712  
8944.811035  
8865.270847  
8827.893045  
8820.57959  
9000.444223  
8720.82954  
8850.265448  
8821.81923  
8925.349517  
8935.177706  
8859.285496  
8822.506277  
8816.637872  
8878.452715  
8878.040754  
8715.098187  
8837.178541  
8837.420736  
9067.006822  
8518.270826  
9125.66741  
9345.229542  
8680.528002  
8830.644828  
8892.609969  
8720.44176  
8823.971835  
8857.683573  
8874.987567  
8672.282701  
8685.554199  
8788.639585  
8892.166723  
8995.1776  
8741.355915  
8756.978438  
8879.113621  
8967.721496  
8867.922484  
8860.430487  
8773.475798  
8650.499023  
8747.711971  
8899.839207  
8888.268696  
8846.810915  
8796.828967  
8835.339009  
8868.528915  
8902.540067  
8811.6296  
8888.240249  
8815.472904  
8709.47185  
8815.056825  
8869.592356  
8975.107068  
8739.276013  
8835.194683  
8927.811212  
8855.173198  
8833.512476  
8949.192489  
8861.802175  
8872.714801  
8883.684768  
8687.833517  
8712.17852  
8762.528299  
8859.897362  
8740.300965  
8697.138042  
8798.769602  
8912.516255  
8926.161536  
8832.991197  
8869.818954  
8658.598392  
8887.195999  
9038.447803  
9032.473965  
9067.083255  
8615.822648  
8900.497092  
8693.326342  
8871.359233  
9015.221064  
8759.353707  
8981.832187  
9007.543174  
9065.071494  
8933.065309  
8831.112934  
8821.896442  
8675.62626  
8903.155125  
8879.788164  
9005.339426  
8762.144807  
8840.023459  
8823.059308  
8914.848314  
8952.273487  
8780.665655  
8759.343715  
8933.199707  
9086.919455  
8620.787371  
8937.672491  
8886.092016  
9009.619721  
8859.790697  
8936.263063  
8987.792728  
9002.551899  
8868.516255  
8873.025844  
8796.584756  
8850.387122  
8925.21098  
8919.323907  
8767.092965  
8918.468177  
9034.991452  
8909.746172  
8920.739753  
9038.023508  
8820.725883  
8872.506206  
8936.368433  
8684.427635  
8870.648883  
8977.362637  
8946.838768  
9022.819909  
9112.162767  
8812.94464  
8825.884865  
8626.510049  
8899.092632  
8877.961277  
8910.107861  
8719.679588  
8840.370683  
8880.462233  
9004.896916  
8971.442638  
8947.240001  
8713.78074  
8847.933035  
8861.096658  
8898.929744  
9103.610344  
8799.292417  
8794.41545  
8887.741062  
8995.849008  
8947.185993  
8840.501168  
8887.098534  
8871.096354  
8840.377003  
9017.080496  
8859.064764  
8929.832067  
8933.455722  
9016.892635  
8965.91995  
8673.366572  
8785.815408  
8649.592929  
8736.165152  
8895.077226  
9021.354329  
9139.845392  
8908.740142  
8822.0739  
8911.549847  
8920.550739  
8642.352482  
8766.281264  
8748.731523  
8611.068303  
8834.371087  
8835.503071  
8961.471658  
8961.423517  
8810.546026  
8821.922385  
8932.250495  
8777.662909  
9004.328274  
8877.818543  
8943.220335  
8943.248953  
8756.685795  
8846.126521  
8918.722097  
8849.582704  
9025.566746  
8831.288447  
8805.93554  
8709.651303  
8804.955934  
8858.928739  
8953.43699  
8900.096114  
8878.821664  
8916.273982  
8870.154438  
8753.837056  
8848.380265  
8610.544342  
8939.356679  
9094.929426  
8747.867647  
8727.229344  
8979.131461  
8794.909505  
8909.84179  
8938.297017  
8827.454597  
8960.107068  
8922.463464  
8823.429893  
8865.575344  
8967.809825  
8965.05635  
9069.584034  
8909.97243  
8725.635105  
8876.637837  
8851.786281  
8957.628729  
8796.598208  
8896.758499  
8949.988621  
8974.32286  
8938.323207  
8775.365284  
8304.152726  
8681.223187  
8790.072301  
9144.700535  
9033.288886  
