9518.029639  
9437.770313  
9350.897119  
9446.786108  
9485.476807  
9555.864941  
9542.651074  
9551.459668  
9530.638086  
9523.040503  
9479.393066  
9478.836401  
9707.91687  
9495.522534  
9462.623682  
9581.621143  
9602.105322  
9505.396948  
9483.417383  
9520.217383  
9583.535889  
9500.1896  
9540.909351  
9571.017187  
9471.513037  
9533.634351  
9545.170752  
9617.000098  
9561.305176  
9522.536987  
9584.005225  
9511.898755  
9483.035303  
9557.665137  
9505.267285  
9463.075903  
9431.102271  
9602.745361  
9663.152441  
9425.968994  
9403.942212  
9541.599292  
9510.304565  
9474.410352  
9557.043921  
9417.874414  
9467.361572  
9535.288037  
9441.995874  
9583.964893  
9344.105469  
9523.471704  
9610.37854  
9484.130786  
9544.695752  
9494.631396  
9646.766748  
9605.414038  
9460.230615  
9462.299268  
9519.322705  
9488.734473  
9538.850806  
9569.361304  
9507.527246  
9464.728735  
9439.71814  
9491.365308  
9456.796436  
9533.219897  
9459.982935  
9585.040967  
9491.990063  
9463.433472  
9402.056421  
9459.040186  
9522.087207  
9645.795044  
9500.84502  
9701.536206  
9507.377563  
9580.816821  
9491.589697  
9426.233911  
9505.862769  
9514.521606  
9516.830176  
9529.708228  
9605.839941  
9454.821704  
9512.156714  
9628.161401  
9622.743237  
9558.672363  
9607.233618  
9476.644873  
9660.424585  
9516.720898  
9508.084668  
9554.587988  
9505.980371  
9405.687939  
9437.962915  
9447.952881  
9440.400635  
9467.498608  
9473.946484  
9499.82207  
9449.527783  
9495.309106  
9471.294141  
9490.166357  
9366.880225  
9553.663062  
9465.943628  
9477.962598  
9567.243018  
9528.072437  
9490.646729  
9530.197314  
9504.292432  
9528.944482  
9522.20957  
9487.251221  
9434.050806  
9516.489746  
9471.267725  
9695.658643  
9572.651953  
9522.64585  
9529.237524  
9508.892334  
9471.045996  
9499.40979  
9552.318701  
9489.037915  
9597.751587  
9552.062842  
9583.391602  
9481.310059  
9508.153613  
9776.581543  
9626.228491  
9542.428735  
9374.504492  
9433.022314  
9507.474854  
9780.359131  
9477.508105  
9571.012769  
9466.279297  
9493.13269  
9517.731299  
9504.53042  
9411.684082  
9449.222852  
9513.75896  
9516.52561  
9514.109692  
9485.533301  
9548.835913  
9509.524463  
9472.91377  
9506.991138  
9551.320239  
9535.703564  
9573.902295  
9509.073364  
9722.74834  
9414.34314  
9445.055151  
9394.110327  
9457.804541  
9459.38457  
9496.56604  
9542.832422  
9583.031934  
9596.684839  
9542.020996  
9389.752319  
9464.690747  
9505.757886  
9422.142432  
9429.701221  
9407.269897  
9409.078589  
9387.329199  
9563.333984  
9548.297681  
9525.087476  
9620.544604  
9521.640845  
9615.434131  
9524.691089  
9554.388647  
9552.573511  
9552.385986  
9504.886133  
9515.966016  
9612.523315  
9530.878418  
9629.919678  
9533.957568  
9498.245728  
9439.920117  
9417.752905  
9584.654126  
9476.603296  
9546.645874  
9377.630029  
9417.480225  
9460.218433  
9712.558545  
9627.21731  
9537.392041  
9407.586035  
9484.078833  
9571.441406  
9576.873511  
9515.617139  
9479.003467  
9545.905029  
9844.465381  
9540.238281  
9523.362476  
9370.138477  
9520.944702  
9488.889551  
9407.675977  
9457.467432  
9524.007129  
9542.856616  
9448.936035  
9435.729199  
9437.848047  
9544.592896  
9541.806299  
9551.344556  
9505.802051  
9533.345898  
9479.780688  
9508.544141  
9502.76355  
9417.733179  
9561.000269  
9540.943579  
9574.229492  
9490.644336  
9497.55957  
9491.411304  
9572.07439  
9554.178589  
9515.635425  
9550.532666  
9603.268604  
9492.611157  
9330.717896  
9566.255078  
9490.184155  
9449.842798  
9543.136279  
9516.021655  
9571.53147  
9517.879321  
9619.937964  
9573.99707  
9460.175342  
9417.970752  
9460.002588  
9531.208667  
9518.601611  
9561.605176  
9493.546826  
9562.300244  
9559.156128  
9369.844971  
9438.192212  
9773.865063  
9539.258789  
9453.504297  
9494.848486  
9517.361865  
9514.896143  
9486.077686  
9471.829517  
9495.8104  
9448.870752  
9535.183423  
9488.353296  
9446.152808  
9480.097583  
9521.402002  
9518.663306  
9511.722217  
9605.04021  
9604.535107  
9535.441748  
9582.283569  
9616.771948  
9599.350391  
9588.410034  
9539.594604  
9555.71394  
9543.575244  
9616.065063  
9616.32915  
9525.398193  
9576.067896  
9393.046899  
9472.311792  
9514.287183  
9497.952686  
9538.926953  
9461.929297  
9506.102417  
9504.663062  
9555.776587  
9457.790308  
9516.268262  
9478.628809  
9412.012109  
9364.42334  
9530.281689  
9469.920996  
9629.393823  
9476.294556  
9442.381494  
9570.92688  
9440.875854  
9471.023877  
9533.987354  
9483.423877  
9497.109595  
9578.625854  
9538.797876  
9504.857617  
9464.538428  
9435.415967  
9557.967871  
9498.237524  
9487.653882  
9522.276343  
9538.648901  
9437.631909  
9363.950781  
9679.021387  
9703.804419  
9477.686084  
9585.782788  
9737.075684  
9627.720679  
9492.202246  
9540.434375  
9586.698999  
9476.764111  
9463.101465  
9504.962451  
9520.318286  
9485.191577  
9512.905591  
9591.025293  
9530.472852  
9550.518506  
9750.098364  
9561.151245  
9646.134009  
9578.700024  
9549.372583  
9506.736475  
9533.854687  
9471.780005  
9567.817188  
9454.22085  
9395.594385  
9520.814185  
9516.726465  
9486.61333  
9498.844995  
9465.357251  
9479.300977  
9370.604272  
9463.197876  
9513.752246  
9474.144507  
9390.431787  
9522.35835  
9552.973364  
9649.593677  
9446.265796  
9464.743408  
9416.476562  
9524.719189  
9461.842627  
9479.785107  
9502.319751  
9486.460962  
9513.536206  
9570.68335  
9626.426099  
9424.721802  
9492.784668  
9435.306421  
9534.771118  
9466.196997  
9479.343677  
9524.867261  
9496.445874  
9555.779053  
9506.727246  
9432.271997  
9526.672778  
9573.3823  
9511.209692  
9406.575684  
9555.028101  
9500.412891  
9538.979028  
9461.254932  
9578.571411  
9536.697607  
9514.369165  
9454.603809  
9642.865161  
9796.078369  
9568.582788  
9542.283521  
9481.951733  
9451.96521  
9455.884839  
9782.918311  
9512.457666  
9518.121069  
9466.034399  
9474.4979  
9654.423535  
9505.243164  
9536.76814  
9568.244067  
9630.095068  
9508.151538  
9767.112939  
9451.351514  
9478.103784  
9411.462012  
9475.358105  
9559.126855  
9546.583228  
9458.082983  
9485.146924  
9456.893237  
9483.3125  
9522.749854  
9534.808423  
9363.217798  
9454.068311  
9506.436499  
9543.620801  
9504.082983  
9515.393042  
9464.867236  
9506.220215  
9508.58103  
9473.961401  
9474.149097  
9476.304224  
9577.057544  
9568.916382  
9512.368188  
9501.238696  
9535.333032  
9470.16499  
9525.445996  
9487.985669  
9505.973535  
9568.699634  
9755.140576  
9647.19585  
9531.101831  
9503.744604  
9402.859448  
9537.021289  
9535.722729  
9537.50769  
9449.900122  
9414.877441  
9393.458691  
9463.964966  
9554.391846  
9536.386084  
9444.149097  
9469.094702  
9576.190332  
9613.039893  
9571.639697  
9511.654321  
9489.097729  
9497.002051  
9517.416919  
9622.796484  
9603.781079  
9466.465015  
9448.912329  
9530.689233  
9540.280835  
9609.889331  
9484.452588  
9505.975415  
9549.642212  
9491.486279  
9520.977295  
9458.182031  
9556.501074  
9445.653955  
9563.65896  
9544.654907  
9495.880688  
9599.999805  
9559.361377  
9469.846948  
9473.615771  
9490.49895  
9456.388477  
9368.279272  
9536.79021  
9586.549536  
9524.513428  
9592.551416  
9592.375415  
9568.727002  
9476.075586  
9438.587231  
9520.312378  
9753.57002  
9480.515698  
9588.61897  
9436.427832  
9510.100513  
9486.075586  
9638.851099  
9517.28418  
9382.661743  
9412.050732  
9273.957349  
9549.902197  
9584.420996  
9565.584473  
9480.986401  
9448.078174  
9419.213037  
9454.853784  
9629.635767  
9527.741016  
9463.597729  
9450.142236  
9408.740552  
9487.092188  
9915.374707  
9573.273584  
9548.904663  
9470.833569  
9412.85127  
9408.481299  
9419.57439  
9626.517798  
9673.163306  
9494.967944  
9538.003906  
9573.370508  
9474.903223  
9536.140161  
9551.396997  
9491.763477  
9515.974243  
9579.240259  
9587.100928  
9640.275464  
9640.148755  
9617.596387  
9555.322534  
9414.855518  
9531.310889  
9537.358789  
9650.262231  
9456.292212  
9379.407788  
9358.518188  
9393.043188  
9385.371777  
9400.451733  
9429.9552  
9435.757251  
9420.024341  
9709.776221  
9472.179932  
9470.762085  
9515.219067  
9676.652295  
9610.129834  
9491.652856  
9608.55459  
9546.103125  
9514.889893  
9472.181128  
9512.430054  
9465.946191  
9544.72395  
9510.859766  
9539.168872  
9552.396704  
9555.658398  
9571.274341  
9534.812549  
9476.881372  
9501.366089  
9428.781494  
9644.956494  
9568.907178  
9485.007153  
9541.184082  
9478.094507  
9454.639819  
9439.224072  
9483.596851  
9485.579712  
9453.83064  
9455.715063  
9523.34353  
9587.00835  
9529.707153  
9503.137427  
9558.690381  
9499.471216  
9601.772852  
9603.98584  
9599.721045  
9417.42915  
9480.153589  
9441.761743  
9463.630005  
9496.525342  
9552.62605  
9581.018994  
9483.917676  
9460.816406  
9407.028662  
9535.68186  
9622.026123  
9478.094385  
9581.284082  
9612.324023  
9444.668604  
9525.923364  
9480.112866  
9515.906519  
9616.333496  
9538.845557  
9578.810278  
9478.850537  
9675.256445  
9633.755469  
9557.16106  
9521.985791  
9555.24895  
9546.212451  
9545.15708  
9446.877271  
9465.817505  
9483.458813  
9544.35022  
9614.422876  
9587.101343  
9730.569482  
9506.841577  
9428.290625  
9466.802417  
9517.353296  
9535.24353  
9408.548975  
9438.386597  
9397.287817  
9441.459277  
9534.686011  
9515.690137  
9438.981763  
9521.592505  
9409.45918  
9438.937964  
9597.820898  
9423.34248  
9456.917065  
9377.622656  
9482.347632  
9554.934106  
9587.359204  
9420.171997  
9552.531421  
9536.739404  
9515.351392  
9556.461084  
9437.170605  
9547.850342  
9591.663647  
9484.064233  
9499.78623  
9473.230298  
9520.019922  
9499.955298  
9533.366089  
9493.239844  
9580.315454  
9473.151099  
9416.407202  
9500.215063  
9601.146606  
9533.823755  
9449.248438  
9539.008545  
9637.765015  
9539.772192  
9585.267627  
9554.093066  
9479.383496  
9474.360864  
9441.047485  
9544.529126  
9566.245386  
9500.446582  
9550.04624  
9643.565894  
9647.575952  
9499.354419  
9484.318384  
9466.166455  
9633.684473  
9585.886377  
9498.443311  
9218.582495  
9404.163965  
9654.176294  
9637.034863  
9535.703931  
9451.772949  
9498.335522  
9455.583032  
9567.862354  
9531.41416  
9516.159741  
9693.028491  
9469.835449  
9502.770752  
9432.205859  
9473.175903  
9538.44231  
9543.966064  
9506.25332  
9548.514307  
9443.355493  
9461.474219  
9546.622534  
9648.505371  
9520.650586  
9415.997119  
9380.832446  
9469.101978  
9563.288525  
9416.797632  
9517.601074  
9474.784399  
9485.252759  
9791.554175  
9531.663696  
9459.120972  
9459.766772  
9446.210229  
9513.456177  
9627.582715  
9498.377612  
9487.910522  
9497.589429  
9569.062988  
9614.364819  
9630.216748  
9621.276343  
9486.74043  
9494.978833  
9526.844458  
9551.732446  
9510.273364  
9546.387354  
9749.835693  
9536.562158  
9488.701367  
9541.206079  
9480.207764  
9469.72356  
9470.733691  
9586.49563  
9520.113135  
9147.534277  
9263.105664  
9463.5521  
9760.963672  
9509.635059  
9433.844873  
9434.70564  
9431.939282  
9604.745972  
9524.234497  
9518.698486  
9478.023096  
9520.520679  
9532.652832  
9587.238818  
9590.85083  
9582.544019  
9615.989209  
9591.679395  
9570.506494  
9466.846899  
9549.827881  
9516.92041  
9441.192651  
9589.319043  
9653.948437  
9614.688403  
9478.842163  
9518.079492  
9496.38623  
9403.144141  
9483.650537  
9618.804346  
9532.121558  
9468.388916  
9540.863696  
9529.929956  
9620.906519  
9473.521265  
9493.115283  
9348.895459  
9576.142993  
9568.024438  
9543.878003  
9418.216675  
9447.694653  
9466.066333  
9506.908203  
9578.290576  
9359.291528  
9583.540576  
9431.538232  
9478.545117  
9674.642261  
9418.017139  
9402.524561  
9473.846924  
9510.822363  
9449.285938  
9535.322656  
9444.221631  
9483.647803  
9522.87666  
9526.748389  
9551.978369  
9607.132861  
9483.916797  
9559.876221  
9597.254858  
9525.257422  
9474.392651  
9582.398291  
9530.236182  
9398.154932  
9472.275562  
9507.479468  
9746.112646  
9540.440332  
9510.38208  
9542.01416  
9551.835303  
9468.372852  
9440.828687  
9488.340283  
9529.26145  
9617.216357  
9528.473145  
9534.459424  
9637.137549  
9538.027905  
9542.342017  
9493.18291  
9508.681006  
9508.447339  
9447.025903  
9474.852271  
9534.271606  
9600.436353  
9506.916064  
9438.696729  
9491.673364  
9493.396021  
9547.184448  
9511.986914  
9549.578125  
9471.289185  
9394.620728  
9503.896265  
9465.489355  
9492.825171  
9514.232617  
9523.160767  
9466.746777  
9538.800269  
9442.712842  
9318.687598  
9520.398267  
9743.174658  
9517.432568  
9253.899121  
9527.064014  
9411.365942  
9403.773022  
9493.402246  
9811.13999  
9513.957202  
9469.232495  
9540.813159  
9615.014355  
9483.679785  
9604.414844  
9713.933496  
9513.762305  
9494.232129  
9429.90105  
9469.258984  
9325.602808  
9464.38894  
9504.874463  
9530.997314  
9444.586865  
9410.686597  
9498.678418  
9352.189404  
9472.539111  
9720.67959  
9377.375952  
9587.965674  
9576.581616  
9673.25083  
9563.373096  
9540.101611  
9526.99563  
9605.234351  
9596.592822  
9587.042993  
9515.308545  
9559.788013  
9449.921924  
9529.479419  
9465.332153  
9389.181396  
9508.579346  
9534.139307  
9415.781445  
9406.005518  
9572.236792  
9597.603979  
9542.755151  
9527.784546  
9431.556494  
9540.031152  
9524.655762  
9496.148828  
9412.444702  
9526.426318  
9542.146509  
9596.006421  
9582.361816  
9546.171606  
9537.414673  
9501.816797  
9577.742676  
9562.444507  
9489.574121  
9559.931934  
9565.014648  
9514.63877  
9521.158301  
9474.39314  
9515.912695  
9492.976367  
9482.268042  
9507.299609  
9624.511182  
9550.888477  
9488.185693  
9566.551123  
9621.501465  
9567.417969  
9417.03916  
9629.315039  
9590.097266  
9524.806348  
9512.861157  
9494.611572  
9604.10293  
9643.974585  
9519.876465  
9435.861719  
9505.250562  
9541.873096  
9463.852637  
9546.043384  
9496.512134  
9535.461597  
9567.514771  
9447.278589  
9460.682812  
9597.450928  
9822.890088  
9535.432153  
9465.897754  
9442.294189  
9469.826367  
9539.950903  
9678.67522  
9482.244556  
9520.472632  
9479.002319  
9492.609619  
9551.83418  
9752.12832  
9492.800293  
9452.79043  
9392.032227  
9576.376025  
9614.725757  
9540.747974  
9442.559595  
9401.043579  
9501.95144  
9544.640869  
9462.605615  
9387.69585  
9408.676416  
9488.806641  
9487.42915  
9532.649512  
9537.412842  
9587.948511  
9493.702637  
9410.856909  
9506.772998  
9472.803271  
9532.169775  
9546.313208  
9443.669458  
9582.353394  
9816.401807  
9528.00498  
9389.852466  
9501.214478  
9436.275513  
9485.147168  
9423.027905  
9513.337256  
9496.349609  
9478.428784  
9434.797485  
9549.711646  
9573.690137  
9548.7198  
9492.992651  
9501.131958  
9511.003833  
9520.83396  
9415.612036  
9474.212134  
9555.162476  
9509.859302  
9555.473193  
9591.862256  
9526.274146  
9506.667627  
9501.761694  
9512.216602  
9472.911377  
9460.778076  
9380.881714  
9476.062109  
9524.104346  
9540.266455  
9449.784985  
9523.438989  
9463.447778  
9562.365601  
9493.449316  
9538.18728  
9497.706958  
9544.911743  
9413.061377  
9415.828516  
9543.93667  
9573.025537  
9560.443726  
9492.116113  
9541.088574  
9514.932422  
9503.826465  
9516.304346  
9499.010156  
9566.13479  
9520.926099  
9529.10376  
9519.190967  
9617.882715  
9593.424805  
9577.887305  
9578.894897  
9528.597119  
9442.945361  
9535.398877  
9647.615845  
9598.383081  
9457.765649  
9518.313306  
9512.018433  
9443.101562  
9514.172485  
9627.955933  
9678.513477  
9556.611206  
9443.436768  
9498.737695  
9577.435034  
9691.72832  
9456.992163  
9525.613013  
9452.272949  
9484.460522  
9306.548535  
9592.391357  
9553.065283  
9489.798999  
9425.378784  
9573.63894  
9440.034058  
9748.952197  
9534.250415  
9466.97771  
9363.23125  
9331.21416  
9489.278394  
9464.434497  
9533.369238  
9509.562964  
9383.965771  
9576.946875  
9453.73999  
9359.54668  
9536.925928  
9564.147778  
9689.553076  
9546.988135  
9563.605664  
9434.126562  
9439.517603  
9577.632104  
9596.246899  
9592.539941  
9452.209741  
9478.973096  
9527.325488  
9486.885449  
9585.274878  
9589.813135  
9526.185132  
9410.050879  
9562.500928  
9515.865723  
9523.278979  
9552.934009  
9566.308301  
9572.804956  
9527.223438  
9575.432959  
9502.942725  
9489.019287  
9544.462744  
9588.475879  
9545.553027  
9498.452612  
9440.919971  
9229.38335  
9625.10144  
9587.931396  
9515.870752  
9554.555713  
9481.627979  
9378.689771  
9449.907495  
9404.874121  
9423.25188  
9435.83667  
9592.148145  
9553.62395  
9612.156665  
9517.467822  
9518.352002  
9496.470093  
9561.643506  
9539.22583  
9534.131055  
9455.349976  
9412.240259  
9494.93894  
9479.226636  
9469.688818  
9548.506641  
9507.738989  
9504.421606  
9492.501221  
9544.573218  
9509.766675  
9541.808325  
9537.740796  
9618.370801  
9600.444238  
9475.429248  
9555.936841  
9546.724731  
9638.821191  
9683.409277  
9586.545508  
9495.082544  
9501.458643  
9535.180273  
9578.717163  
9506.025635  
9502.817603  
9500.580225  
9577.138013  
9510.773096  
9589.831006  
9593.993091  
9553.175098  
9573.599536  
9498.543604  
9513.609448  
9573.793994  
9329.09751  
9561.605347  
9463.967554  
9417.154297  
9429.939551  
9416.685596  
9414.988867  
9405.293408  
9455.352417  
9608.504932  
9544.001392  
9559.379688  
9527.543604  
9595.849951  
9569.389185  
9508.243579  
9600.473804  
9459.800122  
9647.340698  
9569.313818  
9453.431006  
9488.177686  
9539.682593  
9597.507617  
9555.920483  
9459.814551  
9515.758325  
9510.05127  
9616.032617  
9589.251636  
9562.961914  
9491.194287  
9507.079199  
9405.788306  
9527.394238  
9513.259009  
9469.733691  
9477.254761  
9536.516235  
9493.373169  
9479.975513  
9433.652661  
9391.882446  
9502.721436  
9432.247144  
9420.55188  
9510.875439  
9543.612378  
9657.904468  
9526.649951  
9475.715161  
9492.176807  
9648.61543  
9638.860498  
9552.005542  
9434.960767  
9519.032739  
9444.190234  
9495.898975  
9717.359912  
9514.298535  
9498.261938  
9471.531323  
9454.54707  
9507.449561  
9547.266748  
9593.937988  
9499.044385  
9601.448364  
9463.494312  
9496.21228  
9522.035132  
9595.572437  
9491.427539  
9630.508594  
9605.941602  
9547.009961  
9490.826978  
9507.887842  
9454.835034  
9536.524268  
9474.487842  
9499.049756  
9516.629614  
9630.411011  
9654.177051  
9609.262549  
9556.063306  
9486.891162  
9450.01355  
9555.011841  
9541.845264  
9175.738232  
9656.142212  
9298.214258  
9597.783057  
9388.708569  
9377.447876  
9329.849121  
9390.840039  
9754.937402  
9487.895801  
9553.127905  
9420.904858  
9617.332397  
9506.810229  
9606.58938  
9664.691797  
9627.048804  
9581.6177  
9450.339868  
9563.355298  
9653.692065  
9537.957031  
9578.7646  
9628.048291  
9554.972119  
9627.261914  
9503.249951  
9501.316846  
9523.034521  
9500.302954  
9516.289795  
9510.726367  
9526.660889  
9523.979053  
9488.090283  
9505.129956  
9547.448022  
9165.36604  
9388.70022  
9465.934009  
9396.401685  
9323.424268  
9649.324707  
9560.495947  
9508.84541  
9498.142212  
9565.354761  
9418.691504  
9529.285693  
9414.905078  
9547.997876  
9639.342017  
9582.698999  
9527.969116  
9482.589307  
9412.530737  
9530.57644  
9445.084131  
9433.000684  
9538.097266  
9475.282837  
9571.257617  
9427.372437  
9493.689502  
9642.98064  
9581.938892  
9524.433716  
9561.047681  
9518.598462  
9532.32522  
9531.431128  
9500.545679  
9409.09375  
9457.282446  
9429.355615  
9502.957935  
9600.082446  
9425.043018  
9534.130103  
9541.015356  
9472.679736  
9542.38147  
9553.049927  
9608.377197  
9470.85459  
9471.839624  
9481.09104  
9564.53208  
9557.323169  
9568.097729  
9517.946509  
9488.903833  
9481.704077  
9454.17998  
9462.688135  
9662.258228  
9626.202075  
9418.542529  
9482.73418  
9578.97959  
9615.076172  
9441.204565  
9502.358984  
9423.061792  
9508.962695  
9469.712036  
9560.418921  
9531.521411  
9534.113599  
9392.655859  
9365.042017  
9505.058813  
9524.273755  
9207.922656  
9579.334766  
9360.155347  
9567.042163  
9406.426318  
9566.957837  
9482.749878  
9541.777563  
9648.007666  
9572.806201  
9552.715649  
9569.763306  
9527.03103  
9559.532104  
9675.847363  
9542.903564  
9565.288159  
9521.568066  
9477.276807  
9543.474536  
9638.311084  
9457.342725  
9482.032007  
9521.157471  
9559.97959  
9476.761011  
9543.787207  
9480.693652  
9523.412939  
9530.928833  
9530.360449  
9572.421167  
9512.855225  
9550.401465  
9553.205371  
9529.148657  
9477.200098  
9433.253418  
9540.749438  
9493.242969  
9603.783496  
9543.323706  
9528.167139  
9488.97937  
9500.354541  
9636.037354  
9528.187817  
9506.703564  
9467.648462  
9568.123389  
9595.715063  
9463.190674  
9461.644653  
9562.155591  
9499.410913  
9524.973291  
9526.88894  
9573.956738  
9547.578906  
9550.961719  
9479.590405  
9558.49729  
9476.176465  
9381.714355  
9464.223682  
9564.181226  
9554.696729  
9483.258301  
9536.502563  
9507.362256  
9397.706226  
9569.783423  
9569.396411  
9547.961475  
9538.998828  
9527.621362  
9435.990479  
9479.994092  
9499.830371  
9528.004858  
9585.313184  
9562.645923  
9586.592871  
9439.121802  
9465.386353  
9705.038525  
9483.885229  
9560.539282  
9556.027026  
9578.474634  
9531.401099  
9496.289014  
9493.858154  
9477.931665  
9505.381128  
9500.98186  
9547.072949  
9614.142017  
9565.957788  
9560.035815  
9515.419873  
9463.581738  
9431.708105  
9480.487573  
9459.772412  
9480.53938  
9510.946655  
9395.009912  
9517.762744  
9503.096606  
9533.930054  
9420.488525  
9651.427197  
9575.049878  
9436.753589  
9513.143286  
9533.045508  
9543.257275  
9471.423364  
9541.536523  
9475.061963  
9666.747412  
9634.994141  
9586.403857  
9525.997192  
9391.966626  
9412.829663  
9604.999219  
9467.562427  
9511.638696  
9490.49834  
9494.068872  
9522.014014  
9633.152197  
9511.451538  
9556.569751  
9526.602002  
9496.853516  
9581.566577  
9614.768164  
9545.903784  
9496.816162  
9513.362744  
9518.921606  
9512.785425  
9454.652783  
9546.42207  
9504.096313  
9244.735327  
9663.011646  
9661.642578  
9455.816772  
9446.227295  
9357.232764  
9382.814941  
9337.338501  
9271.889526  
9454.113696  
9615.318311  
9409.032373  
9658.567627  
9542.462622  
9505.605103  
9509.931006  
9456.74895  
9591.946118  
9586.058008  
9549.183569  
9523.359229  
9562.673413  
9538.736499  
9621.257007  
9550.061865  
9535.139111  
9448.359961  
9563.182666  
9457.262134  
9379.456714  
9528.618188  
9491.630664  
9768.233887  
9461.825562  
9513.771753  
9449.08374  
9490.430005  
9440.248486  
9512.637988  
9564.782715  
9460.084033  
9406.24729  
9592.753296  
9564.920752  
9493.851709  
9474.157056  
9610.81145  
9346.568921  
9504.306763  
9467.231567  
9504.104956  
9617.871558  
9495.360034  
9555.906348  
9414.561084  
9672.372705  
9589.011816  
9537.4625  
9434.622461  
9438.628931  
9386.447705  
9598.106348  
9475.175049  
9524.851758  
9549.925415  
9512.713721  
9576.291138  
9573.145898  
9590.816724  
9588.571265  
9636.568384  
9298.003369  
9376.284766  
9626.604663  
9505.848315  
