9824.701381  
9521.567522  
9394.164086  
9462.484422  
9425.622326  
9437.189732  
9414.744466  
9393.043085  
9382.202265  
9426.867815  
9280.499698  
9260.560361  
9474.079636  
9669.544224  
9480.205171  
9224.153599  
9447.757417  
9448.810965  
9585.440244  
9406.046712  
9488.022926  
9414.689569  
9562.2736  
9511.007696  
9459.139997  
9606.484328  
9485.022252  
9605.885882  
9521.204636  
9417.877186  
9495.509324  
9544.224842  
9402.836635  
9473.419434  
9395.895229  
9480.968727  
9408.046387  
9297.600167  
9619.044294  
9347.035807  
9479.495675  
9382.456217  
9549.020136  
9423.272879  
9486.222586  
9485.454078  
9322.324661  
9301.030413  
9391.813291  
9391.8647  
9285.524228  
9440.228562  
9366.400646  
9392.316709  
9203.5861  
9442.186244  
9587.74914  
9438.116327  
9496.473191  
9548.339355  
9450.093564  
9512.404483  
9497.432943  
9518.397531  
9414.824637  
9427.644578  
9471.899089  
9471.431362  
9516.856538  
9446.259161  
9458.477725  
9494.937919  
9378.437919  
9539.855143  
9565.419317  
9497.527344  
9355.484724  
9500.630766  
9342.61542  
9583.601911  
9587.136509  
9384.571033  
9616.07394  
9461.29627  
9523.747838  
9418.374535  
9476.486607  
9516.205171  
9494.019485  
9456.302688  
9426.92906  
9575.1875  
9499.827427  
9553.706101  
9467.322754  
9436.906645  
9394.034273  
9518.803478  
9550.653855  
9470.180827  
9384.239304  
9364.438384  
9518.701986  
9479.335565  
9415.69787  
9508.933245  
9492.772786  
9338.004674  
9401.734003  
9493.068824  
9419.124674  
9436.542736  
9517.122419  
9464.804176  
9325.789714  
9371.078985  
9384.100237  
9375.296177  
9561.909691  
9469.468587  
9299.41018  
9340.745838  
9554.656808  
9450.380092  
9491.149577  
9417.913946  
9227.325893  
9451.256255  
9452.30878  
9562.479608  
9383.266462  
9512.351307  
9453.475679  
9554.210426  
9563.721354  
9488.714472  
9587.670782  
9588.6137  
9578.354632  
9471.567755  
9408.129209  
9301.19115  
9500.49521  
9480.268438  
9481.685826  
9519.829846  
9377.480701  
9454.378627  
9510.403576  
9477.837798  
9543.967704  
9432.761509  
9322.277855  
9510.236003  
9502.48863  
9536.720494  
9500.252883  
9470.595168  
9403.561686  
9466.088309  
9453.109096  
9468.852353  
9404.855632  
9486.558408  
9447.398112  
9506.678292  
9448.075753  
9410.730539  
9596.473865  
9409.660784  
9625.126093  
9506.786784  
9335.146205  
9481.159296  
9486.002906  
9457.419015  
9509.672852  
9437.656576  
9518.051711  
9291.165644  
9472.040388  
9641.096935  
9465.339286  
9307.993908  
9518.291062  
9384.182082  
9523.789481  
9433.71403  
9412.839123  
9309.430757  
9440.391904  
9493.555176  
9475.486258  
9445.844541  
9471.746443  
9424.10877  
9525.605004  
9479.060477  
9549.294596  
9341.921573  
9540.18092  
9420.12214  
9429.66855  
9586.621582  
9478.442801  
9292.776995  
9408.169294  
9702.133557  
9457.950033  
9488.676735  
9326.24607  
9357.391695  
9354.326242  
9495.438453  
9420.84096  
9568.208287  
9504.510393  
9486.193104  
9559.828404  
9494.990769  
9529.883929  
9305.674595  
9443.353469  
9447.152855  
9473.878232  
9479.066336  
9266.920131  
9424.473331  
9387.541597  
9447.497117  
9441.426735  
9394.924549  
9547.778669  
9329.419713  
9426.683384  
9494.321777  
9422.827381  
9481.372559  
9477.081589  
9352.166574  
9455.587402  
9557.429501  
9566.847261  
9464.752651  
9331.379883  
9458.19315  
9561.230841  
9425.127046  
9468.892671  
9388.476795  
9375.538156  
9444.069034  
9373.954729  
9477.876744  
9401.379953  
9599.143113  
9581.538388  
9308.287319  
9469.308361  
9470.482282  
9555.767973  
9548.920271  
9481.421852  
9360.953613  
9401.662714  
9403.208822  
9535.86091  
9660.837123  
9507.291969  
9562.802758  
9461.216262  
9397.548038  
9556.485352  
9576.325288  
9440.877767  
9423.247954  
9371.451823  
9421.928176  
9591.723052  
9508.970075  
9550.273321  
9466.538132  
9525.334891  
9517.378185  
9407.634045  
9530.156622  
9509.324009  
9378.942941  
9467.320406  
9410.425246  
9390.730469  
9526.508603  
9375.174688  
9468.773554  
9356.847284  
9457.527925  
9439.900693  
9360.272647  
9452.450102  
9475.466495  
9320.427618  
9541.219285  
9381.128464  
9499.086635  
9482.924735  
9551.400135  
9423.700591  
9523.412505  
9529.402414  
9341.985514  
9430.75086  
9447.741327  
9488.407692  
9524.997838  
9528.998047  
9479.022461  
9481.978353  
9483.061244  
9557.18092  
9553.109142  
9440.936616  
9354.04155  
9574.09375  
9441.832589  
9523.561221  
9497.234515  
9206.660412  
9465.364979  
9700.420154  
9402.846145  
9276.955194  
9537.830171  
9398.422526  
9431.35033  
9474.038644  
9415.727748  
9424.681989  
9379.575823  
9384.437407  
9408.257045  
9417.500349  
9452.301525  
9213.654181  
9500.85991  
9468.770671  
9472.229422  
9353.066383  
9424.012463  
9426.999163  
9553.174107  
9518.926177  
9570.016648  
9532.956473  
9528.758068  
9504.276832  
9521.731887  
9424.247326  
9463.442685  
9579.291713  
9457.2151  
9302.252395  
9516.659645  
9502.384161  
9519.183617  
9368.805315  
9462.367397  
9590.852121  
9464.882464  
9405.545782  
9409.209333  
9299.936058  
9438.157157  
9480.213774  
9542.573242  
9511.983305  
9461.124209  
9438.84561  
9485.945964  
9509.710379  
9439.602586  
9464.506627  
9414.764183  
9459.366443  
9417.727307  
9497.097214  
9411.293039  
9438.535738  
9514.744768  
9448.146577  
9434.75472  
9481.152995  
9434.764718  
9473.216123  
9441.078055  
9438.992653  
9402.645996  
9343.74707  
9538.889579  
9482.346447  
9255.52074  
9395.402437  
9609.748651  
9450.323498  
9506.560896  
9442.960914  
9354.007068  
9527.609166  
9449.337914  
9551.372001  
9462.713425  
9395.116955  
9485.056641  
9504.199312  
9502.739769  
9420.098028  
9471.350237  
9360.035993  
9471.796852  
9600.726028  
9546.397577  
9514.494699  
9579.664411  
9373.529274  
9519.504278  
9511.693778  
9555.525553  
9508.647414  
9433.966657  
9211.755743  
9331.173131  
9423.350981  
9476.789249  
9435.760765  
9318.943383  
9389.494303  
9459.557175  
9433.578265  
9611.990002  
9338.385254  
9417.54927  
9459.69222  
9486.925711  
9431.304688  
9433.238328  
9441.950195  
9365.482236  
9453.445708  
9453.585496  
9444.271996  
9447.013114  
9510.596075  
9411.583543  
9433.396019  
9476.828613  
9440.508719  
9398.854329  
9456.946057  
9451.182594  
9559.839332  
9487.285389  
9633.134394  
9553.043852  
9405.928362  
9496.796759  
9477.890904  
9437.690918  
9534.280064  
9365.263207  
9364.757975  
9403.256022  
9447.696382  
9451.663109  
9507.771484  
9412.62693  
9461.576823  
9459.955636  
9580.242304  
9627.450707  
9369.478167  
9503.047224  
9300.87207  
9448.15997  
9536.152832  
9530.079311  
9389.984491  
9410.517229  
9262.362723  
9409.577102  
9592.692546  
9433.129557  
9320.411226  
9454.227214  
9557.548084  
9550.001744  
9468.188384  
9558.411993  
9425.441825  
9450.246675  
9488.095354  
9574.094262  
9455.248093  
9419.512905  
9440.993513  
9597.591704  
9624.537272  
9445.507394  
9412.523647  
9511.359422  
9435.772089  
9487.531483  
9501.396694  
9501.217308  
9438.941057  
9513.112677  
9392.792062  
9501.628395  
9455.168085  
9465.409575  
9483.164946  
9511.993536  
9445.721749  
9467.001093  
9430.528134  
9439.360375  
9456.14102  
9447.267508  
9307.300595  
9370.265346  
9422.174781  
9415.121396  
9431.716192  
9246.564755  
9315.202939  
9460.008812  
9530.696336  
9489.222354  
9498.250279  
9434.518462  
9290.08324  
9383.451614  
9353.376883  
9419.854236  
9451.678897  
9356.362467  
9410.831148  
9443.839983  
9645.125  
9625.674363  
9315.93464  
9346.482166  
9414.364142  
9476.72433  
9472.848749  
9591.831659  
9421.814337  
9231.861468  
9435.082427  
9705.318778  
9764.358096  
9749.330729  
9565.510324  
9498.656366  
9219.139067  
9369.999953  
9388.187035  
9452.185733  
9456.506185  
9533.882812  
9367.505162  
9488.657668  
9466.719448  
9409.686709  
9422.700126  
9413.275437  
9529.195964  
9388.041248  
9416.300177  
9473.39002  
9513.433129  
9391.838751  
9302.149833  
9344.440058  
9541.822545  
9466.814453  
9594.681036  
9431.33338  
9505.84561  
9461.80485  
9599.871187  
9339.663807  
9400.863165  
9397.979306  
9375.016369  
9403.09089  
9392.053711  
9498.352074  
9428.774368  
9374.370071  
9461.66297  
9543.836565  
9588.462449  
9562.198777  
9511.205845  
9475.772903  
9465.65332  
9508.947103  
9451.415667  
9367.489816  
9449.871722  
9496.006464  
9416.84375  
9575.385138  
9467.016299  
9452.471261  
9438.015067  
9544.566127  
9651.633417  
9707.472028  
9460.779785  
9443.566592  
9484.777111  
9516.383952  
9495.123582  
9527.044364  
9443.515323  
9431.77074  
9458.659807  
9363.40825  
9433.164667  
9446.209054  
9408.91104  
9454.55764  
9438.258766  
9471.447638  
9434.378697  
9461.070429  
9401.620536  
9408.734445  
9482.443104  
9396.299479  
9454.674247  
9403.457892  
9332.894368  
9563.084008  
9467.812709  
9488.860979  
9489.578172  
9502.151414  
9333.681315  
9424.062663  
9517.181385  
9470.445894  
9418.868559  
9455.967657  
9461.934919  
9445.628557  
9466.626046  
9448.718448  
9470.629813  
9574.873047  
9549.406715  
9606.718285  
9570.54262  
9517.687151  
9610.267532  
9461.199754  
9518.349563  
9500.028483  
9216.171131  
9121.917597  
9342.330962  
9469.668132  
9528.943057  
9619.90046  
9514.451404  
9349.137114  
9495.630092  
9608.779994  
9630.881255  
9493.471238  
9275.443685  
9296.361863  
9613.62493  
9485.151786  
9390.203683  
9381.5256  
9416.58889  
9455.772484  
9546.990885  
9409.381324  
9585.692825  
9455.661551  
9644.970122  
9548.96131  
9490.522066  
9319.943452  
9393.419596  
9454.822196  
9471.072173  
9505.673456  
9528.74256  
9573.037877  
9421.02074  
9377.373  
9376.320126  
9463.258603  
9385.214123  
9425.291364  
9516.19787  
9510.551177  
9543.820894  
9413.897391  
9349.29076  
9323.80685  
9402.611165  
9407.423247  
9502.755487  
9459.544317  
9341.741397  
9413.867815  
9537.713077  
9369.834077  
9434.755348  
9462.245001  
9505.82387  
9332.9744  
9237.580799  
9383.027483  
9458.146787  
9569.537667  
9473.321987  
9423.560686  
9441.723703  
9514.899926  
9487.119978  
9467.426014  
9639.047015  
9111.883836  
9357.336565  
9437.756836  
9508.558803  
9462.859817  
9483.769066  
9538.638463  
9506.18836  
9523.412435  
9397.367141  
9479.809663  
9693.471842  
9607.638672  
9450.89109  
9397.377511  
9350.785993  
9381.831775  
9562.127744  
9540.809222  
9621.280459  
9467.119187  
9413.965007  
9455.22154  
9527.409993  
9545.786807  
9522.982678  
9495.605469  
9585.152437  
9540.557919  
9510.181129  
9385.551897  
9439.591123  
9575.460658  
9485.939476  
9486.761719  
9629.898856  
9458.536737  
9403.834031  
9453.300665  
9477.824986  
9487.403669  
9499.228446  
9464.650577  
9298.428246  
9388.899344  
9510.342913  
9390.385696  
9429.352237  
9458.490234  
9571.326776  
9453.778948  
9313.000953  
9414.481213  
9457.956287  
9469.747977  
9392.42334  
9488.398042  
9544.584775  
9482.476376  
9539.002069  
9600.276274  
9335.029994  
9242.01123  
9295.636114  
9578.985212  
9540.203195  
9513.073637  
9433.072824  
9388.144392  
9351.426851  
9463.085542  
9442.466704  
9497.428316  
9406.245233  
9439.683501  
9348.541155  
9451.235491  
9437.427967  
9491.20652  
9450.181943  
9536.497163  
9472.688849  
9453.232143  
9514.53518  
9464.593215  
9452.591471  
9425.999512  
9441.34933  
9480.434175  
9507.511579  
9467.549735  
9454.489862  
9430.092355  
9418.432315  
9421.891067  
9416.790411  
9505.423549  
9512.916039  
9486.341216  
9389.877465  
9480.009789  
9159.987328  
9357.338193  
9614.22254  
9483.804688  
9324.795224  
9478.520392  
9463.459519  
9394.172108  
9656.188221  
9590.913528  
9616.323544  
9420.07666  
9366.679943  
9463.297642  
9510.433919  
9416.437058  
9459.236793  
9289.341285  
9358.548758  
9475.718843  
9466.578358  
9537.92413  
9343.527227  
9425.587007  
9463.218122  
9444.012347  
9474.477586  
9282.446987  
9457.344006  
9584.610584  
9506.763695  
9464.296154  
9465.642764  
9223.879092  
9415.628906  
9467.064314  
9520.999581  
9575.380371  
9521.213565  
9395.804153  
9392.574475  
9415.825172  
9435.423456  
9400.012928  
9422.140648  
9447.013044  
9475.825567  
9468.852283  
9492.111514  
9376.876953  
9455.546154  
9517.945266  
9592.669248  
9500.143206  
9466.267299  
9492.798921  
9411.697219  
9499.931106  
9536.823335  
9539.122721  
9512.724214  
9468.568266  
9480.598214  
9450.462658  
9475.10998  
9516.96968  
9483.192011  
9361.172456  
9441.263811  
9625.542759  
9450.629697  
9364.913551  
9489.539481  
9420.622652  
9483.377744  
9275.968006  
9398.349191  
9255.651018  
9648.105887  
9513.43378  
9523.083682  
9727.759789  
9503.935454  
9346.461914  
9392.241327  
9519.170875  
9446.049874  
9590.027065  
9571.081031  
9335.358143  
9300.350074  
9407.819103  
9466.652134  
9616.585565  
9610.615676  
9553.83903  
9522.860538  
9406.436965  
9455.248233  
9517.930664  
9519.870443  
9511.075684  
9434.459914  
9339.217959  
9351.501372  
9440.598261  
9264.662272  
9134.584938  
9526.758161  
9427.047573  
9479.44229  
9482.19494  
9544.444778  
9458.467773  
9419.416713  
9486.398112  
9458.905878  
9463.53132  
9460.112537  
9607.060035  
9301.730166  
9455.415737  
9343.677479  
9337.015392  
9460.235352  
9661.068894  
9432.566848  
9436.76502  
9368.395136  
9486.964146  
9509.535459  
9400.027158  
9395.856724  
9516.17248  
9495.434431  
9453.741955  
9411.39309  
9379.25393  
9473.717192  
9546.027297  
9472.307664  
9439.203567  
9392.421828  
9428.811477  
9488.967146  
9486.22526  
9390.65439  
9470.989886  
9417.765323  
9484.35119  
9446.482585  
9492.361003  
9491.853981  
9615.191336  
9472.705869  
9505.778925  
9460.35691  
9535.170085  
9432.086286  
9453.4478  
9458.994234  
9495.156436  
9516.843378  
9474.672945  
9414.958194  
9411.786389  
9537.391578  
9546.136254  
9557.900437  
9442.755883  
9412.957334  
9465.669341  
9511.101656  
9572.434175  
9381.271136  
9466.291504  
9534.064872  
9509.006906  
9433.461844  
9474.906948  
9555.533482  
9625.294317  
9510.390927  
9485.371512  
9400.422387  
9282.081496  
9408.523833  
9416.648228  
9485.832682  
9421.341564  
9449.163063  
9432.176409  
9590.113839  
9717.566709  
9361.483422  
9436.15639  
9452.202334  
9514.347959  
9425.774809  
9547.861258  
9391.393555  
9332.350609  
9347.414249  
9563.274089  
9490.95459  
9476.656576  
9408.257464  
9465.853539  
9431.520136  
9478.974633  
9685.769671  
9493.352307  
9423.26051  
9412.65153  
9446.273042  
9345.330915  
9501.602469  
9347.896763  
9309.039272  
9323.040016  
9445.628232  
9426.174061  
9518.679106  
9501.085054  
9475.266044  
9424.533691  
9476.720401  
9409.487746  
9567.67234  
9422.492699  
9424.515997  
9471.35605  
9682.132464  
9489.805385  
9476.389369  
9469.843448  
9533.32001  
9460.42327  
9253.642741  
9536.591495  
9441.333519  
9526.624163  
9513.775763  
9501.164993  
9346.676153  
9476.640858  
9247.473656  
9483.884882  
9602.898228  
9305.746512  
9407.933222  
9348.975167  
9430.315034  
9539.579032  
9499.056106  
9543.306176  
9495.435803  
9452.031506  
9419.197824  
9404.559105  
9381.28132  
9513.126721  
9429.806873  
9499.189011  
9428.165388  
9464.664039  
9474.726725  
9280.523182  
9359.060965  
9412.527204  
9497.646252  
9510.327916  
9489.377465  
9430.629395  
9474.532482  
9540.19894  
9453.454753  
9457.827148  
9357.852795  
9485.240165  
9496.681176  
9522.434942  
9449.198056  
9171.600911  
9418.45552  
9687.379464  
9514.16097  
9443.759766  
9448.469424  
9587.99907  
9384.835263  
9410.696917  
9482.52567  
9636.059315  
9512.427595  
9256.716262  
9471.838425  
9531.261905  
9505.2357  
9464.45631  
9483.002302  
9445.702381  
9575.097656  
9572.475144  
9509.880511  
9308.867862  
9420.368699  
9376.456194  
9334.3258  
9721.206706  
9502.209845  
9404.227772  
9410.917132  
9350.605515  
9457.324265  
9545.523856  
9431.633371  
9412.988049  
9500.893369  
9644.431315  
9445.886765  
9443.828497  
9418.184826  
9285.180269  
9413.660296  
9568.463518  
9465.170991  
9458.227748  
9460.459938  
9318.723865  
9404.273647  
9505.550921  
9449.854446  
9409.533366  
9494.876465  
9395.395857  
9304.242536  
9436.71875  
9429.178827  
9560.653158  
9570.70273  
9448.278832  
9434.377186  
9444.323079  
9559.455357  
9474.506603  
9562.111816  
9513.013881  
9576.083078  
9441.373024  
9503.151995  
9475.898577  
9495.19694  
9477.943894  
9348.367885  
9177.261184  
9494.85047  
9446.240862  
9595.050781  
9469.443359  
9454.415202  
9333.038272  
9362.662574  
9454.437221  
9384.982143  
9356.586728  
9411.776646  
9452.87507  
9571.086635  
9566.906064  
9402.023879  
9399.225609  
9427.168062  
9469.995489  
9478.135533  
9485.510649  
9441.92527  
9448.655831  
9430.858817  
9481.062267  
9562.186454  
9355.792108  
9489.642043  
9424.135045  
9468.65725  
9439.753813  
9497.802967  
9444.373396  
9532.233282  
9367.841774  
9443.560593  
9432.830055  
9397.404506  
9358.293108  
9484.801246  
9545.629883  
9470.742932  
9443.835007  
9456.832008  
9441.568638  
9572.254883  
9420.656808  
9338.318569  
9377.040551  
9417.259812  
9493.513579  
9434.852562  
9506.646019  
9484.644299  
9623.697103  
9360.949637  
9397.032715  
9491.335635  
9640.938221  
9704.876837  
9537.872628  
9493.520252  
9419.932292  
9279.698219  
9389.765462  
9408.279785  
9387.94329  
9351.097726  
9386.72526  
9475.147996  
9466.755511  
9406.651786  
9494.940732  
9468.708357  
9505.372559  
9671.15532  
9550.188709  
9385.582241  
9427.232817  
9456.231585  
9520.520903  
9465.022066  
9442.066453  
9419.366908  
9529.847121  
9444.359933  
9553.676758  
9491.729399  
9431.566057  
9457.693057  
9469.32208  
9516.573428  
9423.848168  
9474.009463  
9481.511393  
9485.038807  
9479.305804  
9539.327427  
9514.677897  
9535.685012  
9392.523879  
9485.23205  
9304.328962  
9380.057873  
9520.475423  
9492.660645  
9500.701637  
9207.815709  
9175.108398  
9543.561477  
9632.579962  
9468.567243  
9483.491839  
9368.505418  
9428.984375  
9502.860584  
9609.722866  
9446.371489  
9455.726609  
9476.85419  
9526.085705  
9465.300223  
9440.09382  
9468.032459  
9460.183175  
9512.567639  
9502.867606  
9440.029878  
9426.082357  
9427.33903  
9505.6762  
9496.091402  
9485.773972  
9443.37035  
9488.966867  
9438.964727  
9459.359398  
9433.145717  
9437.064988  
9471.214914  
9394.156994  
9325.682082  
9397.984933  
9502.660435  
9456.658436  
9523.037365  
9360.27074  
9415.27474  
9153.718238  
9530.008789  
9700.395322  
9998.206124  
10128.20473  
9662.661365  
9335.024089  
9063.246977  
9275.633138  
9267.720866  
9403.50651  
9436.037737  
9390.217983  
9284.577334  
9306.568266  
9380.498256  
9464.134928  
9428.733933  
9544.650181  
9396.204148  
9282.826846  
9423.834752  
9444.058989  
9426.323521  
9490.014114  
9460.520182  
9396.717564  
9433.441662  
9507.428362  
9507.462495  
9422.097238  
9396.296038  
9472.043922  
9491.350423  
9469.097238  
9523.763881  
9295.962216  
9244.695638  
9302.77853  
9334.853632  
9365.803874  
9646.578985  
9577.258254  
9774.56729  
9506.689197  
9550.194382  
9575.036365  
9413.799944  
9461.53397  
9473.907017  
9436.016857  
9587.688384  
9613.042504  
9669.394601  
9650.781622  
9625.73019  
9612.503813  
9441.131534  
9396.453078  
9489.599656  
9522.71317  
9499.064314  
9304.83338  
9291.212495  
9398.502488  
9519.443848  
9539.822661  
9426.37486  
9481.496257  
9416.446382  
9520.208357  
9440.311244  
9487.093262  
9569.138277  
9390.031808  
9435.232189  
9480.720215  
9328.869699  
9497.733212  
9572.755883  
9532.909412  
9318.5748  
9458.663923  
9570.928641  
9557.19787  
9631.457496  
9381.904018  
9386.469169  
9417.788179  
9411.07752  
9480.525507  
9476.076149  
9462.822754  
9382.486886  
9445.297921  
9498.990955  
9351.499767  
9373.733654  
9462.085565  
9497.852934  
9609.315244  
9505.166899  
9412.007812  
9420.360398  
9361.877162  
9502.274368  
9393.048805  
9451.60219  
9424.29362  
9679.920271  
9052.256417  
9734.27546  
9739.928153  
9272.684942  
9510.776669  
9439.687174  
9514.85233  
9480.150832  
9413.082194  
9473.083496  
9226.795015  
9385.868559  
9452.095168  
9439.943755  
9533.608073  
9386.499209  
9356.732096  
9473.234259  
9505.032389  
9483.17885  
9449.436965  
9363.180432  
9348.585426  
9424.318034  
9561.271763  
9504.227237  
9483.516183  
9387.7224  
9459.472121  
9511.104213  
9511.495815  
9436.677758  
9499.114374  
9394.403995  
9453.818266  
9377.500953  
9365.191988  
9504.390323  
9407.377883  
9328.594424  
9397.23684  
9452.312081  
9442.555339  
9447.405506  
9436.816592  
9457.947033  
9473.283273  
9322.753627  
9363.005092  
9433.183315  
9437.15997  
9384.865769  
9303.900437  
9361.534459  
9467.55292  
9539.019089  
9334.606724  
9503.642415  
9229.379418  
9429.962565  
9654.61921  
9654.834542  
9563.830752  
9271.058896  
9482.558105  
9458.017113  
9499.980329  
9481.138672  
9332.244582  
9446.169829  
9571.29727  
9678.251325  
9519.835705  
9482.842634  
9402.402274  
9393.256813  
9545.49135  
9501.277716  
9573.746001  
9502.629743  
9395.448637  
9482.814616  
9439.013904  
9413.74621  
9353.864769  
9414.242839  
9452.581078  
9533.447266  
9347.255232  
9524.043039  
9411.387323  
9565.726376  
9528.122117  
9569.640044  
9553.830473  
9533.149065  
9529.853516  
9526.603516  
9481.055664  
9548.937221  
9503.841634  
9420.420829  
9438.224516  
9497.803246  
9517.778367  
9473.811988  
9457.465053  
9554.25672  
9512.81343  
9381.761463  
9469.571591  
9367.542039  
9383.478237  
9372.395717  
9599.656529  
9455.858747  
9665.570499  
9289.931501  
9408.655506  
9302.430246  
9532.347098  
9499.019973  
9508.070452  
9416.915039  
9421.158017  
9512.605678  
9504.394694  
9504.318522  
9487.318755  
9284.584263  
9466.154041  
9489.536551  
9456.0133  
9537.908226  
9437.564593  
9409.647972  
9474.338007  
9564.750535  
9465.491769  
9542.448172  
9468.343262  
9474.142043  
9432.044038  
9507.995094  
9531.029181  
9479.572149  
9507.864444  
9515.812826  
9503.351469  
9425.902925  
9366.156529  
9182.897019  
9447.71982  
9527.775088  
9591.576335  
9656.543783  
9515.053432  
9336.815871  
9399.703241  
9483.005232  
9191.797108  
9355.610631  
9422.091123  
9448.902065  
9525.171596  
9454.04162  
9430.377232  
9509.971587  
9367.069964  
9483.966797  
9472.315662  
9248.826544  
9703.448056  
9526.243304  
9524.900856  
9465.250698  
9451.732887  
9434.513532  
9571.037737  
9514.020368  
9464.438384  
9399.574172  
9436.210565  
9401.297619  
9360.082496  
9491.908505  
9551.180222  
9490.703567  
9527.397507  
9571.749349  
9493.977028  
9256.778111  
9244.515718  
9399.31071  
9575.003604  
9506.924177  
9203.341983  
9333.459821  
9625.660691  
9438.617001  
9477.001976  
9472.124837  
9533.563988  
9506.183733  
9432.336542  
9411.969099  
9427.566174  
9534.94594  
9604.672387  
9571.449777  
9462.0728  
9339.78411  
9479.54841  
9480.749093  
9448.935896  
9438.193406  
9424.000349  
9474.630487  
9561.994001  
9534.315383  
9250.070568  
9158.319685  
9259.559198  
9375.335379  
9789.111863  
9691.201544  
