7742.710196  
7687.22652  
7638.497847  
7654.82797  
7698.153476  
7664.762979  
7643.05525  
7658.634433  
7672.961803  
7686.621238  
7642.89793  
7700.404743  
7640.832952  
7626.217813  
7645.731681  
7644.988607  
7678.700398  
7634.134677  
7701.501573  
7705.978646  
7768.121875  
7701.605772  
7669.76902  
7598.815674  
7673.459468  
7678.036253  
7695.012794  
7642.715961  
7660.307656  
7654.570512  
7626.410335  
7634.705066  
7660.288369  
7652.436328  
7657.51377  
7607.283323  
7647.249009  
7701.251962  
7695.89164  
7534.770061  
7653.464099  
7715.865373  
7752.639519  
7747.664337  
7670.626726  
7646.233688  
7601.570934  
7648.081393  
7678.364207  
7581.232792  
7556.379532  
7608.489819  
7629.617112  
7619.103005  
7392.411238  
7770.360127  
7726.22543  
7706.692042  
7691.339157  
7639.167324  
7674.026528  
7687.255108  
7728.806693  
7710.243202  
7679.603674  
7689.166597  
7667.684546  
7683.831559  
7683.366545  
7676.673231  
7674.781044  
7694.191708  
7675.37355  
7707.99538  
7651.081409  
7678.073441  
7699.198125  
7648.079546  
7689.879517  
7735.723502  
7632.260039  
7589.060891  
7616.739554  
7655.37968  
7665.019057  
7703.6119  
7705.301329  
7654.241407  
7669.378371  
7732.571691  
7635.134373  
7697.784088  
7723.489707  
7702.069502  
7700.641191  
7696.122818  
7690.104182  
7668.012039  
7663.089437  
7660.653002  
7651.632568  
7624.200215  
7630.591721  
7641.829066  
7670.654048  
7656.791285  
7638.288309  
7607.747273  
7623.842299  
7626.703198  
7665.66794  
7685.968347  
7684.601495  
7653.663923  
7605.776616  
7611.923523  
7664.509734  
7648.992111  
7692.719815  
7668.27777  
7681.705193  
7656.392916  
7680.024804  
7673.297923  
7642.075873  
7599.411138  
7655.582991  
7698.482358  
7664.433533  
7678.195095  
7657.044162  
7720.610575  
7690.805007  
7668.692365  
7707.419935  
7751.327317  
7797.646511  
7751.881512  
7711.476192  
7638.713083  
7640.540232  
7644.399296  
7634.134397  
7605.469971  
7704.063951  
7648.352175  
7641.791724  
7730.932329  
7707.550601  
7715.843955  
7674.771714  
7683.824225  
7648.748825  
7659.483968  
7666.217991  
7697.967878  
7659.050473  
7635.173169  
7633.646571  
7634.934883  
7665.980152  
7670.359234  
7698.306437  
7673.443127  
7640.377767  
7682.519454  
7687.971221  
7677.007812  
7704.837531  
7661.014539  
7580.054567  
7580.535675  
7598.116629  
7622.957203  
7675.961598  
7719.8427  
7702.663599  
7698.008908  
7633.89679  
7646.430371  
7673.427339  
7678.111383  
7649.903498  
7607.577848  
7650.37033  
7646.381647  
7683.563238  
7652.726886  
7640.284602  
7658.054294  
7686.010053  
7653.993796  
7641.131741  
7627.494859  
7612.924723  
7662.851585  
7726.878392  
7653.176768  
7694.638926  
7701.702931  
7712.622748  
7735.964571  
7680.288708  
7665.404315  
7633.385879  
7674.558764  
7699.740328  
7689.359641  
7640.13006  
7635.466637  
7616.611732  
7662.625961  
7684.277805  
7711.445224  
7658.291644  
7647.411607  
7664.788823  
7747.248885  
7712.82254  
7656.088272  
7674.365139  
7718.922114  
7801.659478  
7727.100703  
7687.204675  
7618.837615  
7560.549645  
7575.754858  
7588.242322  
7644.287917  
7677.882262  
7626.787151  
7642.67022  
7670.826799  
7684.459741  
7725.418723  
7717.508681  
7665.269377  
7645.327983  
7636.69458  
7654.39623  
7676.753541  
7620.893755  
7629.222349  
7681.962737  
7678.880879  
7638.266531  
7622.520226  
7619.142752  
7639.25389  
7644.232857  
7674.734139  
7705.758366  
7750.797671  
7722.605641  
7683.713308  
7654.753699  
7579.3104  
7724.997139  
7673.428901  
7667.840229  
7610.917212  
7689.699353  
7669.07421  
7670.271373  
7679.646931  
7746.654492  
7778.909447  
7678.571687  
7558.894852  
7582.991076  
7616.224803  
7659.386422  
7696.348548  
7710.714943  
7640.694905  
7672.602264  
7666.999786  
7682.279596  
7703.862515  
7733.575701  
7709.307463  
7699.227517  
7657.365068  
7646.997262  
7591.746581  
7615.473024  
7688.507989  
7711.982436  
7697.675891  
7651.541676  
7598.14921  
7583.470568  
7639.757241  
7697.608645  
7686.338247  
7715.423859  
7696.635041  
7680.724993  
7713.451757  
7737.09379  
7767.879917  
7749.235114  
7709.277666  
7700.879514  
7665.624103  
7658.112475  
7650.891603  
7632.058192  
7666.747308  
7633.80279  
7670.735055  
7699.479978  
7713.169025  
7740.323032  
7683.284637  
7657.59393  
7637.116361  
7646.050983  
7668.043245  
7629.336052  
7703.909468  
7658.906484  
7649.444074  
7680.812115  
7599.287439  
7572.64305  
7668.511172  
7642.111323  
7712.051285  
7635.277769  
7587.914902  
7586.702363  
7619.945116  
7643.299413  
7671.855369  
7613.666593  
7614.40052  
7619.130075  
7671.157591  
7662.662947  
7671.15152  
7669.277132  
7674.481192  
7680.06259  
7701.604117  
7370.98642  
7755.366149  
7655.987721  
7715.368247  
7757.520577  
7766.465942  
7732.179029  
7723.735221  
7681.420821  
7655.73319  
7684.890577  
7645.39574  
7691.763702  
7630.132969  
7620.00816  
7621.40994  
7697.99921  
7670.958383  
7630.880954  
7703.936333  
7691.086446  
7726.990712  
7671.617214  
7642.802625  
7670.978439  
7654.580813  
7666.630474  
7602.020266  
7641.157018  
7636.925438  
7672.811998  
7701.246052  
7705.909817  
7679.542067  
7665.974816  
7670.245138  
7686.709051  
7647.899794  
7622.94043  
7634.184709  
7676.38146  
7668.142376  
7690.404266  
7641.291372  
7688.687814  
7648.815758  
7674.535727  
7686.386403  
7657.607423  
7688.011036  
7756.563087  
7745.683204  
7667.401923  
7589.307182  
7644.521458  
7696.536119  
7641.587952  
7617.364247  
7643.211985  
7669.605745  
7729.835715  
7764.624864  
7671.744975  
7656.841994  
7636.525656  
7705.008235  
7677.465358  
7678.406482  
7685.197388  
7710.609668  
7747.934827  
7749.527033  
7742.641112  
7681.562519  
7651.324035  
7584.982954  
7618.779667  
7658.35531  
7656.151418  
7608.454278  
7565.839759  
7580.335495  
7594.138056  
7620.407635  
7603.324673  
7628.491833  
7658.973096  
7652.109336  
7699.474657  
7710.637914  
7660.858168  
7645.881634  
7682.281687  
7739.610716  
7760.733  
7683.123751  
7663.453828  
7648.430001  
7643.146255  
7695.251789  
7687.908347  
7657.073144  
7612.193784  
7680.263512  
7678.059481  
7669.127613  
7627.054511  
7638.732438  
7593.410321  
7606.309248  
7624.269394  
7689.802476  
7725.933744  
7774.331935  
7779.080982  
7714.378856  
7627.883579  
7584.86006  
7609.20602  
7622.752653  
7611.561954  
7626.03216  
7655.086177  
7719.221083  
7720.18333  
7700.599455  
7697.601861  
7650.810781  
7660.638956  
7741.075037  
7732.630724  
7648.740548  
7606.938754  
7616.700013  
7627.219152  
7724.887158  
7720.157365  
7656.727473  
7587.72928  
7640.652021  
7682.224207  
7726.913837  
7685.273033  
7654.59451  
7674.609531  
7668.911968  
7712.596675  
7670.156638  
7580.494266  
7565.38101  
7589.321414  
7621.270575  
7662.744428  
7711.900035  
7688.125799  
7712.972495  
7690.675215  
7696.448821  
7683.233282  
7651.170967  
7652.463118  
7642.74319  
7650.033967  
7657.865946  
7680.034456  
7692.009041  
7651.697904  
7703.338739  
7705.941249  
7684.796142  
7692.853973  
7693.488667  
7678.527319  
7654.576927  
7671.905521  
7641.929387  
7465.637584  
7747.195953  
7686.750837  
7717.582953  
7662.183676  
7718.968355  
7713.079265  
7654.892231  
7650.316823  
7694.74389  
7732.720343  
7708.083388  
7742.00747  
7707.664564  
7694.971987  
7676.061791  
7656.425463  
7713.885778  
7716.36092  
7668.388889  
7632.233696  
7593.166748  
7624.844413  
7672.423705  
7670.784798  
7660.982635  
7647.912079  
7687.486809  
7736.155243  
7764.608968  
7680.491506  
7616.629416  
7569.899529  
7642.517634  
7727.339369  
7725.671996  
7718.385667  
7655.068516  
7599.37328  
7593.352104  
7604.386879  
7664.20131  
7752.332312  
7697.09611  
7708.159783  
7680.765104  
7658.24393  
7691.187189  
7671.42794  
7651.418432  
7673.308136  
7644.783419  
7661.618175  
7658.878578  
7661.99501  
7699.937393  
7659.060287  
7604.154111  
7621.540949  
7643.971096  
7708.021865  
7676.45563  
7656.158265  
7620.099435  
7639.594725  
7682.493795  
7632.516088  
7638.104944  
7639.093434  
7652.703489  
7643.811037  
7616.972508  
7664.41946  
7697.694904  
7686.001584  
7670.767009  
7699.236256  
7667.300441  
7665.914725  
7641.607454  
7648.890504  
7609.370644  
7658.32495  
7694.498658  
7678.285511  
7667.321181  
7678.018764  
7692.872264  
7712.670547  
7747.337789  
7670.115824  
7673.088886  
7670.172171  
7749.990266  
7784.430182  
7736.011601  
7697.581285  
7683.705214  
7653.439242  
7667.986179  
7637.127775  
7611.186921  
7585.581694  
7680.606103  
7686.535484  
7624.517137  
7611.78584  
7606.731532  
7628.912353  
7626.967187  
7651.983385  
7624.872489  
7627.022648  
7635.599324  
7629.24538  
7654.772249  
7633.787127  
7670.96497  
7666.534233  
7680.931529  
7692.805467  
7726.622338  
7671.202606  
7699.273236  
7686.113858  
7652.642342  
7667.86476  
7648.713312  
7607.618257  
7638.746015  
7624.758123  
7750.095548  
7689.693734  
7681.241763  
7677.480888  
7676.991378  
7653.752526  
7662.979429  
7712.43416  
7658.899803  
7717.456028  
7718.389351  
7731.027456  
7676.290437  
7624.024152  
7625.537346  
7617.952312  
7323.550606  
7685.808886  
7711.043318  
7714.337341  
7722.276609  
7688.431049  
7754.107173  
7782.163979  
7589.72911  
7663.39316  
7635.756343  
7577.744132  
7720.038822  
7697.438978  
7651.363341  
7625.929151  
7599.971032  
7654.409003  
7644.624672  
7654.942368  
7629.123442  
7685.462923  
7683.653455  
7681.920308  
7710.568887  
7643.119795  
7653.474161  
7718.216537  
7696.635969  
7667.998859  
7687.510393  
7663.281881  
7673.405589  
7651.217851  
7664.220981  
7649.880349  
7662.039813  
7657.16603  
7705.800911  
7742.814017  
7697.385733  
7703.914054  
7630.90595  
7596.685929  
7654.093524  
7642.972281  
7631.256482  
7642.331345  
7707.621781  
7717.989394  
7736.409169  
7694.828106  
7703.57111  
7683.714869  
7695.022511  
7669.813453  
7660.416758  
7650.512294  
7703.228437  
7724.249975  
7692.935956  
7692.64048  
7659.704879  
7692.712494  
7713.220592  
7731.251553  
7699.192124  
7559.208082  
7558.010944  
7697.448777  
7760.721931  
7703.950055  
7640.308919  
7657.966162  
7695.444681  
7688.151729  
7628.268965  
7724.818238  
7736.944543  
7695.07107  
7593.966411  
7601.89804  
7593.350065  
7595.187939  
7580.100062  
7642.300412  
7629.852876  
7631.126228  
7654.665692  
7682.611751  
7708.625486  
7710.348421  
7651.928525  
7640.290832  
7710.507041  
7718.540538  
7653.3368  
7621.117006  
7584.515656  
7593.15123  
7661.742371  
7670.61766  
7707.868465  
7694.185356  
7695.070101  
7632.328881  
7648.273809  
7662.417641  
7656.203247  
7659.371016  
7669.317625  
7664.267841  
7695.056648  
7702.715151  
7714.083596  
7742.860126  
7672.465626  
7690.074811  
7678.188076  
7700.451509  
7726.097808  
7714.830832  
7663.016948  
7722.039622  
7735.288257  
7764.539176  
7702.519307  
7639.187545  
7415.3602  
7725.576607  
7540.325387  
7546.940367  
7658.71244  
7577.259466  
7615.506662  
7644.511106  
7664.032303  
7692.28164  
7710.064743  
7683.068472  
7661.725769  
7647.83234  
7652.685901  
7686.773672  
7641.825111  
7638.708249  
7663.240828  
7686.803075  
7691.081314  
7675.68264  
7700.179594  
7653.186803  
7631.671757  
7652.457008  
7654.521109  
7705.191373  
7681.487489  
7649.33555  
7641.29807  
7603.07688  
7639.383383  
7683.352962  
7695.732237  
7691.263502  
7702.839118  
7722.294166  
7717.120335  
7668.977391  
7669.39912  
7621.963081  
7629.19897  
7652.594363  
7637.803978  
7687.524918  
7659.576815  
7698.204535  
7657.522966  
7657.957583  
7667.395013  
7660.785834  
7646.527823  
7668.596145  
7689.212027  
7670.912947  
7675.828001  
7661.577756  
7694.097512  
7701.876926  
7674.776569  
7673.552319  
7627.08968  
7646.845308  
7709.88499  
7733.376173  
7703.819449  
7663.821936  
7711.245712  
7752.328738  
7735.675909  
7603.655084  
7629.422106  
7585.107835  
7810.339072  
7663.921602  
7778.557512  
7621.298081  
7558.076534  
7607.618148  
7650.088145  
7655.795921  
7662.033019  
7642.09338  
7657.829697  
7644.351916  
7649.295166  
7667.891701  
7719.267119  
7710.318487  
7662.096406  
7683.025061  
7675.000502  
7744.084842  
7686.432333  
7697.55994  
7702.817499  
7701.414363  
7685.804729  
7689.619395  
7636.176296  
7594.789071  
7661.940166  
7657.589114  
7616.14016  
7632.047303  
7613.904493  
7627.06712  
7652.181786  
7663.320887  
7641.390958  
7630.641513  
7632.114356  
7676.898215  
7664.404718  
7659.364393  
7633.895724  
7657.032664  
7667.089449  
7575.209339  
7632.686416  
7638.391825  
7647.785372  
7628.36809  
7657.419615  
7662.680885  
7732.03318  
7736.737451  
7683.659309  
7679.1803  
7610.02356  
7682.670925  
7718.780961  
7682.50456  
7699.398292  
7627.275697  
7622.336919  
7645.916819  
7654.823704  
7656.851876  
7690.7876  
7651.358916  
7620.559124  
7659.497611  
7667.32251  
7761.007547  
7796.580134  
7612.907384  
7559.582004  
7822.334814  
7756.470878  
7713.673057  
7681.974926  
7654.945864  
7596.013716  
7627.397617  
7640.784632  
7635.851185  
7590.096724  
7617.168058  
7651.176614  
7651.72879  
7675.710798  
7671.703535  
7668.058512  
7649.67902  
7701.73641  
7712.700391  
7641.282527  
7706.043577  
7691.747893  
7725.244996  
7695.812939  
7665.282524  
7660.682645  
7639.63939  
7621.735935  
7609.271211  
7679.238617  
7696.369157  
7635.268022  
7630.894979  
7667.726223  
7689.774666  
7681.990664  
7683.441669  
7660.36408  
7657.04857  
7694.189212  
7679.513641  
7660.525614  
7651.947201  
7679.436738  
7685.181331  
7698.176298  
7694.13176  
7739.603933  
7705.758598  
7648.188418  
7637.929025  
7673.915922  
7669.281054  
7663.275881  
7664.380015  
7676.90936  
7666.696558  
7701.317585  
7703.809246  
7695.391999  
7663.346451  
7638.501204  
7701.562869  
7742.882357  
7739.140973  
7743.029049  
7702.748447  
7664.791611  
7665.005308  
7625.387762  
7666.621241  
7717.497942  
7754.171819  
7699.323156  
7652.489153  
7614.916567  
7588.681796  
7629.783314  
7642.270758  
7685.67395  
7623.380166  
7609.34684  
7606.227298  
7669.614663  
7708.712654  
7662.958879  
7627.518478  
7460.376973  
7762.024528  
7778.844256  
7708.281355  
7650.368278  
7741.923134  
7729.400993  
7727.20447  
7634.371594  
7630.979326  
7662.148687  
7640.78947  
7612.445666  
7648.634144  
7660.095981  
7676.12144  
7628.897302  
7638.110448  
7685.962172  
7697.097902  
7708.380721  
7649.091165  
7673.915476  
7640.210936  
7658.793559  
7706.103257  
7717.255893  
7679.699508  
7700.124001  
7626.112218  
7607.138659  
7619.678459  
7690.474843  
7717.724454  
7705.6177  
7727.079601  
7676.455878  
7685.301118  
7625.98048  
7627.023308  
7683.402426  
7686.53527  
7691.990463  
7631.575742  
7695.103525  
7761.070375  
7711.560166  
7634.604761  
7611.349059  
7622.530331  
7640.198491  
7681.012188  
7678.843742  
7653.918729  
7617.88606  
7641.947553  
7658.854186  
7664.658697  
7666.086429  
7662.231802  
7698.414703  
7669.990254  
7651.885005  
7644.608455  
7685.49555  
7663.459717  
7665.234443  
7635.306532  
7676.044463  
7644.118691  
7626.223054  
7583.032141  
7603.895256  
7632.529409  
7658.663313  
7642.136622  
7643.619622  
7644.448091  
7658.114513  
7677.582192  
7664.751891  
7701.512104  
7679.098211  
7698.504372  
7733.959694  
7704.864842  
7599.663213  
7623.920079  
7643.343777  
7655.078984  
7686.572587  
7648.845074  
7656.996211  
7674.649574  
7677.23996  
7711.865043  
7720.361846  
7701.26389  
7691.464422  
7645.936887  
7634.241879  
7693.366874  
7688.47164  
7680.892655  
7662.802474  
7697.386714  
7668.610908  
7652.835303  
7684.531144  
7634.834054  
7595.802431  
7618.946238  
7592.937622  
7455.43206  
7851.171269  
7686.205033  
7628.256432  
7661.685565  
7667.212397  
7666.078968  
7687.233995  
7669.921022  
7695.150571  
7691.484081  
7717.22995  
7671.032039  
7652.263001  
7704.381048  
7725.868824  
7697.446518  
7598.071965  
7585.212796  
7604.172773  
7652.636328  
7667.732161  
7633.411189  
7661.373343  
7661.656904  
7667.234147  
7659.022905  
7665.969483  
7673.229115  
7652.566633  
7681.345911  
7698.355971  
7663.441761  
7637.302872  
7709.397539  
7711.658784  
7718.886471  
7724.458227  
7740.42818  
7708.341166  
7672.860896  
7668.357675  
7693.910615  
7691.320624  
7684.994581  
7682.843268  
7644.258542  
7660.663754  
7584.399362  
7687.433865  
7653.503552  
7624.540243  
7596.242668  
7669.186433  
7664.72963  
7664.469526  
7628.586312  
7641.224791  
7655.790337  
7690.053428  
7659.765277  
7647.635021  
7632.504422  
7631.196238  
7664.445028  
7732.002047  
7701.494022  
7675.486336  
7662.591626  
7681.29022  
7654.202162  
7647.13601  
7666.746232  
7672.397254  
7673.93112  
7654.066093  
7661.942505  
7628.487567  
7649.542525  
7691.558757  
7710.289541  
7622.006903  
7723.709593  
7713.990873  
7706.803301  
7719.184031  
7743.303009  
7735.973269  
7688.307781  
7728.404325  
7747.241275  
7710.853063  
7612.098639  
7557.93573  
7590.623082  
7639.036205  
7669.386836  
7653.297537  
7671.641681  
7684.507185  
7654.593474  
7528.90051  
7686.918439  
7532.872532  
7708.313569  
7712.023499  
7677.26625  
7618.630469  
7663.309822  
7622.093515  
7648.762908  
7705.949811  
7698.995797  
7675.976213  
7684.9094  
7689.166959  
7740.225109  
7729.684791  
7700.250492  
7706.080782  
7766.619566  
7737.855524  
7740.290318  
7700.23552  
7698.555947  
7656.063002  
7651.120936  
7658.660552  
7655.142085  
7616.701858  
7588.977698  
7652.764716  
7667.736937  
7675.396089  
7696.314211  
7684.389257  
7684.505189  
7660.952918  
7629.137445  
7639.234492  
7649.412548  
7682.369032  
7700.238141  
7667.79193  
7602.543913  
7653.887398  
7611.85253  
7600.964491  
7574.585914  
7630.197693  
7638.566888  
7701.807183  
7714.875086  
7621.183404  
7571.840405  
7378.096492  
7616.456524  
7731.712142  
7684.716955  
7655.661752  
7622.105334  
7697.335111  
7716.382274  
7723.246178  
7689.523781  
7697.903462  
7709.205908  
7681.841363  
7694.780751  
7661.450282  
7715.469123  
7759.533682  
7748.999519  
7688.974989  
7641.884978  
7669.05397  
7650.726723  
7672.970767  
7692.80009  
7684.976381  
7692.510372  
7683.872583  
7679.734887  
7677.397898  
7641.792721  
7695.920009  
7693.611787  
7699.100288  
7729.558912  
7725.639257  
7660.258495  
7645.839706  
7669.450674  
7689.864246  
7648.142538  
7603.186837  
7487.481835  
7497.907241  
7979.559765  
7772.433592  
7560.950691  
7520.802806  
7517.137635  
7672.30194  
7640.778541  
7636.070255  
7621.980904  
7664.397961  
7605.126379  
7676.133366  
7733.951793  
7713.340503  
7727.430714  
7637.007403  
7681.393467  
7678.033401  
7724.581678  
7687.590343  
7685.101092  
7678.923962  
7709.088508  
7737.953416  
7722.550831  
7680.682029  
7603.627128  
7621.830082  
7623.199486  
7656.849365  
7667.19543  
7653.794011  
7678.78094  
7433.319139  
7533.842176  
7874.788207  
7718.072778  
7645.276526  
7721.715571  
7681.350931  
7679.72512  
7653.691003  
7643.980353  
7606.696201  
7604.700578  
7668.156451  
7672.663197  
7792.772091  
7818.7095  
7850.356753  
7722.378499  
7642.404166  
7599.466831  
7601.277046  
7593.844158  
7678.588712  
7651.034065  
7652.747876  
7688.376335  
7638.892612  
7694.163307  
7759.43876  
7709.851051  
7635.528392  
7627.681953  
7633.348958  
7680.193997  
7680.505806  
7632.202282  
7584.907191  
7614.096182  
7601.312563  
7612.296965  
7626.045659  
7663.756216  
7708.177387  
7729.681399  
7699.092259  
7677.419689  
7720.620526  
7670.189244  
7631.495905  
7592.537032  
7554.249116  
7597.196658  
7688.941264  
7701.136484  
7714.197896  
7699.021311  
7656.480158  
7663.524971  
7648.654277  
7651.439429  
7647.482876  
7656.103146  
7704.391708  
7714.986349  
7734.134934  
7672.236442  
7643.286694  
7621.561289  
7657.010029  
7675.045296  
7677.441509  
7701.457152  
7716.364322  
7431.284067  
7841.38101  
7765.498607  
7662.695286  
7377.531807  
7710.569721  
7681.745225  
7711.777874  
7709.959039  
7707.547054  
7661.437484  
7658.975229  
7676.078212  
7650.44089  
7671.023882  
7681.92796  
7691.744417  
7746.66983  
7802.797215  
7771.017158  
7666.829675  
7611.060474  
7560.447404  
7599.950296  
7686.66605  
7700.440237  
7640.187515  
7634.183208  
7655.574882  
7670.424366  
7684.659473  
7695.230886  
7611.564489  
7594.482333  
7639.839774  
7642.903094  
7645.335559  
7624.818673  
7615.429579  
7634.691203  
7678.763331  
7674.209042  
7656.513652  
7645.010267  
7661.66212  
7701.070825  
7644.694431  
7604.262251  
7612.71079  
7658.046203  
7695.534694  
7640.505354  
7629.345867  
7636.21672  
7643.566635  
7643.538642  
7660.071496  
7670.94276  
7716.129736  
7675.709363  
7807.916367  
7727.661484  
7654.543266  
7645.901302  
7646.858473  
7689.669582  
7709.610542  
7703.782055  
7677.041494  
7649.561155  
7758.446979  
7785.112757  
7757.712224  
7675.61501  
7613.634136  
7650.483335  
7677.816955  
7679.579114  
7710.193987  
7705.036439  
7679.885069  
7654.320382  
7660.170598  
7630.58319  
7649.675752  
7588.752609  
7671.58123  
7719.153089  
7708.781779  
7653.488829  
7678.059464  
7672.099026  
7716.903476  
7709.11945  
7694.448168  
7704.759811  
7709.445272  
7693.847101  
7668.57069  
7677.324764  
7626.246181  
7652.209997  
7629.104663  
7654.426776  
7707.361356  
7705.585749  
7660.141105  
7611.094834  
7653.53852  
7624.727056  
7603.355868  
7621.441954  
7614.434288  
7677.229022  
7520.384792  
7845.336962  
7708.509222  
7642.816769  
7610.278612  
7679.647389  
7630.973633  
7687.001777  
7662.912456  
7642.729027  
7651.705423  
7716.192945  
7743.679171  
7686.068789  
7601.851416  
7636.852245  
7682.431564  
7782.460617  
7684.293201  
7608.264321  
7633.635915  
7636.750873  
7654.656074  
7681.385283  
7693.670651  
7713.194093  
7697.23619  
7690.365248  
7665.452445  
7710.638243  
7681.172198  
7726.193613  
7669.118898  
7677.188645  
7665.061926  
7694.128596  
7681.703619  
7666.130578  
7688.755947  
7751.637591  
7734.572722  
7689.270919  
7636.771688  
7603.256163  
7642.07788  
7658.526969  
7649.470901  
7593.358972  
7604.944566  
7655.154254  
7665.795817  
7662.711506  
7669.319516  
7657.128113  
7683.850466  
7678.937748  
7675.742978  
7708.494959  
6996.419124  
7944.562871  
7719.056582  
7676.850071  
7688.005461  
7704.875716  
7756.788992  
7727.577984  
7667.334691  
7609.5857  
7605.584872  
7613.267152  
7645.766065  
7681.474141  
7651.44731  
7594.890966  
7662.298669  
7672.467044  
7684.545578  
7697.824892  
7728.862317  
7491.557914  
7798.445916  
7703.900196  
7658.266469  
7632.009639  
7694.168966  
7752.612331  
7713.645506  
7711.325715  
7686.069518  
7664.688262  
7695.368323  
7653.260441  
7714.381031  
7733.959032  
7696.172397  
7709.668128  
7625.197429  
7626.839055  
7607.452554  
7699.621061  
7669.492758  
7645.224494  
7635.578613  
7633.274946  
7696.184055  
7716.387927  
7691.157094  
7649.473483  
7728.911552  
7521.469085  
7712.200623  
7738.870384  
7502.307379  
