6409.993075  
6387.285378  
6384.05451  
6429.662964  
6419.12156  
6442.703635  
6450.222745  
6480.995439  
6456.199419  
6413.612094  
6424.070301  
6491.04187  
6471.220403  
6478.743919  
6436.29672  
6315.26365  
6471.641013  
6437.16717  
6473.416981  
6459.389593  
6448.962946  
6470.939142  
6465.301414  
6475.829379  
6456.735618  
6484.196666  
6456.65038  
6490.423418  
6430.390492  
6463.843051  
6465.72148  
6425.799716  
6404.230358  
6424.70338  
6440.852528  
6445.754073  
6467.707597  
6462.623657  
6493.386863  
6385.062578  
6393.886497  
6475.791426  
6465.996083  
6463.656971  
6472.462214  
6440.065951  
6407.97623  
6495.139382  
6456.506425  
6444.075772  
6420.295344  
6429.325473  
6383.882812  
6412.2407  
6378.816883  
6429.761785  
6438.255804  
6469.957952  
6458.20125  
6406.813687  
6440.188798  
6451.434371  
6477.268521  
6427.262939  
6422.896773  
6455.007546  
6434.913485  
6444.63036  
6425.62055  
6461.852484  
6452.955267  
6444.297363  
6456.704312  
6436.016313  
6444.771684  
6488.505504  
6460.304887  
6478.469804  
6469.352317  
6471.737072  
6445.060236  
6465.639049  
6427.121116  
6391.043402  
6407.879661  
6432.078103  
6449.474687  
6479.822465  
6441.636053  
6422.807384  
6475.222212  
6459.206765  
6464.361117  
6447.077304  
6421.642179  
6418.242121  
6467.040217  
6443.952492  
6464.6157  
6458.006381  
6420.132546  
6483.506115  
6396.934803  
6390.196977  
6452.022872  
6429.753407  
6438.938354  
6436.569891  
6390.238048  
6399.061978  
6423.940463  
6420.877652  
6469.467995  
6423.759355  
6418.486617  
6425.512973  
6427.730158  
6460.362127  
6422.495184  
6451.813776  
6419.686446  
6420.12773  
6457.902788  
6456.871915  
6406.090632  
6385.461836  
6482.6517  
6504.774836  
6439.944924  
6465.19053  
6413.848888  
6445.282049  
6463.435114  
6412.246049  
6463.581365  
6421.800382  
6448.131081  
6440.823065  
6455.343506  
6425.196966  
6459.216442  
6495.624168  
6438.293357  
6414.91353  
6449.053034  
6421.370084  
6408.721857  
6458.59466  
6483.975364  
6492.461259  
6417.453735  
6465.011896  
6437.958074  
6448.973222  
6426.041792  
6404.498125  
6434.712003  
6445.344338  
6441.866422  
6441.446089  
6462.450384  
6461.863514  
6452.452404  
6440.008323  
6420.672319  
6461.894609  
6460.24606  
6460.746993  
6487.279452  
6442.520153  
6393.576949  
6426.449452  
6418.120483  
6460.838723  
6471.194924  
6465.617077  
6451.304909  
6429.655606  
6458.358043  
6426.712846  
6435.463157  
6460.031195  
6392.089611  
6428.132946  
6389.17405  
6438.905429  
6418.46622  
6457.264449  
6476.809371  
6422.394387  
6446.65827  
6445.789706  
6463.863192  
6435.204224  
6476.633944  
6483.692716  
6479.715576  
6417.052579  
6444.723888  
6448.306241  
6456.478505  
6432.903176  
6432.74798  
6426.982966  
6453.700706  
6456.842796  
6413.11104  
6448.999046  
6432.908825  
6378.467762  
6379.713346  
6417.069591  
6438.117032  
6494.478749  
6409.859963  
6455.602073  
6458.191617  
6474.903442  
6476.865257  
6452.491011  
6445.833418  
6429.910201  
6491.617454  
6427.82585  
6423.592674  
6463.361772  
6431.831199  
6410.765336  
6411.790538  
6450.799183  
6436.066428  
6413.460005  
6400.754716  
6412.032537  
6414.701716  
6459.504994  
6459.317705  
6435.842496  
6444.245195  
6446.233066  
6440.404297  
6444.903121  
6431.692083  
6415.838246  
6461.209828  
6468.424239  
6453.622226  
6408.701028  
6408.802901  
6452.212247  
6444.388528  
6476.96319  
6465.030107  
6446.3128  
6469.871871  
6471.000744  
6430.489236  
6424.807295  
6473.601163  
6464.734164  
6456.142811  
6414.836148  
6450.143766  
6429.603693  
6435.08596  
6459.18376  
6455.426048  
6441.897461  
6433.056097  
6437.315707  
6437.457109  
6384.18669  
6410.467629  
6444.67759  
6428.075983  
6383.025613  
6440.404397  
6424.772405  
6440.862427  
6414.83121  
6422.704346  
6464.263184  
6434.592019  
6479.890004  
6412.788541  
6434.787054  
6438.732011  
6455.885531  
6444.007713  
6430.18639  
6444.430819  
6446.05299  
6438.262817  
6448.865556  
6467.528764  
6442.207575  
6437.735385  
6415.527688  
6472.335627  
6507.877641  
6474.156894  
6446.586892  
6496.65281  
6455.220725  
6464.94205  
6478.433072  
6449.362704  
6446.730868  
6438.083818  
6480.089344  
6455.828558  
6445.022516  
6484.40524  
6414.098322  
6430.122059  
6428.910489  
6442.466519  
6427.708651  
6427.184637  
6450.764782  
6416.164185  
6414.947465  
6384.639704  
6431.281749  
6453.366888  
6468.451028  
6466.920421  
6450.169012  
6468.214677  
6439.869307  
6416.926725  
6434.779075  
6398.76032  
6449.826383  
6482.287908  
6428.037908  
6411.768244  
6405.262962  
6419.138805  
6475.738115  
6441.081121  
6477.720548  
6432.56402  
6425.587624  
6467.741289  
6509.322266  
6452.146407  
6458.951161  
6472.667958  
6462.843661  
6431.009078  
6430.180442  
6424.774581  
6461.210627  
6488.5984  
6424.872481  
6402.365545  
6417.261685  
6395.706443  
6413.059515  
6431.103205  
6422.634244  
6465.921842  
6452.728826  
6415.016013  
6426.891002  
6431.794733  
6458.265769  
6428.053522  
6427.616089  
6392.362382  
6419.936523  
6427.986284  
6432.60427  
6464.055376  
6443.495228  
6457.634377  
6429.60841  
6432.990911  
6422.39947  
6425.944724  
6459.675681  
6395.485895  
6472.550215  
6425.561168  
6465.377919  
6467.994773  
6482.44286  
6453.905684  
6501.721735  
6445.592418  
6452.070079  
6446.862615  
6448.184182  
6408.142112  
6426.216442  
6501.804066  
6480.860207  
6459.700218  
6420.051602  
6368.304754  
6453.974898  
6432.222013  
6412.026711  
6423.291482  
6433.972923  
6430.25516  
6424.053567  
6417.350475  
6366.317738  
6451.119929  
6430.12925  
6401.545865  
6433.764626  
6436.597889  
6448.60872  
6457.906394  
6464.046686  
6484.245983  
6459.98382  
6476.081676  
6424.799006  
6458.137018  
6475.073719  
6466.226851  
6461.53408  
6443.350608  
6425.856468  
6469.167347  
6489.231146  
6429.473011  
6409.053766  
6404.804277  
6464.244296  
6422.684027  
6433.910977  
6459.639482  
6442.649248  
6465.723877  
6486.796598  
6461.97553  
6454.777699  
6475.026611  
6417.362271  
6459.926847  
6475.667447  
6457.58758  
6420.616266  
6450.113448  
6418.592807  
6433.197876  
6440.771917  
6392.682295  
6388.211714  
6439.232666  
6416.523526  
6424.745961  
6431.973  
6419.78054  
6460.512629  
6473.639693  
6444.801125  
6436.770874  
6436.21622  
6442.082231  
6447.09476  
6412.384832  
6446.113614  
6467.682706  
6456.090443  
6454.99798  
6423.72947  
6410.779463  
6445.657537  
6386.193692  
6448.209584  
6435.857045  
6423.520974  
6418.614025  
6452.956221  
6462.088457  
6473.846824  
6466.484353  
6441.76537  
6448.306052  
6456.836259  
6452.353438  
6466.986339  
6475.827892  
6430.92961  
6415.785822  
6468.690563  
6458.47876  
6451.847112  
6397.025768  
6434.803844  
6468.257435  
6450.534846  
6469.939575  
6477.635798  
6421.121149  
6460.295921  
6435.624612  
6408.883845  
6461.385687  
6472.051491  
6456.407038  
6407.729503  
6449.861361  
6421.690729  
6419.293413  
6444.332531  
6477.002419  
6480.666781  
6445.141868  
6408.640015  
6471.299538  
6454.921165  
6438.441029  
6412.587536  
6454.953114  
6443.715665  
6372.182994  
6405.185957  
6458.153287  
6470.527599  
6437.419001  
6475.588179  
6444.870661  
6432.15109  
6405.818648  
6462.099876  
6454.326716  
6467.805198  
6435.330067  
6395.992953  
6444.395741  
6420.177324  
6440.416193  
6414.52144  
6397.56402  
6402.298795  
6416.259988  
6433.901678  
6470.942017  
6402.335616  
6432.414262  
6408.886863  
6397.777444  
6460.40332  
6470.516169  
6428.580666  
6418.257801  
6434.71976  
6365.729792  
6431.524603  
6469.952448  
6452.323797  
6409.131381  
6411.80603  
6447.097856  
6412.89037  
6450.568459  
6480.41889  
6464.283048  
6483.198642  
6451.651256  
6476.580688  
6483.603482  
6458.743552  
6433.48321  
6426.985662  
6444.653121  
6439.633523  
6477.061523  
6491.256536  
6496.576472  
6478.858676  
6462.022394  
6436.279142  
6406.932251  
6469.114202  
6457.387007  
6436.507346  
6420.933638  
6402.698065  
6434.253218  
6436.94478  
6420.162309  
6429.627453  
6427.491966  
6423.457409  
6492.699452  
6430.277732  
6451.882568  
6428.950362  
6497.487549  
6484.754972  
6447.3481  
6501.000122  
6422.438099  
6450.946189  
6422.643477  
6438.1425  
6401.945401  
6461.071877  
6437.380016  
6421.159313  
6447.697077  
6429.11893  
6430.50142  
6447.620228  
6466.526578  
6410.008434  
6409.310658  
6518.349532  
6439.521285  
6467.355313  
6421.436035  
6463.951904  
6455.95196  
6424.535256  
6385.83697  
6436.084295  
6436.832076  
6405.202859  
6409.220526  
6422.1164  
6420.071544  
6429.045033  
6430.197909  
6432.693681  
6436.320024  
6468.920799  
6438.444702  
6433.088301  
6428.295854  
6428.872192  
6461.89806  
6430.151744  
6455.874911  
6443.164096  
6453.436657  
6409.459617  
6394.8126  
6431.458463  
6439.111328  
6448.912298  
6454.606701  
6417.510909  
6419.643388  
6443.322943  
6409.222456  
6482.882335  
6441.547141  
6495.492987  
6430.766868  
6437.695457  
6487.966275  
6463.619429  
6465.560536  
6446.505038  
6460.571544  
6496.379106  
6455.889438  
6420.356212  
6408.682684  
6389.622159  
6442.816506  
6362.363337  
6481.639149  
6467.191784  
6472.938454  
6426.343628  
6430.194924  
6517.727839  
6415.15585  
6461.066784  
6440.019065  
6448.383267  
6469.556674  
6487.021562  
6491.242864  
6433.284191  
6475.393943  
6429.892611  
6414.427612  
6465.4642  
6405.149581  
6381.324785  
6414.923051  
6465.746105  
6427.87207  
6473.90433  
6389.349709  
6447.315097  
6473.65362  
6459.740412  
6475.969083  
6441.895918  
6448.576028  
6412.41707  
6429.566895  
6447.878607  
6478.077526  
6474.107289  
6445.648227  
6451.185469  
6430.840709  
6461.309115  
6447.251609  
6455.456343  
6432.58778  
6442.170754  
6448.115024  
6478.511464  
6438.795532  
6456.465931  
6461.499168  
6449.009533  
6421.277965  
6463.053556  
6390.217108  
6415.71723  
6375.250255  
6476.632812  
6456.611151  
6443.537886  
6417.468006  
6427.56007  
6426.9016  
6426.037276  
6415.359985  
6494.470137  
6449.59132  
6461.810813  
6419.977772  
6308.108643  
6444.907915  
6463.945079  
6393.745439  
6408.473932  
6420.666282  
6413.019021  
6466.774214  
6441.016025  
6476.392922  
6474.455833  
6435.268766  
6409.845015  
6454.517012  
6434.095537  
6465.796109  
6455.89533  
6472.63461  
6466.98068  
6413.780396  
6460.74494  
6502.975253  
6489.749112  
6469.307251  
6422.171387  
6423.613647  
6459.655029  
6467.201838  
6408.862393  
6433.891923  
6437.530251  
6432.656572  
6479.973489  
6484.603671  
6479.92718  
6460.375555  
6505.431286  
6474.205722  
6457.918024  
6487.166304  
6432.335804  
6428.966231  
6424.856279  
6474.712425  
6490.67354  
6455.49747  
6482.537409  
6465.151145  
6414.08303  
6425.398127  
6423.964622  
6410.929832  
6463.588623  
6463.169167  
6388.554554  
6433.743441  
6381.3212  
6390.801092  
6464.712513  
6428.591564  
6299.295943  
6443.805065  
6214.931507  
6485.730702  
6478.916559  
6431.260764  
6444.426281  
6438.506081  
6419.610085  
6413.415783  
6440.308316  
6438.448686  
6409.011885  
6480.927512  
6450.028376  
6473.989646  
6474.918623  
6429.855791  
6459.259433  
6459.933272  
6445.835771  
6444.308505  
6432.277244  
6446.84557  
6481.579823  
6436.641135  
6413.593872  
6444.658059  
6455.501842  
6454.394653  
6413.693992  
6400.958052  
6414.853837  
6461.11883  
6425.854392  
6433.195912  
6435.679321  
6471.421553  
6425.715587  
6441.863792  
6447.769809  
6443.335016  
6410.227328  
6466.983554  
6427.479326  
6428.409424  
6458.049316  
6463.518066  
6432.569691  
6422.473921  
6433.010842  
6458.423839  
6400.268877  
6447.023604  
6449.930964  
6460.28732  
6430.296709  
6419.308438  
6434.10983  
6416.864968  
6431.277166  
6412.83121  
6385.887396  
6434.676192  
6445.054122  
6419.1879  
6477.566739  
6444.515525  
6477.040283  
6458.475863  
6439.439264  
6443.691528  
6425.990501  
6402.788963  
6490.260509  
6453.852384  
6488.265714  
6490.427923  
6423.121149  
6469.362482  
6449.564941  
6466.772383  
6441.612072  
6442.661899  
6437.419189  
6508.9733  
6503.764016  
6439.992676  
6482.574041  
6459.575695  
6464.029241  
6424.55006  
6434.951039  
6484.091475  
6434.644853  
6433.415083  
6455.495628  
6408.739569  
6428.444991  
6451.521717  
6430.282903  
6420.233232  
6437.072232  
6417.708307  
6457.320312  
6439.511563  
6421.011219  
6456.820079  
6446.008423  
6422.163153  
6426.732677  
6435.405296  
6430.032859  
6436.483709  
6414.294778  
6411.326238  
6416.767378  
6463.823697  
6506.558183  
6390.977295  
6300.048384  
6474.927335  
6422.332963  
6411.568726  
6425.33424  
6499.05734  
6447.745384  
6455.573087  
6446.303434  
6410.306874  
6418.551381  
6483.263916  
6480.92172  
6449.695867  
6409.405196  
6441.174139  
6395.425404  
6368.455245  
6459.368808  
6480.472612  
6460.574285  
6459.264005  
6390.638994  
6412.340621  
6409.425193  
6473.235119  
6471.572809  
6433.416948  
6257.568992  
6521.820867  
6506.853616  
6424.207875  
6452.213568  
6414.221003  
6469.192416  
6473.853482  
6454.06614  
6479.903653  
6402.433882  
6418.600009  
6352.804177  
6431.412021  
6436.689864  
6424.370095  
6402.801403  
6417.703247  
6398.563377  
6423.855735  
6448.74292  
6449.768632  
6495.69043  
6479.667847  
6438.725886  
6474.886741  
6485.618663  
6459.620184  
6448.300315  
6432.021163  
6468.014759  
6494.552712  
6449.510642  
6428.874734  
6414.353582  
6520.961404  
6441.268477  
6448.438366  
6421.089378  
6491.412132  
6483.843495  
6453.590143  
6449.166182  
6500.788419  
6442.580999  
6451.063343  
6427.802723  
6457.423284  
6460.815652  
6465.87621  
6458.873779  
6481.678167  
6448.818126  
6434.493131  
6464.496116  
6464.459761  
6462.11721  
6446.878185  
6445.395142  
6423.882191  
6469.879605  
6439.883367  
6389.944968  
6415.219471  
6421.335294  
6420.862471  
6424.388028  
6432.590831  
6422.941551  
6476.11448  
6427.942538  
6428.089511  
6461.389782  
6445.653509  
6427.264493  
6398.317316  
6440.417403  
6429.539207  
6406.707597  
6435.93538  
6441.602384  
6419.805287  
6408.998557  
6432.03873  
6510.689664  
6467.10922  
6413.434504  
6456.117543  
6478.135187  
6447.202026  
6502.747925  
6443.816983  
6466.610496  
6442.020397  
6506.024802  
6467.907948  
6460.081321  
6432.082797  
6456.840099  
6447.430653  
6468.020452  
6469.020064  
6443.867321  
6413.975542  
6458.984541  
6435.080134  
6442.28449  
6431.364491  
6450.939808  
6430.492276  
6444.569735  
6419.44751  
6438.7768  
6416.579312  
6423.949141  
6437.909657  
6433.399647  
6399.953147  
6391.23898  
6417.545754  
6448.681119  
6436.856778  
6473.167447  
6441.895264  
6431.706998  
6480.860918  
6444.308794  
6438.277788  
6435.182085  
6442.232355  
6432.43184  
6453.514127  
6419.192505  
6433.976341  
6462.957775  
6423.052213  
6435.367121  
6441.231889  
6452.391036  
6459.205411  
6418.382779  
6419.253806  
6419.460682  
6382.313121  
6467.774791  
6423.70247  
6408.504716  
6422.025646  
6441.059482  
6469.156461  
6426.317394  
6443.347334  
6433.508412  
6408.971247  
6475.194436  
6419.921498  
6439.352606  
6449.10255  
6442.631769  
6433.41404  
6471.037143  
6430.109541  
6456.287786  
6408.379062  
6443.110973  
6441.835793  
6430.172685  
6441.138494  
6459.526744  
6433.524902  
6435.555032  
6473.158603  
6471.876498  
6423.096702  
6371.185059  
6437.775502  
6470.814098  
6452.309149  
6432.011264  
6428.975331  
6465.444824  
6428.098256  
6405.528254  
6490.601141  
6469.551813  
6463.944502  
6467.206055  
6422.642689  
6472.053123  
6483.173495  
6429.246438  
6457.990978  
6459.851585  
6410.936113  
6414.828902  
6435.667991  
6448.806985  
6458.638494  
6460.084672  
6473.263672  
6480.699585  
6467.890758  
6424.962402  
6411.942072  
6417.194158  
6431.286954  
6446.592907  
6447.583685  
6421.472057  
6428.866178  
6407.554122  
6428.498091  
6456.240345  
6389.126443  
6404.564653  
6458.634022  
6460.349565  
6428.070912  
6430.432484  
6452.163852  
6435.009277  
6481.439331  
6481.778065  
6479.980036  
6467.959306  
6440.934448  
6467.507335  
6436.093273  
6456.622192  
6457.577859  
6442.751698  
6452.797008  
6405.085249  
6447.928278  
6421.289895  
6460.640947  
6430.404219  
6434.109996  
6463.212191  
6452.071566  
6442.433216  
6451.634821  
6439.715887  
6448.924294  
6428.424971  
6474.280873  
6459.973588  
6400.310591  
6372.151667  
6487.502885  
6429.312445  
6418.413219  
6390.981556  
6379.794101  
6403.978438  
6378.313865  
6438.831399  
6406.397738  
6404.999578  
6464.653487  
6445.978948  
6439.146418  
6451.514615  
6485.174217  
6445.208762  
6424.735163  
6479.669944  
6457.761685  
6433.735906  
6421.886264  
6431.440385  
6423.442116  
6446.071356  
6439.103149  
6417.555231  
6436.17344  
6444.886253  
6410.590876  
6437.888039  
6443.47057  
6441.453569  
6486.951605  
6493.223122  
6463.270241  
6475.196533  
6469.485873  
6470.958274  
6470.101973  
6451.58343  
6416.038352  
6508.404707  
6425.421753  
6434.897095  
6505.909024  
6414.609297  
6433.165627  
6465.137429  
6408.404275  
6449.898671  
6479.953946  
6417.643555  
6401.137063  
6398.623391  
6440.252608  
6279.422785  
6392.327437  
6496.186801  
6440.033281  
6416.806363  
6448.364624  
6429.802945  
6447.159868  
6423.781505  
6458.822243  
6451.230469  
6469.671187  
6470.62358  
6475.868142  
6448.009344  
6480.564142  
6458.460216  
6436.313854  
6482.679421  
6435.327282  
6426.620372  
6468.45449  
6452.287298  
6481.876343  
6423.660223  
6420.571378  
6409.29288  
6447.167225  
6492.280651  
6414.020042  
6412.29389  
6411.274514  
6412.361339  
6416.884422  
6398.628018  
6443.669378  
6416.646451  
6423.064664  
6491.41404  
6451.29076  
6473.695168  
6434.449219  
6451.490534  
6457.856778  
6425.367587  
6430.891735  
6374.922241  
6449.980158  
6435.213934  
6447.097834  
6452.172829  
6457.016069  
6286.429554  
6489.87712  
6563.088235  
6444.033381  
6443.454945  
6421.24788  
6514.631425  
6443.779508  
6444.651423  
6480.890314  
6462.204701  
6415.13188  
6433.185835  
6476.516568  
6432.598045  
6467.826349  
6485.761086  
6473.153121  
6480.28085  
6442.08637  
6476.754472  
6457.666371  
6482.396729  
6455.559326  
6464.049294  
6423.785101  
6410.268743  
6425.476041  
6434.26972  
6437.564586  
6455.872026  
6475.527566  
6479.952315  
6488.631603  
6477.724698  
6466.797863  
6464.087513  
6450.731945  
6500.765891  
6487.165228  
6366.177524  
6176.392656  
6488.173551  
6529.452914  
6493.000067  
6391.201194  
6339.694225  
6385.387229  
6464.522528  
6423.900668  
6382.952004  
6351.777699  
6435.648526  
6414.907571  
6456.763505  
6472.879173  
6454.419988  
6429.512618  
6405.615412  
6452.417547  
6474.358432  
6429.034102  
6448.119007  
6448.763894  
6465.005438  
6455.372181  
6473.849554  
6443.229126  
6437.995938  
6455.175149  
6431.137218  
6442.607611  
6471.457486  
6446.487316  
6451.927257  
6420.946256  
6275.36873  
6335.932728  
6419.896396  
6390.166915  
6389.513505  
6471.960194  
6430.421287  
6471.937211  
6456.744218  
6421.665583  
6446.152144  
6443.055198  
6446.80522  
6442.737216  
6459.137285  
6472.849698  
6496.182884  
6469.109719  
6499.201205  
6498.143388  
6475.888772  
6449.929188  
6353.135676  
6494.069114  
6436.616788  
6456.496671  
6413.980214  
6449.431652  
6490.311135  
6460.924239  
6437.405351  
6466.117842  
6445.998635  
6476.456188  
6470.793313  
6475.478793  
6417.585749  
6421.529852  
6437.370106  
6478.858376  
6457.203369  
6455.87733  
6441.634222  
6486.67203  
6427.792081  
6427.289162  
6433.148016  
6435.106301  
6461.733332  
6422.472812  
6464.70216  
6456.824829  
6415.548562  
6448.73159  
6398.297907  
6456.791393  
6451.764271  
6449.248946  
6462.36802  
6453.784002  
6474.735795  
6415.824907  
6456.021074  
6438.267023  
6455.137618  
6461.659324  
6404.553223  
6449.54612  
6405.0533  
6427.481223  
6464.007679  
6432.624068  
6464.856956  
6241.487538  
6215.317816  
6537.31594  
6483.964855  
6326.370594  
6363.287831  
6431.325406  
6439.932351  
6391.440507  
6444.158858  
6408.814387  
6433.265126  
6441.363603  
6442.706365  
6445.314498  
6477.980591  
6447.584584  
6455.283525  
6494.996726  
6415.020574  
6431.040927  
6467.779441  
6461.624878  
6477.581965  
6482.03752  
6490.696555  
6446.747059  
6422.554932  
6405.332586  
6440.158181  
6398.276656  
6434.10872  
6434.968295  
6410.695845  
6440.174838  
6460.985973  
6407.970903  
6450.855502  
6414.167347  
6426.899447  
6436.957897  
6492.329923  
6432.243097  
6440.565973  
6466.637351  
6420.617298  
6413.619973  
6431.173284  
6402.182218  
6452.796365  
6441.116333  
6419.7146  
6397.521407  
6460.757602  
6414.456487  
6440.448697  
6449.474221  
6462.025424  
6444.840598  
6452.9998  
6467.465532  
6470.632235  
6440.588912  
6434.550559  
6480.004361  
6463.223966  
6417.454179  
6383.617565  
6424.727006  
6405.33667  
6459.549771  
6460.945657  
6492.927135  
6429.925726  
6493.011319  
6470.027066  
6488.699086  
6461.042381  
6444.331399  
6449.129872  
6448.570978  
6460.372348  
6453.644853  
6463.441784  
6456.934082  
6487.167003  
6501.588179  
6506.094682  
6445.186634  
6460.978782  
6405.292858  
6467.741633  
6459.178866  
6459.802801  
6455.125122  
6455.815374  
6405.920288  
6460.726618  
6458.833396  
6421.703613  
6433.349332  
6398.339034  
6418.962613  
6411.781405  
6421.785522  
6448.865978  
6419.078824  
6438.263705  
6475.065996  
6394.575118  
6451.232599  
6417.702315  
6446.060769  
6419.772683  
6267.0624  
6414.835338  
6425.209284  
6441.545632  
6398.952437  
6461.607222  
6462.15989  
6460.873002  
6454.257835  
6460.159346  
6461.851052  
6484.960127  
6487.705688  
6494.284446  
6417.145674  
6453.775413  
6467.474521  
6466.891757  
6438.295699  
6475.220648  
6463.030606  
6469.892256  
6466.842252  
6466.817017  
6469.45651  
6453.50566  
6432.686179  
6486.342318  
6428.793446  
6489.188299  
6447.382258  
6457.530285  
6461.624645  
6480.226773  
6410.727295  
6431.041182  
6455.201183  
6405.939187  
6352.885198  
6469.74302  
6460.034502  
6431.686679  
6395.28287  
6451.726662  
6434.428877  
6423.279996  
6358.888062  
6467.539029  
6434.012362  
6445.644964  
6421.937844  
6436.795155  
6412.883845  
6418.207575  
6448.882602  
6456.82807  
6429.758978  
6479.561446  
6467.337913  
6424.096624  
6450.199829  
6418.404663  
6428.480491  
6460.37126  
6479.784302  
6476.236983  
6439.330067  
6405.523049  
6464.505515  
6429.555131  
6437.864247  
6448.444258  
6436.35427  
6435.137984  
6432.668213  
6443.510221  
6482.666981  
6468.358975  
6480.714455  
6361.542847  
6423.608942  
6421.0535  
6371.696944  
6454.367532  
6446.810047  
6440.288075  
6438.396806  
6438.564819  
6415.059359  
6445.868519  
6431.012828  
6433.777732  
6443.786266  
6458.953957  
6460.604082  
6470.889648  
6428.730225  
6462.645508  
6484.719127  
6506.858521  
6451.468606  
6453.794245  
6499.618475  
6470.793091  
6491.004295  
6479.147361  
6468.183871  
6457.550815  
6239.665194  
6340.17698  
6420.293435  
6500.116056  
6407.577026  
