5614.303569  
5585.981428  
5575.836309  
5612.912169  
5614.392522  
5620.51257  
5614.142167  
5621.406587  
5617.619731  
5613.028587  
5580.298417  
5606.177726  
5650.344011  
5608.622603  
5666.643813  
5408.760907  
5649.496435  
5627.316648  
5648.649714  
5611.725224  
5642.349015  
5617.731963  
5650.032257  
5639.710694  
5627.992317  
5648.378103  
5617.695091  
5628.5805  
5622.426642  
5626.049545  
5620.96421  
5603.078563  
5613.513891  
5597.568986  
5594.956771  
5628.86012  
5600.697927  
5624.318501  
5637.016174  
5604.629927  
5606.45503  
5646.74213  
5637.327754  
5630.44145  
5627.848617  
5595.109585  
5610.719208  
5609.846477  
5609.012258  
5567.963923  
5611.606127  
5596.714879  
5607.544158  
5608.048377  
5611.674887  
5614.632398  
5629.312945  
5635.088561  
5607.974672  
5614.124441  
5584.390146  
5614.487854  
5622.370159  
5623.56136  
5602.031359  
5601.667822  
5614.391934  
5619.06054  
5600.195353  
5611.402649  
5597.02097  
5627.895373  
5605.717302  
5629.180837  
5629.042459  
5650.654058  
5617.025909  
5639.875433  
5651.371781  
5626.219473  
5632.236852  
5626.238513  
5608.868572  
5580.391679  
5602.007571  
5587.936433  
5630.187213  
5632.807797  
5623.568339  
5582.960725  
5612.586643  
5651.155177  
5643.224118  
5627.274828  
5612.592291  
5617.99169  
5610.832904  
5617.733781  
5617.803337  
5615.615513  
5606.229049  
5591.924986  
5602.859422  
5595.714898  
5598.676069  
5588.958556  
5604.794091  
5607.696444  
5580.785997  
5594.677227  
5619.057374  
5603.279571  
5598.443375  
5597.407899  
5579.886696  
5590.56362  
5635.244037  
5605.604716  
5604.645932  
5618.592359  
5599.355265  
5619.430435  
5632.911521  
5622.690956  
5603.767637  
5629.742533  
5567.590815  
5658.381824  
5601.008436  
5633.093382  
5607.975567  
5614.027223  
5631.784334  
5571.208121  
5604.562141  
5597.32953  
5626.491626  
5624.246473  
5641.281639  
5647.252188  
5642.886977  
5641.474104  
5601.752639  
5606.653862  
5608.461477  
5619.904433  
5591.048992  
5634.558814  
5635.670969  
5632.658639  
5623.155922  
5605.059227  
5601.612092  
5601.94827  
5597.960038  
5604.637094  
5631.40316  
5612.128685  
5614.122616  
5614.905309  
5627.518701  
5619.802156  
5611.018267  
5619.98691  
5609.645969  
5621.381132  
5624.331891  
5644.692456  
5646.603573  
5611.095581  
5618.089941  
5622.395441  
5604.154618  
5601.680987  
5643.306279  
5616.238477  
5634.191474  
5635.059889  
5601.283665  
5586.51123  
5568.157088  
5606.826301  
5585.1815  
5580.107598  
5610.969243  
5572.779184  
5616.033366  
5600.776072  
5604.367393  
5609.685769  
5613.403936  
5627.203829  
5619.725249  
5607.596326  
5640.013332  
5630.317091  
5626.502427  
5599.630374  
5612.519808  
5615.746992  
5626.059555  
5619.467855  
5613.694764  
5595.786573  
5613.242074  
5582.973937  
5596.976269  
5611.011167  
5594.701908  
5600.864554  
5563.338006  
5604.77833  
5632.661722  
5631.25537  
5613.2162  
5599.276547  
5609.180091  
5621.180986  
5642.790582  
5605.232426  
5613.134792  
5640.50989  
5619.87612  
5600.648607  
5609.123976  
5599.446642  
5603.553662  
5607.032028  
5617.5244  
5619.585224  
5609.758832  
5607.089211  
5600.70809  
5589.718226  
5609.407034  
5628.885151  
5609.661053  
5615.548012  
5620.202517  
5623.178453  
5624.56169  
5606.178646  
5605.518461  
5598.770142  
5622.804408  
5626.329089  
5627.240022  
5583.284344  
5596.562954  
5613.714951  
5626.090344  
5640.222057  
5612.653047  
5642.523736  
5606.502609  
5590.196286  
5615.13077  
5623.558419  
5577.885968  
5617.116986  
5610.671254  
5622.151845  
5608.504122  
5638.842282  
5621.881866  
5597.356468  
5605.338675  
5618.927171  
5609.963964  
5599.956451  
5606.289962  
5600.158447  
5597.443754  
5625.127993  
5609.105814  
5575.051254  
5609.24025  
5625.79068  
5645.640547  
5595.00864  
5601.70471  
5642.338902  
5624.669371  
5623.062653  
5599.442881  
5609.597047  
5619.101633  
5617.18553  
5605.968111  
5590.014842  
5596.010832  
5610.480437  
5598.379519  
5618.402902  
5622.281809  
5600.885526  
5615.736358  
5617.57722  
5637.054757  
5646.77604  
5625.184259  
5625.177555  
5609.893241  
5646.716436  
5625.658466  
5617.962938  
5618.28565  
5607.765618  
5588.667808  
5603.573454  
5599.7779  
5624.06836  
5620.878422  
5593.63859  
5613.35209  
5604.976564  
5600.280636  
5642.067607  
5614.700397  
5632.582471  
5657.289098  
5557.484215  
5582.831258  
5605.261445  
5625.817832  
5610.485849  
5600.439506  
5640.951194  
5541.841112  
5609.533218  
5609.314954  
5624.069065  
5606.46833  
5623.064732  
5617.955839  
5589.454132  
5611.626292  
5582.784548  
5605.636211  
5594.056105  
5605.456501  
5623.318127  
5624.223756  
5604.54762  
5611.528696  
5635.485629  
5662.729004  
5644.175101  
5644.858502  
5695.505748  
5653.398628  
5643.340745  
5634.021645  
5641.741364  
5650.743908  
5598.717708  
5605.821985  
5623.512974  
5629.473224  
5625.083552  
5618.107201  
5606.144386  
5488.304453  
5588.611259  
5583.050576  
5601.299327  
5630.578844  
5621.967858  
5620.831652  
5627.921609  
5611.670253  
5608.331037  
5582.100196  
5607.823186  
5622.025786  
5621.538465  
5626.199605  
5621.323901  
5602.249809  
5595.898763  
5598.369746  
5631.412317  
5599.646822  
5625.007845  
5598.670434  
5606.900793  
5619.489876  
5639.864851  
5613.707441  
5619.784132  
5610.410679  
5635.165343  
5612.859244  
5601.716038  
5582.645402  
5589.765584  
5637.322929  
5638.918719  
5639.280973  
5602.147955  
5554.21976  
5638.116553  
5613.201747  
5599.546078  
5612.659268  
5578.827686  
5607.785028  
5614.555813  
5604.910521  
5587.042857  
5592.698292  
5582.019064  
5591.799711  
5598.621133  
5593.908774  
5609.947618  
5638.687779  
5614.70724  
5642.509738  
5637.396931  
5620.889561  
5592.535916  
5639.60736  
5635.451398  
5618.259072  
5601.152628  
5605.126396  
5611.729794  
5602.591137  
5632.285458  
5584.069559  
5599.877809  
5607.275408  
5610.334482  
5610.83258  
5603.969014  
5624.149459  
5615.94004  
5596.749799  
5645.387613  
5637.913157  
5593.21623  
5598.023258  
5599.257269  
5607.599111  
5615.205779  
5610.841369  
5583.95191  
5604.175008  
5622.424256  
5623.963105  
5606.359921  
5625.436049  
5583.600574  
5604.186778  
5611.62891  
5622.880023  
5634.257578  
5616.610947  
5599.171701  
5633.030673  
5611.057911  
5613.369276  
5615.856197  
5608.369753  
5631.873521  
5620.331701  
5607.562314  
5615.513929  
5638.646955  
5622.36148  
5610.964088  
5602.938397  
5631.748083  
5662.716494  
5574.701453  
5634.608253  
5605.594482  
5611.149882  
5607.467008  
5618.018979  
5610.650774  
5614.727079  
5618.333294  
5597.190286  
5616.816116  
5620.232868  
5633.762291  
5635.792946  
5597.510285  
5592.918525  
5618.291861  
5606.832414  
5638.666276  
5603.939549  
5633.621963  
5597.359014  
5624.099392  
5622.445439  
5609.313524  
5594.242767  
5605.111665  
5600.659783  
5615.754724  
5644.221032  
5630.828803  
5618.030211  
5625.513759  
5597.124397  
5612.733916  
5617.857383  
5626.901635  
5622.243358  
5632.571907  
5616.470986  
5596.291509  
5633.649808  
5585.411165  
5588.02649  
5598.873197  
5597.020243  
5599.068179  
5570.561848  
5582.300523  
5596.872807  
5623.158637  
5597.008964  
5610.563692  
5612.097415  
5611.520871  
5599.927188  
5606.84308  
5631.225562  
5640.011995  
5630.292626  
5576.697258  
5592.188545  
5582.22403  
5598.012442  
5588.602557  
5579.993942  
5574.954151  
5571.780028  
5596.251094  
5609.786214  
5622.031836  
5626.607887  
5625.030286  
5601.640431  
5625.217882  
5631.908893  
5608.668768  
5581.487522  
5570.140789  
5581.87303  
5601.590587  
5654.984271  
5634.618923  
5634.520924  
5630.263382  
5626.653423  
5618.246702  
5620.928261  
5616.386809  
5627.177166  
5620.96072  
5618.574393  
5631.438791  
5633.556576  
5619.657139  
5618.073512  
5608.872944  
5613.089908  
5599.276999  
5637.174584  
5634.367234  
5636.477406  
5631.811664  
5630.961882  
5617.553682  
5579.351822  
5623.061834  
5640.681212  
5633.011364  
5616.077933  
5602.897406  
5625.607004  
5611.700434  
5617.196171  
5588.348153  
5605.743476  
5618.746543  
5615.480163  
5591.743509  
5596.78277  
5615.929075  
5632.185631  
5615.961264  
5611.661052  
5627.889775  
5634.362005  
5617.33202  
5609.261723  
5649.187873  
5591.005676  
5625.479558  
5607.232737  
5601.568352  
5594.425911  
5602.233945  
5623.437894  
5613.612759  
5598.733744  
5580.975578  
5612.33188  
5648.118864  
5655.391214  
5664.44827  
5644.095572  
5637.217037  
5623.717149  
5621.829891  
5624.968319  
5622.158614  
5590.452852  
5595.476373  
5610.743012  
5587.154763  
5601.618039  
5609.513016  
5601.718796  
5601.177929  
5636.89606  
5648.508162  
5607.634598  
5583.38227  
5614.727116  
5577.662263  
5597.301851  
5595.453343  
5626.65427  
5605.271719  
5609.055802  
5559.587949  
5577.837819  
5636.339308  
5623.2714  
5609.558049  
5647.815131  
5603.425757  
5585.457544  
5609.956952  
5600.141468  
5627.745502  
5602.002955  
5635.246411  
5603.431124  
5624.2669  
5636.96542  
5636.238937  
5640.846027  
5616.750423  
5654.465782  
5620.710988  
5649.443141  
5588.525908  
5603.325291  
5600.12921  
5575.876544  
5616.245649  
5635.708529  
5650.170582  
5624.359204  
5628.386231  
5615.668166  
5638.772674  
5611.131193  
5644.656439  
5621.034009  
5613.916809  
5568.598631  
5576.214246  
5628.798392  
5592.285997  
5613.789112  
5586.264595  
5617.798512  
5634.216018  
5604.860456  
5574.453432  
5602.924294  
5637.011499  
5604.071749  
5647.445049  
5612.013255  
5620.82245  
5624.01537  
5603.725152  
5624.661765  
5619.129395  
5621.945109  
5642.09088  
5617.748865  
5608.984893  
5621.008499  
5616.460522  
5614.367971  
5648.984919  
5620.302009  
5633.229023  
5643.073778  
5598.69477  
5605.972894  
5625.340514  
5587.768716  
5607.236189  
5590.205274  
5618.07218  
5588.466276  
5596.906594  
5574.794142  
5576.865126  
5576.794943  
5590.380024  
5609.410302  
5599.367237  
5606.405441  
5603.117388  
5595.34137  
5619.814549  
5613.769727  
5588.841682  
5599.896741  
5624.705781  
5639.010686  
5656.968209  
5612.617879  
5472.293105  
5612.624398  
5640.284655  
5598.828631  
5607.252046  
5606.285326  
5602.297804  
5621.074027  
5614.553496  
5628.539825  
5639.035082  
5616.195367  
5627.117497  
5610.392835  
5611.608445  
5628.754633  
5621.862801  
5632.325436  
5608.304317  
5612.327039  
5651.623476  
5623.924709  
5630.089087  
5631.851615  
5619.625685  
5595.876796  
5642.152666  
5642.27191  
5616.518901  
5604.754057  
5590.499732  
5618.598363  
5639.381254  
5653.593093  
5659.596028  
5634.207001  
5619.136892  
5634.160072  
5625.274205  
5638.430405  
5587.342953  
5598.570431  
5588.982567  
5612.472646  
5609.951335  
5604.077402  
5610.689356  
5621.337216  
5589.185888  
5601.455302  
5588.83665  
5600.902684  
5624.603023  
5598.503145  
5610.982492  
5606.197106  
5581.166012  
5597.583951  
5617.807295  
5596.581818  
5509.240295  
5585.934835  
5493.631907  
5612.346522  
5651.55241  
5647.107274  
5615.970008  
5614.709114  
5580.489927  
5592.040942  
5620.471516  
5595.643925  
5618.385378  
5613.707846  
5628.488434  
5624.989309  
5631.049842  
5615.839238  
5631.277247  
5634.043686  
5631.326539  
5600.88583  
5624.328154  
5637.194155  
5612.43131  
5613.497889  
5612.683079  
5597.20581  
5617.715968  
5603.183623  
5600.06322  
5590.842781  
5588.062937  
5633.999571  
5629.255755  
5587.908658  
5610.76524  
5640.340348  
5625.957677  
5616.03192  
5635.123387  
5654.408096  
5558.768655  
5591.85172  
5626.23649  
5565.807387  
5624.688976  
5601.583593  
5630.67468  
5602.433198  
5606.599844  
5630.755727  
5600.055479  
5593.213373  
5615.841719  
5594.50641  
5608.44246  
5591.536116  
5602.783537  
5601.169721  
5605.344527  
5602.124573  
5620.887122  
5585.02006  
5634.058181  
5602.223703  
5613.249881  
5608.453911  
5600.440722  
5658.972104  
5627.210777  
5620.789005  
5600.702053  
5689.978001  
5572.322839  
5588.491446  
5610.716178  
5652.50625  
5626.677682  
5619.426866  
5634.869762  
5624.12092  
5625.997285  
5609.491747  
5620.684659  
5646.434752  
5627.525559  
5622.396045  
5631.234803  
5644.860057  
5598.564685  
5608.663286  
5610.457738  
5613.347563  
5653.647257  
5623.170257  
5600.42693  
5606.199875  
5608.638267  
5599.486545  
5606.270229  
5604.873609  
5617.462553  
5613.754794  
5613.016714  
5615.26611  
5582.678254  
5610.418292  
5602.276166  
5618.16641  
5619.285198  
5602.987967  
5615.986792  
5613.158714  
5610.35255  
5608.244144  
5562.677577  
5609.738858  
5735.411348  
5667.852923  
5570.290845  
5646.485241  
5607.350473  
5617.138347  
5618.478631  
5618.004992  
5621.023672  
5596.35615  
5588.194463  
5614.758638  
5606.588802  
5629.503078  
5633.005357  
5600.583337  
5632.916679  
5629.438937  
5594.325884  
5578.036861  
5594.146312  
5610.429223  
5614.095217  
5603.337263  
5618.696179  
5610.403693  
5604.545056  
5628.817886  
5622.675667  
5716.279661  
5309.5038  
5647.564157  
5641.770398  
5599.629597  
5604.351114  
5622.187638  
5624.046256  
5619.942525  
5613.576709  
5631.881882  
5603.093355  
5600.366754  
5607.620828  
5582.993095  
5601.058559  
5608.510693  
5585.789033  
5554.212036  
5591.532924  
5629.648457  
5627.069002  
5604.570915  
5609.790694  
5631.213964  
5623.854256  
5633.480469  
5627.346084  
5600.198928  
5602.058308  
5602.431956  
5617.85014  
5619.474105  
5612.313054  
5624.966912  
5613.260752  
5618.767285  
5607.279804  
5601.876232  
5606.400452  
5645.917563  
5632.039325  
5618.566454  
5615.372128  
5639.096105  
5630.069896  
5604.812832  
5612.986264  
5625.226736  
5610.566231  
5600.396019  
5644.834423  
5618.889393  
5616.479689  
5587.81612  
5642.970235  
5630.100649  
5633.421568  
5581.353473  
5598.495262  
5609.993912  
5629.009376  
5612.272521  
5593.333079  
5600.271642  
5603.685  
5596.403319  
5594.562284  
5585.733245  
5620.45294  
5659.221023  
5622.149124  
5620.342454  
5647.412485  
5634.196006  
5642.801374  
5596.072784  
5618.132493  
5616.670938  
5585.250866  
5632.702016  
5615.009715  
5594.853519  
5590.215653  
5611.789351  
5630.348729  
5655.89007  
5660.811014  
5677.864111  
5592.403595  
5637.380534  
5656.007885  
5611.178559  
5592.93013  
5605.286254  
5624.629613  
5648.251802  
5640.6237  
5610.33833  
5578.912802  
5602.49187  
5607.854001  
5600.496025  
5658.635555  
5633.218745  
5630.330624  
5631.293835  
5597.749849  
5580.572396  
5593.904006  
5604.128393  
5588.219387  
5610.943139  
5588.233613  
5592.666254  
5580.137417  
5590.426346  
5649.065583  
5583.776169  
5579.420504  
5591.087974  
5617.171864  
5619.848444  
5622.604358  
5625.186071  
5614.17797  
5662.884276  
5609.215215  
5603.427606  
5618.851874  
5654.244864  
5640.586744  
5652.520213  
5471.040084  
5596.872014  
5631.338993  
5609.024477  
5641.910147  
5598.500501  
5624.537853  
5609.36651  
5599.55975  
5587.992807  
5576.748547  
5590.513182  
5617.005118  
5594.485681  
5598.135526  
5620.010369  
5612.904218  
5607.131316  
5600.482172  
5598.349491  
5610.137452  
5606.728351  
5609.062491  
5581.238794  
5604.133671  
5625.041084  
5623.091686  
5603.412714  
5610.598746  
5624.153651  
5632.90144  
5610.139185  
5594.522751  
5631.973905  
5617.92972  
5612.148033  
5629.03764  
5634.888501  
5621.35226  
5620.469562  
5631.855183  
5604.429828  
5598.836655  
5596.819955  
5636.555795  
5616.862111  
5627.806937  
5631.511362  
5608.918574  
5594.802132  
5621.300812  
5614.332325  
5630.305397  
5619.449528  
5621.185677  
5622.181319  
5599.672386  
5638.930838  
5615.103501  
5620.086993  
5628.792152  
5597.310261  
5610.606041  
5616.446238  
5649.914697  
5618.347719  
5601.331148  
5629.655978  
5683.795397  
5599.389927  
5628.642236  
5612.858576  
5596.787095  
5608.364371  
5608.509719  
5643.763964  
5606.23715  
5590.676741  
5582.911618  
5604.42992  
5608.5212  
5582.181578  
5601.402086  
5628.729348  
5598.063658  
5604.117642  
5606.807295  
5603.044859  
5590.152567  
5641.784468  
5626.466728  
5634.21509  
5614.707672  
5624.264028  
5610.784711  
5601.70514  
5621.439631  
5609.730043  
5604.02597  
5603.727348  
5630.056238  
5631.679299  
5626.475525  
5622.88465  
5637.939513  
5624.477626  
5595.621425  
5616.307777  
5623.714158  
5633.158714  
5604.473811  
5632.96991  
5619.146293  
5602.319989  
5602.438784  
5571.915393  
5573.018929  
5707.227462  
5587.194291  
5637.917167  
5578.741809  
5577.432652  
5587.021882  
5574.682003  
5597.885799  
5561.657679  
5606.831953  
5603.398304  
5614.197182  
5613.957949  
5614.264324  
5622.023504  
5633.890145  
5592.812286  
5624.233196  
5630.575668  
5589.976122  
5596.954016  
5596.836882  
5588.972293  
5627.813452  
5612.123746  
5576.681155  
5618.146327  
5594.028214  
5592.737027  
5592.288061  
5620.475726  
5615.660791  
5633.565373  
5618.474867  
5621.085514  
5610.277816  
5644.65894  
5635.717228  
5641.458045  
5637.004111  
5624.31341  
5604.806539  
5634.379304  
5623.517867  
5625.366013  
5584.92568  
5590.356323  
5622.131603  
5597.951385  
5627.115824  
5603.68763  
5609.436682  
5585.026747  
5644.351981  
5601.562929  
5523.259123  
5539.660589  
5647.335275  
5609.079319  
5607.261099  
5630.143263  
5595.498723  
5589.882043  
5599.850259  
5622.081947  
5621.579759  
5619.16584  
5632.419828  
5653.62423  
5642.838754  
5625.871527  
5635.456413  
5623.237789  
5631.144617  
5671.68772  
5626.219022  
5620.021631  
5600.050183  
5622.945408  
5608.489556  
5587.064634  
5591.30819  
5615.375288  
5626.766152  
5629.804167  
5605.303101  
5617.149324  
5612.681455  
5605.419669  
5615.540678  
5609.03833  
5618.596695  
5614.878586  
5644.704598  
5624.010742  
5616.155472  
5604.109448  
5624.626433  
5624.613046  
5599.724836  
5582.768382  
5575.113147  
5602.678655  
5616.874159  
5618.482817  
5605.212595  
5628.414791  
5458.376177  
5616.345271  
5657.126069  
5589.056503  
5606.781009  
5612.566612  
5642.96732  
5639.920971  
5633.691455  
5640.364855  
5612.093622  
5619.471204  
5597.800142  
5659.686127  
5624.107345  
5643.347579  
5634.596605  
5669.213535  
5638.785363  
5625.350615  
5642.482811  
5634.839279  
5652.04163  
5680.95015  
5641.729377  
5591.408748  
5616.244719  
5603.997507  
5603.995565  
5607.837445  
5620.159365  
5617.080626  
5626.676668  
5623.373185  
5649.642278  
5616.664708  
5601.558495  
5632.583515  
5646.54489  
5640.263604  
5552.78041  
5415.113513  
5546.171585  
5621.512527  
5575.590542  
5456.560004  
5542.217033  
5606.471431  
5588.946174  
5600.270723  
5603.376162  
5615.971471  
5628.703798  
5616.734135  
5631.022098  
5620.082499  
5633.918921  
5644.915897  
5625.429985  
5620.464028  
5650.360432  
5625.540421  
5619.697296  
5600.512931  
5626.3328  
5642.908515  
5651.776935  
5635.451102  
5618.456465  
5615.541057  
5626.248416  
5636.521189  
5627.578262  
5620.51537  
5629.039749  
5634.844107  
5722.551179  
5735.594281  
5596.828321  
5564.606498  
5555.420604  
5613.561845  
5586.433549  
5644.661579  
5600.965287  
5605.830501  
5588.661926  
5572.944844  
5593.904129  
5608.786735  
5586.539241  
5619.04573  
5631.514727  
5624.223877  
5618.911723  
5608.73906  
5615.738496  
5509.721798  
5529.649482  
5585.670388  
5612.317702  
5616.441131  
5577.642024  
5626.258065  
5620.500751  
5612.494632  
5606.871463  
5588.445941  
5618.204933  
5635.389161  
5635.823386  
5608.277382  
5609.333455  
5602.505787  
5593.526753  
5620.851421  
5613.664032  
5618.525022  
5628.424469  
5635.582835  
5631.764581  
5598.160608  
5595.346665  
5630.807691  
5633.167995  
5644.294097  
5602.585193  
5600.945263  
5632.883577  
5631.414413  
5623.997493  
5605.9949  
5620.522064  
5601.945412  
5603.980844  
5626.277261  
5635.019569  
5604.962662  
5623.154972  
5609.424423  
5633.121798  
5621.967566  
5609.153234  
5611.33114  
5555.878197  
5561.951043  
5608.111957  
5597.616818  
5621.038358  
5555.188027  
5443.489313  
5707.552249  
5717.412306  
5675.830382  
5573.679437  
5598.600485  
5633.763497  
5569.284154  
5620.077371  
5624.221267  
5598.381045  
5614.529362  
5602.543849  
5625.7443  
5615.971957  
5633.884496  
5617.167767  
5627.400713  
5614.099193  
5578.028075  
5634.085363  
5606.102299  
5615.929055  
5617.147131  
5627.5927  
5613.274855  
5597.141824  
5587.686318  
5619.569342  
5603.746361  
5628.899352  
5615.159935  
5608.786125  
5615.374185  
5618.672595  
5606.972891  
5601.122725  
5610.750873  
5632.280617  
5629.52763  
5626.630386  
5608.781346  
5596.527533  
5635.426676  
5624.161423  
5607.763882  
5605.861407  
5605.703954  
5583.300765  
5585.993869  
5589.528372  
5597.662597  
5630.165912  
5609.571141  
5617.07616  
5627.013874  
5616.558088  
5576.138098  
5671.692142  
5536.186434  
5651.765344  
5599.333605  
5620.867213  
5609.139611  
5633.294998  
5573.513602  
5585.319663  
5603.331495  
5582.926821  
5620.515053  
5632.950741  
5637.578386  
5611.848921  
5623.163372  
5626.159695  
5609.020096  
5630.94666  
5624.139783  
5612.473172  
5606.755105  
5619.557642  
5626.581878  
5598.400696  
5598.627274  
5588.944817  
5631.694385  
5624.610842  
5621.068776  
5643.311316  
5618.019066  
5630.296409  
5641.657756  
5624.424089  
5636.17256  
5625.334014  
5621.959596  
5598.201242  
5598.123188  
5595.538819  
5616.997463  
5612.123452  
5619.257165  
5612.454009  
5613.796129  
5617.460825  
5611.18256  
5615.771825  
5629.092111  
5602.039633  
5626.87255  
5608.134519  
5605.124031  
5600.28762  
5639.764879  
5643.240566  
5603.052261  
5626.55852  
5597.524263  
5630.861091  
5611.602641  
5619.70862  
5592.583548  
5588.393104  
5647.036372  
5624.289807  
5640.236221  
5616.362251  
5600.346135  
5615.454102  
5600.649039  
5620.55018  
5609.967631  
5615.87809  
5607.455056  
5617.607017  
5622.032633  
5631.50891  
5637.300438  
5599.179029  
5586.940314  
5630.754417  
5607.283783  
5615.93492  
5625.007721  
5627.412006  
5626.973288  
5618.603468  
5595.992124  
5589.723761  
5595.890668  
5573.991117  
5582.798149  
5614.957524  
5625.978544  
5593.248554  
5610.048189  
5605.693953  
5582.689643  
5592.158305  
5569.909367  
5585.163498  
5589.526348  
5600.418439  
5606.337712  
5608.306242  
5614.360489  
5593.648854  
5629.480723  
5619.343424  
5600.642736  
5628.878498  
5590.036967  
5606.053808  
5634.250465  
5638.645874  
5603.382882  
5629.133442  
5633.091814  
5625.524875  
5596.141748  
5574.549113  
5598.277584  
5611.245004  
5614.042482  
5613.356578  
5649.898135  
5586.493972  
5602.882165  
5607.581825  
5614.573799  
5627.154127  
5607.034882  
5564.867636  
5609.23468  
5643.852329  
5601.743147  
5618.641428  
5618.601339  
5629.793377  
5584.867921  
5613.421929  
5597.580128  
5612.084489  
5612.680669  
5621.097662  
5590.27009  
5612.306689  
5622.080074  
5635.120767  
5611.19625  
5622.66172  
5631.70112  
5657.215572  
5640.674192  
5619.21057  
5654.433728  
5631.579669  
5666.637094  
5640.552675  
5656.038128  
5640.382107  
5396.909106  
5600.118428  
5561.549664  
5662.189596  
5572.493035  
