6466.185149  
6425.902411  
6426.461148  
6385.907016  
6455.098528  
6444.00009  
6408.459082  
6442.684225  
6424.830702  
6387.850646  
6387.879642  
6460.950255  
6486.611666  
6418.003185  
6147.909923  
6229.184706  
6411.403501  
6430.352817  
6435.200691  
6472.983789  
6459.846289  
6445.928854  
6488.680484  
6469.510201  
6481.580529  
6426.983887  
6468.735337  
6398.360096  
6469.906686  
6495.053824  
6413.354094  
6465.883872  
6438.373175  
6414.079184  
6456.488965  
6435.24846  
6477.158819  
6465.513229  
6446.369261  
6405.47829  
6403.899422  
6520.900774  
6466.33454  
6429.986013  
6436.533744  
6421.571267  
6451.388319  
6429.10812  
6394.143893  
6382.046965  
6215.678696  
6416.725616  
6427.577547  
6406.447964  
6405.677599  
6391.458984  
6502.933406  
6480.632978  
6410.38602  
6427.434901  
6452.470793  
6424.725361  
6464.991264  
6391.487124  
6457.869313  
6404.498881  
6440.901547  
6449.477967  
6396.667157  
6444.305086  
6395.90157  
6469.47159  
6389.867075  
6481.337087  
6445.555642  
6404.118975  
6449.04088  
6374.29828  
6488.146507  
6433.784728  
6424.729455  
6405.015895  
6378.862605  
6386.33098  
6376.873648  
6418.187635  
6430.322589  
6455.456836  
6438.317593  
6401.923918  
6442.191699  
6499.291391  
6418.369216  
6443.212245  
6436.745132  
6393.149572  
6456.975406  
6423.962162  
6419.134458  
6464.826908  
6419.161741  
6347.34402  
6382.695771  
6403.826382  
6410.783188  
6407.869156  
6421.553268  
6384.875428  
6354.982505  
6398.088927  
6469.116474  
6455.013732  
6388.80335  
6442.264243  
6396.317465  
6412.63433  
6441.697153  
6398.155424  
6444.493675  
6432.325751  
6415.826255  
6438.163552  
6415.568427  
6442.761538  
6428.630281  
6272.939806  
6519.214799  
6485.330627  
6435.220493  
6503.904049  
6417.48306  
6434.463567  
6377.768021  
6352.926487  
6424.786839  
6442.085983  
6445.665617  
6509.796402  
6435.630867  
6397.578756  
6453.726224  
6423.960216  
6420.72651  
6382.502291  
6452.569351  
6422.099474  
6435.09079  
6447.05169  
6442.687215  
6483.350871  
6452.348227  
6407.127892  
6381.481866  
6387.704056  
6415.528794  
6409.464213  
6413.752186  
6392.236959  
6430.540956  
6431.055589  
6450.207362  
6408.143111  
6463.788311  
6439.232212  
6400.311553  
6410.33152  
6371.099099  
6437.569764  
6467.043495  
6394.212094  
6356.154154  
6319.024827  
6371.478102  
6378.075909  
6438.53572  
6407.478523  
6475.053493  
6467.852952  
6401.862665  
6353.634285  
6428.407873  
6529.062816  
6429.982933  
6375.939265  
6406.564543  
6421.620177  
6460.949594  
6421.701555  
6425.433902  
6402.722393  
6404.642203  
6454.958744  
6447.515685  
6371.229965  
6412.180769  
6411.097724  
6466.434352  
6423.503636  
6424.695185  
6429.087928  
6489.726465  
6502.902517  
6437.980236  
6442.402629  
6452.239401  
6369.038469  
6473.516376  
6450.991782  
6410.359262  
6389.334285  
6387.938987  
6414.690505  
6418.764573  
6458.546762  
6426.007497  
6454.580987  
6440.798099  
6440.618427  
6450.913612  
6460.96558  
6385.037222  
6475.139348  
6499.930844  
6480.510006  
6462.57313  
6411.424534  
6382.184465  
6394.296612  
6442.753471  
6440.224925  
6449.702329  
6377.780409  
6444.892601  
6391.683436  
6443.869809  
6414.93116  
6423.302532  
6409.141564  
6405.321514  
6455.514416  
6400.466068  
6422.719366  
6349.318254  
6417.612102  
6403.598603  
6460.610712  
6436.084428  
6401.459112  
6432.581791  
6429.113484  
6404.478478  
6436.485765  
6387.816744  
6467.553508  
6425.606896  
6434.234367  
6432.621928  
6268.191181  
6519.915903  
6431.433639  
6467.8497  
6377.827862  
6439.560427  
6414.081813  
6373.912688  
6361.85794  
6418.285367  
6443.419561  
6400.996958  
6356.774512  
6371.356753  
6399.121161  
6432.996424  
6492.991436  
6405.690715  
6336.59088  
6398.441699  
6430.37319  
6394.827051  
6407.083924  
6447.862072  
6431.27207  
6468.59556  
6470.92053  
6449.252366  
6389.016324  
6473.393885  
6511.009916  
6454.279665  
6442.682279  
6413.801089  
6389.536531  
6430.004162  
6458.706656  
6443.024249  
6456.085584  
6476.258331  
6439.337485  
6460.042788  
6522.841955  
6479.376179  
6475.316955  
6458.82485  
6469.091519  
6448.019899  
6451.273708  
6465.619561  
6414.619464  
6471.473325  
6401.02835  
6366.008421  
6391.801412  
6386.546477  
6379.466572  
6424.864641  
6381.131115  
6407.669561  
6428.716504  
6392.0686  
6409.157985  
6246.912575  
6389.359788  
6332.531979  
6445.710224  
6405.951412  
6462.488356  
6388.209435  
6321.831686  
6419.614784  
6414.223257  
6442.054222  
6426.816827  
6446.800098  
6464.776983  
6461.038146  
6373.358211  
6350.109202  
6330.641804  
6414.274767  
6419.138492  
6400.626976  
6442.403501  
6405.626322  
6438.922626  
6422.20015  
6453.301059  
6326.966526  
6434.775856  
6472.390287  
6504.460922  
6479.711824  
6497.418247  
6454.109217  
6483.656348  
6471.823678  
6402.846484  
6414.283819  
6387.934525  
6442.945117  
6433.585494  
6358.337981  
6422.832061  
6489.936764  
6425.919569  
6373.309007  
6447.614175  
6454.458534  
6445.461929  
6393.217518  
6496.935517  
6378.744426  
6391.957865  
6445.331475  
6396.852667  
6432.270718  
6414.07829  
6456.871875  
6412.10954  
6402.343945  
6372.032339  
6457.01736  
6422.108909  
6431.529425  
6430.794651  
6479.159863  
6416.750646  
6459.481348  
6399.01896  
6444.038852  
6451.833181  
6432.971447  
6422.126082  
6403.545545  
6387.658436  
6342.83883  
6401.52201  
6439.630018  
6497.41875  
6393.830168  
6241.336606  
6385.39683  
6516.154049  
6413.31591  
6402.31745  
6343.69873  
6391.987913  
6442.32491  
6456.82521  
6396.588108  
6462.426765  
6394.730657  
6420.515377  
6380.830454  
6381.564213  
6431.820921  
6435.688251  
6495.168307  
6494.733136  
6475.520515  
6499.882204  
6462.810885  
6426.371289  
6455.010352  
6506.714228  
6476.675023  
6461.919802  
6404.68777  
6353.627674  
6416.599399  
6424.378733  
6440.092834  
6381.495981  
6425.316113  
6385.196206  
6406.6673  
6452.173453  
6374.620155  
6451.157535  
6387.104342  
6458.681303  
6492.32512  
6397.170125  
6382.722979  
6389.387748  
6445.288364  
6451.774497  
6432.206746  
6430.484841  
6402.492999  
6415.833308  
6372.180491  
6381.336696  
6385.407512  
6400.289153  
6405.957865  
6390.601352  
6408.143495  
6424.446815  
6423.164829  
6430.853944  
6444.141722  
6425.27512  
6428.416203  
6398.866376  
6381.532812  
6483.465054  
6450.253117  
6413.218194  
6411.745057  
6465.32986  
6461.411148  
6432.54834  
6432.802667  
6396.566587  
6328.249016  
6538.64843  
6516.254597  
6426.969261  
6401.419373  
6459.035487  
6416.565302  
6449.130093  
6429.069321  
6444.049527  
6401.388108  
6454.060622  
6442.965084  
6508.007933  
6408.971282  
6431.052599  
6416.450999  
6426.958639  
6419.659683  
6450.183166  
6414.467653  
6397.313604  
6411.643727  
6410.147521  
6472.310442  
6427.873332  
6410.469839  
6424.928846  
6407.708752  
6414.834488  
6474.258293  
6413.503779  
6428.657204  
6459.033045  
6381.499504  
6402.036959  
6434.592931  
6407.679162  
6450.854102  
6432.796312  
6417.870959  
6421.586261  
6403.284292  
6398.745313  
6419.512117  
6433.664739  
6420.583474  
6362.069163  
6125.452013  
6447.172822  
6482.913086  
6457.555123  
6394.589108  
6451.909277  
6419.946402  
6437.150233  
6422.36739  
6425.998776  
6435.359037  
6447.682001  
6501.844306  
6393.77343  
6411.352066  
6427.867165  
6453.537958  
6444.347153  
6418.624144  
6410.94372  
6432.572551  
6422.266309  
6428.043727  
6415.00305  
6436.394659  
6416.61552  
6389.979124  
6464.832362  
6466.856798  
6476.483361  
6408.675158  
6388.202021  
6413.230965  
6418.349301  
6513.167586  
6502.164566  
6449.346409  
6473.868502  
6444.289078  
6389.259285  
6441.334029  
6420.3266  
6431.74224  
6472.432632  
6428.684495  
6485.900466  
6430.330476  
6442.686343  
6404.296176  
6422.24544  
6393.67645  
6412.766526  
6437.65652  
6430.814002  
6454.08605  
6446.848933  
6377.87938  
6237.7862  
6424.787087  
6373.522243  
6413.746109  
6450.039611  
6408.245425  
6377.164551  
6403.233361  
6432.856776  
6385.732144  
6368.453606  
6380.518953  
6425.756205  
6373.896672  
6355.420575  
6409.756047  
6400.186261  
6409.640805  
6413.876886  
6492.521965  
6469.338972  
6414.390918  
6395.836546  
6402.646567  
6401.926833  
6413.497018  
6434.446357  
6401.335141  
6379.193637  
6429.408586  
6377.41398  
6421.573851  
6444.171229  
6393.650639  
6440.880288  
6444.728087  
6518.638882  
6514.301262  
6461.598851  
6476.237673  
6473.70145  
6426.272724  
6433.64825  
6435.364115  
6390.510186  
6398.226382  
6440.432114  
6404.855386  
6413.093322  
6421.404462  
6401.410569  
6397.700947  
6417.782858  
6475.153809  
6456.359337  
6461.5295  
6411.252772  
6418.200421  
6415.447251  
6418.48427  
6422.835261  
6423.246424  
6437.520741  
6404.024099  
6421.643322  
6471.548625  
6514.407242  
6389.833736  
6435.892856  
6468.718149  
6419.678102  
6402.556483  
6425.652562  
6371.130829  
6424.731182  
6377.497108  
6427.127329  
6399.451773  
6423.970343  
6468.510044  
6425.688567  
6431.032745  
6434.797288  
6467.155048  
6377.534443  
6486.614866  
6416.168697  
6442.562079  
6332.31247  
6388.050383  
6300.312109  
6330.427689  
6436.858962  
6419.430987  
6413.766827  
6370.508444  
6435.907129  
6407.629838  
6425.225233  
6356.386982  
6339.096387  
6355.789926  
6427.897641  
6469.123122  
6431.836621  
6409.68617  
6374.337748  
6377.919666  
6406.798715  
6392.367278  
6413.203253  
6430.556385  
6459.728951  
6443.280258  
6437.299422  
6446.309097  
6435.267991  
6449.202276  
6429.721965  
6481.536471  
6375.934796  
6433.549339  
6443.836546  
6429.382279  
6411.081723  
6410.532527  
6517.70598  
6426.469869  
6446.662785  
6457.30652  
6436.216722  
6440.527644  
6423.177539  
6409.462861  
6433.430131  
6427.11392  
6431.697671  
6451.697491  
6460.529304  
6455.412658  
6490.266496  
6400.206626  
6435.520065  
6444.742924  
6434.920425  
6473.661328  
6391.3779  
6405.301345  
6433.144381  
6455.143547  
6450.275113  
6450.789709  
6391.624609  
6428.426615  
6481.530957  
6529.520651  
6424.458939  
6406.902434  
6283.460885  
6470.571559  
6479.201067  
6436.235562  
6406.663116  
6407.389994  
6360.389168  
6435.15148  
6442.244712  
6406.985322  
6458.312297  
6458.829823  
6466.21579  
6374.663454  
6380.747731  
6427.592788  
6381.641782  
6440.31706  
6448.161771  
6413.978651  
6429.323715  
6414.469449  
6473.145861  
6429.992788  
6407.949114  
6402.753335  
6470.984495  
6515.738078  
6424.824414  
6405.197964  
6367.04813  
6398.397701  
6394.945177  
6445.804079  
6468.056543  
6438.879875  
6407.827246  
6413.695726  
6425.218232  
6437.216744  
6422.427321  
6374.75785  
6373.246011  
6400.222964  
6383.187695  
6442.095297  
6427.926074  
6450.994644  
6430.566046  
6476.99082  
6419.404905  
6400.448723  
6478.082377  
6430.178215  
6414.234953  
6421.076022  
6438.795756  
6439.83587  
6480.775308  
6472.521199  
6284.055236  
6519.732474  
6184.620681  
6439.447115  
6465.249512  
6421.175098  
6360.741264  
6361.558827  
6361.480664  
6350.003816  
6402.313995  
6448.230679  
6493.301127  
6401.13895  
6394.811538  
6480.323986  
6430.105033  
6410.922822  
6485.054417  
6445.626172  
6426.42026  
6433.20764  
6464.459172  
6463.988469  
6434.609758  
6462.766977  
6456.449572  
6432.029169  
6429.818712  
6389.455364  
6420.263289  
6368.535795  
6400.7112  
6430.932745  
6438.766294  
6387.597115  
6402.625496  
6492.438852  
6498.963739  
6403.807843  
6466.274204  
6268.256543  
6344.795808  
6528.710111  
6459.048182  
6384.664896  
6445.57195  
6477.526097  
6454.685367  
6428.20607  
6442.931528  
6425.782347  
6425.432384  
6385.775999  
6445.558992  
6437.297213  
6378.454229  
6368.758767  
6424.20447  
6399.709443  
6452.818795  
6455.048257  
6385.267841  
6377.260239  
6455.268562  
6451.085584  
6448.106783  
6457.374174  
6387.571282  
6489.941068  
6487.789123  
6409.504838  
6451.725834  
6254.809127  
6380.854943  
6472.110622  
6523.952419  
6428.862943  
6365.637139  
6392.320027  
6451.306821  
6401.659488  
6460.660164  
6372.495102  
6446.087162  
6459.060938  
6397.678628  
6405.083451  
6510.802562  
6460.440407  
6358.05154  
6406.593803  
6448.522574  
6448.497063  
6426.22373  
6446.002434  
6444.343217  
6398.25154  
6397.220816  
6385.66567  
6405.326901  
6434.565903  
6396.539025  
6427.766632  
6447.440595  
6447.56579  
6429.090392  
6415.070177  
6419.109751  
6474.630303  
6405.017263  
6406.348437  
6412.449069  
6444.536967  
6420.427712  
6414.448753  
6229.837605  
6414.424482  
6310.977915  
6337.836546  
6312.980739  
6390.289265  
6400.751037  
6431.362981  
6463.555679  
6390.14562  
6461.379319  
6408.735915  
6401.329034  
6495.30622  
6357.319066  
6469.022145  
6513.044922  
6442.739889  
6463.654259  
6415.569546  
6417.549955  
6352.918727  
6345.907121  
6453.085998  
6415.675248  
6413.76549  
6400.180814  
6397.38566  
6372.062936  
6463.96244  
6505.610194  
6150.466549  
6112.69843  
6537.568119  
6485.474346  
6452.012402  
6464.112515  
6457.114543  
6417.012372  
6398.531986  
6422.337605  
6451.383962  
6372.420928  
6365.29538  
6492.375518  
6400.880258  
6403.426209  
6425.266339  
6396.514558  
6387.221064  
6477.532722  
6448.910787  
6447.977584  
6495.291812  
6501.084097  
6489.908519  
6496.927554  
6445.276668  
6468.085622  
6386.619591  
6421.404575  
6413.290407  
6452.412387  
6513.578433  
6420.358721  
6407.918389  
6428.285374  
6427.375871  
6426.220838  
6410.464986  
6464.095523  
6406.871958  
6459.967683  
6451.202719  
6459.244246  
6459.274767  
6419.930521  
6484.851322  
6424.3763  
6436.338634  
6477.210825  
6446.908286  
6483.118457  
6417.823092  
6388.843667  
6477.277952  
6484.698595  
6450.502569  
6418.538634  
6346.440888  
6443.791774  
6409.806535  
6451.107692  
6418.637079  
6392.864491  
6399.796514  
6388.019621  
6373.120913  
6418.689235  
6385.778283  
6413.440189  
6450.101044  
6410.427141  
6410.329334  
6470.236809  
6471.987688  
6490.513033  
6378.031408  
6442.661929  
6382.306475  
6412.071657  
6371.871364  
6429.414806  
6424.544584  
6405.607437  
6395.48415  
6448.464115  
6502.981633  
6505.699211  
6259.67657  
6401.393803  
6312.325947  
6473.193765  
6353.375841  
6406.590527  
6458.946995  
6441.315625  
6451.307737  
6416.104958  
6429.945876  
6392.948287  
6389.54834  
6422.96543  
6412.354552  
6426.579913  
6477.303906  
6447.309683  
6427.241925  
6416.019524  
6439.988424  
6457.776593  
6402.979793  
6417.767082  
6417.581986  
6397.087365  
6440.615385  
6437.123062  
6414.082775  
6439.843818  
6429.312568  
6463.043089  
6443.911178  
6476.195583  
6447.172536  
6432.535224  
6501.644276  
6510.17494  
6502.558752  
6460.811223  
6411.005784  
6505.025098  
6504.298836  
6495.891624  
6360.921327  
6379.504297  
6376.883977  
6478.540648  
6476.064093  
6443.629845  
6371.885907  
6387.917473  
6373.497844  
6387.341714  
6347.647423  
6337.925015  
6364.807257  
6366.237951  
6324.51428  
6398.950931  
6401.269238  
6461.91591  
6410.772919  
6398.023603  
6358.320838  
6423.333376  
6432.553613  
6412.917736  
6396.730198  
6403.880018  
6404.444201  
6416.003936  
6446.345252  
6407.985652  
6402.545651  
6437.969824  
6429.823603  
6439.127817  
6450.193795  
6422.886629  
6458.554297  
6457.877915  
6454.125691  
6379.127554  
6448.36549  
6504.686358  
6495.939108  
6393.710697  
6456.716331  
6423.452194  
6446.78759  
6476.28285  
6477.182324  
6372.91407  
6486.763139  
6474.521049  
6480.9237  
6445.548595  
6505.156085  
6459.494141  
6441.014498  
6402.346605  
6365.090242  
6478.365941  
6396.195733  
6396.718465  
6381.307858  
6439.169306  
6412.213101  
6492.129056  
6457.052028  
6420.51244  
6320.496657  
6296.334818  
6327.809728  
6466.551089  
6347.516083  
6398.292751  
6371.97503  
6380.457091  
6407.793525  
6398.842864  
6383.927772  
6430.486569  
6411.005206  
6442.214032  
6420.133241  
6398.286411  
6435.236711  
6373.538184  
6438.416602  
6416.216203  
6432.497551  
6405.013739  
6445.87787  
6441.949354  
6420.90649  
6443.830296  
6432.278403  
6455.734405  
6451.114739  
6437.159675  
6450.547739  
6395.88913  
6461.742526  
6496.299346  
6429.209946  
6452.792172  
6433.425864  
6483.995808  
6421.958714  
6444.425578  
6449.80335  
6439.98255  
6474.228861  
6405.358631  
6446.804935  
6446.438214  
6415.182166  
6391.509465  
6360.929612  
6309.03729  
6267.445741  
6398.449001  
6467.184052  
6341.592586  
6307.556498  
6349.439701  
6399.021454  
6372.894156  
6362.913161  
6381.226743  
6416.780627  
6427.45145  
6455.149835  
6458.360862  
6470.40187  
6467.649985  
6485.467841  
6467.523798  
6463.70468  
6435.767661  
6399.522934  
6446.181047  
6416.557535  
6441.617518  
6418.853035  
6404.25305  
6419.795696  
6403.369681  
6430.668803  
6424.434811  
6354.345598  
6461.518382  
6439.997566  
6484.642653  
6483.660742  
6449.828561  
6482.263214  
6524.199572  
6536.333459  
6481.025391  
6472.748295  
6433.523918  
6454.442713  
6427.784818  
6429.701938  
6386.063724  
6390.256288  
6470.284563  
6388.210434  
6412.808661  
6430.495996  
6411.261726  
6373.152592  
6349.766451  
6446.023633  
6217.493697  
6341.413642  
6450.187988  
6392.393202  
6344.659315  
6400.513281  
6403.998212  
6412.192879  
6394.098227  
6437.941804  
6410.75148  
6446.905153  
6497.774031  
6530.525864  
6503.780018  
6431.830311  
6431.442864  
6547.550856  
6441.545703  
6482.022341  
6454.732572  
6470.827862  
6420.071312  
6426.095433  
6398.558038  
6368.743577  
6403.26247  
6375.80809  
6389.519434  
6453.333301  
6394.320545  
6415.114859  
6388.471499  
6406.093923  
6434.913544  
6395.842338  
6383.625977  
6459.06377  
6466.645974  
6445.714468  
6427.818089  
6375.906904  
6450.699437  
6410.741819  
6401.926562  
6332.901563  
6384.14085  
6407.966376  
6455.290497  
6438.233308  
6396.324286  
6302.775458  
6456.037215  
6318.652622  
6563.41739  
6397.562372  
6384.484683  
6406.415617  
6439.914513  
6489.597498  
6525.017075  
6438.008481  
6418.977915  
6482.949527  
6446.545688  
6433.286388  
6431.214243  
6494.150023  
6473.995485  
6484.599136  
6478.398903  
6440.208624  
6449.128072  
6438.333105  
6492.947266  
6477.725075  
6438.444231  
6425.076547  
6408.49188  
6399.700849  
6429.214483  
6389.741098  
6403.373625  
6425.30471  
6426.89831  
6453.623715  
6420.798978  
6395.785352  
6435.875886  
6440.448377  
6490.671071  
6405.569193  
6374.172964  
6084.17334  
6148.95012  
6831.158301  
6594.219253  
6500.344569  
6328.836343  
6267.834322  
6390.746342  
6406.423483  
6448.830379  
6341.465054  
6451.196206  
6446.981941  
6435.787162  
6448.891136  
6414.113499  
6478.024444  
6431.217075  
6391.528133  
6453.264468  
6476.33143  
6424.323806  
6452.707595  
6418.412936  
6431.557797  
6496.84088  
6460.296605  
6416.935337  
6365.131468  
6404.482745  
6361.871191  
6430.175383  
6405.483954  
6418.850781  
6367.733143  
6119.063274  
6281.194779  
6384.713567  
6378.391654  
6378.931678  
6418.128012  
6423.732069  
6472.48152  
6366.427975  
6452.84529  
6397.817157  
6374.310998  
6393.698963  
6397.664618  
6425.976427  
6503.034277  
6535.780371  
6494.802396  
6453.374309  
6462.601795  
6482.583459  
6410.401728  
6429.097123  
6449.336546  
6411.6  
6406.450248  
6401.804207  
6425.419591  
6457.443457  
6447.620035  
6467.401352  
6390.600045  
6444.330829  
6432.869989  
6438.882595  
6399.350962  
6402.661824  
6405.82944  
6383.359608  
6398.106693  
6437.078035  
6407.091842  
6390.872446  
6463.680168  
6476.484105  
6420.779575  
6529.44988  
6497.285825  
6457.886824  
6438.461298  
6354.652058  
6402.969689  
6414.250496  
6423.759713  
6464.891489  
6454.655829  
6395.305161  
6400.630146  
6413.48291  
6479.00015  
6403.847408  
6425.58599  
6462.071447  
6439.831212  
6510.973723  
6437.57642  
6417.457347  
6414.762628  
6400.646409  
6388.872882  
6368.108226  
6392.401773  
6460.349835  
6136.423888  
6253.708166  
6562.67826  
6428.475977  
6276.310111  
6360.296447  
6408.597972  
6435.888447  
6383.727411  
6501.244141  
6417.886185  
6418.160044  
6430.057339  
6460.527389  
6424.59055  
6426.130221  
6458.536516  
6444.140144  
6456.019396  
6429.646552  
6378.778178  
6440.67645  
6391.128854  
6462.423407  
6498.633639  
6505.418502  
6420.254162  
6414.916662  
6405.647273  
6423.613176  
6446.385344  
6443.999084  
6461.653621  
6406.489483  
6415.83563  
6403.745846  
6444.49523  
6412.068299  
6401.40178  
6401.923836  
6456.337658  
6451.030236  
6457.726457  
6443.253733  
6464.711463  
6490.346732  
6436.417556  
6387.970155  
6369.140407  
6423.720696  
6367.839754  
6345.069306  
6421.92011  
6404.482219  
6403.466617  
6430.875729  
6449.357557  
6409.942894  
6519.118224  
6332.491767  
6618.292015  
6397.522438  
6425.833594  
6395.074497  
6346.847296  
6413.812207  
6384.950278  
6396.589093  
6426.432655  
6354.06262  
6431.354455  
6494.330341  
6504.57343  
6436.971319  
6412.357655  
6418.98252  
6406.279793  
6439.31075  
6449.859638  
6427.936411  
6425.346334  
6400.437853  
6454.019929  
6453.594554  
6473.451758  
6426.296477  
6467.374594  
6451.021732  
6487.089468  
6370.881738  
6421.987057  
6465.121837  
6488.263447  
6489.275083  
6451.141459  
6447.133646  
6436.028598  
6430.527186  
6442.708459  
6451.520726  
6444.503794  
6398.102254  
6429.664663  
6428.616579  
6433.332181  
6433.574977  
6397.515227  
6376.812447  
6383.296567  
6364.628966  
6403.494366  
6401.757963  
6388.641369  
6402.46069  
6308.838409  
6521.694441  
6490.098828  
6480.513642  
6383.797416  
6380.135862  
6364.93294  
6404.979026  
6395.550789  
6342.75794  
6454.60172  
6378.552194  
6420.483872  
6426.335968  
6363.622852  
6397.258534  
6349.259841  
6386.60794  
6407.890377  
6407.416083  
6439.185915  
6474.020846  
6454.762793  
6447.194411  
6420.255822  
6408.817015  
6387.75317  
6421.662094  
6394.381904  
6417.356062  
6443.378027  
6471.582039  
6435.966076  
6470.660584  
6337.267578  
6381.019066  
6392.044464  
6469.860374  
6407.71111  
6539.419343  
6522.747326  
6475.670966  
6438.875128  
6366.342999  
6415.853786  
6437.749497  
6355.272844  
6338.242413  
6444.57165  
6479.582264  
6465.764183  
6396.369749  
6441.061553  
6405.378012  
6448.788912  
6438.414573  
6436.098993  
6517.615617  
6407.400639  
6508.068359  
6426.27648  
6434.16401  
6422.251735  
6450.723257  
6478.862387  
6430.3971  
6386.229763  
6393.701968  
6417.955153  
6355.071394  
6452.836719  
6417.383879  
6454.525789  
6361.803493  
6439.589175  
6366.33593  
6388.631686  
6447.111974  
6447.222363  
6210.950571  
6490.953899  
6493.485554  
6446.944013  
6358.918224  
6480.191955  
6494.390678  
6391.276563  
6411.170756  
6420.287816  
6437.973866  
6378.275263  
6396.712072  
6436.295763  
6496.722326  
6476.253696  
6482.731926  
6440.21111  
6387.836967  
6413.247251  
6457.732099  
6426.027727  
6407.236689  
6401.324354  
6397.349121  
6440.986839  
6469.599384  
6420.58149  
6379.012763  
6347.637192  
6465.366113  
6383.085209  
6512.99873  
6369.513319  
