8172.348171  
8137.024262  
8177.51537  
8166.180384  
8183.917078  
8168.004205  
8183.916911  
8190.397569  
8234.338871  
8200.447611  
8151.893771  
8147.212295  
8178.901984  
8170.488893  
8164.823139  
8157.472223  
8149.412009  
8145.558756  
8167.403607  
8181.843053  
8165.314884  
8181.592584  
8191.672114  
8157.937266  
8106.735973  
8105.746733  
8114.404136  
8131.996647  
8141.108104  
8130.079612  
8154.672088  
8175.816716  
8156.405312  
8149.42144  
8186.679056  
8224.695625  
8235.400652  
8232.178938  
8183.702235  
8185.597629  
8184.001243  
8194.630695  
8199.574924  
8229.543914  
8227.490293  
8224.914761  
8196.123314  
8157.19885  
8162.382973  
8152.620164  
8160.906319  
8130.847089  
8140.346445  
8146.480549  
8129.397148  
8173.991926  
8207.322185  
8233.776646  
8184.363  
8159.546637  
8162.742027  
8120.363363  
8149.083206  
8217.474943  
8202.215749  
8190.028357  
8191.205882  
8159.093408  
8173.099473  
8181.596811  
8130.92153  
8136.093925  
8192.047126  
8179.397197  
8184.33743  
8195.379358  
8159.068664  
8181.773554  
8183.332134  
8119.16541  
8233.210426  
8169.028694  
8092.335224  
8062.812808  
8087.057136  
8124.699046  
8151.597137  
8167.48704  
8160.500519  
8147.409177  
8157.40099  
8168.955346  
8204.292266  
8197.981164  
8205.722278  
8173.292783  
8190.672345  
8158.106475  
8139.807597  
8143.289915  
8158.365348  
8211.813272  
8194.807519  
8137.634342  
8154.046044  
8200.398803  
8206.736191  
8224.449846  
8196.350399  
8197.081749  
8217.173877  
8179.180332  
8172.971769  
8201.627802  
8158.054864  
8144.071075  
8140.023727  
8183.531852  
8214.712014  
8220.363636  
8221.464111  
8192.977135  
8189.667469  
8175.567347  
8169.438563  
8208.206673  
8153.69832  
8129.356873  
8157.235882  
8175.181142  
8170.411978  
8174.834456  
8147.459003  
8121.108501  
8113.925638  
8115.496106  
8109.507448  
8132.944197  
8123.174435  
8145.976599  
8172.221699  
8145.469329  
8112.235665  
8113.052606  
8138.39673  
8154.026447  
8209.655812  
8206.335345  
8160.659321  
8162.954355  
8151.492949  
8157.195599  
8207.929478  
8195.623436  
8197.0326  
8171.567058  
8151.134548  
8159.454022  
8149.812764  
8130.657996  
8174.07548  
8152.970226  
8090.469003  
8103.779801  
8137.070084  
8195.820511  
8214.637768  
8244.312804  
8252.957564  
8233.043368  
8214.249202  
8182.309065  
8191.160597  
8187.641542  
8198.754721  
8185.541306  
8174.475578  
8152.842596  
8126.551048  
8149.901519  
8149.042342  
8147.451768  
8131.576217  
8120.368483  
8134.851979  
8159.619202  
8182.800063  
8187.32309  
8178.791557  
8144.586798  
8140.055299  
8104.5982  
8122.939586  
8137.28744  
8142.938237  
8130.060915  
8163.875194  
8199.169123  
8209.541806  
8176.829948  
8145.892851  
8150.707542  
8151.372982  
8126.391333  
8131.504907  
8177.509514  
8203.43589  
8188.684642  
8176.011856  
8199.319679  
8199.435818  
8162.284883  
8161.183506  
8190.704666  
8162.878216  
8134.880764  
8144.538539  
8144.817761  
8158.189903  
8180.179605  
8204.427979  
8181.969818  
8135.639529  
8114.592802  
8127.186016  
8140.237976  
8164.577493  
8168.388369  
8188.355378  
8180.760181  
8176.726605  
8172.841981  
8146.550663  
8157.345275  
8164.641098  
8195.325942  
8218.772551  
8200.147298  
8153.694213  
8161.825395  
8161.143698  
8161.787561  
8163.305871  
8242.631862  
8191.736663  
8174.200359  
8165.927552  
8155.79873  
8167.590515  
8176.327634  
8188.501474  
8199.308514  
8209.96359  
8136.599769  
8212.203349  
8158.997005  
8121.359529  
8130.063103  
8151.016962  
8187.863327  
8227.931211  
8246.376013  
8223.977045  
8193.696154  
8187.624358  
8187.122256  
8167.520777  
8142.696081  
8143.04856  
8147.248377  
8154.812491  
8203.196139  
8199.607713  
8164.892822  
8135.366628  
8157.650535  
8187.060132  
8182.878661  
8142.792537  
8140.1434  
8149.089158  
8167.052698  
8178.025266  
8185.003589  
8168.959171  
8143.504819  
8153.597037  
8141.770273  
8139.111579  
8140.633202  
8151.0183  
8160.604028  
8171.488752  
8200.478141  
8161.823309  
8108.453511  
8097.944295  
8128.108052  
8149.806189  
8156.250772  
8142.467644  
8158.641668  
8187.414379  
8172.447785  
8180.837806  
8175.473773  
8172.974844  
8136.936729  
8150.512783  
8160.616853  
8169.217949  
8178.38694  
8152.763193  
8141.738639  
8145.502015  
8216.957686  
8223.338889  
8205.501502  
8171.976191  
8175.185467  
8184.72564  
8172.827196  
8213.131125  
8193.693093  
8177.618991  
8199.867758  
8223.283738  
8225.944577  
8195.184641  
8185.47555  
8178.315924  
8191.25408  
8179.804143  
8183.998144  
8185.140295  
8183.604659  
8169.95132  
8108.263793  
8143.41525  
8178.511158  
8220.397847  
8209.225298  
8177.695198  
8158.95078  
8173.37481  
8189.74851  
8215.624839  
8207.387807  
8215.624236  
8214.35501  
8211.742469  
8230.632224  
8152.15397  
8228.43188  
8201.807226  
8176.624902  
8164.725906  
8124.104519  
8121.36997  
8152.79956  
8200.639851  
8211.233025  
8189.866302  
8203.349415  
8183.440954  
8185.082559  
8186.532354  
8170.085762  
8151.158964  
8142.011169  
8169.528112  
8166.338601  
8168.965924  
8173.482426  
8166.459952  
8139.342922  
8139.101263  
8158.763792  
8162.952713  
8159.451002  
8161.355928  
8131.141524  
8104.715034  
8141.880805  
8142.561318  
8153.450795  
8132.957732  
8143.765242  
8152.711551  
8129.867217  
8139.318848  
8176.824643  
8167.224614  
8142.584819  
8157.465049  
8164.868778  
8148.42059  
8153.008988  
8154.989497  
8170.053788  
8145.234736  
8147.567455  
8143.327478  
8143.853453  
8126.545634  
8129.549909  
8182.166947  
8214.007721  
8175.131788  
8129.605692  
8124.830262  
8149.653705  
8181.243516  
8177.645023  
8161.09584  
8153.495696  
8152.114922  
8163.906553  
8208.355737  
8216.651432  
8181.502664  
8151.173433  
8142.32343  
8154.874596  
8182.229874  
8192.489172  
8208.023083  
8199.6059  
8219.172534  
8194.561799  
8177.326903  
8145.644218  
8147.611094  
8162.490869  
8170.64929  
8197.265262  
8219.980741  
8216.707916  
8206.815551  
8160.937617  
8170.764353  
8160.877574  
8176.694064  
8194.794247  
8180.141587  
8138.232853  
8149.786508  
8152.303126  
8169.39836  
8171.016265  
8176.402706  
8215.158177  
8229.932077  
8170.993797  
8131.734031  
8124.726  
8152.561911  
8182.193301  
8122.220083  
8238.090329  
8159.327788  
8126.002193  
8129.20988  
8158.333562  
8178.930231  
8206.666682  
8232.718198  
8234.132815  
8216.800846  
8199.637885  
8177.153614  
8148.637791  
8127.609649  
8156.683524  
8166.826548  
8160.757598  
8152.762361  
8140.478107  
8164.595555  
8199.22179  
8171.279523  
8152.505001  
8124.368434  
8123.25684  
8129.146054  
8131.178691  
8184.386125  
8179.477832  
8166.544999  
8176.649896  
8158.073821  
8183.998161  
8177.052166  
8168.077614  
8155.706819  
8123.051205  
8120.624901  
8153.820929  
8163.543791  
8175.909849  
8168.590456  
8170.16481  
8163.586943  
8153.664428  
8193.975662  
8186.404992  
8140.03191  
8123.330813  
8151.612121  
8175.189968  
8168.071692  
8177.351734  
8159.898405  
8177.658397  
8188.746674  
8186.424177  
8156.005923  
8161.070161  
8161.714693  
8196.254399  
8170.908022  
8158.675347  
8140.698947  
8162.922085  
8151.904455  
8152.241427  
8147.127315  
8185.275672  
8219.707601  
8190.611936  
8151.397293  
8143.3961  
8144.957143  
8162.313027  
8173.90266  
8181.808909  
8180.897443  
8170.283108  
8181.890421  
8186.563742  
8171.240772  
8182.01576  
8195.518896  
8171.567483  
8187.858863  
8165.765225  
8170.363712  
8173.971623  
8154.886436  
8166.78783  
8148.181625  
8172.137458  
8181.743594  
8206.096464  
8252.527086  
8223.74435  
8181.314969  
8160.799403  
8148.067908  
8160.621451  
8213.083872  
8212.088488  
8200.011301  
8124.236862  
8124.241921  
8104.460691  
8120.166757  
8120.906011  
8127.502575  
8146.242262  
8189.746739  
8247.753831  
8219.806736  
8183.166276  
8163.11121  
8150.122243  
8158.402478  
8177.570551  
8177.629453  
8180.313305  
8197.98557  
8187.441465  
8184.116947  
8156.000821  
8167.973731  
8189.81619  
8205.125894  
8188.795326  
8152.493193  
8161.277221  
8152.259111  
8141.745861  
8115.18091  
8126.426557  
8151.817824  
8211.373936  
8270.710967  
8228.875828  
8142.489538  
8110.954075  
8133.113263  
8132.468169  
8142.447667  
8147.458843  
8170.928724  
8193.449898  
8209.782256  
8220.581151  
8200.853251  
8166.38009  
8175.289126  
8179.200144  
8184.828569  
8198.770242  
8193.906075  
8207.084682  
8187.653397  
8191.092176  
8165.816442  
8154.372976  
8144.207863  
8145.486008  
8114.266696  
8101.365273  
8141.634175  
8140.875131  
8120.325005  
8128.538264  
8176.916292  
8201.689622  
8160.235923  
8146.895079  
8153.002082  
8151.433502  
8135.477125  
8136.899216  
8148.119571  
8155.079884  
8154.310475  
8151.770303  
8149.775044  
8146.396732  
8139.622326  
8141.225261  
8140.339068  
8156.554003  
8151.639368  
8169.472019  
8179.496082  
8181.993386  
8167.997462  
8156.167381  
8149.067575  
8134.471663  
8136.520763  
8136.294495  
8135.027179  
8129.430445  
8189.180342  
8255.344469  
8227.385594  
8164.195576  
8143.379647  
8151.221398  
8143.777559  
8169.328593  
8190.592121  
8217.951625  
8198.78357  
8195.85898  
8200.758249  
8235.672854  
8232.392598  
8252.041715  
8222.738321  
8237.834104  
8218.412208  
8206.242781  
8221.970419  
8241.915826  
8217.478387  
8217.401542  
8208.09643  
8206.379324  
8231.636623  
8147.794429  
8133.958409  
8167.59742  
8197.869791  
8218.973099  
8244.517854  
8216.242707  
8176.927428  
8170.933409  
8144.965092  
8174.952105  
8163.714475  
8149.763274  
8163.31207  
8202.199767  
8200.800975  
8208.162872  
8191.868377  
8181.718263  
8158.336331  
8158.57901  
8148.909436  
8148.192509  
8128.758421  
8101.915657  
8102.295083  
8105.279762  
8113.68367  
8150.442833  
8192.91602  
8194.087663  
8139.923075  
8094.536664  
8108.647617  
8143.795237  
8132.796974  
8132.826301  
8159.310024  
8152.736652  
8156.711255  
8144.279063  
8151.800145  
8172.96158  
8166.76006  
8169.853385  
8167.211322  
8142.518674  
8121.714638  
8109.526801  
8098.845817  
8137.906784  
8159.129181  
8209.801179  
8191.353908  
8145.889344  
8134.354709  
8152.254351  
8163.587491  
8152.275154  
8142.130062  
8158.00329  
8168.661603  
8176.993793  
8155.516137  
8126.636715  
8151.384762  
8142.600717  
8151.059406  
8165.296549  
8152.158048  
8205.922961  
8211.492258  
8191.279594  
8160.168354  
8161.954128  
8153.233108  
8184.313647  
8210.297445  
8235.007266  
8249.038396  
8227.324115  
8214.662317  
8202.862985  
8177.736554  
8163.953516  
8175.495041  
8187.179183  
8187.561361  
8184.574254  
8170.11789  
8158.708529  
8178.485106  
8196.633976  
8216.880012  
8224.43485  
8217.658114  
8194.420475  
8166.52606  
8189.0385  
8144.271375  
8277.881323  
8200.607449  
8119.095166  
8097.592398  
8123.179223  
8198.89222  
8243.583586  
8206.1035  
8150.427363  
8136.511277  
8173.630118  
8171.177657  
8159.152562  
8156.830955  
8153.466465  
8180.845743  
8189.359397  
8188.313575  
8142.423844  
8150.716177  
8136.401049  
8159.316485  
8173.594715  
8156.753971  
8137.642343  
8161.784833  
8173.827892  
8156.147792  
8135.599437  
8119.146999  
8114.988755  
8130.058854  
8153.662824  
8190.161859  
8201.035156  
8151.361027  
8134.598639  
8159.943192  
8158.242267  
8172.530782  
8159.10022  
8143.744408  
8137.799932  
8142.654545  
8162.937807  
8184.030568  
8193.708348  
8215.143673  
8193.216108  
8181.03358  
8169.683658  
8151.943997  
8141.775872  
8149.004835  
8152.538212  
8164.03547  
8164.144575  
8170.202407  
8132.78376  
8121.235249  
8145.024534  
8144.718411  
8174.456844  
8184.352948  
8201.545099  
8214.738464  
8216.06947  
8217.13799  
8206.04515  
8188.17205  
8186.385877  
8174.674948  
8181.942144  
8149.84585  
8162.400393  
8156.92838  
8167.432649  
8172.755664  
8174.885229  
8171.526415  
8188.219595  
8179.664399  
8166.864814  
8170.306204  
8189.989065  
8200.480921  
8162.496584  
8111.487575  
8098.36663  
8137.343765  
8144.740531  
8142.991588  
8143.913624  
8173.642063  
8185.971794  
8179.408853  
8198.158373  
8235.953093  
8235.457737  
8207.274201  
8188.922668  
8172.502305  
8169.067355  
8170.169358  
8166.264894  
8176.202789  
8168.286908  
8167.212395  
8174.314093  
8152.795124  
8151.061902  
8140.621344  
8140.41925  
8167.765293  
8160.3307  
8182.320664  
8199.307351  
8207.33517  
8195.815588  
8169.044261  
8164.067359  
8155.525726  
8161.908107  
8168.358315  
8182.914019  
8169.56351  
8172.638112  
8141.208075  
8158.602045  
8164.804826  
8131.824954  
8149.412046  
8180.727  
8169.028852  
8152.002002  
8129.145622  
8135.156559  
8160.604492  
8181.264734  
8194.453591  
8187.045056  
8160.09244  
8163.935905  
8165.27861  
8185.968274  
8184.570934  
8202.155626  
8212.98135  
8188.996171  
8168.947322  
8131.295547  
8151.148582  
8130.171278  
8133.305111  
8163.07217  
8164.56124  
8161.030056  
8169.517879  
8165.564687  
8158.996505  
8171.460513  
8190.930195  
8188.88358  
8158.412967  
8148.652473  
8160.577519  
8164.140166  
8155.971963  
8144.554989  
8149.486053  
8189.081756  
8194.432155  
8166.570551  
8161.699597  
8160.110759  
8159.707182  
8179.815382  
8184.070948  
8170.21344  
8149.941151  
8181.715284  
8178.409502  
8162.300184  
8153.795622  
8132.134586  
8186.318436  
8182.501702  
8179.558803  
8152.167924  
8145.238876  
8168.639721  
8187.688219  
8194.325957  
8173.010196  
8186.403385  
8173.176683  
8192.371532  
8158.875792  
8167.049837  
8184.489752  
8224.264838  
8207.402401  
8185.126433  
8158.444237  
8156.573849  
8152.676  
8147.167463  
8159.90489  
8198.759265  
8187.799314  
8158.94095  
8125.442652  
8124.462585  
8129.214763  
8172.153444  
8222.854594  
8234.652089  
8201.519876  
8161.179317  
8137.863457  
8135.668875  
8166.501726  
8185.554805  
8184.401824  
8152.254517  
8160.871395  
8174.484316  
8208.356625  
8224.215282  
8233.761457  
8235.860565  
8230.682822  
8200.460905  
8160.422212  
8237.811627  
8195.860009  
8163.258477  
8137.927068  
8140.008576  
8177.311116  
8203.46964  
8218.384223  
8220.226317  
8195.991236  
8159.176008  
8172.973978  
8187.081526  
8175.714368  
8176.875099  
8174.917265  
8150.988793  
8153.089729  
8123.003593  
8143.917122  
8161.969508  
8181.575622  
8188.681253  
8135.504204  
8141.802504  
8131.890957  
8143.12016  
8125.024887  
8136.612139  
8152.323265  
8140.885454  
8130.642014  
8117.484438  
8128.199594  
8152.495354  
8151.783144  
8175.066949  
8177.039935  
8193.169658  
8184.073915  
8147.002346  
8147.655703  
8141.839696  
8182.61901  
8162.195549  
8140.5984  
8132.434205  
8126.240193  
8144.925387  
8147.098644  
8141.198711  
8172.625032  
8157.760774  
8170.226954  
8127.873503  
8163.436829  
8219.690415  
8228.178785  
8189.2676  
8160.640557  
8173.206568  
8169.310621  
8167.821576  
8176.184222  
8178.180937  
8188.913948  
8198.794472  
8183.257683  
8202.250187  
8170.424388  
8201.153369  
8196.270432  
8190.69426  
8160.333886  
8152.50171  
8144.979974  
8150.452483  
8152.356654  
8169.807609  
8203.058556  
8167.009385  
8150.526948  
8114.087637  
8110.103389  
8154.17328  
8167.250121  
8161.539518  
8157.852646  
8133.222832  
8131.633018  
8160.232825  
8183.537  
8193.817024  
8192.286522  
8201.153201  
8196.184719  
8209.758841  
8188.863502  
8178.319375  
8170.806014  
8164.716008  
8153.052067  
8151.68663  
8158.202809  
8159.262585  
8154.303832  
8186.383991  
8181.122633  
8189.679304  
8163.934862  
8172.139521  
8179.441443  
8193.706515  
8219.924224  
8212.87727  
8200.617959  
8182.592211  
8163.142416  
8148.756325  
8146.192838  
8142.445201  
8138.002041  
8146.213066  
8161.700797  
8167.488686  
8178.629959  
8182.613008  
8185.933154  
8159.948084  
8153.676118  
8151.205347  
8170.907986  
8187.608289  
8184.680606  
8194.486884  
8181.316016  
8180.710202  
8162.025953  
8169.669472  
8150.243919  
8148.431146  
8146.405599  
8124.854484  
8123.689184  
8119.723877  
8144.774764  
8162.340821  
8185.067151  
8209.834587  
8179.800883  
8184.129655  
8173.494967  
8170.813486  
8190.798648  
8240.25741  
8219.118129  
8185.707303  
8149.163687  
8151.689131  
8147.339097  
8170.791259  
8195.257277  
8200.140357  
8193.131283  
8173.36306  
8146.461649  
8244.66432  
8130.317442  
8108.338398  
8120.66682  
8173.127418  
8181.818544  
8205.541011  
8175.309338  
8193.751939  
8167.609227  
8175.21798  
8152.384781  
8125.154017  
8138.681229  
8223.49569  
8222.156614  
8139.789015  
8111.917903  
8089.433128  
8115.01188  
8143.360139  
8157.980601  
8188.093792  
8217.167158  
8212.339811  
8222.53066  
8206.830961  
8214.584273  
8202.496843  
8184.411721  
8185.573965  
8186.479342  
8217.060051  
8209.945834  
8207.689621  
8196.044107  
8180.655687  
8193.433021  
8179.047747  
8181.733826  
8182.084654  
8165.454125  
8218.609075  
8238.857092  
8171.040324  
8128.189788  
8115.929393  
8129.423696  
8129.532106  
8126.085811  
8133.45693  
8147.068625  
8149.678391  
8151.035589  
8178.81654  
8184.790275  
8157.60559  
8123.564125  
8125.357003  
8165.308709  
8179.229168  
8162.628603  
8143.293617  
8110.991413  
8119.951371  
8137.413314  
8151.380129  
8127.770964  
8122.859928  
8149.432786  
8161.556355  
8208.144051  
8211.641775  
8209.6165  
8185.541214  
8188.67584  
8184.462905  
8177.447386  
8183.349492  
8176.179901  
8180.767655  
8183.937913  
8182.241697  
8165.154055  
8190.104579  
8196.417269  
8151.285767  
8144.149558  
8158.678438  
8183.625426  
8209.266731  
8207.201389  
8189.772605  
8145.32499  
8141.944074  
8113.636739  
8130.010109  
8135.724777  
8122.269254  
8140.781454  
8170.983087  
8175.98574  
8150.540382  
8143.258143  
8148.79342  
8177.239401  
8201.759532  
8229.755351  
8192.248318  
8154.390067  
8161.918436  
8146.158322  
8147.55138  
8146.563165  
8159.490029  
8148.287871  
8142.875549  
8119.463214  
8132.262508  
8159.813964  
8188.636206  
8190.298998  
8176.656379  
8164.029926  
8162.421453  
8165.825776  
8152.227085  
8174.158359  
8172.067255  
8170.504094  
8158.002971  
8167.019268  
8192.728066  
8192.433249  
8196.973417  
8201.683306  
8193.674392  
8202.968854  
8213.171537  
8194.227144  
8186.386599  
8176.60629  
8182.669839  
8188.18476  
8183.013317  
8174.288372  
8169.685765  
8188.151189  
8188.759591  
8188.325668  
8153.534681  
8136.847089  
8137.505557  
8149.247094  
8172.523626  
8166.521193  
8188.511076  
8177.877738  
8142.086288  
8123.253175  
8123.437495  
8109.734487  
8146.058876  
8172.260106  
8179.859907  
8164.860546  
8168.34  
8179.772921  
8169.809853  
8179.700268  
8209.966328  
8242.31088  
8251.653058  
8209.889705  
8265.329489  
8230.042438  
8124.427552  
8091.253355  
8111.114586  
8153.935601  
8218.42605  
8229.002591  
8249.823378  
8200.657347  
8193.204145  
8191.571409  
8199.845835  
8195.370408  
8192.007983  
8169.986095  
8141.594885  
8143.588534  
8165.5116  
8166.410499  
8167.94397  
8165.058349  
8151.041506  
8153.55916  
8147.04601  
8124.09218  
8125.987482  
8147.746936  
8146.68792  
8124.211066  
8131.508777  
8145.59696  
8160.039833  
8155.338117  
8218.958992  
8179.605852  
8272.503998  
8177.379391  
8105.103052  
8086.01343  
8119.979242  
8177.900307  
8222.436102  
8237.001475  
8192.616657  
8161.705582  
8174.603761  
8160.811339  
8184.24373  
8180.034683  
8199.714105  
8179.686213  
8137.621531  
8132.875519  
8155.826017  
8162.157487  
8160.003498  
8160.893552  
8149.001788  
8156.506801  
8149.869312  
8146.679333  
8131.302951  
8145.744046  
8200.134586  
8193.999795  
8146.745214  
8123.575199  
8119.310353  
8147.773576  
8187.018482  
8205.432363  
8190.503898  
8173.125601  
8160.809715  
8137.636029  
8155.570289  
8170.593552  
8151.706663  
8123.99773  
8123.123009  
8133.05558  
8170.111153  
8184.10486  
8203.127587  
8167.318667  
8179.679196  
8148.467351  
8173.241467  
8170.501731  
8195.472395  
8195.265325  
8191.264354  
8180.560829  
8182.181555  
8183.972929  
8187.351508  
8187.036391  
8180.599905  
8148.969995  
8209.834107  
8200.332084  
8131.409405  
8114.924236  
8145.904893  
8204.394138  
8282.487272  
8275.568243  
8209.152439  
8152.287442  
8147.00723  
8172.298989  
8200.239428  
8236.308158  
8192.862572  
8175.363925  
8144.147297  
8147.408079  
8182.900691  
8181.238834  
8163.888366  
8171.831421  
8165.413093  
8187.491675  
8193.798542  
8179.422315  
8160.267444  
8149.278502  
8162.016552  
8152.248687  
8187.341565  
8169.187811  
8142.355296  
8153.296551  
8165.567364  
8169.795453  
8167.154746  
8169.597469  
8179.957456  
8180.53118  
8178.539367  
8126.872433  
8178.209248  
8154.450832  
8080.209826  
8107.681817  
8175.156921  
8225.212067  
8221.960164  
8223.08776  
8169.809399  
8166.906169  
8184.310736  
8179.018961  
8185.76469  
8188.794693  
8147.948473  
8138.984791  
8143.756189  
8143.407333  
8148.463938  
8144.18833  
8180.346402  
8177.222616  
8165.408068  
8152.56203  
8154.318454  
8155.329633  
8163.972676  
8171.048507  
8132.440489  
8105.65617  
8109.134928  
8151.34891  
8136.234895  
8138.313584  
8161.000083  
8166.004559  
8152.41806  
8152.87376  
8166.027686  
8174.734384  
8151.959684  
8161.781094  
8160.640014  
8173.264182  
8185.505945  
8141.612312  
8136.823445  
8123.218421  
8141.143388  
8132.745292  
8163.851716  
8154.553017  
8185.09719  
8173.615052  
8171.13554  
8193.245424  
8157.839002  
8235.257891  
8140.176802  
8155.62251  
8154.945223  
8171.375495  
8194.314194  
8233.558773  
8251.065399  
8216.977957  
8185.382414  
8152.966256  
8170.530607  
8237.083436  
8215.559211  
8198.416605  
8204.306554  
8227.750766  
8241.485775  
8215.352812  
8177.845113  
8145.209242  
8126.075076  
8172.362459  
8187.638846  
8162.358197  
8156.937359  
8178.020078  
8167.083745  
8174.027551  
8171.470455  
8166.891214  
8193.008456  
8214.092785  
8232.729693  
8185.249998  
8170.242076  
8145.221581  
8134.746737  
8178.296982  
8162.790792  
8132.149342  
8099.65942  
8121.304631  
8144.691283  
8191.54272  
8188.721942  
8162.062477  
8118.565154  
8166.240044  
8072.964548  
8213.187124  
8185.74081  
8114.355912  
8137.716851  
8160.839531  
8179.198793  
8181.71479  
8206.360143  
8189.0243  
8199.120885  
8173.211022  
8139.259563  
8201.476667  
8192.167535  
8163.148357  
8151.183939  
8148.947536  
8146.021709  
8142.948996  
8118.108589  
8129.174792  
8132.561464  
8164.737732  
8187.983471  
8186.85602  
8162.889252  
8151.500185  
8177.329312  
8156.119052  
8139.997274  
8127.340836  
8135.336812  
8147.409027  
8148.838812  
8173.606936  
8170.804355  
8161.44136  
8121.555385  
8155.475994  
8168.358582  
8197.201345  
8209.482119  
8186.219034  
8124.20675  
8115.814635  
8122.408133  
8155.775831  
8206.329161  
8228.692849  
8253.426122  
8214.391552  
8165.945925  
8163.506284  
8168.799257  
8189.398305  
8185.406997  
8198.271833  
8193.245975  
8192.185676  
8168.649879  
8142.386536  
8170.087996  
8148.409199  
8138.727266  
8153.025574  
8152.675743  
8194.120288  
8177.323569  
8142.085376  
8153.648922  
8169.799868  
