10070.87762  
10000.42158  
10030.45804  
10052.68219  
10035.37376  
9986.883656  
9976.87477  
9997.160097  
10058.09025  
10065.9033  
9996.625958  
9972.184236  
10017.17459  
9983.926487  
9987.426032  
9945.229271  
9956.212251  
9951.690048  
9978.916662  
9945.829984  
9978.910043  
10015.01797  
10039.38943  
10045.82208  
9971.016354  
9957.21046  
9889.417983  
9937.734391  
9987.301862  
10003.78661  
10009.77853  
10061.17195  
10009.5602  
10011.94104  
10051.31131  
10106.42748  
10047.03888  
10042.83987  
10011.49997  
10019.91279  
9971.324249  
10031.5051  
10015.65171  
10065.21594  
10092.48788  
10060.01787  
10045.1932  
9937.497206  
9964.8615  
9943.18484  
10008.82894  
10000.52008  
10000.28645  
10034.45077  
9982.913202  
10065.63044  
10056.37677  
10057.64462  
10027.41542  
9983.654849  
10004.28488  
9958.869093  
9944.621098  
10021.06924  
10058.48175  
10035.66007  
10038.15366  
10032.47696  
10014.14936  
10047.96389  
10036.27779  
9987.202856  
10075.40713  
10067.41293  
10049.54335  
10037.79962  
10034.33685  
10024.95145  
10028.1655  
9922.341215  
10031.47919  
10016.42544  
9955.356771  
9910.570314  
9961.048928  
9963.467498  
9965.666156  
9946.556401  
9973.877161  
9970.051531  
10002.31264  
10031.6948  
10032.99059  
10029.19051  
10048.96678  
10003.41826  
10010.17538  
10008.23534  
9943.828138  
9964.217972  
9994.148759  
10040.44748  
10015.94805  
9974.125854  
9994.111454  
10039.44546  
10011.29003  
9996.493838  
10005.97463  
10000.48344  
10022.32796  
10012.02593  
10019.97104  
10068.75371  
10013.40674  
10002.83995  
10042.4007  
10002.87833  
10038.80929  
10005.56223  
10003.04164  
10039.33802  
10036.43948  
10058.29716  
9978.627757  
10020.12386  
9962.897323  
9887.200125  
9978.659502  
9953.789746  
9958.515955  
10004.8437  
10023.86612  
10028.82974  
10061.87425  
10009.75861  
9979.001777  
9954.350959  
9972.175256  
9980.484002  
10008.62075  
9970.933193  
9937.502578  
9961.135766  
10019.02895  
10009.72327  
10033.03887  
10067.16741  
10058.92765  
9963.347512  
9982.095583  
9972.5809  
9986.93683  
10034.0174  
10032.10544  
9966.390838  
9935.912512  
9943.199263  
9960.099071  
10000.44403  
10072.27729  
10059.66808  
9996.39588  
10020.22973  
9983.085231  
9989.320557  
10014.52439  
10021.26414  
10039.2948  
10008.64378  
10041.48942  
10023.5458  
10025.02625  
9996.033201  
9989.345184  
9963.171465  
9939.963549  
9989.896839  
10058.14225  
10080.39981  
9994.494473  
10023.19489  
10010.40514  
9978.010787  
9979.704099  
9962.447767  
10006.60685  
9980.767436  
9964.246236  
9950.491812  
10016.58411  
9990.423827  
9949.739477  
9912.71092  
9968.282565  
10010.27373  
10034.14948  
10031.25855  
10021.17208  
10041.91211  
10004.94992  
9987.546194  
9990.910148  
9990.971826  
10001.43283  
10016.34209  
9997.855473  
9984.353414  
9971.381385  
9956.439778  
9948.348681  
9954.682111  
9977.085189  
10053.61797  
10035.3228  
9992.613548  
10022.59017  
10005.35051  
9985.504757  
9972.033467  
9988.822949  
9970.058979  
9980.196159  
10013.13917  
10057.48227  
10009.3798  
10008.41575  
10018.60108  
10029.03202  
10034.39535  
9981.471338  
9985.438276  
9952.376981  
9974.090362  
9996.039776  
10094.74356  
10073.06525  
10010.02025  
9943.352381  
9996.751474  
9968.004194  
9992.461227  
9997.638521  
10086.76314  
10098.3741  
10086.73104  
10084.61016  
10012.04265  
10033.35224  
10081.00975  
10089.33689  
10070.93648  
10038.17756  
9949.776223  
10031.80917  
10011.60076  
9963.331803  
9964.096223  
9984.460946  
10016.35589  
9986.055833  
9977.783366  
9995.366429  
10002.84113  
10013.40998  
10043.95472  
10037.29244  
10016.14243  
9978.170657  
9972.416506  
10008.92704  
10010.37082  
9974.598926  
10020.31787  
10063.06142  
10090.81516  
10100.78668  
10052.69089  
9993.984778  
10012.85196  
10040.17181  
10025.64204  
10039.81977  
10003.95336  
9967.41415  
9912.369535  
9953.673288  
9949.999438  
9962.867465  
9926.075368  
9931.307901  
9969.49576  
10018.36912  
10007.8785  
9929.86263  
9962.474191  
10049.77492  
10043.14731  
10004.48281  
9998.658097  
9982.195869  
9970.302141  
10027.76354  
9987.821676  
10001.09926  
10010.60403  
9996.205097  
9934.02357  
9953.588611  
10018.36275  
10056.0656  
10016.93166  
10002.46233  
9991.151378  
10017.69219  
10089.55721  
10067.77533  
10013.25807  
9939.722135  
9955.762185  
10024.62513  
10029.9335  
10060.90694  
10053.18991  
10021.67803  
10027.19955  
10034.92848  
10060.93723  
10055.25532  
10029.60996  
10010.06427  
10043.5247  
10023.5585  
10026.69825  
9981.492304  
9964.486585  
9985.247616  
9954.473703  
10044.87347  
10071.89494  
10064.12499  
10008.26549  
9999.880931  
10011.88255  
10030.49755  
10032.14859  
10017.26363  
9999.727567  
10032.59467  
10046.62401  
10025.07377  
9996.141695  
9965.516843  
9997.929235  
10068.73762  
9983.212255  
10020.54056  
10011.82507  
10032.0101  
10018.88089  
10032.97085  
10035.86455  
10003.56379  
9992.170569  
10006.84383  
10045.29067  
10041.35906  
10039.6828  
9987.081268  
9997.387764  
9979.009721  
10009.51225  
10011.54534  
9995.622353  
9993.889385  
9943.022254  
9908.625201  
9936.730329  
9959.329431  
9929.605671  
9917.237689  
9967.693578  
10006.18873  
10036.96021  
9996.713285  
10024.84665  
10004.39349  
9958.177612  
9968.513071  
9951.201112  
9922.564846  
9946.727808  
10006.92022  
10031.91035  
10007.5681  
9980.103531  
9988.479141  
9996.48865  
9964.354121  
9940.86505  
9965.449622  
9950.315527  
9934.024513  
9920.545464  
9955.357262  
10010.00413  
10047.06379  
10029.1008  
10019.06153  
10003.91728  
10024.16297  
10075.97387  
10078.97791  
10018.47731  
9994.47144  
10008.51327  
10008.49762  
9986.484141  
10021.22339  
10034.19202  
9989.176841  
9998.274916  
10016.5575  
9988.609883  
10011.0151  
10050.69344  
10082.24787  
10054.51132  
10058.34375  
9982.000191  
9977.881488  
10022.94261  
10006.06875  
10023.3679  
10011.85704  
10033.32441  
10019.71244  
10021.4216  
10058.17049  
10014.69241  
10013.1187  
10005.45034  
10046.57992  
10085.60357  
10047.2961  
9995.477871  
10002.4852  
10004.30928  
9973.768983  
9984.93011  
9999.312926  
10037.17519  
10072.03585  
10027.89899  
9997.376116  
10018.47706  
10006.69039  
10022.36002  
9958.489237  
10045.37414  
9985.255669  
9950.916346  
9925.18442  
9953.18107  
9925.133234  
9981.9361  
10076.49267  
10046.03063  
9991.40767  
9964.37178  
10011.95029  
10062.19791  
10092.94035  
10060.3204  
10001.02773  
9984.170343  
9960.622143  
9994.887586  
10041.27546  
10082.50303  
10021.94923  
9934.341488  
9874.561917  
9889.126571  
9970.969251  
10028.12195  
10041.67927  
9981.835013  
9965.511221  
9971.563432  
9976.863116  
10017.82221  
10014.4034  
9924.672592  
9959.25575  
9999.218757  
9990.063221  
9994.180009  
9974.094636  
9981.476999  
9971.549573  
9999.436798  
10048.35832  
10067.57718  
10100.58361  
10076.15116  
10003.89911  
9994.845373  
10000.11716  
10011.00243  
9985.78126  
9984.586756  
9962.038647  
9966.829493  
9954.266175  
9985.255902  
9977.863279  
9975.850424  
9993.236268  
10000.99238  
9988.498155  
9996.221981  
9989.42296  
9994.300002  
9992.760802  
10006.06244  
10034.19079  
10100.71581  
10109.30441  
10034.20305  
10010.82222  
10001.01264  
9994.808756  
10011.68532  
9987.630106  
9953.802106  
9918.126546  
9946.408907  
9989.683378  
10036.40364  
10033.78525  
9992.289442  
10007.6716  
10000.7687  
10072.14282  
10050.99246  
10082.7129  
10072.23813  
10043.58987  
10054.57535  
10027.24934  
9966.174439  
9934.762923  
9976.924837  
10064.47433  
10067.09651  
9972.192606  
9969.049699  
9994.602931  
10033.01111  
10119.44794  
10144.6726  
10098.44812  
9979.908872  
9934.788991  
9911.945843  
9871.448985  
9867.465423  
9909.874371  
9938.385947  
10028.01781  
10077.1946  
10087.64509  
10015.85125  
9967.016551  
9947.240493  
9977.264386  
9980.830276  
10002.87539  
9993.361599  
10022.2185  
10031.04075  
10025.69498  
10037.25658  
10009.60869  
10005.42201  
9987.739742  
10022.78499  
10031.99705  
10019.21321  
9924.403061  
9948.437997  
9969.504445  
10012.45415  
10013.3944  
10056.1643  
10092.47529  
10052.97125  
10003.93884  
9963.339643  
9952.502671  
9943.996848  
9971.749388  
9982.551112  
9997.67987  
10015.51168  
10031.52003  
10070.90281  
10029.84621  
9997.740291  
9983.425748  
10006.62227  
10032.25137  
10023.81108  
9996.85424  
10012.99079  
10039.2566  
10018.55666  
10027.73171  
10002.36175  
9969.268416  
9988.939129  
10036.3269  
9988.130745  
9942.392918  
9996.713691  
10017.84274  
10079.56178  
10061.50623  
10050.41651  
9995.375709  
9976.580869  
10011.37941  
9974.034798  
9971.477169  
9987.469825  
9973.367658  
9923.324271  
9958.44374  
10002.47408  
9999.934346  
9976.190407  
10016.88566  
10042.7244  
10046.73386  
9994.551784  
9989.698159  
9976.078059  
9957.157368  
9955.582062  
9922.8067  
9944.599354  
9974.774616  
9989.053559  
9950.029088  
9931.023076  
9936.349981  
9941.72951  
10015.03533  
10130.26318  
10128.76834  
10066.6639  
10032.02039  
10019.11835  
10011.39947  
10021.65528  
10031.7544  
10037.2919  
10012.30814  
10019.94425  
10024.57649  
10006.49085  
10021.93156  
10048.91014  
10055.57435  
10055.57366  
10071.47972  
10054.71987  
10050.22155  
10065.65307  
10039.27648  
10052.99142  
10035.2531  
10024.83683  
10047.6042  
10008.06142  
10014.62923  
10029.13126  
10042.20492  
10073.33424  
10045.35102  
10025.64109  
9982.137667  
9980.489172  
9950.742327  
9969.821706  
10004.22762  
10019.34807  
10034.18958  
10048.4612  
9999.692153  
10013.92038  
9989.573417  
9954.523361  
9937.126303  
9986.5703  
9999.698601  
10034.77115  
10030.66242  
9998.107208  
10020.52457  
10012.88971  
9998.951211  
9990.158837  
9964.380873  
9932.585692  
9935.484067  
9925.124426  
9968.66103  
10044.55649  
10050.95408  
10035.88052  
10013.60788  
10005.34544  
9974.54177  
9971.485285  
9964.44174  
9957.234483  
9964.404775  
10002.09645  
10004.5605  
9971.060509  
9923.934083  
9914.068567  
9930.032791  
9970.267011  
9975.867383  
10044.42261  
10046.60759  
10074.90337  
10023.14229  
10015.98801  
9991.331616  
10011.62897  
9978.244037  
9960.472771  
10016.51807  
10073.83836  
10082.77302  
10036.59335  
10023.39536  
10014.63719  
9969.048025  
9937.247507  
9954.37385  
10040.51407  
10085.58233  
10062.29781  
10014.12998  
9996.994312  
9982.410145  
9987.411033  
9994.236818  
9996.076158  
10010.85583  
9989.948985  
9982.816773  
9952.092693  
9962.911269  
9949.946801  
9978.122829  
10057.86073  
10121.82074  
10124.35821  
10061.45728  
10005.76511  
10028.63086  
9998.217014  
9984.459484  
10021.60063  
10030.82296  
10012.01627  
9958.297084  
10038.61899  
9997.234644  
10081.75281  
10010.74564  
9934.801865  
9953.683621  
9969.731026  
9971.639923  
10051.91415  
10036.24991  
10029.38189  
10036.15572  
10024.89327  
9995.62775  
9949.683767  
9969.368746  
9975.246256  
9990.489146  
10003.01946  
10006.11628  
9965.393774  
10027.17117  
10011.52908  
10020.2066  
9965.761919  
9960.445004  
9986.272967  
10063.50914  
10093.09814  
9996.817062  
9917.927805  
9943.090917  
9915.596835  
9944.255355  
9972.039951  
9974.868458  
9973.126024  
9995.521694  
10009.02604  
9990.216399  
10028.87145  
10067.82726  
10053.94158  
9966.335099  
9971.635791  
9946.638148  
9964.914765  
9974.950065  
9995.340015  
10059.94123  
10098.14932  
10074.72794  
10023.05079  
9961.935979  
9963.130361  
9971.521408  
9996.156213  
10021.83639  
10054.13925  
10062.54937  
10077.48463  
10028.38933  
10009.49592  
10012.64972  
9993.816411  
10002.60913  
10010.53254  
10008.2999  
10005.63419  
10033.03931  
10047.05236  
10012.84359  
9977.403467  
9944.389215  
9974.189048  
9975.434247  
9979.191974  
9984.898541  
10020.32006  
10063.44331  
10064.4975  
10025.9881  
9970.386715  
9978.799141  
9992.209894  
10042.09534  
10065.84991  
10081.30935  
10028.33653  
10003.36328  
9976.298427  
9959.775451  
9990.205727  
9988.714608  
9938.908276  
9925.140975  
9961.308228  
9939.51655  
9993.929165  
10031.5729  
10030.18935  
10049.25468  
10004.51568  
10012.75309  
9996.333734  
9990.451254  
10017.20461  
10011.05524  
10007.82098  
9962.837396  
9936.53298  
9956.353627  
10011.10617  
9989.011345  
10027.7194  
10070.97  
10036.4222  
10019.71186  
10057.33304  
10078.38738  
10118.99899  
10079.594  
10054.14449  
10001.96371  
10009.34197  
9964.946289  
9950.920721  
9944.588089  
9945.677961  
9977.557512  
9969.524374  
9977.473596  
10002.08911  
10062.69435  
10090.97142  
10029.64912  
9978.822275  
10001.11716  
10032.29012  
10064.44247  
10078.67089  
10054.29222  
10043.44606  
10002.77661  
9969.736542  
9962.212988  
9994.151779  
10025.77289  
10023.31245  
10030.72966  
10004.95666  
10029.61733  
10014.19705  
9992.643154  
10013.46938  
9997.736378  
10014.57686  
9971.122704  
9923.940048  
9918.238287  
9965.805019  
10033.34916  
10025.38911  
10016.26957  
10025.28801  
10025.1195  
9995.889859  
9965.531794  
9932.904784  
9931.503822  
9912.040035  
9932.334429  
9981.692571  
10004.85112  
10005.30416  
9984.640387  
10006.55986  
10013.48074  
10005.16179  
9961.719824  
9915.523844  
9943.462755  
10010.49252  
10002.23589  
9972.930503  
10006.23551  
10026.98847  
10123.04063  
10103.41038  
10043.64986  
10015.3181  
10009.70488  
10038.1539  
10003.71894  
9975.889458  
9945.038293  
10005.27232  
10007.93073  
10031.45021  
9992.57618  
10004.19061  
10031.82713  
10057.56048  
10042.28107  
10018.28769  
9970.562924  
9969.991743  
9952.923723  
9967.692012  
10017.37508  
10080.41826  
10046.77132  
9997.852626  
9957.83075  
9992.954799  
10007.61769  
10062.96832  
10103.10623  
10080.18461  
10032.35316  
9955.746423  
9950.254787  
10010.32369  
10033.91324  
10030.70468  
10042.47026  
10016.17666  
10016.03666  
10014.90499  
10038.50248  
10062.84857  
10092.50578  
10064.93218  
10082.611  
10064.94407  
9985.586947  
10054.4362  
10042.07567  
9957.267992  
9935.538376  
9922.056935  
9964.400239  
9976.06711  
9991.463851  
10008.49001  
10022.15276  
10056.28083  
10034.95113  
10053.93255  
10032.67475  
9979.186672  
9980.746417  
9938.099916  
9973.421519  
9973.596535  
10050.62175  
10052.60438  
10083.42166  
10068.24519  
9987.979707  
9961.231649  
9959.291124  
9940.590105  
9918.708356  
9895.264732  
9921.856763  
9949.021623  
9972.46146  
9973.114291  
9977.109843  
9952.108622  
10011.52074  
10065.22853  
10068.4822  
9977.01526  
9941.638104  
9983.746179  
10035.52838  
10011.17728  
9992.221999  
9948.955346  
10002.00757  
10055.20142  
10035.70172  
9970.55991  
9983.492296  
10002.0507  
9965.618874  
9939.268446  
10009.28986  
10013.85888  
10048.44524  
10086.35549  
10065.79688  
10004.06795  
9977.839044  
10006.74792  
9969.040271  
9974.762775  
9975.647808  
9982.21711  
9998.102584  
10016.09065  
9990.992351  
10009.90739  
9976.780414  
10032.81135  
10043.0286  
10028.81012  
9977.200536  
9943.437277  
9912.93026  
9983.47269  
10013.84487  
9992.15437  
9993.500373  
9985.428872  
9989.803323  
9997.410715  
10007.78104  
10053.21095  
10089.1289  
10039.95438  
10033.59342  
10004.30212  
10004.84954  
10023.99927  
9971.757373  
9958.695822  
10009.80406  
10041.28114  
9949.28665  
9961.978432  
9971.101288  
10044.3699  
10077.53713  
10089.92499  
10070.74106  
9980.019183  
9938.924254  
9981.719335  
9976.773431  
9999.352008  
10017.66833  
10057.42388  
10054.20149  
10049.34926  
10050.28606  
10017.01896  
10021.84836  
10008.06701  
10002.92101  
10041.93102  
10066.44022  
10050.0661  
10011.77622  
9948.335347  
9952.636197  
9992.827939  
10021.97593  
10051.59386  
10093.32509  
10097.14396  
10062.52108  
10007.76763  
10017.49745  
10021.57208  
9940.978428  
9964.295394  
9989.800966  
10004.53327  
9965.677804  
9980.887723  
9989.004754  
10049.80844  
10089.04715  
10066.29073  
9997.325144  
9957.538629  
9935.324501  
9955.691896  
9960.880029  
9973.266117  
10024.3336  
10032.83202  
9974.752956  
9939.209754  
9983.18256  
10017.96716  
10056.06995  
10139.29492  
10065.88356  
10020.86688  
9956.519202  
9948.736542  
9963.661514  
9975.6771  
9972.081396  
9982.044566  
9976.673669  
9970.117859  
9970.409981  
10109.29912  
10004.46323  
9982.212044  
9971.338962  
10015.8872  
10008.62006  
10017.93343  
9954.406359  
9938.97689  
9977.608632  
9997.203564  
9956.822196  
9968.36305  
10024.11597  
10107.60476  
10162.9271  
10094.63981  
9996.177872  
9968.087727  
9959.671708  
9977.245997  
9991.611636  
9975.19357  
9985.829179  
10020.48067  
10055.17043  
10069.2555  
10013.58101  
10003.37017  
9986.337452  
10012.00771  
10026.72002  
10055.0716  
10018.68138  
9996.17347  
10046.44925  
10013.75123  
10013.31448  
10024.73169  
10014.07838  
10059.36423  
10067.53937  
10139.48812  
10134.11536  
10062.45781  
9954.627237  
9908.656179  
9908.452161  
9883.485577  
9914.774928  
9925.426604  
9921.181731  
9959.962312  
10029.84222  
10030.56259  
9997.750369  
9947.505864  
9906.467673  
9980.213661  
10033.54804  
10026.3057  
9969.385052  
10002.36453  
10012.87472  
10055.78071  
10055.83832  
10039.92163  
9995.359107  
9961.906706  
9983.171123  
9968.790396  
10012.3984  
9993.228993  
9995.74026  
9977.295167  
9983.923914  
10027.60266  
10016.53714  
10002.57036  
10019.16633  
10026.40502  
9974.417211  
9945.265289  
9989.931521  
10038.17394  
10022.33869  
10007.6019  
10016.19704  
10004.74529  
9996.158321  
10009.43307  
9961.140077  
9964.946553  
9982.210306  
10024.43826  
9995.133372  
9941.999816  
9963.287668  
10019.04606  
10064.70234  
10041.79162  
10000.00987  
9976.599831  
9985.503755  
9940.505453  
9978.715954  
9987.512952  
10021.12473  
10017.2792  
9962.553115  
9948.50268  
9947.965756  
10012.18658  
10031.62783  
10041.45677  
10002.28723  
9995.057857  
9992.955672  
10005.30161  
10010.91788  
9952.179839  
9957.538151  
9964.717824  
10019.94405  
10051.87513  
10065.92507  
10045.05067  
10047.65617  
10024.32027  
9988.061393  
9930.908915  
9974.950773  
9971.634035  
9982.187126  
9998.716067  
9981.438597  
9973.120288  
9999.808736  
10057.29284  
10057.44684  
10035.28212  
10014.90655  
10013.78862  
9994.48172  
9946.314921  
9996.541907  
10053.50543  
10124.59159  
10096.42164  
10095.39282  
10074.53523  
10054.06399  
10014.47965  
9990.711949  
9987.96036  
10002.62218  
10047.02927  
10080.19408  
10030.17133  
9976.405103  
9960.787164  
10000.98556  
10040.822  
10079.3763  
10063.48317  
10053.91274  
10025.12528  
10043.18506  
10029.5462  
10022.41525  
10068.29338  
10087.99554  
10069.18215  
9990.664001  
10021.72919  
10075.28208  
9948.216754  
9930.588005  
9935.662728  
9958.030908  
10025.75267  
10014.51342  
10030.93324  
9982.365945  
9996.124351  
9983.363113  
9980.888901  
9998.834275  
9986.160308  
9966.059318  
9986.481037  
10010.62375  
10034.18661  
10047.91766  
10047.33594  
9975.391475  
9959.187796  
9986.094672  
10045.94697  
10046.00501  
10042.84491  
10004.54847  
10002.84076  
9932.924592  
9928.181175  
9935.422647  
9965.021635  
9964.622881  
9994.258419  
9960.763021  
10074.16176  
10020.67669  
9973.367417  
9945.37207  
9953.418764  
9984.886311  
9991.001284  
9995.766321  
9983.156097  
9958.01913  
10019.22207  
10003.62995  
10032.39076  
9981.259189  
9966.534929  
10009.19932  
9956.929111  
9983.488008  
9971.685824  
10005.14178  
9961.078329  
10006.94399  
10009.6941  
10011.43131  
9980.959075  
9976.103296  
9969.328268  
10024.13743  
10054.99289  
10050.48169  
10011.29671  
9991.451475  
10000.15013  
10001.9386  
10002.85062  
10034.2513  
10025.41807  
9966.959312  
9953.458457  
9997.340302  
10051.39894  
10047.81967  
10037.68247  
9994.282008  
9989.682883  
9997.865627  
10055.97015  
10050.37226  
10075.78424  
10025.47713  
10048.16157  
10022.47376  
10039.84796  
10001.59343  
10031.65753  
10047.52618  
10056.69934  
10008.47715  
10016.90145  
10022.45304  
10044.84766  
10016.44206  
10006.20753  
9955.939974  
9972.823308  
10019.17472  
9976.397267  
9954.989725  
10002.77519  
10032.25201  
10127.33178  
10076.2729  
9993.606219  
9979.446672  
9969.510801  
10045.31138  
10043.89997  
10040.63739  
10011.66499  
9975.73016  
9961.569979  
9994.521884  
9999.233269  
9984.568292  
9945.33268  
9985.496802  
10007.99617  
10020.09491  
10030.12296  
9971.451798  
9973.595901  
9939.380756  
9964.908566  
9982.81309  
10031.78279  
10048.4625  
10027.47481  
9961.525775  
9948.806864  
9975.840825  
9979.198972  
9983.185773  
9974.250088  
9979.449696  
10039.98806  
10007.52239  
10004.68067  
9947.429472  
9929.25252  
9961.73273  
9977.834951  
10039.15956  
10075.09354  
10083.58981  
10023.58519  
10025.75794  
10026.89201  
9998.634428  
9962.491505  
9997.806546  
9956.055819  
9971.291418  
10001.09432  
9966.323376  
9997.088988  
10000.70287  
10049.42053  
10024.6811  
9963.685336  
9984.989788  
10040.3147  
9999.347424  
9939.891989  
9964.915532  
9974.929291  
10026.56488  
10083.24576  
10035.32453  
10012.12356  
9995.233922  
9982.032117  
9962.570884  
9937.590308  
9976.284315  
9971.784473  
9970.136402  
9929.050655  
9989.926965  
10040.90339  
10042.11903  
10046.64096  
10021.78893  
10037.65831  
9986.534707  
10021.99804  
10026.60982  
10050.58215  
9997.480898  
10035.50604  
10007.2646  
10057.42492  
10040.34046  
9961.444748  
10045.38655  
9943.906983  
10009.71789  
9998.361248  
10010.78823  
9992.72172  
10020.53534  
10060.66905  
10003.58243  
10006.14651  
10009.23067  
9990.652868  
10078.8207  
9973.76804  
9986.176483  
10012.60759  
10023.30824  
10063.3708  
10049.25045  
10035.08217  
10017.99464  
9970.219651  
10031.22783  
10028.931  
10012.32107  
9990.198093  
10011.12196  
10008.038  
9990.754396  
10054.67606  
10040.72791  
10049.85314  
10044.05862  
10086.03765  
10000.74507  
9983.561289  
9961.628339  
10010.34011  
10040.88713  
10001.34088  
9970.008208  
9961.152452  
10006.26779  
10016.85198  
10060.19431  
9988.916361  
9964.494594  
9974.419811  
9901.177737  
9818.818321  
9983.244515  
10046.36849  
10019.4662  
10050.65218  
10043.50687  
10044.76254  
10034.70311  
10063.83656  
10020.67282  
9969.516875  
9976.471651  
9936.266597  
9960.147932  
9970.241623  
10019.23063  
9989.551941  
10030.9795  
10038.31267  
10000.75616  
9927.6346  
9966.470177  
9961.005698  
9965.92563  
9951.259813  
9971.442168  
10004.07301  
9962.909922  
10012.01402  
9986.732101  
9963.351997  
9907.74755  
9962.123345  
9971.237218  
9974.028675  
10059.09919  
10025.04308  
10031.22072  
9973.904111  
10023.829  
10005.34393  
9982.613312  
10046.78671  
10024.89002  
9973.805359  
9985.297341  
9985.630455  
9988.466025  
10017.95636  
10023.14202  
10066.46598  
10094.64267  
10016.14534  
10043.0316  
10027.86729  
10017.22974  
9982.346408  
9998.799152  
9980.033564  
10020.39622  
9988.412746  
9973.826709  
10021.55394  
9967.495676  
9940.603723  
9969.436088  
9977.281455  
10026.10344  
10037.38279  
9996.326274  
10028.81432  
10049.67334  
