10262.92893  
10186.47477  
10215.85162  
10242.34857  
10222.24919  
10168.28286  
10156.51409  
10182.25148  
10248.56394  
10259.29803  
10183.87441  
10155.71324  
10205.39814  
10167.87747  
10172.57956  
10127.27403  
10134.67985  
10130.543  
10159.13778  
10123.43604  
10157.82431  
10198.6062  
10225.26895  
10237.91779  
10156.08123  
10139.80962  
10064.38923  
10116.06841  
10171.75994  
10186.3056  
10192.59467  
10250.35052  
10193.65584  
10197.39041  
10237.46174  
10297.89852  
10234.24907  
10229.30149  
10197.94813  
10205.08423  
10151.63067  
10222.3029  
10203.14849  
10260.27597  
10287.34098  
10251.69531  
10233.22638  
10116.00862  
10149.26072  
10121.39824  
10193.72236  
10185.5049  
10185.82965  
10221.53331  
10165.8197  
10254.31126  
10246.39812  
10247.87837  
10213.33148  
10165.52032  
10186.86653  
10140.48505  
10124.02295  
10208.26014  
10246.85209  
10223.28463  
10224.45485  
10219.36558  
10197.67626  
10238.82357  
10226.94825  
10170.45701  
10266.90236  
10256.16272  
10234.797  
10227.58131  
10219.54997  
10213.05902  
10218.0448  
10103.7436  
10220.38721  
10204.77546  
10138.88616  
10087.37569  
10142.24303  
10146.50415  
10147.23825  
10127.50198  
10157.45745  
10153.74626  
10189.60204  
10218.93327  
10218.40515  
10216.37787  
10239.03707  
10186.64184  
10196.09095  
10192.45108  
10124.69939  
10147.11625  
10179.80559  
10230.53764  
10202.63305  
10157.33772  
10179.91783  
10227.28284  
10191.25443  
10176.06131  
10188.73336  
10182.7614  
10207.47755  
10198.7501  
10208.73592  
10259.43155  
10202.69672  
10189.75434  
10233.95671  
10189.29742  
10227.08583  
10189.27358  
10186.65462  
10224.19958  
10223.09269  
10247.34371  
10158.69748  
10203.64981  
10142.29348  
10057.73901  
10159.70697  
10133.35168  
10137.81575  
10189.88277  
10210.39874  
10218.37842  
10251.72821  
10198.21078  
10163.68271  
10137.83123  
10157.23459  
10163.73614  
10195.48057  
10155.91461  
10117.40125  
10142.82253  
10204.6915  
10194.72174  
10218.16581  
10257.83716  
10251.00696  
10144.84  
10162.55695  
10151.26019  
10165.7089  
10222.74255  
10222.77288  
10148.65773  
10110.1442  
10122.29506  
10142.55905  
10183.0997  
10260.15942  
10247.91006  
10179.85011  
10203.60162  
10166.31161  
10174.71087  
10200.68539  
10204.15689  
10221.53166  
10190.10589  
10228.73831  
10206.78507  
10212.16977  
10178.29922  
10172.05557  
10146.30645  
10119.48663  
10172.87764  
10250.28313  
10273.76349  
10180.06625  
10210.97121  
10198.41184  
10161.55701  
10161.95923  
10143.87667  
10190.78356  
10164.38339  
10144.62491  
10130.90738  
10203.0613  
10177.09301  
10129.88106  
10089.36863  
10154.45525  
10199.89858  
10222.21025  
10219.94216  
10207.76067  
10232.10601  
10189.97837  
10169.45271  
10175.88054  
10174.62874  
10186.69506  
10203.16192  
10184.78341  
10167.79446  
10153.88181  
10133.85018  
10128.23961  
10134.70303  
10158.67285  
10241.11581  
10223.28784  
10174.59489  
10211.79249  
10192.1779  
10170.66373  
10150.74736  
10170.57234  
10150.64341  
10163.29262  
10198.59042  
10248.01723  
10196.59254  
10191.40417  
10203.04943  
10218.08613  
10224.65127  
10163.53281  
10170.65535  
10132.31246  
10152.91999  
10176.63779  
10286.57794  
10262.61701  
10195.10001  
10124.99384  
10183.59426  
10152.18213  
10178.52067  
10186.18165  
10277.99414  
10291.75575  
10279.94707  
10280.58834  
10197.99621  
10221.92819  
10272.56613  
10280.33721  
10262.90749  
10226.7168  
10129.52456  
10216.53077  
10195.25938  
10143.50934  
10145.9266  
10167.29158  
10204.9751  
10171.10703  
10158.74377  
10178.00213  
10185.49927  
10197.92961  
10233.52924  
10228.55611  
10206.05485  
10164.21323  
10156.12364  
10195.10603  
10194.9939  
10154.53428  
10203.16089  
10251.50095  
10283.14173  
10298.58291  
10246.60765  
10179.15475  
10197.01413  
10229.7295  
10215.4131  
10228.59213  
10188.66026  
10147.54236  
10086.75656  
10131.10851  
10130.5291  
10145.28577  
10104.14897  
10106.63042  
10147.06702  
10204.62536  
10194.91488  
10105.11545  
10137.74535  
10240.18577  
10236.98913  
10190.08649  
10183.85022  
10163.66273  
10150.13567  
10212.38726  
10170.36363  
10182.46123  
10195.00125  
10179.13694  
10111.48877  
10134.15075  
10204.62695  
10246.44404  
10203.67602  
10187.88649  
10172.83845  
10203.05281  
10281.6722  
10257.98954  
10202.94538  
10117.5563  
10130.3875  
10209.34031  
10217.89361  
10248.01358  
10241.13832  
10208.23472  
10211.90005  
10222.30545  
10252.85577  
10248.39662  
10218.59115  
10194.03234  
10232.24367  
10213.77687  
10214.98227  
10167.42513  
10146.38215  
10169.36539  
10133.48254  
10232.61884  
10265.71085  
10258.33391  
10196.16206  
10185.15665  
10200.43437  
10220.57386  
10222.74779  
10203.48269  
10183.23623  
10220.8025  
10230.87366  
10209.0965  
10181.24098  
10145.26487  
10182.50532  
10261.54593  
10168.65626  
10210.33015  
10201.54404  
10220.35487  
10205.88851  
10222.24709  
10225.46025  
10189.16951  
10175.05834  
10188.08033  
10229.81481  
10230.66446  
10226.26089  
10170.67955  
10180.96018  
10158.51981  
10191.72719  
10194.20326  
10178.51744  
10179.59103  
10124.90921  
10085.34312  
10113.04529  
10137.19158  
10108.50632  
10090.00358  
10145.74385  
10188.95649  
10223.02421  
10179.50391  
10210.27983  
10190.65844  
10141.73689  
10153.39109  
10134.43715  
10099.24598  
10123.00704  
10185.75174  
10217.87133  
10192.16841  
10158.07864  
10169.36544  
10183.17814  
10149.8853  
10125.94434  
10148.17039  
10132.37035  
10110.21725  
10096.30463  
10133.46119  
10192.91647  
10236.1391  
10215.89228  
10202.87477  
10183.18728  
10207.86064  
10268.43652  
10274.8769  
10209.98562  
10180.0424  
10193.98126  
10194.59028  
10173.45531  
10209.92039  
10224.2018  
10178.17621  
10184.33315  
10203.63206  
10176.35252  
10197.10257  
10241.44567  
10277.39899  
10245.30408  
10249.90682  
10164.33152  
10158.69512  
10210.9229  
10193.42438  
10209.85981  
10198.36653  
10219.17683  
10204.79398  
10204.57926  
10249.13114  
10203.68286  
10197.66783  
10186.97637  
10232.12092  
10280.10437  
10237.22453  
10180.49368  
10186.03999  
10189.0056  
10158.46211  
10170.30999  
10183.77845  
10226.12327  
10266.80848  
10219.85443  
10180.2158  
10201.36959  
10187.04744  
10208.73865  
10138.72794  
10234.43664  
10170.33072  
10129.8719  
10102.07145  
10132.80287  
10098.7035  
10162.40299  
10264.40966  
10235.35399  
10171.65655  
10141.88594  
10194.40276  
10252.91305  
10289.17958  
10252.60393  
10187.94882  
10168.23275  
10137.92428  
10177.99859  
10229.46327  
10277.84356  
10212.16955  
10115.1481  
10045.63296  
10060.79994  
10152.66985  
10217.28127  
10232.82028  
10169.2835  
10145.65222  
10152.05571  
10157.2752  
10202.93634  
10203.48524  
10100.5091  
10136.81878  
10184.15421  
10174.61488  
10179.91196  
10158.91773  
10163.80734  
10151.87447  
10184.702  
10233.31689  
10255.26118  
10294.00059  
10271.9811  
10190.51544  
10177.64655  
10184.78552  
10201.96615  
10172.95527  
10171.5653  
10143.63931  
10144.50379  
10129.83974  
10164.59846  
10157.57036  
10157.5559  
10177.70539  
10184.26054  
10171.61341  
10178.71371  
10170.30208  
10176.58481  
10173.17157  
10188.35352  
10218.8647  
10294.12821  
10306.72728  
10224.74162  
10195.21841  
10185.12442  
10181.39168  
10201.08912  
10176.80657  
10137.78277  
10096.63969  
10122.67646  
10171.49907  
10223.22156  
10224.33457  
10173.09999  
10188.92372  
10183.73264  
10264.91974  
10242.50999  
10277.24682  
10263.52451  
10230.01236  
10245.4299  
10219.94714  
10150.00679  
10113.18647  
10157.39257  
10252.61657  
10258.30373  
10151.89768  
10145.57307  
10174.91169  
10219.78319  
10315.77591  
10344.25367  
10297.24555  
10165.86063  
10113.87139  
10090.98315  
10046.74185  
10038.93073  
10085.97231  
10116.54611  
10214.52278  
10264.2513  
10280.08378  
10201.94368  
10148.54839  
10127.64394  
10161.91787  
10164.36278  
10187.92561  
10179.66375  
10206.33743  
10217.32013  
10210.95069  
10224.899  
10194.07575  
10190.00943  
10171.93395  
10207.57903  
10218.40263  
10207.47809  
10099.68722  
10126.93007  
10147.05151  
10194.18359  
10196.13319  
10245.41728  
10285.8337  
10245.37793  
10187.58886  
10140.10716  
10130.45347  
10124.0076  
10155.0268  
10168.08009  
10181.73809  
10201.81271  
10218.93518  
10262.69891  
10219.02132  
10183.99252  
10167.89178  
10193.71667  
10221.62583  
10213.45524  
10184.39123  
10201.27036  
10227.98245  
10204.6618  
10216.01885  
10189.03882  
10148.26909  
10168.98788  
10222.53021  
10174.06526  
10118.71018  
10176.28626  
10204.15225  
10270.2287  
10250.84953  
10239.55651  
10180.00404  
10157.67577  
10196.65081  
10154.05462  
10152.93114  
10174.085  
10157.55313  
10100.32477  
10139.24292  
10189.30028  
10184.52859  
10157.71066  
10203.07536  
10234.35085  
10238.30613  
10177.85513  
10171.80788  
10159.16507  
10134.46126  
10135.22739  
10096.32301  
10122.81038  
10158.53055  
10172.72324  
10131.6786  
10106.24118  
10116.17955  
10120.55749  
10198.05304  
10323.13929  
10322.47767  
10257.1495  
10220.60896  
10207.00266  
10197.63108  
10209.01419  
10220.51683  
10226.59186  
10203.35712  
10210.86037  
10215.13473  
10190.83445  
10205.97447  
10236.80661  
10248.71529  
10249.18286  
10263.24764  
10247.53488  
10241.06817  
10257.02428  
10228.34321  
10244.56792  
10223.71122  
10214.85701  
10239.48293  
10192.38679  
10199.55501  
10215.27726  
10228.18412  
10261.53623  
10231.14085  
10209.45771  
10160.59417  
10158.81331  
10130.58627  
10150.58257  
10188.05644  
10202.46867  
10221.03931  
10237.83387  
10185.50603  
10197.30606  
10171.80722  
10129.1826  
10112.70254  
10167.32731  
10186.04795  
10221.84337  
10217.57614  
10181.69498  
10206.59551  
10204.38765  
10188.15696  
10175.24576  
10144.38502  
10111.25404  
10114.08177  
10100.84682  
10150.29399  
10230.68187  
10237.93724  
10225.22905  
10195.37621  
10187.42511  
10155.59506  
10152.38015  
10143.80681  
10134.94933  
10144.08594  
10186.82972  
10189.69463  
10156.56167  
10103.77103  
10092.64348  
10110.54741  
10150.73264  
10157.89462  
10231.50807  
10236.34867  
10267.00156  
10212.69827  
10205.0626  
10176.91957  
10198.11416  
10165.00869  
10141.11801  
10200.01527  
10266.59809  
10281.04142  
10230.51933  
10210.35103  
10201.57579  
10153.77428  
10117.84323  
10137.15347  
10228.20072  
10278.64112  
10258.94063  
10204.03751  
10178.76291  
10164.17169  
10169.59146  
10176.56977  
10180.35731  
10193.18105  
10174.34267  
10162.22862  
10129.5715  
10144.87359  
10129.62646  
10162.03559  
10247.8334  
10319.02482  
10324.67929  
10255.71831  
10191.82178  
10213.67455  
10182.14371  
10166.41704  
10205.87673  
10214.1954  
10197.03457  
10134.91098  
10224.72432  
10181.57331  
10273.80419  
10195.62045  
10116.68586  
10135.43781  
10144.96747  
10149.64425  
10238.43347  
10220.51676  
10216.28518  
10221.73948  
10210.03269  
10179.57381  
10129.04885  
10152.43106  
10155.3384  
10173.64464  
10188.66724  
10191.51258  
10143.70226  
10213.22617  
10199.05616  
10209.76672  
10146.15148  
10140.23386  
10168.93181  
10254.07319  
10291.35161  
10185.20496  
10094.68136  
10122.44123  
10090.90563  
10123.63096  
10158.05125  
10155.72389  
10152.33164  
10178.59345  
10193.64319  
10173.02288  
10216.69472  
10259.95965  
10248.53752  
10148.59367  
10154.13774  
10129.2045  
10145.33802  
10157.95697  
10176.63005  
10247.33248  
10291.72746  
10269.34353  
10211.55882  
10144.40023  
10147.01663  
10156.1654  
10181.53941  
10207.04407  
10244.88287  
10253.29013  
10271.16588  
10215.34063  
10198.48303  
10202.16799  
10177.23969  
10184.57224  
10196.36106  
10196.09902  
10191.76748  
10220.52059  
10235.84774  
10196.45675  
10159.05837  
10120.91836  
10154.36809  
10158.48439  
10160.59027  
10165.05079  
10202.99535  
10251.36163  
10252.13396  
10209.12807  
10149.16993  
10155.93522  
10173.28704  
10230.66578  
10258.95774  
10276.4357  
10216.93666  
10186.68002  
10158.84273  
10135.5844  
10175.8989  
10174.51833  
10118.19296  
10102.84102  
10144.3701  
10118.72089  
10176.48633  
10216.29561  
10217.17493  
10238.27674  
10187.75063  
10197.44968  
10180.77753  
10174.42591  
10205.23802  
10198.64079  
10193.87865  
10143.75984  
10113.75648  
10136.90537  
10200.11173  
10171.40158  
10215.17373  
10262.70823  
10221.80377  
10201.66445  
10245.2408  
10271.95965  
10319.01679  
10275.42456  
10246.19529  
10191.8825  
10201.45102  
10149.19201  
10133.65961  
10128.65404  
10126.22156  
10159.5046  
10149.74636  
10157.95236  
10186.55869  
10250.68155  
10284.88709  
10218.50922  
10159.22275  
10182.94353  
10218.7078  
10254.93046  
10271.59913  
10242.01497  
10228.53572  
10187.50765  
10150.48347  
10141.47919  
10175.90362  
10211.19561  
10211.01192  
10213.71433  
10185.36884  
10215.43258  
10203.39858  
10173.79095  
10200.48493  
10184.29962  
10206.28211  
10158.05553  
10101.84536  
10092.8008  
10144.65787  
10218.79611  
10210.20011  
10201.65505  
10213.24242  
10212.87163  
10180.84345  
10146.3609  
10112.88557  
10111.4917  
10090.63348  
10110.66358  
10161.43493  
10191.31579  
10191.43016  
10167.33022  
10189.09533  
10199.24469  
10189.7423  
10144.95619  
10090.83812  
10123.58964  
10196.29285  
10184.74494  
10153.52024  
10188.02675  
10211.72273  
10319.91133  
10298.09905  
10230.58928  
10199.91114  
10199.27097  
10228.09753  
10191.65325  
10158.10712  
10127.73777  
10191.86493  
10194.25678  
10217.54247  
10174.95875  
10188.06745  
10217.90905  
10245.26034  
10229.4458  
10202.60888  
10150.47586  
10152.6625  
10130.77422  
10147.21056  
10204.0536  
10273.20154  
10236.56244  
10183.50537  
10136.35035  
10174.20556  
10192.70767  
10251.52668  
10299.06533  
10272.76787  
10222.79518  
10141.50501  
10128.1919  
10198.84131  
10223.65597  
10218.63498  
10231.76463  
10205.32303  
10204.41665  
10202.24225  
10229.5203  
10256.01701  
10287.23475  
10258.18661  
10273.84334  
10255.16943  
10169.60759  
10242.52269  
10232.25404  
10137.88668  
10114.14175  
10098.50069  
10144.46072  
10157.78012  
10172.68317  
10191.63938  
10206.09355  
10243.91649  
10219.7284  
10242.06074  
10218.6834  
10162.13639  
10163.22511  
10113.59752  
10149.96867  
10150.28594  
10236.43385  
10241.15168  
10279.69447  
10260.00914  
10173.25527  
10141.15196  
10142.54723  
10118.59658  
10097.04644  
10072.07129  
10098.54528  
10130.55933  
10154.94528  
10152.75702  
10159.01804  
10132.48902  
10196.39118  
10255.90492  
10258.63343  
10159.03667  
10117.02003  
10165.84569  
10223.31449  
10201.6867  
10176.87547  
10126.82438  
10186.18648  
10243.86549  
10227.69463  
10153.04177  
10167.13583  
10186.00651  
10147.50161  
10116.20465  
10190.62011  
10198.9124  
10235.92148  
10278.35141  
10261.11186  
10191.88979  
10160.42005  
10193.01315  
10148.85214  
10158.56198  
10159.20043  
10168.52559  
10185.44793  
10203.12667  
10174.29016  
10195.25565  
10157.35617  
10218.63292  
10230.93764  
10218.03947  
10161.19684  
10122.37875  
10086.02483  
10162.96994  
10200.17987  
10179.00109  
10177.93561  
10165.69348  
10172.86808  
10181.09802  
10195.40325  
10246.91166  
10289.68972  
10230.95868  
10219.523  
10189.35454  
10190.55037  
10215.20799  
10155.73638  
10137.70407  
10192.00888  
10228.55007  
10131.75757  
10138.2088  
10151.75437  
10232.10164  
10271.91094  
10283.03318  
10265.29822  
10162.54946  
10113.87638  
10165.91803  
10161.46131  
10182.2415  
10200.7911  
10245.08331  
10243.5381  
10237.76869  
10240.27647  
10203.9097  
10208.52896  
10194.18429  
10186.11006  
10228.07796  
10258.42921  
10239.96074  
10198.62862  
10125.83577  
10130.35806  
10171.1008  
10206.1548  
10238.68903  
10285.84212  
10294.23364  
10253.39799  
10192.85136  
10204.16348  
10210.51954  
10122.66613  
10148.09623  
10176.74408  
10188.95436  
10146.77261  
10159.72213  
10171.21714  
10238.86337  
10282.28053  
10258.42604  
10183.45371  
10138.57486  
10114.85955  
10137.11227  
10142.7363  
10158.28447  
10209.61194  
10221.44749  
10158.64523  
10115.8223  
10161.62055  
10200.3701  
10243.61665  
10335.90062  
10257.46125  
10204.43169  
10132.95073  
10125.70028  
10146.40678  
10159.30458  
10154.74102  
10167.97614  
10161.9948  
10153.6192  
10153.79088  
10304.30645  
10192.50917  
10166.90286  
10152.79556  
10199.35105  
10196.96644  
10205.56733  
10135.29475  
10114.22601  
10157.6833  
10177.82914  
10131.58319  
10145.21462  
10209.66501  
10302.29021  
10365.94474  
10293.55512  
10182.62188  
10151.9423  
10140.69511  
10161.81085  
10179.36635  
10160.91422  
10172.09904  
10208.33495  
10243.12082  
10255.84075  
10196.59784  
10186.3232  
10169.78939  
10195.2438  
10214.36663  
10243.08322  
10204.65946  
10178.97384  
10232.86196  
10198.74103  
10197.45386  
10208.89492  
10196.28101  
10246.65287  
10255.88278  
10336.19249  
10333.39561  
10256.63792  
10135.60829  
10084.48283  
10083.62992  
10055.40224  
10092.01781  
10106.77126  
10100.227  
10140.2213  
10215.19134  
10215.43652  
10184.85837  
10129.61195  
10083.80741  
10162.38825  
10220.65348  
10215.48657  
10150.03286  
10183.91793  
10199.44019  
10246.96519  
10245.0552  
10227.82205  
10181.3358  
10145.29146  
10168.0066  
10151.50539  
10198.44181  
10177.24344  
10179.95058  
10161.06971  
10164.34283  
10211.79877  
10200.53262  
10188.78645  
10208.91664  
10218.07506  
10158.29289  
10123.84869  
10171.63903  
10225.56762  
10208.05707  
10193.34167  
10202.29609  
10191.72505  
10178.06828  
10194.6318  
10143.2507  
10143.00599  
10163.75739  
10209.27573  
10179.91682  
10119.31759  
10140.93947  
10206.0588  
10255.08097  
10229.01518  
10183.7432  
10160.89393  
10171.34843  
10120.78454  
10163.66252  
10172.21874  
10208.00901  
10205.91368  
10142.41709  
10125.26116  
10126.41305  
10197.23441  
10222.62873  
10235.44848  
10188.37744  
10176.9888  
10175.21658  
10187.36259  
10198.3578  
10132.70059  
10135.56287  
10143.4556  
10205.79141  
10242.95129  
10259.08273  
10232.07409  
10231.4767  
10211.63488  
10171.22781  
10108.08731  
10156.22789  
10153.28967  
10166.61489  
10184.15878  
10163.13243  
10152.16238  
10181.81115  
10245.80559  
10249.63451  
10223.58501  
10202.07404  
10197.54268  
10176.69419  
10122.3736  
10176.6855  
10239.67958  
10320.3874  
10290.8555  
10288.66776  
10266.77065  
10245.89069  
10204.27744  
10178.47629  
10171.55406  
10186.77152  
10234.43331  
10273.64932  
10219.49737  
10156.88841  
10140.58532  
10187.12197  
10227.64753  
10274.43891  
10258.44028  
10247.96676  
10213.15941  
10231.96177  
10217.1936  
10212.76755  
10259.82075  
10278.77648  
10258.80924  
10174.90969  
10209.5754  
10271.70101  
10130.12562  
10108.72619  
10116.4843  
10140.40332  
10214.2433  
10198.90768  
10216.65929  
10164.2809  
10179.36413  
10166.18808  
10167.11277  
10182.33513  
10168.22502  
10148.96364  
10173.56009  
10198.07617  
10221.00708  
10237.16096  
10237.538  
10156.822  
10136.83601  
10163.36681  
10232.89026  
10233.18609  
10232.51716  
10188.71753  
10184.9212  
10111.72163  
10105.83491  
10114.32392  
10145.23677  
10143.94297  
10176.38317  
10137.78395  
10263.40804  
10207.2372  
10155.95363  
10125.18116  
10135.86528  
10168.04324  
10178.56944  
10178.999  
10164.6681  
10137.15602  
10201.12341  
10184.98144  
10219.29281  
10160.81705  
10143.93636  
10193.27002  
10137.98258  
10167.32973  
10152.22831  
10188.18693  
10139.88292  
10190.72622  
10194.53451  
10200.46886  
10167.3591  
10156.66228  
10151.81766  
10210.93053  
10244.33236  
10238.44975  
10195.75919  
10174.28644  
10187.07852  
10188.00447  
10188.28951  
10224.22015  
10215.20173  
10151.57871  
10134.38005  
10183.81939  
10244.91882  
10237.64756  
10226.96559  
10180.3854  
10172.18497  
10180.92117  
10246.3274  
10241.68178  
10267.95682  
10214.26493  
10238.4212  
10211.95602  
10227.07514  
10189.55944  
10218.50568  
10236.15734  
10245.19214  
10198.94806  
10206.98346  
10208.24773  
10232.96681  
10201.91718  
10191.74201  
10134.86233  
10148.77926  
10202.74113  
10156.27228  
10134.37815  
10186.07006  
10218.56807  
10319.85349  
10267.78194  
10175.14992  
10157.1267  
10151.73131  
10234.08709  
10233.19  
10227.4432  
10196.54112  
10157.27515  
10143.11128  
10181.27698  
10186.8079  
10168.97377  
10122.15051  
10167.37706  
10194.62046  
10208.2335  
10216.09864  
10152.65919  
10159.00408  
10118.63645  
10146.86259  
10164.15962  
10216.33456  
10235.52672  
10213.06529  
10142.70855  
10125.99682  
10154.22244  
10159.27407  
10163.61739  
10150.96097  
10157.2885  
10227.81182  
10194.69082  
10191.79388  
10125.34297  
10107.48557  
10143.04523  
10163.39402  
10227.32392  
10269.08259  
10276.42248  
10213.85237  
10214.42127  
10215.9735  
10184.62922  
10141.14263  
10180.01884  
10139.0116  
10155.96131  
10187.14063  
10149.30553  
10183.72952  
10187.36128  
10239.63202  
10213.03618  
10143.18078  
10167.14487  
10230.07391  
10185.13099  
10119.0752  
10145.44576  
10155.08534  
10213.16042  
10277.23467  
10224.74076  
10197.78632  
10177.87604  
10164.56637  
10145.99848  
10116.58863  
10161.21256  
10151.01681  
10150.69551  
10107.77046  
10174.40428  
10229.30336  
10230.73326  
10236.65666  
10211.08933  
10229.60703  
10171.15914  
10208.84619  
10214.97389  
10242.73436  
10182.44402  
10223.43912  
10194.86526  
10248.04442  
10227.22476  
10139.35708  
10232.57267  
10122.8189  
10194.81128  
10185.60527  
10196.16082  
10173.73639  
10204.99805  
10246.57123  
10186.44702  
10189.07453  
10193.43463  
10169.50262  
10268.01925  
10154.7558  
10168.50266  
10197.54722  
10210.82712  
10249.26595  
10236.91297  
10218.37174  
10203.01054  
10152.11721  
10216.9341  
10215.48217  
10202.32538  
10175.47048  
10195.24575  
10194.33504  
10175.61658  
10245.30491  
10231.95816  
10240.20274  
10231.06672  
10278.88605  
10184.60744  
10167.07603  
10143.60871  
10198.69276  
10230.53233  
10187.34621  
10153.9755  
10145.12913  
10191.22314  
10202.18297  
10250.42205  
10171.51512  
10147.86946  
10158.59601  
10080.3974  
9985.508456  
10166.7415  
10238.12049  
10209.86342  
10241.77359  
10233.4108  
10233.91675  
10223.11048  
10254.1617  
10204.04441  
10146.92767  
10157.00327  
10114.19882  
10137.75873  
10151.41992  
10207.2999  
10172.60199  
10219.20482  
10230.58101  
10187.83082  
10107.85452  
10147.94851  
10143.30164  
10148.93506  
10130.13551  
10151.27371  
10187.19738  
10143.2753  
10194.66223  
10171.13346  
10143.73567  
10081.93201  
10141.99331  
10149.60308  
10154.21264  
10244.47046  
10209.40696  
10215.19647  
10154.80828  
10209.43012  
10191.54658  
10167.18204  
10236.92809  
10213.5471  
10156.54802  
10170.77203  
10173.73602  
10176.27625  
10201.45785  
10207.75969  
10258.8639  
10286.17741  
10203.53446  
10233.46201  
10213.97691  
10201.79773  
10166.41237  
10182.73999  
10161.35555  
10205.6751  
10170.94141  
10157.41727  
10203.17708  
10146.86659  
10119.3758  
10151.34332  
10161.7079  
10213.02223  
10226.35867  
10183.27623  
10217.01169  
10239.36117  
