9784.707153  
9711.876971  
9613.342146  
9633.475359  
9670.144671  
9616.68832  
9670.558507  
9678.982666  
9627.491874  
9646.123134  
9659.076329  
9655.997506  
9607.321254  
9688.083357  
9592.276245  
9677.358433  
9624.25701  
9693.461356  
9552.840489  
9608.692034  
9651.913679  
9614.226597  
9592.280326  
9605.286482  
9659.53057  
9656.176723  
9645.695557  
9601.869141  
9603.448748  
9672.787197  
9704.130493  
9675.823486  
9685.687378  
9636.589443  
9681.571219  
9662.968645  
9754.296404  
9738.841849  
9723.934169  
9691.099976  
9769.697789  
9662.530396  
9636.689924  
9653.235456  
9596.179827  
9682.085414  
9703.020857  
9688.02063  
9625.715262  
9643.770386  
9631.864014  
9586.845215  
9664.091152  
9580.205688  
9597.593175  
9622.937727  
9609.038121  
9674.042986  
9659.213588  
9641.708496  
9653.046753  
9666.289708  
9639.712367  
9650.250698  
9634.48366  
9723.778181  
9700.438511  
9648.198068  
9712.212193  
9682.802822  
9652.506051  
9708.78751  
9720.9262  
9682.20173  
9694.353551  
9713.310878  
9673.875035  
9736.341867  
9640.698591  
9516.797276  
9552.16047  
9591.927107  
9629.767561  
9614.787493  
9566.511405  
9635.847918  
9660.908011  
9648.110404  
9632.544713  
9614.710728  
9693.854283  
9690.176967  
9625.851144  
9672.497611  
9653.013689  
9689.204084  
9751.314628  
9677.58735  
9682.864641  
9653.431676  
9728.035854  
9651.472168  
9686.221802  
9668.54984  
9605.675589  
9646.787929  
9635.104457  
9647.532819  
9677.459194  
9642.951381  
9654.963972  
9629.659633  
9631.629569  
9697.165004  
9681.441389  
9708.609044  
9634.588885  
9633.657593  
9604.153268  
9639.043004  
9643.682879  
9629.979893  
9635.823138  
9622.043335  
9598.943255  
9686.20091  
9685.699794  
9673.361973  
9630.965698  
9619.891078  
9629.262469  
9666.788173  
9659.92116  
9689.053118  
9646.853306  
9650.572824  
9643.655849  
9666.915231  
9643.441302  
9661.244734  
9663.869245  
9652.086618  
9606.027379  
9622.381086  
9658.679391  
9623.953631  
9644.486607  
9680.382551  
9676.25912  
9673.470232  
9669.228777  
9679.709176  
9652.218959  
9671.86227  
9638.738735  
9666.29759  
9656.946376  
9635.899885  
9563.976894  
9601.771362  
9664.626273  
9634.395107  
9618.65353  
9591.997437  
9626.915458  
9611.48931  
9614.322161  
9606.513777  
9570.307199  
9665.938721  
9653.136998  
9705.277431  
9678.203073  
9657.401629  
9742.88222  
9637.258109  
9639.538243  
9641.538696  
9641.992763  
9638.443516  
9657.001064  
9669.545044  
9704.263428  
9693.803606  
9653.906355  
9669.898873  
9626.453544  
9624.634992  
9590.610857  
9627.153826  
9619.336182  
9698.577811  
9681.53901  
9690.679234  
9699.610195  
9626.320452  
9639.855486  
9632.70309  
9639.116821  
9643.92245  
9632.968471  
9664.299962  
9659.002302  
9656.621355  
9665.899379  
9666.692243  
9655.910505  
9617.898978  
9618.062919  
9664.360788  
9691.689261  
9593.242432  
9663.726493  
9640.068848  
9636.715123  
9677.459333  
9747.903425  
9648.101144  
9701.416609  
9704.822457  
9617.883981  
9695.848022  
9669.125663  
9633.285505  
9668.616403  
9665.372367  
9617.591745  
9636.889788  
9638.414673  
9663.637277  
9632.449916  
9632.69826  
9662.394897  
9585.231934  
9634.226336  
9590.976388  
9653.235195  
9694.673654  
9692.0497  
9725.718244  
9671.592303  
9726.150879  
9635.758423  
9505.200527  
9590.163557  
9639.430682  
9579.122593  
9694.680908  
9632.797119  
9634.89903  
9607.179635  
9642.102086  
9591.825893  
9586.709577  
9687.790527  
9680.25429  
9630.121652  
9676.523699  
9655.71446  
9633.517194  
9603.450631  
9654.831927  
9609.574585  
9650.130859  
9712.984741  
9692.280273  
9694.642125  
9723.613055  
9680.498832  
9700.617292  
9592.657976  
9619.472534  
9598.641933  
9581.073347  
9553.280709  
9644.541818  
9674.738613  
9671.48298  
9719.849418  
9686.778617  
9673.276263  
9696.040737  
9662.596052  
9687.630336  
9666.52975  
9621.890119  
9669.362723  
9622.09504  
9621.706752  
9623.542672  
9638.038592  
9559.311035  
9642.012312  
9596.464425  
9642.024397  
9604.45888  
9604.644653  
9689.924595  
9660.243182  
9662.462891  
9691.400408  
9662.350848  
9640.120623  
9644.550991  
9631.956002  
9620.504621  
9630.665615  
9663.178519  
9587.478184  
9606.125523  
9642.713606  
9631.751657  
9666.371809  
9652.911255  
9611.604056  
9631.102923  
9657.171055  
9660.029768  
9626.78561  
9624.719151  
9679.696516  
9709.285871  
9660.189662  
9701.892927  
9740.251657  
9725.851127  
9718.558193  
9662.497088  
9685.503244  
9641.605835  
9624.537231  
9608.657976  
9609.702846  
9613.85873  
9673.363456  
9627.058611  
9660.216466  
9676.092163  
9593.593105  
9622.808716  
9665.964094  
9719.819911  
9720.50218  
9769.969169  
9750.336269  
9730.835257  
9701.118931  
9722.421823  
9709.201678  
9721.393241  
9744.426723  
9751.310931  
9716.451451  
9638.923253  
9610.981463  
9545.265817  
9587.278913  
9588.207397  
9650.856393  
9596.933629  
9613.22243  
9639.714181  
9641.376116  
9626.950596  
9643.589582  
9658.773403  
9661.066145  
9691.254656  
9682.446795  
9674.654489  
9695.067801  
9679.750593  
9638.092494  
9707.915824  
9678.644584  
9712.379238  
9616.066528  
9669.018154  
9633.868914  
9611.620588  
9650.2869  
9600.709281  
9638.22597  
9640.200038  
9680.817191  
9668.473615  
9680.848179  
9700.835327  
9705.013323  
9662.871059  
9601.745483  
9560.375052  
9570.101929  
9720.700736  
9637.976981  
9707.786621  
9686.934448  
9697.462803  
9636.646066  
9610.670166  
9577.510917  
9627.359776  
9626.230259  
9658.884766  
9632.579607  
9627.365984  
9604.218209  
9665.013724  
9595.266479  
9624.491159  
9596.020996  
9644.604684  
9683.773054  
9705.016706  
9696.295183  
9649.579067  
9661.296055  
9680.703927  
9666.32516  
9663.543806  
9698.048165  
9656.473267  
9667.893816  
9755.798375  
9633.185495  
9659.58653  
9613.529977  
9621.234776  
9638.493652  
9634.208566  
9649.635917  
9629.246704  
9629.942086  
9648.094918  
9690.584072  
9598.900199  
9632.240182  
9647.291853  
9645.031581  
9687.852068  
9650.670166  
9634.44887  
9612.512207  
9674.933681  
9695.400757  
9613.350342  
9635.107387  
9653.266445  
9642.462577  
9614.61016  
9552.809623  
9536.899728  
9597.122262  
9669.729039  
9661.96875  
9671.049613  
9690.051252  
9674.815639  
9727.44615  
9704.818394  
9673.986729  
9614.574986  
9667.416626  
9631.483207  
9614.494158  
9557.575788  
9602.142212  
9678.231341  
9666.960135  
9694.116961  
9636.699585  
9697.729701  
9640.444981  
9681.998396  
9665.595546  
9639.595668  
9664.37228  
9612.138986  
9640.331944  
9643.98148  
9716.469744  
9660.964286  
9668.731288  
9702.529785  
9732.869908  
9685.858241  
9733.630458  
9688.944144  
9601.867292  
9652.736537  
9660.743461  
9601.843506  
9706.972935  
9681.166643  
9668.828369  
9661.74013  
9664.865827  
9679.869123  
9609.997123  
9701.322056  
9600.325928  
9592.932146  
9575.874808  
9555.438407  
9560.53751  
9594.162842  
9669.101109  
9709.517735  
9712.288278  
9698.212995  
9708.098964  
9686.819859  
9639.840803  
9629.801862  
9677.710362  
9633.881906  
9661.030692  
9683.777466  
9675.195539  
9640.89406  
9647.894671  
9637.861712  
9664.009434  
9695.725778  
9608.154018  
9649.03908  
9646.210624  
9613.090506  
9668.525966  
9733.320626  
9697.359462  
9710.535313  
9688.133301  
9681.935163  
9687.93893  
9658.478481  
9670.910453  
9607.723685  
9522.378523  
9527.890625  
9604.561541  
9636.256348  
9628.999268  
9589.496617  
9644.592756  
9676.191685  
9622.978655  
9729.137451  
9653.710066  
9652.983486  
9701.658953  
9653.391567  
9658.876256  
9607.53704  
9606.652815  
9584.462681  
9719.060721  
9634.001517  
9703.201311  
9666.69172  
9669.096087  
9734.744734  
9729.09661  
9708.411098  
9666.603062  
9683.69329  
9669.086321  
9625.591082  
9582.980103  
9595.391654  
9513.766044  
9500.151071  
9696.064732  
9706.304949  
9726.994385  
9744.759382  
9695.965193  
9673.960589  
9705.937204  
9702.951189  
9721.992902  
9681.691441  
9656.912807  
9681.623553  
9658.472395  
9673.576521  
9706.449393  
9683.410034  
9639.45459  
9749.963937  
9590.731986  
9654.942226  
9650.601144  
9612.471872  
9523.014858  
9540.14617  
9589.769182  
9713.744995  
9769.621216  
9731.044294  
9714.405622  
9660.394863  
9709.711792  
9707.692139  
9708.159773  
9676.997384  
9622.825457  
9613.463152  
9713.14624  
9705.739641  
9690.163888  
9687.457101  
9679.281006  
9634.448957  
9645.268311  
9649.826747  
9693.067923  
9665.181484  
9634.130563  
9640.015084  
9585.112008  
9604.704136  
9606.894461  
9676.260829  
9582.691005  
9606.873675  
9551.738177  
9622.336583  
9660.668126  
9638.552996  
9553.993652  
9692.24081  
9672.416452  
9665.701869  
9593.160278  
9642.537319  
9698.938267  
9631.512957  
9610.852068  
9594.673113  
9611.500453  
9609.678781  
9584.31189  
9604.748099  
9714.816249  
9625.911987  
9645.469936  
9662.730835  
9654.282209  
9683.711094  
9686.748204  
9690.157052  
9685.585362  
9703.940011  
9648.615601  
9644.401472  
9603.551235  
9611.957084  
9538.967111  
9614.303973  
9737.769287  
9684.026995  
9736.102068  
9675.437099  
9655.008092  
9717.292916  
9652.111084  
9705.79834  
9636.88984  
9604.695469  
9647.792707  
9589.503871  
9600.739118  
9687.84082  
9712.283569  
9668.239764  
9672.759452  
9583.697597  
9681.421195  
9693.964443  
9744.451991  
9687.100586  
9625.362549  
9715.734759  
9660.822789  
9655.443359  
9653.582136  
9631.797311  
9631.736938  
9663.319109  
9678.356899  
9655.445452  
9722.887294  
9693.275077  
9653.999738  
9665.194441  
9646.097151  
9671.227312  
9715.629778  
9687.6939  
9700.842477  
9706.2259  
9677.007185  
9707.036848  
9690.715628  
9643.389212  
9681.292655  
9654.656756  
9669.322266  
9625.588239  
9635.125994  
9615.360857  
9666.413853  
9583.758684  
9627.979632  
9607.02996  
9611.059082  
9585.396293  
9544.439209  
9550.901472  
9622.209787  
9571.55127  
9673.263846  
9672.681745  
9671.8765  
9719.670707  
9664.989833  
9625.376779  
9674.798009  
9639.018084  
9661.33102  
9721.917864  
9661.032715  
9617.1506  
9599.652396  
9582.055437  
9590.272356  
9568.291783  
9581.569179  
9655.291312  
9703.490479  
9672.47597  
9668.058332  
9635.857474  
9620.440203  
9658.906982  
9586.163853  
9605.013811  
9693.161394  
9635.91626  
9669.752563  
9626.983346  
9641.493879  
9643.345354  
9627.145159  
9575.729841  
9619.359671  
9671.661185  
9646.999093  
9641.548567  
9696.909982  
9744.269688  
9685.495553  
9737.109794  
9722.964983  
9708.957328  
9683.143781  
9717.088693  
9674.35512  
9673.959961  
9666.318011  
9606.090524  
9671.823138  
9707.985944  
9674.459246  
9694.716169  
9722.20016  
9664.924003  
9678.323172  
9677.815796  
9624.992362  
9733.668509  
9672.697144  
9649.935617  
9707.665998  
9632.692383  
9630.994263  
9682.821341  
9639.497872  
9498.990112  
9562.290301  
9625.081002  
9686.500419  
9671.819144  
9677.619978  
9657.13079  
9742.714879  
9719.295149  
9673.593175  
9649.593506  
9649.915667  
9635.377999  
9592.282314  
9638.736799  
9594.966448  
9608.604841  
9697.410679  
9609.12432  
9666.11778  
9611.585868  
9715.721819  
9663.624093  
9656.169329  
9669.773002  
9646.432844  
9622.247733  
9644.816476  
9683.204136  
9605.119542  
9598.7564  
9656.323138  
9652.137259  
9660.587821  
9668.249442  
9680.83803  
9655.505859  
9673.506417  
9642.115391  
9641.358887  
9665.084595  
9593.928798  
9590.987374  
9648.602365  
9652.553641  
9690.407296  
9666.61581  
9703.33013  
9683.258458  
9627.539638  
9527.458688  
9539.355992  
9621.186994  
9570.131452  
9636.388933  
9662.322981  
9703.183419  
9605.506592  
9702.146415  
9703.185181  
9709.177124  
9691.023891  
9583.898176  
9704.185983  
9669.880737  
9677.962821  
9662.365914  
9734.724592  
9593.70016  
9644.281651  
9594.775861  
9656.60934  
9635.851615  
9643.949236  
9650.83156  
9677.373064  
9704.53343  
9585.674822  
9636.512626  
9590.873029  
9548.172276  
9592.100917  
9649.629656  
9695.851754  
9733.578997  
9675.678571  
9667.670009  
9724.47093  
9683.054286  
9676.585345  
9640.474906  
9655.085066  
9652.558036  
9664.232422  
9698.263375  
9628.785784  
9718.649693  
9676.212873  
9703.430455  
9698.957153  
9657.07666  
9669.55767  
9647.105015  
9663.107701  
9577.578875  
9604.325003  
9608.25776  
9640.592651  
9613.05971  
9638.564854  
9654.688372  
9562.421683  
9652.432739  
9690.499128  
9668.789342  
9716.676043  
9740.530762  
9693.528913  
9704.1747  
9697.437587  
9656.82448  
9649.562256  
9608.572004  
9648.513393  
9653.17538  
9655.679496  
9709.721749  
9641.309832  
9693.920672  
9648.883266  
9636.327741  
9628.86506  
9573.705113  
9565.510149  
9621.057826  
9632.48155  
9681.33749  
9662.037859  
9666.484113  
9672.756696  
9669.392212  
9694.174438  
9655.593628  
9653.462734  
9661.232003  
9667.154593  
9579.580688  
9733.615008  
9677.13283  
9734.336914  
9706.719151  
9704.026594  
9592.154733  
9598.413853  
9636.916504  
9509.821655  
9505.467878  
9520.081874  
9477.854806  
9631.347918  
9677.844413  
9736.374721  
9708.285993  
9647.471959  
9633.604998  
9656.052926  
9668.418841  
9648.616647  
9649.351737  
9708.294556  
9673.77757  
9658.081212  
9699.999128  
9670.040057  
9628.596331  
9653.4183  
9683.79398  
9673.763672  
9573.099261  
9600.854806  
9583.829241  
9641.942976  
9660.64624  
9652.883248  
9660.155814  
9699.219273  
9685.415876  
9672.948103  
9609.94955  
9680.442801  
9630.531651  
9629.517421  
9629.756696  
9662.286464  
9632.022653  
9645.459787  
9672.598354  
9674.45391  
9678.071376  
9669.164115  
9626.255511  
9674.482771  
9636.482945  
9723.939296  
9752.606271  
9684.829677  
9712.030675  
9631.895665  
9611.798567  
9639.842704  
9556.894217  
9564.440796  
9677.261754  
9685.15135  
9656.216535  
9637.810355  
9683.773542  
9643.581194  
9709.815709  
9762.931222  
9694.352748  
9712.190517  
9679.110299  
9634.052996  
9697.817487  
9702.316284  
9670.616159  
9663.361136  
9661.920515  
9630.250889  
9773.559344  
9713.98073  
9680.546666  
9701.8765  
9660.141009  
9576.322771  
9621.667742  
9573.66905  
9576.982736  
9656.537388  
9716.502215  
9689.577271  
9675.940866  
9679.613368  
9694.660784  
9647.504656  
9633.581892  
9645.223022  
9591.340768  
9606.901263  
9535.226388  
9669.429025  
9639.666347  
9732.353411  
9665.476545  
9650.244559  
9624.725028  
9598.456421  
9650.190325  
9586.278338  
9614.513149  
9642.233608  
9590.605207  
9584.296648  
9662.0704  
9630.381226  
9620.998622  
9658.850917  
9618.581037  
9682.501238  
9621.156669  
9645.754063  
9641.240043  
9595.287999  
9659.184884  
9620.20255  
9594.70799  
9681.885045  
9641.984776  
9670.101092  
9659.517944  
9665.193952  
9651.057966  
9555.118827  
9683.62432  
9569.997245  
9633.769531  
9695.834821  
9699.462803  
9693.310704  
9683.841082  
9654.430158  
9648.331212  
9735.156477  
9683.115792  
9700.543387  
9622.805978  
9715.39263  
9715.944127  
9663.568185  
9660.882516  
9716.733747  
9678.49918  
9680.733294  
9717.633039  
9642.465175  
9677.660924  
9613.032889  
9651.593506  
9642.798514  
9681.120553  
9636.916155  
9657.763166  
9577.299805  
9631.220128  
9640.617083  
9640.457746  
9671.574289  
9661.13058  
9699.26355  
9709.885725  
9645.135603  
9629.008126  
9612.273368  
9590.614275  
9628.970546  
9611.188721  
9664.24864  
9628.024466  
9629.081386  
9724.93382  
9662.328509  
9724.304077  
9707.318115  
9700.768032  
9688.02206  
9659.581403  
9660.609619  
9656.79412  
9676.051932  
9706.530396  
9682.264108  
9687.282296  
9680.846627  
9632.331369  
9614.964844  
9542.290248  
9625.043248  
9574.596924  
9679.08796  
9600.240165  
9659.143084  
9612.834664  
9601.019793  
9625.3174  
9605.05671  
9636.488403  
9704.084229  
9696.401106  
9716.755702  
9637.013236  
9706.11724  
9674.227557  
9601.297015  
9614.652832  
9598.364798  
9594.676723  
9539.910296  
9535.141741  
9608.243356  
9645.862095  
9739.529053  
9747.13133  
9702.599086  
9737.054129  
9663.156791  
9703.615583  
9674.638602  
9679.680559  
9663.860439  
9659.419172  
9620.42048  
9609.003244  
9632.421195  
9667.867885  
9662.793631  
9754.100098  
9702.198783  
9787.275059  
9691.106637  
9707.732021  
9686.07033  
9695.087978  
9658.001988  
9621.347046  
9625.47447  
9575.829171  
9634.243495  
9571.420602  
9592.19615  
9614.495815  
9614.916085  
9551.144392  
9598.106689  
9565.679217  
9647.365095  
9599.493025  
9680.608765  
9664.766915  
9658.725987  
9683.705619  
9707.131156  
9669.202567  
9691.256592  
9643.665684  
9669.98019  
9643.148403  
9658.489066  
9628.320801  
9605.601685  
9671.278826  
9676.88508  
9642.485212  
9673.875017  
9683.815691  
9682.721784  
9709.893747  
9687.052979  
9725.051235  
9667.876831  
9696.537371  
9630.4631  
9614.254621  
9679.922503  
9658.038103  
9661.94526  
9587.44179  
9591.860055  
9561.385986  
9613.946568  
9735.459577  
9731.912824  
9648.19948  
9644.748901  
9710.604701  
9675.78772  
9675.942732  
9646.245483  
9686.069266  
9618.019305  
9668.734009  
9676.880772  
9599.424962  
9691.506295  
9632.956578  
9645.152536  
9653.756871  
9658.273908  
9616.196376  
9663.354754  
9670.902867  
9640.068673  
9703.125209  
9705.517351  
9689.408657  
9611.18886  
9650.994019  
9677.647409  
9612.34382  
9615.658203  
9598.440709  
9662.845965  
9639.815342  
9661.327079  
9627.26069  
9641.240845  
9716.010725  
9671.390538  
9654.086687  
9634.208932  
9706.73019  
9734.875192  
9695.658813  
9685.091954  
9655.202183  
9651.175764  
9627.792341  
9636.191738  
9613.92055  
9619.755807  
9580.012573  
9654.380022  
9613.791312  
9674.588222  
9617.983381  
9665.930838  
9632.840559  
9714.138201  
9697.513672  
9706.770891  
9678.845319  
9682.705514  
9636.197789  
9642.939209  
9641.222691  
9645.430594  
9637.889648  
9572.835484  
9582.678223  
9656.187919  
9673.414655  
9637.399833  
9677.978149  
9705.783378  
9662.962245  
9667.164882  
9604.129935  
9585.481759  
9587.538173  
9598.841622  
9570.172067  
9662.677159  
9657.494908  
9638.403704  
9693.845232  
9702.251674  
9709.261963  
9679.364572  
9716.928606  
9710.361764  
9676.972639  
9632.480172  
9622.519461  
9672.002319  
9604.050746  
9627.481689  
9651.061715  
9654.793056  
9673.755563  
9574.546038  
9656.48434  
9519.598075  
9616.894758  
9618.818412  
9612.116159  
9675.504028  
9642.728132  
9646.158343  
9651.048427  
9610.327427  
9583.464024  
9542.243827  
9634.481131  
9654.23781  
9643.161115  
9634.679949  
9672.863543  
9677.140119  
9663.472395  
9635.16626  
9650.259051  
9667.589373  
9609.320818  
9658.807356  
9691.81958  
9645.708601  
9662.382429  
9692.766776  
9678.868129  
9638.454642  
9639.519932  
9680.956124  
9693.5113  
9718.852121  
9715.781721  
9671.050398  
9665.087193  
9720.534755  
9684.817575  
9728.90986  
9681.95234  
9736.551147  
9696.543876  
9720.105399  
9687.824829  
9715.635795  
9676.469552  
9703.144514  
9668.354335  
9684.014317  
9645.224522  
9630.681309  
9573.481637  
9572.415405  
9573.457955  
9578.699114  
9673.740252  
9664.647042  
9681.899763  
9749.78064  
9682.399135  
9646.852888  
9673.115147  
9739.36363  
9600.072004  
9714.913836  
9643.866647  
9572.826625  
9648.672398  
9566.474836  
9604.30106  
9577.871355  
9622.391898  
9590.824393  
9574.848929  
9657.339338  
9618.152954  
9624.257167  
9635.224923  
9681.746652  
9675.391881  
9658.979039  
9710.494263  
9611.612758  
9597.111886  
9631.61567  
9667.150303  
9666.893781  
9670.75851  
9662.632812  
9606.726022  
9657.214844  
9611.711217  
9636.702602  
9638.197702  
9699.548741  
9715.07026  
9708.254656  
9667.563058  
9672.478481  
9661.627372  
9660.243077  
9638.638777  
9633.939715  
9610.491804  
9598.652379  
9577.133266  
9656.975045  
9639.210833  
9722.026699  
9626.265329  
9707.845285  
9692.786865  
9650.66973  
9628.486293  
9658.942557  
9675.393921  
9679.022688  
9658.516044  
9674.87561  
9649.459124  
9687.990479  
9667.714146  
9715.414865  
9668.299177  
9712.683855  
9638.77138  
9666.685634  
9631.073521  
9579.568813  
9594.945609  
9593.157976  
9575.533378  
9572.93961  
9539.284197  
9535.344604  
9616.916713  
9581.033569  
9641.573783  
9658.123448  
9741.378069  
9699.285017  
9688.04677  
9651.957171  
9713.052264  
9708.372785  
9732.462176  
9658.825788  
9672.922259  
9675.153163  
9745.134417  
9718.518223  
9700.806379  
9724.155308  
9692.112165  
9705.721418  
9685.009452  
9713.820714  
9671.736503  
9664.630249  
9608.888794  
9704.549404  
9676.609096  
9665.283988  
9706.788487  
9664.612898  
9598.890799  
9687.061959  
9636.070173  
9699.690447  
9677.467372  
9664.332223  
9701.234131  
9588.891706  
9605.473127  
9639.291835  
9597.406948  
9635.624512  
9666.129953  
9696.85723  
9669.140032  
9672.611206  
9679.694598  
9686.753052  
9671.143101  
9681.099923  
9682.357143  
9689.932373  
9595.942732  
9716.244001  
9625.843663  
9669.758737  
9585.267299  
9601.645961  
9623.891026  
9620.294155  
9624.542393  
9593.365409  
9674.873866  
9596.262102  
9605.625157  
9569.654279  
9608.211077  
9681.98945  
9645.717808  
9660.928571  
9683.627668  
9629.155029  
9641.675572  
9622.324097  
9594.442836  
9636.288661  
9624.271659  
9627.050938  
9632.612514  
9601.54391  
9633.075928  
9690.558001  
9663.35948  
9671.679461  
9603.069371  
9642.911726  
9623.754203  
9603.989973  
9603.391113  
9698.429897  
9629.546265  
9619.053938  
9657.152361  
9654.291225  
9652.451573  
9628.65754  
9603.521729  
9650.910924  
9695.139457  
9710.672485  
9663.10151  
9722.484549  
9691.555507  
9639.47651  
9705.356027  
9669.237915  
9635.787824  
9674.430769  
9560.846261  
9628.115531  
9647.12561  
9593.611276  
9664.521048  
9657.816424  
9668.207973  
9662.755005  
9664.783552  
9668.165597  
9639.970302  
9682.349557  
9696.829729  
9680.964966  
9691.673689  
9675.335885  
9661.661412  
9688.283622  
9639.915388  
9648.900269  
9683.071708  
9687.512294  
9650.788539  
9669.307739  
9698.81686  
9686.147548  
9676.406145  
9692.719064  
9672.076015  
9630.675066  
9676.869768  
9679.368652  
9630.084159  
9745.824323  
9667.63855  
9648.567278  
9594.167812  
9589.311332  
9605.226092  
9651.961321  
9554.21371  
9639.960257  
9668.318883  
9599.418631  
9651.96385  
9635.231724  
9691.47944  
9679.113211  
9696.890294  
9624.757377  
9629.720912  
9693.011475  
9691.556187  
9671.189523  
9696.908255  
9646.084891  
9640.830706  
9569.31958  
9592.510184  
9641.482439  
9616.433367  
9634.80127  
9577.540091  
9681.734863  
9676.374686  
9673.489014  
9634.504272  
9609.825492  
9668.731393  
9605.405675  
9691.002232  
9596.318377  
9712.028756  
9643.504482  
9651.563599  
9643.149065  
9725.968872  
9681.176636  
9682.034215  
9620.058698  
9633.23162  
9608.022862  
9601.074254  
9647.784563  
9617.80045  
9641.222447  
9686.422049  
9670.05835  
9651.9085  
9652.485404  
9639.689157  
9598.431048  
9692.674909  
9680.114171  
9694.305472  
9682.554967  
9610.400164  
9662.108538  
9675.981428  
9618.056187  
9604.697266  
9676.999686  
9694.802769  
9690.410156  
9691.859061  
9607.55739  
