8596.543866  
8576.978648  
8558.104001  
8553.928889  
8585.530592  
8598.32815  
8631.597716  
8632.966256  
8623.071694  
8649.280219  
8610.896622  
8624.826322  
8607.476507  
8565.058349  
8531.393048  
8528.760825  
8528.025599  
8570.803444  
8607.452448  
8594.431058  
8608.805995  
8626.665672  
8593.9274  
8573.61299  
8492.580902  
8535.42473  
8543.855652  
8557.622414  
8547.031004  
8608.329222  
8669.216655  
8701.535507  
8681.760264  
8658.351704  
8654.087191  
8697.442864  
8622.842953  
8662.580952  
8643.018298  
8584.945073  
8619.307355  
8652.847133  
8633.957756  
8600.382  
8621.885752  
8602.135701  
8600.476754  
8519.926053  
8551.013041  
8491.838427  
8557.353786  
8511.02596  
8531.452154  
8556.325475  
8546.687014  
8630.621894  
8665.714898  
8689.109808  
8639.480226  
8570.726985  
8584.357357  
8562.412803  
8565.238449  
8601.601297  
8642.998587  
8617.871897  
8620.877486  
8609.990756  
8580.122867  
8557.164671  
8593.311402  
8609.991828  
8702.933779  
8727.893004  
8686.888146  
8669.393402  
8665.843389  
8570.908361  
8610.877425  
8427.209703  
8513.141799  
8530.238788  
8484.197671  
8481.557482  
8561.973919  
8572.763545  
8606.542099  
8597.602804  
8563.908414  
8562.571983  
8557.564823  
8562.148296  
8562.279769  
8584.402555  
8585.095664  
8546.606679  
8563.940649  
8564.826599  
8558.413972  
8571.711349  
8630.781875  
8645.328243  
8592.114087  
8570.965082  
8572.035672  
8577.478918  
8593.880933  
8564.980804  
8627.156262  
8612.336126  
8645.785372  
8624.144184  
8677.044581  
8685.964003  
8668.222545  
8627.574681  
8619.85598  
8579.082138  
8578.698839  
8512.886614  
8587.041621  
8552.487174  
8598.490287  
8624.49503  
8557.045016  
8593.788218  
8584.816725  
8552.498136  
8583.627635  
8560.789447  
8588.952423  
8603.126156  
8609.784279  
8599.921184  
8647.134756  
8626.655962  
8589.032575  
8566.593856  
8556.089366  
8574.070591  
8562.871902  
8583.097282  
8562.44248  
8544.921586  
8540.778833  
8558.490158  
8611.611814  
8679.656412  
8672.584652  
8597.009714  
8573.033763  
8583.068367  
8605.741012  
8643.653227  
8598.990508  
8540.898439  
8534.674719  
8578.453612  
8572.068181  
8480.935003  
8567.577309  
8578.47855  
8571.949208  
8561.09959  
8530.391277  
8611.586257  
8638.766754  
8677.113154  
8670.715778  
8617.074917  
8585.209749  
8588.471655  
8626.399844  
8605.133073  
8634.49581  
8638.127268  
8602.772235  
8589.5999  
8603.89316  
8602.885747  
8574.795862  
8605.496026  
8592.535216  
8520.476295  
8554.639678  
8584.220792  
8593.996377  
8563.8239  
8572.307533  
8539.135728  
8550.905669  
8559.407446  
8563.996326  
8552.233334  
8569.261207  
8576.7463  
8617.061973  
8619.514752  
8602.65484  
8647.089392  
8623.804003  
8632.992518  
8598.745553  
8528.735379  
8549.001068  
8514.869684  
8588.337442  
8629.607746  
8628.309056  
8553.346324  
8549.216651  
8569.058293  
8610.668063  
8589.308898  
8579.645558  
8620.74734  
8568.494323  
8574.916463  
8578.104012  
8619.543427  
8663.224158  
8625.885038  
8632.5965  
8599.630586  
8617.068979  
8584.533975  
8551.874825  
8608.282914  
8674.116923  
8691.498803  
8645.314465  
8592.325036  
8500.325916  
8508.636011  
8511.378075  
8601.065894  
8665.793937  
8627.857944  
8579.442965  
8560.722519  
8558.642472  
8583.397821  
8524.894675  
8629.858158  
8634.608843  
8626.092582  
8630.475495  
8610.080709  
8606.116357  
8639.534418  
8627.540595  
8635.763538  
8614.021172  
8500.959422  
8590.199491  
8560.914776  
8546.626506  
8567.934675  
8593.35512  
8574.730705  
8640.922598  
8637.616052  
8640.254186  
8606.020901  
8577.558083  
8573.060329  
8579.061719  
8583.287848  
8594.67705  
8543.310972  
8572.158113  
8579.562501  
8583.841328  
8582.602223  
8572.117142  
8636.266531  
8686.885471  
8661.840801  
8623.661459  
8624.347385  
8580.546097  
8560.766414  
8579.963178  
8554.290506  
8561.839668  
8571.14945  
8580.979655  
8561.272102  
8571.119412  
8590.51571  
8546.224201  
8591.286822  
8604.758783  
8634.212985  
8534.695522  
8549.599158  
8595.944832  
8635.856203  
8628.759198  
8591.811893  
8584.228264  
8606.737455  
8624.832296  
8614.506322  
8588.424829  
8536.864604  
8593.310851  
8562.116305  
8528.91524  
8591.89373  
8645.279703  
8635.778476  
8624.067081  
8624.009911  
8621.682151  
8639.320433  
8636.290661  
8627.853339  
8576.510783  
8592.349766  
8596.044119  
8682.873406  
8703.268007  
8671.215987  
8649.402394  
8607.744481  
8604.126363  
8544.040183  
8557.741072  
8533.246809  
8549.779307  
8542.649554  
8564.505975  
8578.909474  
8595.452473  
8619.115655  
8556.939058  
8508.848659  
8581.004973  
8621.055146  
8694.991643  
8650.336024  
8639.688402  
8592.278381  
8639.749604  
8638.061961  
8611.758559  
8622.709487  
8644.399749  
8649.045417  
8581.167808  
8654.635997  
8508.603494  
8570.632394  
8516.48367  
8567.966704  
8570.018047  
8553.611268  
8572.028551  
8593.534696  
8637.873438  
8627.343317  
8616.663284  
8638.945974  
8615.791046  
8606.864655  
8609.513635  
8612.392507  
8610.753825  
8617.208291  
8564.655901  
8565.396815  
8554.737246  
8560.009844  
8552.322097  
8555.531474  
8540.520046  
8585.756403  
8591.987402  
8556.299047  
8593.613019  
8587.299519  
8584.953658  
8596.455288  
8597.02644  
8590.936318  
8597.342606  
8584.769216  
8592.328457  
8561.365024  
8521.607261  
8556.494792  
8582.843453  
8632.056066  
8606.584538  
8616.996476  
8553.151941  
8596.831087  
8603.974053  
8597.140447  
8570.325327  
8575.803139  
8559.825486  
8514.21091  
8575.843606  
8597.877831  
8622.782062  
8589.363853  
8589.866978  
8555.954932  
8548.46352  
8606.064086  
8660.025652  
8674.524805  
8660.484888  
8611.470122  
8602.341639  
8588.907109  
8643.310708  
8648.305261  
8627.211825  
8551.922978  
8550.640746  
8497.810899  
8527.703302  
8568.068091  
8621.78319  
8639.40068  
8662.407643  
8597.636738  
8556.819609  
8614.875103  
8583.449333  
8611.073525  
8637.820773  
8626.670255  
8625.093447  
8667.110639  
8664.669284  
8644.458156  
8560.331514  
8595.139866  
8629.6808  
8646.221014  
8664.774243  
8596.467757  
8552.740479  
8546.012587  
8543.719764  
8578.503431  
8546.686059  
8607.776476  
8626.441882  
8633.041716  
8586.677688  
8563.672131  
8561.526768  
8572.954385  
8505.366584  
8643.952413  
8585.424171  
8562.802061  
8540.606164  
8541.04701  
8551.499483  
8606.966446  
8655.019014  
8677.955386  
8656.761174  
8553.216002  
8581.299009  
8580.268044  
8618.903502  
8656.348879  
8598.680696  
8538.194203  
8582.409427  
8546.390698  
8621.113361  
8687.080578  
8673.681816  
8576.997477  
8535.644292  
8538.178618  
8592.419119  
8607.319692  
8588.57641  
8602.996524  
8521.448458  
8534.323955  
8547.180924  
8610.427187  
8613.685787  
8621.942904  
8628.942461  
8613.379342  
8633.206349  
8593.483506  
8554.275218  
8601.362947  
8575.253074  
8596.699199  
8582.815961  
8600.809724  
8635.978344  
8651.253243  
8572.671291  
8496.182093  
8526.367281  
8554.941764  
8542.50749  
8523.50485  
8601.703868  
8606.544693  
8590.113848  
8599.215952  
8573.52297  
8586.496082  
8554.984576  
8570.03883  
8601.649198  
8636.36384  
8610.042151  
8597.516381  
8574.418797  
8523.906213  
8547.990043  
8678.356738  
8713.294749  
8704.816219  
8617.472071  
8604.055282  
8573.29068  
8563.681124  
8566.949141  
8571.147889  
8545.626851  
8522.339568  
8516.195079  
8596.63841  
8624.97196  
8568.373538  
8577.921097  
8558.397184  
8621.084785  
8653.169431  
8649.541342  
8654.754887  
8609.762656  
8610.615957  
8567.313782  
8557.268502  
8543.98307  
8599.112156  
8648.325843  
8653.045418  
8671.524605  
8639.872584  
8598.209278  
8660.211501  
8707.995853  
8713.193157  
8611.029912  
8590.753824  
8556.738102  
8531.616824  
8477.618667  
8538.733644  
8527.154071  
8554.980486  
8635.819965  
8692.769006  
8675.855326  
8641.448459  
8566.673843  
8544.0506  
8555.155146  
8606.6914  
8565.284187  
8567.068461  
8576.902434  
8577.872166  
8586.468749  
8546.459586  
8569.932552  
8617.80306  
8608.805275  
8610.947744  
8627.97452  
8597.519053  
8586.444555  
8590.06022  
8586.295639  
8571.483438  
8590.10275  
8654.219428  
8724.269675  
8721.266715  
8601.833277  
8536.051023  
8490.898855  
8520.724713  
8524.234501  
8537.807154  
8580.672691  
8607.700683  
8555.381059  
8586.804549  
8550.495166  
8539.854188  
8538.450269  
8569.802197  
8632.941066  
8639.349356  
8662.093666  
8661.187853  
8649.434275  
8604.80915  
8570.911495  
8567.731273  
8540.187922  
8587.224145  
8575.01204  
8587.802449  
8555.92051  
8576.737789  
8609.176195  
8626.739359  
8587.626852  
8581.118276  
8588.022059  
8570.11743  
8581.037444  
8593.169764  
8557.13663  
8568.669424  
8618.903396  
8588.535482  
8580.900099  
8565.390563  
8533.315688  
8543.44268  
8589.38809  
8620.812881  
8613.273881  
8588.345166  
8606.762335  
8604.837527  
8616.419628  
8581.7292  
8579.2155  
8657.549285  
8686.852057  
8645.171081  
8555.365273  
8524.250745  
8527.66699  
8524.261501  
8594.199958  
8675.316238  
8687.106705  
8623.413587  
8577.401118  
8548.003045  
8526.909305  
8564.953438  
8606.046423  
8618.151331  
8593.277795  
8610.372667  
8599.112527  
8612.148072  
8639.809824  
8660.492706  
8696.154089  
8645.062725  
8635.02878  
8634.413921  
8627.726054  
8632.787112  
8601.898185  
8631.622878  
8638.919125  
8684.946367  
8646.370125  
8567.535092  
8559.976971  
8550.796706  
8574.588532  
8611.185795  
8586.729522  
8586.572957  
8588.050121  
8573.052333  
8582.358459  
8578.658199  
8530.904935  
8576.801917  
8601.147215  
8655.38069  
8676.04978  
8707.107752  
8648.064251  
8572.334493  
8540.693351  
8579.937078  
8579.495597  
8583.721566  
8562.712977  
8529.404249  
8570.024944  
8530.083326  
8532.04776  
8591.007779  
8586.36699  
8558.10691  
8513.490438  
8538.118945  
8511.344501  
8538.707023  
8569.972886  
8629.380172  
8638.460282  
8578.883339  
8594.775351  
8596.897817  
8593.751007  
8593.815158  
8582.67069  
8573.772345  
8597.519898  
8575.005024  
8529.432231  
8527.009045  
8596.423386  
8563.181241  
8582.373076  
8617.181706  
8614.00809  
8618.215485  
8621.548876  
8615.124416  
8597.64974  
8566.957231  
8580.356654  
8556.180424  
8593.409357  
8589.658712  
8658.306269  
8552.665956  
8524.895569  
8555.037835  
8532.634188  
8591.535334  
8563.545778  
8649.28215  
8648.466242  
8693.31962  
8696.666327  
8653.995312  
8643.438352  
8726.052178  
8692.145695  
8730.517082  
8690.681044  
8650.228949  
8623.242518  
8577.395102  
8531.077986  
8561.532002  
8573.162238  
8576.85963  
8585.659442  
8533.488847  
8535.801433  
8556.538373  
8587.43011  
8590.124489  
8615.771095  
8637.573191  
8625.056812  
8619.316416  
8607.003939  
8613.767977  
8582.203523  
8639.484862  
8577.691675  
8550.886058  
8545.958409  
8572.158919  
8577.941473  
8642.894573  
8587.613701  
8573.90817  
8567.000019  
8601.785525  
8623.491476  
8603.276313  
8579.669813  
8611.105621  
8581.507291  
8587.514611  
8584.515115  
8537.408661  
8570.11859  
8576.487796  
8627.89453  
8627.582286  
8565.041382  
8596.329613  
8667.778403  
8672.523218  
8616.360957  
8559.770696  
8541.855872  
8531.72495  
8569.28933  
8590.568184  
8612.421753  
8567.389882  
8548.855674  
8565.608961  
8583.984707  
8607.818229  
8625.642649  
8593.908542  
8565.099763  
8554.071898  
8557.014626  
8606.701077  
8598.735972  
8589.940086  
8621.674167  
8646.731391  
8613.406413  
8573.199508  
8560.288198  
8518.896158  
8556.063454  
8543.87786  
8550.030185  
8576.994897  
8603.358186  
8577.8296  
8583.903098  
8611.752253  
8620.80704  
8646.916543  
8614.01847  
8649.622755  
8607.567093  
8593.886962  
8594.820642  
8647.427274  
8605.517426  
8584.230423  
8534.916564  
8526.022639  
8539.930834  
8574.922614  
8593.394014  
8602.841128  
8641.062204  
8614.355912  
8578.082494  
8582.892601  
8570.807696  
8600.092417  
8618.897296  
8633.771619  
8656.137093  
8654.220219  
8590.384216  
8535.097716  
8540.228605  
8545.003511  
8602.033812  
8573.378952  
8576.400805  
8582.024758  
8559.858479  
8644.869686  
8742.589382  
8737.897129  
8692.142976  
8633.455547  
8570.906224  
8585.329588  
8571.756854  
8560.097621  
8556.083218  
8580.086715  
8523.446864  
8527.530174  
8543.413156  
8579.507653  
8575.93429  
8549.268255  
8585.986531  
8564.123763  
8535.351397  
8604.270301  
8684.363424  
8714.01755  
8634.483415  
8638.843785  
8594.967383  
8634.665377  
8611.180598  
8629.906446  
8559.982132  
8552.34412  
8548.34566  
8534.24635  
8543.740513  
8567.657439  
8613.115251  
8627.653949  
8590.578496  
8562.773121  
8567.123508  
8584.81005  
8621.86131  
8671.131832  
8649.371338  
8624.075081  
8560.774447  
8563.518878  
8568.120771  
8557.332452  
8581.947867  
8592.296894  
8563.760989  
8624.882771  
8664.51893  
8626.116468  
8589.530508  
8638.096976  
8651.492251  
8663.892776  
8593.017143  
8517.21889  
8540.739083  
8563.539832  
8592.2903  
8554.160091  
8587.371744  
8558.990214  
8557.167664  
8545.925177  
8576.153347  
8550.217138  
8593.653047  
8561.161215  
8600.331528  
8603.956619  
8607.722043  
8593.397738  
8581.675517  
8561.197573  
8607.12417  
8573.262241  
8597.159696  
8542.213012  
8566.835361  
8629.303978  
8599.297558  
8584.404445  
8547.550359  
8613.239718  
8656.021548  
8688.162354  
8656.600575  
8630.576829  
8658.190716  
8669.505254  
8624.090839  
8578.508334  
8585.958611  
8589.167006  
8548.835556  
8544.003749  
8534.645382  
8559.656904  
8605.785882  
8650.152784  
8652.23896  
8629.668565  
8581.685292  
8576.440486  
8536.606278  
8563.630735  
8648.664825  
8680.918627  
8648.094005  
8581.880158  
8541.02565  
8538.351533  
8499.437475  
8588.315022  
8658.754351  
8709.978344  
8632.36458  
8635.616988  
8573.731922  
8607.331659  
8639.541038  
8635.130971  
8642.219797  
8597.422396  
8637.111943  
8630.767756  
8622.241239  
8624.18064  
8638.135407  
8592.0212  
8607.29098  
8589.150885  
8558.849722  
8603.579086  
8560.603764  
8559.270262  
8514.21807  
8529.86436  
8532.314839  
8581.178136  
8580.529677  
8582.237177  
8587.764515  
8582.40757  
8591.674375  
8593.139899  
8592.73101  
8625.135241  
8580.118652  
8614.892539  
8616.967947  
8591.168864  
8575.147364  
8553.804214  
8615.480831  
8613.529611  
8586.440334  
8578.207279  
8582.379204  
8559.499001  
8544.476324  
8561.657764  
8571.283982  
8578.499441  
8617.356564  
8555.414444  
8551.155731  
8576.166397  
8605.238227  
8624.902988  
8620.272793  
8623.990744  
8588.814571  
8553.158243  
8626.410377  
8631.21689  
8625.143069  
8608.732167  
8612.007152  
8615.253112  
8594.760432  
8632.387404  
8610.997795  
8587.992515  
8568.546647  
8549.568076  
8592.33525  
8576.554168  
8590.315692  
8666.474907  
8672.687975  
8569.749251  
8543.475458  
8567.013078  
8573.766387  
8535.842397  
8545.580216  
8551.399029  
8580.7299  
8590.115399  
8595.965236  
8580.439043  
8564.634261  
8600.642374  
8612.307882  
8611.527267  
8537.094981  
8560.770008  
8555.011099  
8576.220274  
8585.784705  
8647.867337  
8615.760376  
8632.999334  
8610.725209  
8579.074208  
8557.39796  
8630.658679  
8609.804102  
8594.357168  
8594.221922  
8544.34408  
8552.097252  
8585.829139  
8568.372183  
8585.170599  
8595.277247  
8650.3896  
8664.277671  
8626.063347  
8644.11226  
8631.392983  
8627.906558  
8632.63704  
8573.161837  
8532.607059  
8588.760198  
8635.796109  
8611.77747  
8642.55751  
8659.304181  
8682.725635  
8634.168901  
8581.09618  
8580.02991  
8594.722975  
8605.219548  
8574.534984  
8550.384209  
8610.323166  
8622.38111  
8641.442071  
8574.482831  
8540.343261  
8489.642042  
8535.974061  
8542.807627  
8599.548323  
8642.441546  
8723.004268  
8705.748556  
8642.034405  
8565.631727  
8496.943804  
8545.459021  
8574.416491  
8585.059776  
8593.212018  
8540.499774  
8572.883083  
8545.519238  
8630.655322  
8667.293419  
8600.989515  
8603.213294  
8514.137237  
8540.363114  
8568.703384  
8560.243556  
8577.511879  
8646.197992  
8649.458218  
8576.944832  
8552.386598  
8543.638009  
8518.140973  
8585.329846  
8702.607967  
8688.075727  
8680.359598  
8552.22418  
8552.271804  
8569.941705  
8619.565129  
8628.484458  
8649.947236  
8631.087174  
8545.129824  
8588.116001  
8634.412544  
8559.825573  
8556.782953  
8562.657026  
8601.199171  
8601.520522  
8572.126543  
8545.40427  
8563.737334  
8594.70139  
8593.030927  
8612.197107  
8576.568369  
8569.365094  
8647.712826  
8664.927568  
8617.580273  
8571.272081  
8501.602955  
8554.539372  
8559.740705  
8567.515366  
8567.418768  
8602.294802  
8627.364069  
8658.60793  
8645.494801  
8624.244701  
8610.867383  
8607.862861  
8643.085356  
8645.677309  
8652.73837  
8627.756292  
8613.086869  
8567.74589  
8569.260724  
8569.172827  
8582.68557  
8552.014329  
8559.658473  
8517.981155  
8636.347726  
8702.363184  
8732.575453  
8628.263137  
8590.551482  
8587.749143  
8549.404701  
8544.307539  
8572.995917  
8575.931657  
8602.081986  
8581.605852  
8587.705412  
8562.301021  
8541.999472  
8544.513608  
8556.776123  
8636.216422  
8640.416343  
8584.188063  
8560.836563  
8581.399936  
8579.119429  
8565.237865  
8611.454965  
8577.351123  
8564.950456  
8571.395968  
8588.993648  
8583.96028  
8569.219954  
8596.290119  
8606.046981  
8613.985207  
8582.350271  
8600.984674  
8624.681112  
8598.62458  
8593.248969  
8584.371385  
8631.432984  
8657.927886  
8697.187088  
8663.681552  
8617.695577  
8547.628489  
8559.111078  
8561.360796  
8545.483486  
8539.860697  
8526.487457  
8556.738598  
8598.309664  
8606.414565  
8569.175463  
8561.172686  
8579.012473  
8600.454588  
8595.889333  
8632.554503  
8604.200038  
8600.959281  
8563.990496  
8586.831222  
8592.921438  
8629.27276  
8614.630047  
8563.480482  
8575.024343  
8540.942257  
8611.538753  
8639.633525  
8641.36428  
8554.970994  
8514.261149  
8521.154059  
8551.148987  
8517.644505  
8561.816796  
8537.258458  
8543.303791  
8604.510785  
8629.256356  
8676.260099  
8643.265594  
8618.688702  
8596.92646  
8575.248256  
8580.835525  
8596.713693  
8612.51803  
8626.841505  
8626.617355  
8617.903253  
8610.138336  
8598.063777  
8608.660985  
8607.946132  
8611.283807  
8617.813782  
8658.378916  
8572.03539  
8543.364219  
8570.003006  
8629.463322  
8640.095468  
8648.28122  
8656.309585  
8659.344837  
8618.413864  
8613.812423  
8598.505352  
8597.965929  
8595.589513  
8656.000709  
8648.394865  
8622.015629  
8505.158943  
8479.062162  
8542.69739  
8610.600657  
8662.067052  
8671.038803  
8646.939659  
8616.606463  
8631.580323  
8582.036783  
8608.496936  
8618.488647  
8625.40089  
8618.813025  
8527.593463  
8577.115026  
8597.298923  
8536.439332  
8599.578625  
8579.252174  
8608.479673  
8674.265152  
8683.285614  
8646.130944  
8559.74273  
8562.869831  
8541.038118  
8589.859499  
8625.412247  
8602.716637  
8566.35195  
8592.117931  
8585.595434  
8616.365293  
8602.9676  
8603.282942  
8533.106652  
8547.66544  
8548.245837  
8611.258427  
8593.375416  
8614.325739  
8573.95185  
8591.155566  
8539.096188  
8537.745919  
8536.125327  
8583.766761  
8576.9599  
8635.64807  
8523.029869  
8652.89743  
8588.510264  
8534.202955  
8529.075159  
8558.042597  
8601.4065  
8618.277427  
8623.12001  
8613.378327  
8602.749933  
8573.842446  
8538.873043  
8599.97139  
8612.924847  
8602.899604  
8610.040116  
8542.409422  
8554.084946  
8565.168538  
8582.516364  
8585.945208  
8625.14185  
8600.288023  
8599.673725  
8600.652055  
8565.358599  
8585.505745  
8695.080235  
8750.089425  
8724.118755  
8588.040865  
8524.67153  
8565.599253  
8543.141878  
8571.280049  
8595.697228  
8606.946568  
8603.533553  
8584.110957  
8557.912619  
8611.716503  
8638.18944  
8634.76624  
8573.632117  
8593.331773  
8566.276402  
8569.618688  
8576.843106  
8566.158322  
8559.968681  
8590.921363  
8589.385029  
8597.726958  
8607.286197  
8635.214834  
8623.228842  
8639.58009  
8612.497484  
8642.041321  
8625.103549  
8617.957193  
8601.935488  
8601.729271  
8494.22455  
8619.845089  
8581.176504  
8536.791053  
8534.758261  
8539.405961  
8608.928284  
8650.145467  
8674.478671  
8589.354325  
8560.105752  
8526.490951  
8559.953102  
8623.374834  
8659.75349  
8631.172514  
8589.32926  
8581.965142  
8604.812834  
8625.909427  
8624.953292  
8599.610533  
8671.695394  
8667.263254  
8735.644992  
8722.117329  
8650.773087  
8531.186267  
8496.932095  
8550.243949  
8521.064851  
8533.57573  
8509.519804  
8482.861421  
8515.628169  
8526.227616  
8505.841564  
8534.191427  
8571.868547  
8575.746194  
8569.990358  
8589.681692  
8517.481119  
8630.978976  
8568.627249  
8550.860461  
8544.90767  
8593.020517  
8670.284875  
8670.924356  
8664.643361  
8620.51129  
8651.392207  
8649.420813  
8616.649426  
8627.54233  
8650.979737  
8608.664297  
8605.080404  
8612.855919  
8549.175149  
8567.2276  
8609.586599  
8598.971257  
8640.880459  
8584.174955  
8528.430309  
8565.576432  
8571.347493  
8599.005476  
8566.809627  
8583.772352  
8584.571146  
8614.231564  
8614.896595  
8605.551944  
8598.342056  
8583.651747  
8574.704185  
8519.245905  
8553.202869  
8578.073748  
8585.663883  
8582.220488  
8593.385606  
8630.268404  
8586.50464  
8614.730918  
8576.731121  
8572.304339  
8571.542369  
8561.238819  
8580.156556  
8603.515195  
8564.381391  
8582.073501  
8585.378607  
8628.360068  
8660.402557  
8578.347327  
8624.404636  
8575.491365  
8598.623096  
8602.594565  
8623.926805  
8643.364425  
8649.017231  
8630.222345  
8589.324204  
8572.590731  
8552.882819  
8581.656315  
8632.686849  
8597.695501  
8572.315457  
8564.997427  
8602.421452  
8598.054914  
8593.52437  
8596.442772  
8580.317443  
8555.395694  
8591.065309  
8611.204406  
8643.930859  
8701.178358  
8691.375096  
8618.585916  
8582.820442  
8576.7389  
8591.679671  
8620.982672  
8627.88768  
8643.69773  
8617.249805  
8600.548813  
8564.597371  
8607.923503  
8649.174239  
8602.342641  
8569.077831  
8538.987699  
8584.096213  
8602.891285  
8584.659369  
8549.101955  
8581.592501  
8543.625938  
8627.533305  
8391.903954  
8581.165617  
8594.448726  
8584.080155  
8623.079675  
8599.327451  
8585.990149  
8581.114898  
8626.772239  
8628.357498  
8642.693062  
8620.925959  
8545.161199  
8602.697195  
8627.043779  
8589.814858  
8579.699318  
8626.862932  
8613.0196  
8601.04932  
8551.395457  
8561.817646  
8569.386997  
8558.103082  
8620.507942  
8634.334167  
8588.000789  
8533.619022  
8545.561619  
8530.153692  
8527.48428  
8508.257936  
8571.445105  
8650.014857  
8550.500255  
8573.471278  
8553.258071  
8568.957789  
8528.783416  
8592.314428  
8568.696737  
8647.893548  
8684.607458  
8631.289367  
8584.413313  
8580.616953  
8547.355496  
8583.261227  
8629.818408  
8636.058212  
8672.871093  
8641.742585  
8579.787428  
8633.180027  
8608.684129  
8646.26873  
8593.33716  
8588.136672  
8571.801631  
8593.083181  
8579.087678  
8572.969563  
8592.633949  
8572.90107  
8555.142006  
8551.902755  
8596.930465  
8622.57905  
8628.485131  
8580.40696  
8593.727853  
8587.033907  
