5067.870882  
5043.152632  
5028.301235  
5052.860475  
5077.529676  
5073.375128  
5062.604483  
5081.197785  
5093.26926  
5099.301456  
5060.715451  
5045.844064  
5081.599844  
5063.149559  
5040.383904  
5050.668198  
5050.159372  
5050.170071  
5059.313326  
5058.256735  
5084.154889  
5072.754007  
5035.35564  
5041.421817  
5042.684803  
5058.744084  
5020.870684  
5035.751455  
5044.106886  
5090.732875  
5070.542462  
5069.924645  
5068.678919  
5032.954634  
5062.301654  
5086.650115  
5093.542772  
5104.176355  
5089.167858  
5091.091887  
5101.104874  
5077.291797  
5095.050698  
5087.723466  
5098.092389  
5075.293858  
5057.322701  
5054.865317  
5066.85761  
5053.100915  
5035.726625  
5045.505177  
5058.445232  
5044.340735  
5057.420929  
5044.665436  
5063.95303  
5068.644596  
5071.413482  
5072.876469  
5076.890409  
5051.003886  
5054.794615  
5077.211112  
5084.988619  
5089.27176  
5081.441794  
5076.109269  
5079.630844  
5065.137127  
5058.195266  
5069.610324  
5102.652346  
5069.992695  
5093.064462  
5083.263684  
5063.945742  
5082.671315  
5090.745711  
5044.112251  
5055.506518  
5025.537732  
5054.782841  
5008.431992  
5042.431423  
5047.009435  
5068.901317  
5044.415032  
5066.20357  
5058.770668  
5043.043934  
5052.753455  
5075.705075  
5071.747478  
5089.591652  
5063.56063  
5084.139479  
5061.370754  
5070.84881  
5048.4201  
5052.935471  
5052.380841  
5059.780828  
5062.915674  
5067.905326  
5050.330396  
5065.234982  
5055.134802  
5064.127939  
5074.249163  
5090.671967  
5068.472322  
5066.173155  
5090.239481  
5070.9936  
5074.568192  
5063.514508  
5072.131659  
5071.382319  
5088.160911  
5065.919762  
5063.502697  
5085.989292  
5063.390605  
5065.284115  
5090.621122  
5059.577357  
5050.052062  
5068.574482  
5043.700235  
5047.320612  
5070.932695  
5058.101979  
5047.86564  
5066.413874  
5046.738733  
5064.267297  
5060.689773  
5049.834016  
5040.489215  
5055.127811  
5015.779426  
5016.752135  
5030.378953  
5053.796556  
5057.498321  
5055.385001  
5095.966999  
5078.385384  
5063.180319  
5067.939245  
5062.57692  
5086.03362  
5058.682979  
5057.433548  
5047.915023  
5035.62559  
5058.60704  
5055.056126  
5068.469451  
5083.692017  
5068.353752  
5047.76316  
5057.071614  
5038.918422  
5059.866284  
5093.79752  
5082.645169  
5058.778401  
5067.912659  
5061.515102  
5072.484936  
5082.55742  
5042.293786  
5042.507081  
5040.656088  
5046.383916  
5057.614862  
5055.592273  
5084.038685  
5051.512031  
5084.743196  
5039.537511  
5066.272823  
5047.913894  
5066.087128  
5071.779952  
5059.330302  
5052.396758  
5045.19066  
5058.045313  
5064.687693  
5043.225178  
5038.123587  
5074.723665  
5055.253467  
5062.314737  
5073.347116  
5052.780758  
5074.538612  
5047.352665  
5061.822519  
5068.016031  
5049.995481  
5067.252837  
5076.408464  
5060.441163  
5088.128633  
5060.469123  
5054.451884  
5039.131931  
5074.359092  
5062.532275  
5075.831376  
5072.96737  
5054.987545  
5061.376389  
5072.278474  
5061.724895  
5052.999214  
5061.117367  
5048.420075  
5052.775901  
5054.74108  
5068.72559  
5044.874013  
5057.405681  
5060.028451  
5065.077929  
5071.999954  
5056.56627  
5073.346543  
5038.693242  
5050.605985  
5068.233982  
5087.457526  
5072.823091  
5041.340529  
5051.72048  
5060.741817  
5065.454797  
5064.1871  
5022.399577  
5058.857294  
5073.001074  
5089.209868  
5053.039868  
5055.593023  
5078.25976  
5089.377843  
5076.441183  
5078.377795  
5065.682865  
5037.283721  
5076.25275  
5070.166527  
5041.273983  
5059.899333  
5049.2125  
5094.36567  
5087.952271  
5079.431982  
5073.05308  
5073.60413  
5059.762865  
5073.718032  
5051.49566  
5066.619793  
5046.072444  
5038.625287  
5063.769763  
5062.272232  
5049.16922  
5022.518089  
5046.186824  
5085.682263  
5096.722886  
5088.723276  
5074.645729  
5088.524361  
5078.912888  
5092.047496  
5069.822469  
5086.967915  
5053.468361  
5051.950829  
5061.658184  
5019.284617  
5042.028417  
5041.143901  
5030.376167  
5015.477619  
5019.559362  
5071.180032  
5028.711725  
5039.369392  
5045.446317  
5078.199606  
5063.560787  
5062.078454  
5076.489801  
5066.517232  
5056.314389  
5067.333806  
5065.107772  
5059.753263  
5041.002713  
5019.023386  
5017.15481  
5046.0128  
5069.079624  
5052.616194  
5050.985254  
5035.952511  
5058.945207  
5092.627688  
5075.883802  
5064.494647  
5043.582208  
5040.336931  
5072.063125  
5082.083888  
5090.480915  
5111.107728  
5095.887189  
5081.789481  
5101.451139  
5092.046454  
5078.414784  
5084.379723  
5051.738742  
5052.182121  
5060.111303  
5074.088307  
5084.228335  
5042.20027  
5037.989364  
5045.763578  
5076.18588  
5140.908914  
5083.781082  
5105.174072  
5090.764907  
5066.896946  
5106.906235  
5109.056799  
5097.561399  
5088.254448  
5088.126055  
5110.212656  
5079.149229  
5098.150769  
5057.757431  
5077.537899  
5055.941824  
5038.365974  
5056.966825  
5055.363283  
5063.171562  
5059.939556  
5061.327818  
5066.318925  
5060.101676  
5063.876143  
5068.620106  
5059.893583  
5049.26589  
5067.296414  
5067.049435  
5065.952945  
5062.19973  
5077.206215  
5058.44103  
5062.005089  
5067.315932  
5051.281305  
5061.987665  
5055.147048  
5053.516556  
5024.53591  
5020.437801  
5050.047168  
5043.749262  
5064.931782  
5054.361322  
5058.974567  
5063.259578  
5048.982105  
5041.269265  
5049.0384  
5007.935911  
5036.560351  
5067.52895  
5042.323277  
5070.961384  
5057.375463  
5053.317845  
5053.039658  
5050.257713  
5042.195419  
5058.864821  
5050.240791  
5040.008856  
5037.793654  
5036.644639  
5041.066525  
5042.808109  
5044.497527  
5064.620882  
5039.010392  
5060.19811  
5075.232506  
5085.453318  
5070.128967  
5076.409899  
5064.037549  
5061.51813  
5062.398269  
5081.131583  
5083.608063  
5060.38566  
5058.392743  
5081.905565  
5081.734019  
5073.485442  
5072.962659  
5085.707216  
5073.990531  
5054.499382  
5049.537131  
5033.172351  
5077.341417  
5059.707803  
5040.435444  
5065.708906  
5065.694042  
5085.032725  
5068.945558  
5078.186457  
5057.404603  
5032.940137  
5085.904875  
5076.220329  
5072.880362  
5076.952406  
5065.963422  
5077.7468  
5078.745487  
5046.449507  
5055.455914  
5035.387738  
5063.1022  
5089.097432  
5035.164682  
5081.08481  
5043.559272  
5072.942522  
5062.80671  
5072.226637  
5075.958201  
5048.155609  
5030.236611  
5035.102257  
5040.409254  
5047.329892  
5054.616208  
5079.910386  
5086.285389  
5039.386977  
5047.309932  
5063.797267  
5056.020279  
5091.390944  
5081.073068  
5052.081385  
5054.792755  
5023.866056  
5041.195075  
5076.773185  
5128.491123  
5065.151203  
5040.416515  
5045.774105  
5050.402898  
5093.215786  
5058.457004  
5089.356725  
5058.38034  
5036.940656  
5064.22116  
5036.120264  
5064.943956  
5109.497483  
5054.099156  
5065.18877  
5063.430553  
5071.007985  
5054.38197  
5068.941592  
5063.796968  
5044.319271  
5038.264824  
5020.695912  
5054.789883  
5101.185837  
5091.490627  
5080.340503  
5062.571873  
5100.392385  
5080.846341  
5074.063314  
5074.464005  
5049.841732  
5081.226731  
5053.656598  
5055.813602  
5049.15725  
5074.522191  
5038.501406  
5055.87559  
5034.605079  
5049.689733  
5056.547954  
5052.849724  
5041.282256  
5046.539005  
5028.62946  
5076.741959  
5099.896962  
5104.628558  
5094.887429  
5050.214013  
5061.922584  
5081.383741  
5067.628395  
5055.618146  
5043.459082  
5025.435466  
5030.785658  
5074.317128  
5059.09363  
5048.411888  
5041.001399  
5026.252822  
5058.523032  
5066.439649  
5111.542085  
5079.897211  
5077.708705  
5068.468522  
5058.413487  
5034.629304  
5058.727788  
5064.727376  
5088.39074  
5081.505196  
5060.056599  
5056.41316  
5029.677692  
5070.993545  
5109.035264  
5103.93535  
5096.735603  
5058.299533  
5066.561178  
5053.544128  
5030.463462  
5022.981342  
5032.651153  
5037.518738  
5082.340389  
5075.429068  
5056.392018  
5087.543734  
5077.715152  
5063.764087  
5070.554401  
5069.10388  
5109.440727  
5070.272464  
5081.458991  
5058.231072  
5051.718936  
5052.398408  
5062.239161  
5074.103731  
5055.4321  
5069.816886  
5062.796585  
5066.429905  
5050.654522  
5051.062371  
5053.71277  
5043.834973  
5030.821326  
5075.046778  
5102.401531  
5093.558374  
5089.463108  
5081.493829  
5086.833636  
5088.103515  
5065.063569  
5079.246183  
5076.892792  
5071.474733  
5071.266671  
5081.840799  
5058.690445  
5061.87236  
5065.932242  
5084.220424  
5047.373236  
5077.168018  
5078.225372  
5090.847732  
5074.581755  
5062.71583  
5032.052687  
5049.626022  
5020.902651  
5043.2879  
5043.629546  
5034.364774  
5016.92266  
5020.25797  
5052.940831  
5069.797713  
5078.6662  
5054.985709  
5061.746944  
5058.180758  
5054.445745  
5042.942915  
5039.980968  
5053.114707  
5042.324298  
5013.442493  
5042.109611  
5051.722377  
5003.631407  
5020.418967  
5036.35273  
5066.073136  
5080.551049  
5093.146289  
5053.23074  
5055.011408  
5059.115483  
5060.64627  
5039.781085  
5073.707489  
5057.683595  
5055.182572  
5050.605477  
5041.687258  
5058.414989  
5027.571632  
5093.387851  
5129.186671  
5085.430162  
5081.037149  
5095.067655  
5089.791506  
5081.534455  
5118.878928  
5107.282408  
5087.76746  
5065.551134  
5077.163978  
5067.794276  
5068.224077  
5060.817661  
5082.123666  
5089.63044  
5055.704322  
5058.161441  
5107.288668  
5077.659511  
5098.363705  
5078.626919  
5096.794826  
5096.257757  
5081.658033  
5062.984534  
5060.826171  
5069.814014  
5073.315363  
5062.651371  
5085.601859  
5102.129336  
5082.342186  
5078.596093  
5059.854684  
5062.120197  
5063.387314  
5078.735051  
5032.075992  
5074.075745  
5070.976052  
5095.182478  
5063.853733  
5050.589167  
5052.101387  
5040.796777  
5037.564317  
5042.148495  
5048.687033  
5063.263228  
5039.163234  
5036.268211  
5051.338512  
5039.645351  
5063.471414  
5059.813939  
5031.206839  
5008.387307  
5014.693438  
5014.26456  
5037.667727  
5067.315487  
5080.861404  
5071.831915  
5062.601305  
5070.915282  
5045.060751  
5049.44648  
5046.340504  
5074.89847  
5057.006825  
5045.377533  
5056.416809  
5048.916093  
5024.596039  
5041.2936  
5040.874483  
5037.714426  
5045.824844  
5052.978566  
5071.391076  
5063.961367  
5043.342205  
5056.878637  
5035.607086  
5065.751013  
5056.082003  
5036.208459  
5070.880553  
5108.868376  
5067.944203  
5071.006182  
5061.789052  
5050.070849  
5043.759968  
5034.133243  
5058.980885  
5082.186138  
5051.223159  
5068.826263  
5081.057507  
5073.89874  
5088.941142  
5090.654604  
5125.057239  
5090.647751  
5087.164817  
5080.828415  
5066.463475  
5058.548232  
5043.781455  
5079.501469  
5082.215362  
5080.330761  
5075.422509  
5072.10639  
5067.478285  
5067.388959  
5075.233921  
5104.856681  
5081.777171  
5081.166218  
5100.941878  
5071.707359  
5074.082335  
5066.838301  
5084.59354  
5052.57112  
5050.354288  
5050.483366  
5039.216621  
5055.464186  
5061.177561  
5085.046616  
5070.795688  
5056.122903  
5071.550092  
5050.781506  
5061.277935  
5054.389395  
5056.640246  
5060.905525  
5055.085917  
5046.128409  
5041.151696  
5032.998393  
5040.450491  
5085.29621  
5041.961901  
5045.760467  
5046.905871  
5069.976809  
5082.502599  
5057.759963  
5064.930582  
5053.050675  
5013.581316  
5039.203925  
5059.687028  
5032.739943  
5047.966942  
5055.718884  
5021.861955  
5042.281656  
5094.970011  
5054.887972  
5062.733648  
5059.971394  
5071.884633  
5054.413872  
5066.047204  
5067.416401  
5078.118145  
5083.549833  
5067.920156  
5075.489144  
5059.749106  
5060.695191  
5044.84194  
5040.736404  
5032.443829  
5058.213064  
5053.727219  
5069.999507  
5050.538371  
5054.879838  
5075.204499  
5088.446416  
5083.623677  
5100.59772  
5084.606357  
5062.287444  
5081.669954  
5090.445334  
5056.529258  
5059.033481  
5043.860388  
5043.959609  
5029.462229  
5044.317318  
5047.195782  
5057.87741  
5077.85937  
5057.386116  
5101.885362  
5048.075569  
5075.931236  
5040.5562  
5037.955709  
5011.540333  
5033.145092  
5076.756216  
5078.373083  
5060.402113  
5054.601196  
5060.643431  
5071.088723  
5069.638453  
5084.407384  
5057.52014  
5072.9812  
5063.09648  
5088.885765  
5093.255983  
5085.903639  
5051.207306  
5079.398323  
5063.906306  
5044.412106  
5067.857674  
5076.527151  
5058.303573  
5055.029155  
5051.818169  
5034.569979  
5053.791478  
5053.931257  
5035.828183  
5065.753694  
5078.578023  
5059.533547  
5055.872545  
5069.305178  
5090.616162  
5118.765442  
5069.700745  
5066.232791  
5086.475213  
5066.893969  
5076.024391  
5064.004254  
5033.315126  
5048.050551  
5043.429518  
5052.545235  
5040.179543  
5069.769409  
5079.69315  
5085.157318  
5059.500354  
5046.822745  
5040.710285  
5021.080701  
5059.703094  
5101.50781  
5077.521087  
5087.046671  
5064.654656  
5063.824471  
5050.936241  
5059.335835  
5077.669184  
5066.257689  
5071.475063  
5032.93461  
5067.743448  
5056.005247  
5067.751495  
5072.421161  
5077.604996  
5065.369418  
5042.473532  
5047.651791  
5040.161218  
5042.527999  
5029.364689  
5027.760969  
5041.898286  
5062.305077  
5045.593242  
5052.071627  
5079.55037  
5068.567039  
5067.339599  
5056.302369  
5049.963057  
5076.549056  
5076.934708  
5059.590719  
5071.563581  
5067.258992  
5082.454852  
5072.346739  
5059.64046  
5070.88671  
5062.941305  
5068.203043  
5059.507864  
5034.262117  
5031.242203  
5044.276996  
5083.739946  
5086.800157  
5083.099136  
5063.467317  
5053.648977  
5060.620746  
5067.305941  
5058.770977  
5048.034382  
5056.637854  
5044.263315  
5061.548358  
5047.610409  
5074.142929  
5048.391387  
5061.613364  
5079.936082  
5056.096735  
5066.865474  
5057.089036  
5038.862506  
5057.715871  
5083.492257  
5090.089854  
5082.901776  
5057.380777  
5045.784876  
5016.404032  
5024.014522  
5072.9093  
5095.152647  
5099.568667  
5062.59408  
5057.064678  
5059.50662  
5065.902585  
5107.176694  
5102.588257  
5093.303868  
5090.771051  
5091.835778  
5070.730065  
5118.188537  
5121.791651  
5071.039942  
5070.981806  
5052.659652  
5074.348957  
5051.660561  
5086.300335  
5063.997638  
5051.30366  
5079.027062  
5056.63584  
5041.257183  
5063.641931  
5068.669679  
5053.614704  
5061.519175  
5064.580444  
5077.36015  
5069.852885  
5081.882577  
5067.251766  
5049.973042  
5045.809457  
5057.079658  
5046.020051  
5018.400666  
5032.360512  
5073.028156  
5075.928535  
5062.457417  
5063.549064  
5085.690267  
5039.166499  
5055.202616  
5022.933759  
5037.558181  
5030.141241  
5039.620092  
5048.093472  
5030.724617  
5034.44273  
5076.425897  
5068.440496  
5082.996782  
5058.63476  
5044.069064  
5034.333219  
5034.663294  
5060.299314  
5065.681672  
5020.598233  
5041.134183  
5050.042258  
5085.765997  
5076.332038  
5067.236463  
5076.761852  
5064.649477  
5050.322066  
5046.454196  
5041.172201  
5077.682702  
5099.50103  
5102.541571  
5054.441296  
5062.692171  
5073.608604  
5063.550467  
5062.471884  
5080.222297  
5070.576758  
5065.903513  
5074.439501  
5068.30245  
5089.151982  
5056.445002  
5073.923415  
5076.291864  
5074.568063  
5071.518762  
5064.433167  
5026.990613  
5059.358458  
5055.725108  
5081.01151  
5078.078834  
5057.777004  
5023.316726  
5038.583428  
5017.260527  
5078.960216  
5073.743172  
5071.542086  
5077.916391  
5036.470071  
5071.877152  
5072.931628  
5047.261699  
5050.263686  
5044.202662  
5077.234707  
5061.532444  
5042.153489  
5042.250348  
5045.996296  
5085.725167  
5082.439566  
5064.08633  
5079.232279  
5068.971982  
5069.082717  
5079.646011  
5058.418385  
5077.534825  
5080.657922  
5069.686736  
5084.57683  
5078.362774  
5063.224367  
5095.384315  
5056.439737  
5031.88857  
5048.590779  
5061.792502  
5047.848549  
5074.975914  
5030.419719  
5038.46683  
5027.697213  
5041.068103  
5060.566941  
5094.523415  
5092.006181  
5085.031915  
5069.974849  
5101.375959  
5058.772753  
5045.655771  
5060.271442  
5097.741368  
5029.201029  
5033.666215  
5042.918713  
5019.073078  
5060.490931  
5082.106381  
5086.8428  
5081.624236  
5079.791147  
5070.966568  
5062.761463  
5061.598668  
5067.219987  
5100.800933  
5079.932083  
5042.817766  
5035.890605  
5042.500122  
5024.934511  
5067.680827  
5119.422531  
5099.838746  
5112.271985  
5077.879803  
5092.056808  
5084.946771  
5084.311016  
5087.196441  
5096.966072  
5069.612576  
5036.777829  
5042.869981  
5042.351907  
5024.817074  
5026.76794  
5079.400218  
5070.29375  
5052.594631  
5042.618989  
5018.518372  
5024.307089  
5033.620497  
5049.486887  
5020.856394  
5029.565138  
5056.215362  
5095.02682  
5100.002427  
5080.326268  
5079.898886  
5083.044555  
5039.884967  
5068.319854  
5075.111008  
5063.072343  
5080.473033  
5078.406284  
5079.36651  
5064.176319  
5072.049931  
5081.335107  
5065.848971  
5078.063011  
5102.909534  
5084.123112  
5067.367231  
5070.642222  
5050.292819  
5054.796471  
5081.556877  
5061.599464  
5024.528934  
5053.168379  
5010.090157  
5074.780843  
5103.636019  
5089.997786  
5076.445447  
5083.861513  
5060.587723  
5052.760118  
5054.244903  
5057.666145  
5061.361202  
5060.441975  
5044.760148  
5065.329664  
5043.847081  
5040.039952  
5049.422338  
5046.646388  
5077.211134  
5052.607426  
5054.796551  
5042.404495  
5061.284199  
5065.225698  
5069.970692  
5068.754546  
5048.120277  
5067.834945  
5034.36137  
5072.511771  
5053.182523  
5047.848998  
5035.418004  
5034.193461  
5054.84592  
5076.248718  
5069.713685  
5063.981579  
5056.017602  
5075.740838  
5056.588144  
5052.409858  
5073.346567  
5082.167748  
5087.330621  
5053.809314  
5055.500182  
5068.55497  
5060.796451  
5079.419499  
5052.74412  
5050.070447  
5045.215332  
5039.270913  
5016.345115  
5043.168818  
5052.831292  
5057.69062  
5081.114432  
5102.796536  
5051.188493  
5053.517398  
5059.738008  
5044.532343  
5058.055417  
5071.165544  
5055.864146  
5062.279712  
5059.667243  
5028.495507  
5022.024059  
5058.798584  
5074.186964  
5079.213215  
5077.669742  
5055.842141  
5063.433293  
5044.574917  
5066.225814  
5049.162056  
5048.016503  
5013.765609  
5028.530341  
5056.531852  
5095.700061  
5092.015763  
5088.14271  
5065.835837  
5067.46922  
5060.46254  
5073.764232  
5095.073589  
5092.925266  
5074.131608  
5040.336178  
5047.001137  
5081.484639  
5061.161903  
5081.148231  
5077.656486  
5058.36748  
5060.041746  
5055.208411  
5032.854045  
5025.149961  
5072.721117  
5077.145342  
5061.457711  
5074.294323  
5075.093553  
5042.295471  
5066.566938  
5052.791311  
5059.066948  
5039.116179  
5075.226416  
5079.097037  
5036.437458  
5028.388849  
5039.236847  
5048.829686  
5081.074955  
5086.819974  
5065.107008  
5061.600619  
5054.038739  
5078.401257  
5070.518056  
5092.404544  
5076.031177  
5100.883594  
5086.491508  
5049.310384  
5086.221241  
5062.440987  
5052.869467  
5065.261792  
5058.809883  
5090.435046  
5102.376806  
5096.467596  
5099.002608  
5064.926543  
5085.476487  
5098.08343  
5084.928819  
5067.235354  
5051.537187  
5061.475082  
5040.471813  
5052.472742  
5075.346865  
5076.088701  
5061.525428  
5053.63472  
5027.978695  
5029.750255  
5063.167343  
5080.964551  
5097.326468  
5076.200356  
5068.085431  
5070.391252  
5075.998838  
5066.971422  
5069.358685  
5083.344065  
5055.978435  
5065.319423  
5091.982576  
5045.75712  
5048.551383  
5039.023977  
5027.244496  
5065.594187  
5065.782041  
5046.603663  
5037.525541  
5049.613968  
5052.122752  
5033.830292  
5078.109963  
5053.316455  
5045.349525  
5043.925449  
5048.699054  
5061.894028  
5055.236054  
5064.114591  
5020.81879  
5052.1006  
5049.827035  
5045.663529  
5038.695322  
5024.870386  
5043.339323  
5083.876133  
5102.242547  
5068.450237  
5060.450361  
5053.238554  
5045.737505  
5045.662203  
5067.487205  
5087.883271  
5060.168217  
5051.09022  
5037.877704  
5041.392964  
5056.876076  
5081.999273  
5092.966999  
5075.780022  
5053.775604  
5066.656981  
5077.440901  
5079.931679  
5071.322322  
5081.059761  
5078.185071  
5080.264966  
5074.31503  
5068.517136  
5070.223249  
5079.706335  
5059.796946  
5066.657312  
5105.617079  
5084.813003  
5069.939916  
5058.210771  
5072.701148  
5041.540869  
5003.34243  
5022.760942  
5030.30033  
5015.158162  
5040.921732  
5043.598141  
5096.496564  
5065.671296  
5051.074455  
5078.763915  
5069.975206  
5082.401776  
5095.089582  
5098.243942  
5095.702417  
5065.791829  
5061.697846  
5051.975229  
5061.038135  
5089.434842  
5046.220755  
5071.647316  
5061.603045  
5073.71616  
5068.015014  
5068.429458  
5078.164726  
5090.948879  
5081.734708  
5075.73204  
5069.914455  
5070.173063  
5053.200166  
5058.965286  
5053.450833  
5066.684528  
5063.163347  
5056.650206  
5067.090194  
5080.979666  
5087.077634  
5064.343413  
5099.320419  
5046.983831  
5070.930491  
5038.037884  
5056.733443  
5064.300413  
5060.212943  
5080.969395  
5040.684799  
5080.084042  
5071.189738  
5066.076644  
5068.902702  
5059.134237  
5054.272529  
5049.434758  
5032.013062  
5071.409489  
5070.613116  
5053.816964  
5051.176528  
5046.083532  
5015.237183  
5045.117319  
5052.483312  
5057.586343  
5040.892439  
5031.0595  
5029.489281  
5068.561848  
5061.678519  
5057.977128  
5048.708191  
5049.295239  
5081.440518  
5051.24967  
5043.531514  
5032.562113  
5063.303704  
5060.34453  
5025.101817  
5046.150158  
5034.282322  
5045.361036  
5072.30088  
5049.989894  
5066.94133  
5050.548158  
5080.618929  
5044.713195  
5067.18706  
5065.109109  
5066.701219  
5051.187102  
5055.943036  
5041.545706  
5027.515773  
5082.244591  
5065.712771  
5061.696172  
5058.167309  
5085.804367  
5092.006399  
5107.821159  
5105.305715  
5101.985445  
5086.652009  
5041.530002  
5068.538282  
5100.765193  
5063.886786  
5050.63213  
5072.711029  
5087.518042  
5067.495924  
5036.642995  
5063.091534  
5061.323638  
5018.767848  
5078.380873  
5070.277479  
5060.883236  
5058.694397  
5047.531602  
5061.478202  
5064.578922  
5065.720757  
5097.080241  
5077.100199  
5094.536076  
5102.90378  
5051.415687  
5039.20462  
5053.121235  
5070.162512  
5073.382437  
5069.794618  
5043.93528  
5040.794431  
5063.368132  
5081.57836  
5082.768275  
5075.469584  
5042.655727  
5042.201577  
5048.530987  
5039.225106  
5097.688641  
5069.067385  
5053.405118  
5071.382419  
5051.794056  
5041.790831  
5070.728878  
5090.361443  
5083.7848  
5055.337723  
5062.473604  
5048.405162  
5085.822157  
5066.576032  
5060.229648  
5079.65876  
5072.705193  
5050.638576  
5025.989781  
5052.407171  
5042.144437  
5048.491229  
5049.918798  
5067.282178  
5063.816365  
5029.067496  
5058.767747  
5068.716018  
5044.952326  
5042.449332  
5028.002414  
5058.850409  
5052.659404  
5051.852264  
5073.256145  
5061.310043  
5053.995683  
5045.392603  
5029.650792  
5039.966221  
5044.521585  
5068.948672  
5061.200256  
5039.621336  
5041.430466  
5038.788613  
5035.960425  
5089.645943  
5047.855541  
5068.514098  
5088.244971  
5077.072553  
5068.50081  
5078.281872  
5089.522866  
5080.1101  
5080.881868  
5089.105719  
5094.903832  
5058.975863  
5063.827347  
5048.394932  
5024.577398  
5056.00747  
5045.652066  
5059.042491  
5065.627967  
5060.267891  
5079.64033  
5069.403783  
5069.821892  
