8076.476456  
8041.673565  
8006.573136  
7958.877241  
7912.156212  
7858.518198  
8010.369779  
7951.148137  
7960.485589  
7996.962959  
7916.337621  
7996.091165  
7958.203651  
7989.087133  
8015.240472  
7920.067189  
7947.836382  
7942.464456  
7965.876734  
7988.547488  
7962.339255  
7938.638803  
8009.365009  
7949.507161  
8017.980056  
7988.541673  
7928.53674  
7968.410031  
7984.893066  
7933.988575  
8005.957426  
7891.923471  
7964.661296  
7962.027381  
7900.616724  
7949.180789  
7926.031419  
7962.536183  
7949.132305  
7994.281613  
7959.938746  
7987.81799  
7943.049485  
7979.725811  
7928.764824  
7909.714694  
8030.239064  
7958.879132  
7962.584723  
7945.028201  
7934.139273  
7996.929155  
7928.918883  
7961.701629  
7960.574607  
7925.059082  
7977.112386  
7986.570025  
7960.926658  
7948.155467  
7973.416347  
7933.696258  
7947.688088  
7967.172426  
7922.850179  
7951.300237  
7903.760554  
7928.735902  
7911.301025  
7966.576579  
7961.744335  
7942.80865  
7970.844019  
7948.833759  
8047.057667  
8006.044246  
7997.66651  
8031.170179  
7950.025566  
7969.482366  
7974.183293  
7957.315336  
7973.899815  
7978.489546  
7997.826353  
7975.192095  
7981.084053  
7998.455303  
7975.641977  
7947.586119  
8000.226581  
7944.82358  
7992.878036  
7970.842967  
7985.807185  
8023.451347  
7990.243621  
8038.335499  
7987.389022  
7973.86643  
7995.222531  
7975.845797  
8003.795066  
7959.758814  
7948.694474  
7994.821715  
7930.40712  
7954.778302  
7894.719551  
7984.79608  
7950.164676  
8013.201798  
8005.016069  
7925.552077  
8016.171305  
7911.850699  
7925.714218  
7886.561574  
7929.505596  
7987.797363  
7966.395608  
8009.436755  
7950.641101  
8010.485339  
7971.241011  
8009.07035  
8000.864608  
8010.406175  
8022.198987  
8041.74282  
7951.88444  
7970.089086  
8007.11089  
7972.27253  
7970.637789  
7988.241618  
8002.561624  
7991.463823  
7929.962052  
7925.441513  
8021.585193  
7897.548841  
8051.911771  
7963.551952  
7915.625282  
7937.976857  
7931.255346  
7958.355225  
7980.758382  
7892.856013  
7951.883007  
7969.302872  
7919.607985  
7971.009014  
7954.237336  
7973.411771  
7942.337196  
7985.932016  
7958.317283  
7940.066012  
7983.348251  
7951.193341  
7913.702806  
7966.209936  
7951.25077  
7927.673528  
7991.108649  
7931.07815  
7955.988375  
7960.903258  
7973.966634  
8032.108417  
7975.401004  
7963.809464  
7961.821158  
7953.667768  
8029.031619  
7984.488025  
7979.953526  
8005.714819  
7933.312876  
7964.831649  
7986.766508  
7921.885792  
7979.895395  
7962.556134  
8027.777638  
8003.768235  
7993.071978  
7968.750964  
7939.245593  
8016.714499  
7907.684871  
7947.097988  
7944.765412  
7990.472018  
7995.205566  
7944.504764  
8025.276229  
8027.486748  
7958.5002  
8006.529021  
7998.352958  
7950.738995  
7983.530355  
7922.698705  
7972.919797  
7962.561398  
7980.926777  
8014.620292  
7969.959241  
7954.273469  
7930.423246  
7982.165358  
7981.990309  
7948.454114  
7992.029172  
7965.682742  
7916.282621  
8021.792424  
7964.278771  
7980.104874  
7958.849628  
7941.198987  
7946.454609  
7936.765963  
7988.090188  
7962.174692  
7928.307692  
7956.998748  
7969.008295  
7942.350091  
7981.12182  
7937.388772  
7952.199269  
7966.02946  
7956.337803  
7942.049454  
7963.07748  
7928.63501  
7976.851569  
7964.514999  
7953.846035  
7935.558894  
7992.125432  
7962.041147  
7987.60776  
7951.177534  
8016.77094  
7921.723652  
7954.7306  
7929.062268  
7973.033979  
8000.940693  
7944.013209  
7986.319931  
8004.704271  
7945.584103  
7967.463047  
7957.283184  
8053.625081  
8047.65553  
8017.103434  
7976.983668  
7979.851174  
8002.591709  
7967.032464  
7961.27581  
7918.876058  
7981.069536  
8046.155981  
7999.15004  
8016.565605  
7975.240942  
7978.892453  
8028.934383  
7977.172132  
7955.477451  
8000.431227  
7951.365015  
8021.14383  
7908.535914  
8008.016614  
7952.56548  
7936.808519  
7954.454045  
7988.070369  
7914.582607  
7936.889705  
7944.055439  
7951.547764  
7940.48959  
7915.25631  
7929.022905  
7925.88424  
7938.155461  
7909.536602  
7942.641314  
7940.330573  
7996.317871  
7917.995386  
7966.420279  
7773.894982  
7950.168138  
8016.283598  
7953.978766  
7958.231589  
7926.258739  
7949.344783  
7905.741486  
7964.987411  
7944.290264  
8025.935009  
7970.643768  
7947.683825  
7979.33764  
7977.109369  
7992.997997  
7988.666942  
7940.682611  
8042.352445  
7936.214856  
7938.413812  
7976.154441  
7975.803767  
7908.822817  
7957.540696  
7964.428041  
8032.207588  
8009.099647  
7962.72911  
8008.330742  
7988.385698  
8190.370825  
8086.603697  
8079.101412  
7996.723965  
7960.987555  
7999.05408  
8003.419502  
8011.778502  
8021.803905  
8002.209372  
8054.450909  
7946.773143  
8030.451109  
7993.263609  
8008.138847  
8029.936442  
8026.5042  
7972.07112  
8012.123573  
7965.930526  
8052.650416  
7954.667211  
7960.649589  
7890.104523  
7901.064171  
7883.666823  
7904.990222  
7954.314015  
7930.575414  
7944.290214  
7908.420385  
7971.010604  
7967.999562  
8029.977771  
7948.725279  
7993.320557  
7969.69227  
7963.521052  
7902.940229  
7941.35227  
7983.398619  
7968.713636  
7953.469533  
7991.86141  
7941.553492  
7981.99461  
7934.732854  
8043.505647  
7964.465902  
7949.910344  
8008.806033  
7945.169002  
7986.832006  
7999.213936  
7970.488782  
7973.403633  
7943.995699  
8054.666955  
7949.757512  
7987.293513  
7959.580053  
7948.741061  
8002.155837  
7970.92657  
7949.855581  
7940.726919  
7941.46038  
7934.89378  
7948.736604  
7962.180533  
7900.304681  
7825.090313  
7899.467341  
7921.457977  
7995.243871  
7982.544502  
7941.128762  
7892.021854  
7926.442696  
7936.37746  
7965.559464  
8001.4806  
7996.777926  
7918.993828  
7987.127272  
7975.725548  
8049.285563  
8001.377329  
7959.835675  
8012.495724  
7987.52238  
8012.007305  
7985.174548  
8029.415171  
8059.214819  
7949.922132  
8011.089481  
7969.434376  
7959.878243  
7997.269519  
7999.411483  
7980.279197  
7988.805451  
7948.493133  
7979.725104  
7959.630021  
7960.647793  
7964.03458  
7938.541955  
8010.406889  
7971.856877  
7977.759891  
8001.63188  
7963.783792  
7963.090933  
7953.114702  
7920.529028  
7998.392616  
7963.686073  
7964.604862  
7996.618289  
7960.726387  
7832.949726  
7913.448092  
7780.003831  
7869.628243  
7912.652037  
7969.801338  
7982.09191  
7916.602796  
7914.449231  
7888.828701  
8014.058037  
7988.894055  
7979.414401  
8036.222925  
7980.163925  
7992.457901  
8001.90886  
7967.229724  
7952.338592  
7963.044534  
7959.384822  
7999.895095  
7960.035507  
7969.467423  
8043.823674  
7976.97866  
7980.653452  
7952.117807  
7955.328726  
7955.269018  
7953.898243  
7966.584642  
7990.047539  
7978.522536  
7968.936492  
7906.246069  
7902.443522  
7933.367701  
7982.12997  
7914.296994  
7973.204064  
7993.928742  
7983.251221  
7959.844545  
7987.30137  
7950.351275  
7943.069981  
7966.489671  
7961.381623  
8039.216991  
7958.231577  
7983.409468  
7980.599052  
7973.695876  
7971.942621  
7995.664663  
7933.229905  
8025.318447  
7963.052496  
8033.573749  
8016.977358  
7931.982447  
7982.714456  
8016.720885  
7968.590564  
7984.712002  
7940.242087  
7953.229217  
7946.679237  
7961.406419  
7984.408992  
7946.057386  
7958.776461  
7949.006197  
7951.506129  
7943.962083  
7934.415953  
7933.856345  
7913.12972  
7964.716922  
7973.464806  
7966.07477  
7971.507205  
7899.438639  
7925.69684  
7836.716841  
7883.574407  
7904.957451  
7951.392321  
7975.391051  
7966.025779  
7974.004845  
7995.81789  
7981.559007  
7972.131673  
7989.179212  
7955.394681  
8010.094595  
7979.793319  
7946.279985  
8019.641896  
7994.136356  
8010.51098  
8049.171312  
8013.961914  
7969.770821  
8041.438151  
7997.799554  
7996.515187  
8005.713078  
8008.451391  
8003.860101  
8001.665646  
7982.014367  
7980.409518  
7965.193635  
7939.700101  
7963.495612  
7969.805977  
7971.669315  
8040.807229  
7988.921812  
7994.104455  
8001.308124  
7959.078745  
7966.876584  
8004.828989  
7967.705673  
7969.135554  
7976.034011  
8007.781306  
8019.920166  
8022.18725  
7952.619942  
7934.115961  
7978.594326  
7958.092661  
7989.149639  
7963.889079  
7981.072854  
7986.556691  
7970.678367  
7987.886669  
8022.240622  
7970.834842  
7946.287942  
7980.813802  
7945.548208  
7959.610195  
7945.686473  
7963.204152  
7903.760717  
7943.696702  
7947.592354  
7936.031407  
7938.134177  
7933.80239  
7894.98728  
7965.911271  
7917.900891  
7930.293401  
7918.116756  
7936.966196  
7968.823893  
7957.974428  
7992.437988  
7949.199569  
7986.788067  
7986.270251  
7949.231358  
7963.68755  
7971.11201  
7941.31727  
7986.777938  
8046.037354  
8035.492782  
7997.73877  
7943.436261  
8014.501183  
8009.050093  
8013.058249  
8030.737793  
7976.070813  
8001.48768  
7983.970334  
7954.698067  
7928.624174  
7927.003249  
7766.656519  
7720.740372  
7732.673997  
7857.537291  
7927.893192  
7950.807379  
7892.127999  
7909.107059  
7964.237023  
7956.028727  
7945.714963  
7978.723076  
7981.025654  
7993.143918  
7980.398525  
7961.218456  
7935.565768  
7963.069186  
7952.083171  
7957.386606  
8233.099434  
8064.33888  
8102.123072  
8097.034192  
7975.994735  
7964.953801  
7966.860646  
7936.284856  
7960.804957  
8015.199857  
7907.996883  
8017.524871  
8309.588567  
8020.370931  
7976.095159  
7939.241674  
7957.357935  
7967.191838  
7859.821502  
7914.607992  
8039.23363  
8047.434902  
8006.36561  
8008.34591  
7902.52315  
7954.836132  
7934.209059  
7937.406964  
8016.99871  
7988.016627  
7975.459886  
7989.191613  
7964.5978  
7949.251239  
7921.550982  
7981.663443  
7943.466089  
7951.593587  
8013.239959  
7947.834804  
7973.929788  
7921.736835  
7931.342986  
7923.282089  
7961.880446  
7985.997421  
8005.36658  
7959.566287  
7936.077211  
7910.17431  
7959.822184  
7971.346667  
7959.517954  
7970.395771  
7973.932955  
8009.75221  
7947.701729  
7958.723952  
7889.039257  
8001.403696  
8036.50914  
8011.987167  
7970.028327  
7811.506767  
7912.999944  
8004.343212  
8027.209836  
7983.802459  
7977.548114  
7969.15938  
7982.878312  
7931.010179  
7965.560015  
7999.798665  
7996.062394  
8015.60088  
7982.336401  
7934.960819  
8001.684182  
7987.55604  
7770.708884  
7997.789125  
7892.60227  
7966.041898  
8018.275178  
7959.049047  
7929.68494  
7962.468938  
7939.989439  
8024.587753  
8002.090983  
7967.835963  
8012.704834  
7987.439334  
7986.173496  
7896.684464  
7875.289576  
7933.187938  
8037.112737  
8038.644425  
7919.207864  
7933.527751  
7977.531081  
7965.467905  
7941.291316  
7967.575039  
7952.080216  
7953.715582  
7975.682123  
7998.46567  
7939.595734  
7949.400084  
7972.229887  
7976.297282  
7963.474897  
8006.199519  
7996.898006  
7991.983286  
8023.561962  
7949.614352  
7929.544202  
7936.654397  
7929.743859  
8018.342742  
7992.504276  
7984.273588  
7951.809433  
7975.159017  
7950.765337  
7964.779034  
7963.897455  
7967.667556  
7920.002097  
7953.910989  
7979.124387  
7941.755308  
7922.30296  
7934.808431  
7974.599278  
7986.963235  
7933.105719  
7964.677985  
7986.800105  
7942.229254  
7990.821596  
7962.636205  
7984.876465  
7903.957207  
7973.690887  
8021.877391  
8015.501978  
7983.090032  
8020.518555  
7979.120643  
7975.983862  
7933.808368  
7978.230106  
7931.568028  
7968.700878  
7956.948956  
7959.33692  
8027.373241  
7968.919459  
7982.257168  
8008.158353  
7988.242807  
7972.546656  
7949.57251  
7961.808869  
7993.32087  
7935.349109  
7990.51719  
7974.907959  
7961.732071  
8022.633545  
7958.519619  
7941.453914  
7948.01575  
7961.333277  
7928.317408  
8002.249812  
8017.169509  
8043.217905  
7812.401711  
7759.635335  
7956.733768  
8084.759052  
7974.666898  
7961.548941  
7994.5818  
8022.033491  
8022.246764  
8012.931816  
8031.997102  
7978.95263  
8028.377304  
8012.085399  
8010.508858  
7974.394538  
7961.359945  
7923.124718  
7923.662742  
7945.565643  
7917.778264  
7943.07395  
7953.281425  
7926.176946  
7958.039933  
7926.243152  
7911.285876  
7938.646904  
7997.120399  
8043.868264  
7928.461914  
7964.418689  
7939.473257  
7938.149639  
7919.6796  
7895.362568  
7904.29203  
7837.739064  
7856.532496  
7853.33585  
8020.022524  
8016.9217  
7975.70879  
7947.215764  
7976.94535  
7917.908391  
7974.26195  
7937.990122  
7885.063314  
7990.269988  
7955.482259  
7903.678849  
7935.960831  
7943.13921  
8018.141708  
8030.943679  
8006.764098  
8032.204114  
7974.416548  
7823.623667  
7921.247196  
7947.831725  
7991.541829  
7965.025391  
7991.313508  
7997.741874  
8023.097537  
8008.706418  
8003.78202  
8013.536709  
8013.979098  
8081.003005  
7979.493953  
8031.269675  
8093.07574  
8035.064084  
8005.255096  
7991.800337  
8008.246839  
8019.561717  
8038.584592  
8005.782834  
8029.314002  
7988.455948  
8018.441012  
8001.451898  
8020.624674  
8006.764736  
7986.722869  
7994.551645  
7987.976068  
7946.742056  
8011.131147  
8040.434633  
7996.485001  
7960.303717  
7999.305044  
7961.820807  
7971.762689  
7957.436649  
7942.060221  
7973.673784  
7978.036709  
7942.734006  
7990.477977  
7959.551921  
7935.607272  
7969.721511  
7925.71957  
7894.875864  
7885.074313  
7879.254313  
7923.829865  
7925.959986  
7926.35734  
8004.833052  
7984.799442  
7973.004601  
7970.342598  
7978.353378  
7964.323862  
7969.757155  
7992.17841  
7928.308481  
7985.135104  
7974.479968  
8034.109125  
8015.822597  
7980.722143  
7961.641332  
7951.849547  
7978.354386  
7966.707351  
7994.720791  
7979.791673  
7975.045316  
7967.155317  
8011.199137  
7996.411765  
8008.650541  
8001.216227  
7990.468287  
7936.071427  
7942.239508  
7972.145502  
7988.388672  
7979.548453  
8008.417687  
7992.447791  
7986.092079  
7934.55403  
7996.56774  
7953.108367  
7945.039206  
7902.321439  
7936.417005  
7980.627529  
7983.880008  
7964.879107  
7957.524239  
7912.264974  
8107.547413  
7955.670992  
7909.153953  
7953.653921  
8085.884885  
7934.990466  
7907.446633  
7927.141113  
7872.907283  
7814.561724  
7903.645764  
8040.523544  
7917.045686  
7916.274201  
7880.028458  
7912.032596  
8022.354849  
7905.997527  
7889.174736  
8029.670316  
7979.406206  
7949.021196  
7996.169077  
7991.243615  
7971.165283  
7989.861635  
7977.112205  
7998.560553  
7973.808343  
8011.005396  
7977.706894  
7957.140087  
7961.21726  
7973.878994  
7987.915058  
7973.068059  
7999.500369  
7978.278101  
7925.084291  
7922.640224  
7978.517522  
8014.570275  
7974.29223  
7944.765306  
8003.824056  
7999.169565  
7970.291704  
7942.03043  
7957.078688  
7976.516708  
7969.239089  
7951.154923  
7993.786915  
7990.407502  
7950.053824  
7969.073768  
8014.286089  
7945.610439  
7959.977038  
7985.339305  
7979.03967  
8021.573399  
7978.838886  
7934.838154  
7946.912009  
7952.20874  
7966.983661  
7993.801557  
7988.692746  
7974.029798  
7993.984475  
7946.664576  
7983.371626  
7936.770902  
7991.31081  
8030.588066  
7956.227552  
7957.989802  
7958.114946  
7932.873304  
7955.522192  
7948.387407  
7932.225918  
8006.561962  
7967.369623  
8007.193891  
7932.304337  
7947.985934  
7972.638922  
8000.669634  
7907.577436  
7963.289689  
7993.807724  
7929.148826  
7957.183681  
8004.051701  
8006.628919  
7966.884284  
7924.515957  
7979.576147  
7969.53346  
7949.004795  
7926.184276  
7992.384991  
7996.022686  
7962.343537  
7961.610039  
8002.126502  
7956.741724  
7997.96644  
7993.102633  
7931.47491  
7962.624518  
7968.436035  
8053.804932  
7952.924586  
7913.077649  
7949.544997  
7989.862374  
8008.597838  
7976.804825  
7976.096529  
7932.904516  
7962.434051  
7945.93298  
7945.147104  
8030.856815  
8008.383977  
7985.31861  
7954.515068  
7965.072303  
7938.833715  
8027.86151  
7988.670128  
7924.698937  
7935.127498  
7959.337834  
7896.241674  
7889.615309  
7952.341196  
7939.651549  
7965.61151  
7975.964831  
7966.62294  
7969.843274  
7924.173221  
7959.265325  
7963.29039  
8056.612492  
7959.208671  
7979.840789  
7984.408623  
7916.615059  
7976.911427  
7898.270201  
7875.020295  
7906.424636  
7984.465376  
8054.726368  
8024.312312  
7980.757806  
7992.802778  
7988.423171  
7930.566776  
7952.134359  
8007.322009  
8002.490785  
7996.247997  
7982.182724  
8004.615929  
7959.569255  
7999.196039  
7927.892847  
7898.993677  
7933.66077  
8015.142816  
7993.673453  
7919.781582  
7932.691275  
7978.729405  
7945.274627  
7926.770633  
7954.036922  
7993.082307  
8018.267121  
8003.336225  
7952.531275  
7947.667624  
7938.623372  
7970.752204  
7959.572998  
7936.558206  
7954.416347  
7910.304544  
7992.672226  
7990.486128  
7980.008445  
7954.167819  
8020.634083  
7991.882324  
8005.93842  
7922.667036  
7964.911721  
7980.18765  
8032.084592  
7980.416592  
7970.251177  
7982.187112  
7997.110414  
7918.165102  
7877.526273  
7858.410413  
7910.249793  
8028.937268  
7993.323824  
7932.214568  
7941.359957  
7983.248429  
7985.380321  
7982.167975  
7969.975217  
7995.832263  
8030.741912  
7985.073017  
8004.810622  
7943.737242  
7918.437719  
7985.174104  
7973.404253  
7978.514592  
7771.608517  
7874.082977  
7933.739771  
7958.025222  
8000.252861  
7991.291454  
8043.544978  
7971.650466  
7987.463485  
7974.307567  
7986.894788  
7981.080197  
7978.42724  
7962.816863  
8010.50713  
7991.490322  
7953.623748  
7930.170867  
7994.668501  
8001.765356  
7983.132944  
7981.7503  
8001.615835  
8010.523456  
7949.511719  
8022.082945  
7971.528884  
7931.692815  
7824.906131  
7919.768173  
7961.636155  
8027.993771  
7939.795623  
7937.284699  
7943.938602  
7961.188927  
7944.701898  
7893.620749  
7959.915283  
7911.179932  
7961.120731  
7929.676764  
8036.746626  
8055.586063  
7972.227464  
7911.232547  
7909.171575  
8046.377172  
8022.404372  
7984.177885  
7998.664225  
7988.695413  
8006.044765  
7969.577881  
7983.873867  
7964.631028  
7981.522298  
8070.044991  
7878.319198  
7995.098526  
7939.875808  
8026.347487  
7979.329033  
7949.847713  
7979.418275  
7940.077029  
7991.364089  
7976.436849  
7982.802202  
7970.683913  
7949.188671  
7977.733317  
7925.304224  
8001.293501  
8012.817483  
7991.52864  
7982.181371  
7952.014699  
7975.497865  
7962.762864  
7934.748385  
7954.674586  
7956.862461  
7980.629708  
7973.296481  
8045.848163  
8005.600799  
7953.660163  
7957.222581  
7980.749562  
7973.860314  
7979.221442  
7985.205642  
7814.191832  
7792.974929  
7840.875563  
7937.623147  
7994.026912  
7908.139367  
7937.906206  
7942.669571  
7912.883695  
7885.191625  
7950.981483  
7948.26513  
7984.015406  
7926.482184  
8017.316068  
8003.012964  
8004.838992  
8013.411527  
8129.159067  
7921.56116  
8175.271334  
8091.204621  
7873.509634  
8032.828576  
7868.412297  
7984.042399  
8029.690186  
7868.532533  
7997.054205  
7866.433181  
7917.494322  
7854.88536  
7964.584948  
8026.550831  
7934.988907  
8016.705873  
7990.342216  
7891.427158  
8109.035945  
7928.339368  
7960.078081  
8015.360796  
7989.778652  
8036.27273  
7988.71202  
7969.66743  
8033.615241  
8039.91015  
8067.911659  
8007.410544  
8055.054487  
8026.338272  
8027.361522  
7929.060372  
7919.1483  
8003.130434  
7996.732184  
8016.311091  
7923.827305  
7980.492601  
7995.915008  
7960.38613  
7970.717323  
7967.625138  
7964.223652  
8017.305652  
7967.243496  
8008.160469  
7967.130421  
8002.351663  
8002.730062  
7949.20258  
7995.963748  
7993.823668  
8003.018167  
7997.240879  
7954.614133  
7963.87346  
7953.728478  
7964.247803  
7990.099422  
7981.542549  
7958.505014  
7987.19227  
7986.512914  
7928.721667  
8007.169121  
7989.128387  
8014.982472  
7898.142941  
8020.751678  
8010.100461  
8002.262677  
7953.477664  
7979.769437  
7974.805645  
7925.755096  
8025.613256  
7942.283378  
7936.457163  
8011.218199  
7953.055326  
7889.160025  
7771.324507  
7853.549366  
8007.183174  
7999.25149  
7940.944837  
7995.751934  
7934.352984  
7967.96455  
7943.20208  
7964.004407  
7992.756755  
7939.473076  
7972.157471  
7971.986779  
7953.291992  
7982.285037  
7937.083095  
7937.344207  
7971.696051  
7999.217579  
8005.533141  
7974.341897  
7970.170817  
7929.963554  
7961.245925  
7934.145176  
7965.057123  
7948.458484  
7891.665095  
7973.67888  
7960.035932  
7970.228847  
7945.739001  
7954.937719  
7893.102639  
7953.220841  
7949.289657  
8016.379977  
8021.743496  
7929.092586  
7923.953363  
7998.434652  
7922.207732  
7976.636938  
7912.034818  
7927.238187  
7943.806346  
8022.947278  
7967.640569  
7946.801551  
7860.476431  
7925.613569  
8044.387013  
7954.944874  
7994.048528  
7938.304162  
8003.289519  
8005.900353  
7908.670247  
7909.594132  
7939.904172  
7906.027143  
7832.572372  
7975.068672  
8013.612098  
8064.856902  
7947.790878  
7959.905186  
7953.919671  
7976.893354  
7937.459028  
7917.237236  
8006.096079  
8031.9024  
8017.975511  
8021.956937  
7997.176351  
7984.557461  
7943.490979  
7927.72193  
7963.262107  
8036.053385  
7987.593506  
7997.698862  
7994.198211  
7983.426038  
8005.052496  
8005.28838  
7984.149977  
7972.069568  
7991.61556  
7905.801557  
8033.518079  
8018.686361  
8049.516827  
8017.395589  
8029.244604  
7995.488694  
7970.91005  
7989.845259  
7996.420723  
7929.681985  
8059.128149  
8037.60088  
7966.549598  
8034.218456  
8050.097569  
8009.747189  
7939.314284  
7899.517403  
7852.748278  
7931.158986  
7979.704922  
8042.642265  
7892.063996  
7939.825433  
7923.723307  
7891.365328  
7975.897304  
7957.460781  
7990.267234  
7990.787554  
7977.605638  
7911.340507  
7896.108981  
7787.240222  
7955.634234  
8022.578701  
7953.266796  
8012.854498  
7920.143492  
7939.863982  
7973.685641  
7945.425963  
8037.620136  
8007.435234  
7996.476926  
7986.094232  
7963.155305  
7972.576497  
8015.673014  
7982.854442  
7984.031175  
7964.568572  
7947.940273  
8057.779635  
8032.875063  
7936.724897  
7977.773294  
7984.829571  
7995.453388  
7982.762357  
8006.523719  
7985.663549  
8013.396353  
7965.165997  
7955.633501  
7905.528458  
7900.395389  
7939.436079  
7935.182586  
7969.693904  
7924.694298  
7701.445012  
7690.605995  
7915.172852  
7976.954383  
8000.044196  
7993.637069  
7946.427841  
7906.045003  
7944.37448  
7984.08518  
8015.272311  
8027.126308  
7998.845127  
8001.459736  
8007.921136  
8054.769757  
7860.827055  
7828.998285  
7843.897561  
7968.281851  
8015.805326  
8009.852727  
7944.404867  
7952.752022  
7944.525754  
7873.886543  
7953.01411  
7998.905643  
7975.428911  
7953.625538  
8042.054406  
8031.944699  
7996.112236  
7983.065849  
8001.473432  
8068.70618  
7992.858799  
7984.291635  
7974.12706  
7988.14579  
7991.48892  
7978.758251  
8008.695156  
7937.712014  
7984.983949  
8013.627861  
8057.990986  
7994.779297  
7964.879044  
7982.486748  
8011.090376  
7964.554932  
7956.197341  
7919.416016  
7972.578738  
7983.10222  
7954.263515  
7972.466515  
7997.626158  
7860.255183  
7684.558012  
7839.515619  
7989.598407  
8093.961244  
7992.696408  
7963.945356  
7944.119566  
7909.435541  
7972.075828  
7903.585424  
7991.108918  
8032.652106  
7941.375407  
7972.921024  
7961.307411  
7979.901054  
8020.302697  
7920.092379  
7940.988262  
7958.522611  
7969.773043  
7947.099484  
7979.589512  
7924.772473  
7983.622045  
7921.195913  
7943.540108  
7916.194399  
7962.816569  
7941.420348  
7939.999343  
7927.23845  
7965.235702  
7931.071477  
7912.436542  
7896.27181  
8251.996363  
8171.570012  
