10152.73633  
10105.73864  
10079.22672  
10134.26177  
10257.73766  
10190.97651  
10209.10716  
10145.18729  
10107.33434  
10164.98581  
10106.85064  
10124.40743  
10160.00396  
10271.61672  
10187.84025  
10013.99702  
10084.69891  
10178.82741  
10040.93462  
10123.26588  
10207.78259  
10161.02534  
10202.51866  
10113.29873  
10076.9502  
10132.0899  
10063.16823  
10112.27436  
10162.93904  
10048.9888  
10081.20467  
10031.46407  
10073.70616  
10177.64124  
10085.05392  
10150.75925  
10143.71813  
10142.61534  
10122.88877  
10232.71782  
10154.5112  
10169.80191  
10102.20122  
10122.2151  
10146.5423  
10084.09288  
10171.15769  
10096.86935  
10081.38466  
10082.36261  
10139.83938  
10226.82406  
10118.25987  
10073.21412  
10111.614  
10076.61935  
10237.44233  
10093.34966  
10169.25684  
10083.28593  
10126.32756  
10079.58928  
10140.31615  
10273.51244  
10197.53721  
10108.30618  
10037.35979  
10069.87073  
10076.93586  
10029.56348  
10199.04837  
10107.51686  
10202.17429  
10070.57448  
10119.00889  
10196.00992  
10265.1122  
10091.33563  
10090.8622  
10121.52483  
10094.33794  
10098.07417  
10215.77688  
10149.7389  
10174.47034  
10133.30998  
10103.71777  
10102.33321  
10075.46633  
10133.96705  
10166.22502  
10148.88754  
10062.65764  
10184.7023  
10141.7353  
10097.20791  
10105.38991  
10158.21063  
10279.29441  
10165.56353  
10103.49003  
10137.14515  
10170.17851  
10105.69526  
10129.00617  
10163.10655  
10175.68385  
10122.6821  
10200.93781  
10195.63292  
10116.47569  
10071.77159  
10207.6287  
10116.57124  
10145.0939  
10071.79359  
10145.78886  
10172.38492  
10137.70621  
10134.34838  
9997.100535  
10043.31348  
10026.3952  
10151.58486  
10118.78983  
10168.08959  
10190.49625  
10197.09252  
10113.30582  
10128.22055  
10131.45328  
10141.65985  
10188.54657  
10119.9762  
10137.27169  
10079.4136  
10148.8951  
10209.50642  
10208.22286  
10170.38528  
10125.22846  
10192.38466  
10163.11457  
10238.35249  
10160.55988  
10153.74722  
10126.84647  
10086.59432  
10055.41535  
10112.08928  
10043.3972  
10153.93303  
10079.96551  
10160.36729  
10142.64916  
10121.36138  
10102.12222  
10063.206  
10055.21921  
10199.52174  
10176.57771  
10190.91036  
10061.82473  
10066.44855  
10108.02935  
10114.65933  
10109.49707  
10037.62999  
10160.51994  
10166.3529  
10221.74085  
10278.7959  
10185.78624  
10113.74311  
10174.54708  
10080.36143  
10133.24645  
10195.15795  
10144.00067  
10061.27765  
10041.91812  
10093.78891  
10106.70544  
10148.67938  
10084.83532  
10181.22492  
10153.92922  
10147.65995  
10140.8439  
10177.42074  
10082.66196  
10153.57078  
10080.79446  
10171.88189  
10212.50298  
10106.68431  
10054.55854  
10139.91972  
10243.13045  
10280.03665  
10251.3713  
10191.43251  
10184.75905  
10186.51604  
10129.58912  
10096.13379  
10128.94742  
10144.57787  
10236.13168  
10414.70086  
10129.81774  
10127.50812  
10043.31579  
10172.04364  
10212.40939  
10108.72153  
10126.05587  
10101.03973  
10072.54667  
10031.95261  
10135.4045  
10188.98139  
10102.8806  
10149.57442  
10090.49918  
9979.413292  
10054.32869  
10094.47466  
10126.8344  
10015.48761  
10035.11477  
10012.78022  
10163.38425  
10147.15332  
10156.20415  
10169.03058  
10180.08424  
10163.33203  
10118.07191  
10134.22995  
10135.8198  
10123.3493  
10075.1509  
10222.45873  
10275.57026  
10131.95122  
10132.34863  
10121.38343  
10244.6619  
10204.38071  
10178.75015  
10248.91144  
10109.54646  
10227.78752  
10163.16021  
10077.46279  
10220.88574  
10037.1838  
10178.03994  
10119.24805  
10226.26182  
10127.3087  
10035.5697  
10095.93179  
10052.74183  
10166.75668  
10072.89607  
10066.8731  
10052.41797  
10173.97471  
10350.41674  
10145.23499  
10118.34946  
10126.3253  
10085.18179  
10039.97944  
10067.62865  
10102.98026  
10145.05494  
10125.01938  
10180.07422  
10119.55443  
10078.85208  
10141.30556  
10139.88579  
10239.13153  
10076.19146  
10089.58347  
10050.15985  
10124.10655  
10177.33131  
10092.14366  
10114.52935  
10210.00154  
10108.73643  
10056.478  
10096.77118  
10123.53613  
9977.359735  
10068.89813  
10186.21911  
10151.50714  
10302.33727  
10210.67737  
10105.42676  
10040.82874  
10093.0645  
9995.635485  
9973.138158  
10070.79528  
10231.60095  
10156.67779  
10129.08332  
10146.10341  
10221.39391  
10054.00139  
10201.20225  
10080.88913  
10133.81214  
9996.816303  
10053.92727  
10074.78783  
10133.19855  
10081.13369  
10047.99522  
10102.69937  
10129.72831  
10109.96772  
10156.67825  
10032.21217  
10065.12222  
10174.6654  
10196.86811  
10315.57489  
10182.65419  
10170.96896  
10309.58784  
10198.31795  
10416.35151  
10277.22615  
10296.69716  
10293.87927  
10280.19814  
10267.45302  
10226.01804  
10210.58147  
10194.88399  
10124.57381  
10181.05186  
10162.73977  
10219.7739  
10262.62243  
10211.19449  
10253.80978  
10149.84329  
10090.72147  
10176.07437  
10151.43251  
10221.85336  
10108.57591  
10135.96418  
10132.90923  
10019.75858  
10086.51912  
10088.37248  
10189.06476  
10059.2299  
10118.70981  
10068.49959  
10081.76408  
10018.33167  
10086.17666  
10159.73386  
10181.09231  
10170.9817  
10154.42203  
10120.41098  
10084.95071  
10182.89052  
10277.43961  
10010.67491  
10245.27441  
10183.77308  
10156.44002  
10154.34139  
10140.39469  
10171.54734  
10110.15234  
10130.40419  
10229.55489  
10151.15106  
10269.2097  
10210.73216  
10073.02539  
10098.54909  
10180.69053  
10098.8917  
10085.21644  
10033.75653  
10113.27477  
10171.73052  
10215.96191  
10155.29502  
10052.03079  
10049.74414  
10008.64273  
10244.36852  
10103.78767  
10126.52729  
9991.271536  
9967.527806  
9952.828639  
10020.05659  
10116.20801  
10222.70585  
10200.27621  
10201.75678  
10266.59216  
10120.87125  
10196.56091  
10174.28202  
10079.23987  
10110.16154  
10114.84642  
10156.34175  
10145.36313  
10291.9264  
10280.31805  
10219.52138  
10135.34611  
10086.04533  
10139.30993  
10014.85902  
10172.28372  
10113.01054  
10093.49836  
10121.33116  
10164.89895  
10022.58018  
10033.79384  
10123.98335  
10222.39967  
10323.00432  
10108.27452  
10171.87402  
10180.65676  
10186.95965  
10141.03269  
10089.6874  
10078.42707  
10124.95277  
10191.27791  
10210.62546  
10033.16252  
10102.82206  
10086.49897  
10031.07679  
10217.09966  
10113.66576  
10076.04831  
9962.126645  
9932.351922  
9963.041016  
9974.995528  
9986.031558  
10035.61847  
10209.16057  
10173.29703  
10276.92002  
10334.99142  
10346.46166  
10261.30068  
10209.75  
10206.24465  
10201.58609  
10112.20734  
10228.26753  
10179.25987  
10208.54688  
10280.35346  
10283.74887  
10269.52981  
10148.0442  
10081.44511  
10078.82031  
10048.15414  
10167.78762  
10124.02585  
10027.17023  
10102.13687  
10157.17486  
10106.43354  
10054.00015  
10159.92958  
10089.03572  
10203.48633  
10282.34375  
10143.72605  
10056.29148  
10155.69403  
10147.37685  
10096.75005  
10116.20271  
10156.88908  
10144.04533  
10109.3548  
10119.0752  
10184.92588  
10131.90394  
10184.83352  
10284.96639  
10097.88076  
10135.20909  
10140.11477  
10129.75817  
10195.6985  
10056.5313  
10112.63456  
10072.65594  
10109.88656  
10161.0845  
10084.67984  
10113.52729  
10110.03752  
10114.18529  
10193.92295  
10159.60151  
10198.6267  
10103.66756  
10021.95837  
10062.41437  
10003.40332  
10011.94141  
10115.17095  
10280.12819  
10242.04688  
10131.47862  
10082.70467  
9945.800935  
9991.739361  
10132.34925  
9989.829821  
10213.36066  
9983.286081  
10003.47338  
10099.3641  
10065.55998  
10264.83388  
10080.82453  
10123.22507  
10145.88667  
10249.17491  
10178.37957  
10218.80058  
10154.93657  
10177.56728  
10228.39083  
10272.09714  
10239.90198  
10042.97646  
10090.43693  
10142.65712  
10067.07787  
10203.8289  
10177.05695  
10235.20724  
10166.1287  
10106.12171  
10129.13096  
10122.93981  
10115.5147  
10029.3125  
10017.60737  
10260.59128  
10247.55243  
10105.03685  
10158.62947  
10209.76115  
10142.69536  
10105.06702  
10135.35326  
10074.49584  
10180.84452  
10033.38086  
10125.55947  
10211.05664  
10217.76259  
10085.62248  
10129.30124  
10013.73386  
10168.96772  
10324.67789  
10204.87916  
10152.77267  
9991.637079  
10084.37336  
10044.46356  
10133.90661  
10188.93945  
10238.77493  
10114.10578  
10170.53983  
10169.95431  
10137.36194  
10191.44814  
10184.7869  
10177.66458  
10178.79852  
10150.97225  
10108.23443  
10115.09591  
9995.352231  
10138.24023  
10126.34575  
10130.09067  
10172.31769  
10191.99029  
10024.86601  
10188.1598  
10125.38425  
10112.53521  
10035.28932  
10155.43436  
10156.11621  
10134.73869  
10091.26393  
10027.81168  
10124.93642  
10262.4024  
10100.25725  
10138.81055  
10075.63687  
9910.73972  
10265.71865  
10320.02729  
10177.36888  
10304.62921  
10159.49579  
10049.75622  
10087.97199  
10159.39191  
10157.17085  
10019.43272  
10102.97512  
10116.91859  
9975.22389  
10048.88641  
10107.28881  
10003.8292  
10070.9834  
10134.05109  
10089.25571  
10173.40764  
10112.20009  
10185.73371  
10165.21376  
10081.42619  
10092.79538  
10220.36051  
10271.84606  
10177.86986  
10184.62603  
10057.20924  
10247.42475  
10291.47122  
10303.76316  
10314.24003  
10150.17994  
10106.80926  
10167.71556  
10127.31409  
10182.74147  
10238.64772  
10166.97759  
10214.2224  
10392.93699  
10262.76655  
10175.7535  
10178.70862  
10080.89345  
10115.81815  
10152.64741  
10097.62855  
10215.70328  
10246.5056  
10162.0405  
10094.31522  
10043.10886  
10100.84478  
10057.7336  
10007.16874  
10088.23566  
10133.89741  
10100.98129  
10120.47014  
10172.09247  
10140.58362  
10174.05155  
10140.10038  
10111.23432  
10106.96181  
10119.77714  
10202.75781  
10191.94305  
10151.83013  
10060.8825  
10128.56358  
10166.56492  
10106.9101  
10242.38235  
10142.70765  
10102.52611  
10229.58835  
10158.34339  
10083.41648  
10137.75971  
10136.80674  
10130.68986  
10117.50858  
9927.564864  
10097.47003  
10090.581  
10117.59981  
10205.86051  
10029.18925  
10043.87968  
9940.348273  
10138.85763  
10138.93832  
10067.53557  
10012.98155  
9974.538857  
10087.63014  
10074.21777  
10102.56199  
10147.22713  
10210.37186  
10229.58609  
10194.26655  
10065.6582  
10097.14376  
10123.6874  
10199.98659  
10133.85665  
10392.86051  
10063.862  
10024.64381  
10067.81718  
10119.44413  
10012.79975  
10226.77621  
10165.06286  
10187.76439  
10140.07006  
10225.43493  
10108.39386  
10182.26244  
10232.5477  
10247.32329  
10265.81378  
10225.12778  
10235.98114  
10173.03413  
10002.31327  
10055.82766  
10087.83229  
10070.68359  
9985.874075  
10236.38662  
10179.56466  
10104.13687  
10120.62474  
10079.39767  
10222.14227  
10233.30397  
10233.90461  
10161.33625  
10209.02683  
10133.88153  
10146.65718  
10190.5403  
10197.03577  
10114.73859  
10119.19392  
10072.35151  
10130.13328  
10192.82047  
10254.24193  
10137.93848  
10160.29708  
10007.46736  
10110.54986  
10098.2042  
10010.91036  
10076.59802  
10045.57612  
10149.78413  
10135.03701  
10077.30782  
10090.76398  
10142.8253  
10175.38574  
10136.52308  
10052.80047  
10093.16293  
10163.5661  
10210.62973  
10231.96711  
10065.52071  
10138.44984  
10051.8786  
10114.78068  
10211.20893  
10177.0259  
10166.21304  
10120.29749  
10052.72769  
10072.83311  
10175.38723  
10195.55166  
10209.18431  
10078.39484  
10036.21911  
10120.8972  
10166.53788  
10230.42989  
10228.63795  
10142.47183  
10083.0717  
10166.4153  
10082.13507  
10170.32216  
10416.31707  
10126.77596  
10122.06466  
10084.60665  
10147.85023  
10327.00535  
10158.30674  
10185.07052  
10159.649  
10120.08332  
10105.49753  
10077.82072  
10063.95929  
10066.28218  
9938.930201  
9997.043586  
10085.80849  
10095.45426  
10090.11436  
10028.42373  
10123.40851  
10179.04939  
10294.01002  
10277.75678  
10311.82967  
10250.43308  
10207.86045  
10222.67984  
10154.51568  
10284.58316  
10194.66653  
10160.15903  
10065.23967  
10062.19058  
10312.50869  
10172.29605  
10239.35624  
10267.83943  
10231.8108  
10255.1711  
10174.66905  
10101.44115  
10150.30952  
10173.2924  
10139.66566  
10177.14808  
10060.32365  
10059.87628  
10157.1452  
10068.64417  
10042.99003  
10276.86441  
9961.149568  
10163.48623  
10153.51619  
9966.832956  
9939.623458  
9838.835732  
9944.908871  
9892.311318  
9996.509663  
10006.33804  
10100.62778  
10108.37099  
10232.40301  
10057.6672  
10058.77148  
10067.60773  
10170.3915  
10245.30566  
10218.20333  
10081.29862  
10061.95719  
10090.6232  
10099.68478  
10208.00267  
10283.48967  
10097.73355  
10036.8971  
10153.97651  
10056.66134  
10102.70965  
10179.78372  
10212.12736  
10217.22374  
10308.52935  
10296.18894  
10269.88513  
10275.60203  
10203.51861  
10326.05217  
10225.6619  
10190.75062  
10249.26737  
10257.20056  
10204.20559  
10154.80032  
10128.45354  
10180.74697  
10191.66334  
10265.23874  
10195.77621  
10100.04821  
10076.12253  
10105.21371  
10195.49059  
10152.55099  
10117.30592  
10058.8382  
10050.96957  
10058.23124  
10129.97718  
10083.80094  
10085.74959  
10047.7168  
10048.04425  
10344.71484  
10100.89469  
10007.33244  
10049.4889  
10177.08763  
10176.96346  
10075.51398  
10136.43688  
10027.93138  
10090.53968  
10132.10562  
10205.9908  
10107.34324  
10140.10768  
10188.79821  
10094.80808  
10177.68282  
10159.78798  
9945.435495  
10108.00175  
10148.67948  
10165.1582  
10090.44799  
10209.77976  
10326.90615  
10131.82535  
10152.48165  
10069.65532  
10170.98648  
10122.4741  
10177.04739  
10163.29492  
10140.25658  
10085.5054  
10220.22055  
10314.51336  
10187.63775  
10206.61986  
10184.76228  
10130.16679  
10084.43354  
10071.29374  
10172.40995  
10239.23659  
10212.27847  
10093.75288  
10161.34935  
10083.06944  
10123.32391  
10134.12855  
10107.80135  
10128.8916  
10061.84771  
10226.44783  
10124.15419  
10173.08779  
10109.51619  
10077.77457  
10028.9248  
10185.81363  
10105.34005  
10065.02981  
10129.2281  
10194.61138  
9945.606754  
10014.75966  
9961.225792  
9897.667506  
10040.26295  
9979.85516  
10233.74111  
10063.875  
10082.79677  
10148.76372  
10180.98309  
10147.6544  
10113.66859  
10146.4669  
10210.69254  
10166.00648  
10169.26938  
10200.21808  
10194.24075  
10255.07263  
10271.81065  
10279.454  
10206.16494  
10017.78994  
10102.29153  
10114.74882  
10136.23607  
10111.64469  
10063.80839  
10363.55489  
10176.61955  
10107.59385  
10087.37819  
10125.31394  
10243.83018  
10137.22769  
10216.09653  
10103.82802  
10123.1617  
10140.15317  
10154.07658  
10177.48396  
10075.25154  
10093.25874  
10205.79857  
10118.77724  
10021.89864  
10046.53783  
10190.27961  
10173.06291  
10183.66704  
10157.14212  
10135.41617  
10196.6157  
10164.79662  
10209.95158  
10224.07571  
10130.75874  
10192.68765  
10101.28644  
10116.06389  
10227.54091  
10255.45097  
10109.09092  
10181.19834  
10103.28834  
10065.4726  
10152.42259  
10104.44315  
10108.5899  
10080.23181  
10122.50473  
10107.48869  
10082.35871  
10048.01809  
10143.1691  
10329.09488  
10128.56394  
10143.71099  
10064.83743  
10083.15599  
10190.10706  
10037.28973  
10176.81332  
10201.63965  
10117.66961  
10159.89875  
10143.03937  
10148.78253  
10128.55746  
10156.55351  
10123.78829  
10120.66324  
10078.67928  
10123.90476  
10060.38816  
10094.92152  
10146.76922  
10152.18472  
10269.35706  
10192.3641  
10090.72821  
10127.30124  
10182.32905  
10033.26562  
10200.18632  
10207.46325  
10202.89463  
10174.22003  
10121.44526  
10075.89289  
10076.72327  
10071.84946  
10367.29765  
10229.80315  
10147.53032  
10128.88862  
10119.35557  
10076.59241  
10145.9833  
10118.64921  
10160.95503  
10101.49193  
10131.99913  
10120.36426  
10005.22682  
10110.88441  
10382.78994  
10110.6268  
10026.95559  
10026.82694  
10105.54559  
10071.23993  
10142.78531  
10066.30787  
10132.87742  
10150.01922  
10176.38076  
10094.26239  
10061.58804  
10116.79621  
10001.98551  
10277.55022  
10248.62063  
10178.24769  
10135.52698  
10095.18339  
10058.4007  
10107.9245  
10165.21926  
10071.72132  
10135.68251  
10098.55094  
10025.21428  
10031.49599  
9934.931332  
9990.588096  
10009.30289  
10103.06728  
10157.27097  
10226.19038  
10208.11498  
10185.10161  
10211.70811  
10321.99157  
10109.03752  
10169.80602  
10091.4045  
10068.5789  
10166.25442  
10246.76835  
10142.02169  
10117.49286  
10056.83578  
10246.64129  
10211.63158  
10234.29055  
10302.56805  
10168.83743  
10132.12197  
10190.08398  
10124.02997  
10023.41766  
10175.38857  
10284.61888  
10140.34935  
10240.5991  
10210.09776  
10108.7023  
10034.61004  
10125.22769  
10168.48849  
10062.91668  
10156.10408  
10038.98037  
10094.0092  
10085.18431  
10084.69685  
10233.3399  
10227.04328  
10057.71155  
10142.58871  
10067.03197  
10150.6524  
10096.1709  
10091.62346  
10120.53433  
10264.59596  
10218.65563  
10171.38631  
10076.033  
10128.75339  
10039.47456  
10037.25714  
10188.9045  
10219.46083  
10189.41884  
10108.37068  
10146.38353  
10129.32725  
10193.34365  
10209.0792  
10149.58614  
10144.55001  
10141.20513  
10175.87248  
10018.68154  
10070.19033  
10004.21145  
10029.7078  
10089.3583  
9994.438271  
10071.56738  
10040.47625  
10213.353  
10205.41437  
10324.6582  
10181.11446  
10226.03284  
10084.26742  
10145.8788  
10185.70508  
10113.48808  
10147.00206  
10177.80895  
10144.95395  
10193.5718  
10175.64659  
10115.23314  
10193.07499  
10161.58445  
10157.05988  
10096.59349  
10119.15497  
10198.2483  
10140.82715  
10126.87875  
10159.06564  
10099.77164  
10070.23432  
10035.40784  
10088.60244  
10080.94665  
10103.63441  
10247.88734  
10252.58193  
10233.05351  
10183.93683  
10220.60285  
10086.568  
10122.51742  
10209.97291  
10355.45266  
10243.30885  
10118.26819  
10099.7409  
10108.83419  
10114.48926  
10151.96418  
10181.80422  
10172.4337  
10177.82062  
10212.21736  
10186.32638  
10150.1745  
10249.5073  
10098.44783  
10079.26146  
10117.53634  
10127.03752  
10108.34581  
10214.35352  
10203.65897  
10128.14212  
10076.31091  
10096.69259  
10059.98067  
10031.33655  
10093.69213  
10236.45837  
10143.37027  
10106.78886  
10097.36138  
10116.37243  
10111.78557  
10165.01182  
10189.15887  
10143.6214  
10251.70415  
10109.04451  
10135.2538  
10113.34611  
10119.71243  
10084.7573  
10045.99774  
10078.82658  
10207.21757  
10165.00756  
10126.62927  
9991.678454  
10157.49214  
10134.44845  
10048.06409  
9981.237407  
9888.529862  
9961.024208  
10018.70811  
10169.5259  
10144.47117  
10160.04693  
10192.48694  
10179.94922  
10200.84653  
10152.50714  
10174.04389  
10156.55818  
10057.1377  
10385.82735  
10470.38713  
10277.96541  
10007.63456  
10293.14145  
9974.13199  
10050.46587  
10058.1341  
10036.91283  
10070.6214  
10178.21258  
10207.76028  
10240.36852  
10278.05608  
9933.534077  
9977.540399  
9912.692383  
10019.9889  
10011.75144  
10176.5274  
10149.47281  
10384.66041  
10343.66103  
10254.84452  
10093.83876  
10231.046  
10198.02159  
10030.58918  
10251.66586  
10171.75303  
10046.37885  
10169.37197  
10104.63991  
10220.8125  
10143.86153  
10120.12947  
10113.01737  
10278.97538  
10210.85562  
10106.5386  
10095.68298  
10130.06913  
10130.81851  
10194.41088  
10112.89278  
10178.47466  
10225.5957  
10167.25668  
10249.12921  
10200.61601  
10171.79055  
10231.77986  
10151.67275  
10155.20662  
10100.88538  
10196.114  
10210.93339  
10155.9833  
10164.73422  
10146.93652  
10157.66674  
10230.36924  
10159.7023  
10070.73664  
10107.77945  
10196.88538  
10102.28742  
10152.11858  
10205.03618  
10144.94521  
10113.06183  
10124.94002  
10180.55387  
10159.37217  
10039.39952  
10024.69346  
10101.63276  
10104.85547  
10082.42311  
10087.18298  
10097.88389  
10166.01491  
10031.1507  
10110.23566  
10053.26907  
10061.49769  
10024.20066  
9967.397615  
9890.477025  
10041.10783  
9906.250822  
9984.195364  
10233.21536  
10242.24203  
10288.62999  
10110.97137  
10125.28387  
10155.50797  
10250.18863  
10152.21181  
10126.00745  
10182.3641  
10288.89823  
10153.6691  
10204.5167  
10161.06116  
10173.98417  
10198.55505  
10194.28937  
10114.38939  
10180.64474  
10140.33491  
10153.52395  
10156.5918  
10129.32406  
10225.47852  
10176.49013  
10152.00334  
10074.20215  
10109.63507  
10090.59503  
10128.39957  
10104.42594  
10149.44403  
10215.45513  
10118.36678  
10139.27632  
10122.57191  
10218.03588  
10158.35501  
10299.75601  
10226.78906  
10208.16931  
10200.1708  
10141.82494  
10176.43185  
10179.50288  
10014.58769  
10135.05145  
10154.0276  
10222.83995  
10098.33506  
10100.1929  
10106.95477  
10096.49193  
10208.40712  
10105.45528  
10168.52236  
10127.98026  
9981.4908  
9952.679328  
9974.211194  
9859.974095  
9899.874075  
10017.13148  
10072.73818  
10197.28387  
10272.86056  
10171.71454  
10258.53968  
10181.15419  
10187.7922  
10163.17907  
10169.41355  
10145.37125  
10409.11061  
10198.79919  
10158.43616  
10152.80083  
10099.04513  
10150.78099  
10128.72281  
10219.43755  
10125.64181  
10244.53983  
10294.80736  
10231.2207  
10197.91797  
10149.41838  
10037.85557  
10032.31898  
10111.58342  
10074.2225  
10138.22245  
10249.70878  
10167.17002  
10121.2535  
10223.14021  
10167.1213  
10204.35516  
10109.614  
10051.59694  
10125.30741  
10073.70775  
10081.48921  
9972.687603  
10017.57802  
9957.908049  
9936.010794  
9924.209344  
9957.414268  
10011.43385  
10106.97394  
10121.08404  
10074.57797  
10146.51979  
10182.6929  
10227.6764  
10203.64386  
10023.14299  
10225.37135  
10131.61765  
10100.53613  
10130.04122  
9999.754934  
10069.61359  
10064.25057  
10216.47595  
10304.09211  
10230.87742  
10213.82458  
10251.21238  
10240.01398  
10293.19089  
10225.02318  
10240.87999  
10159.84031  
10204.98967  
10352.3144  
10289.25966  
10241.84426  
10175.5166  
10144.60028  
10339.00021  
10167.95169  
10168.34534  
10193.23833  
10175.22605  
9982.512387  
10140.90527  
10209.28618  
10214.51799  
10232.14433  
10235.75324  
10192.69834  
10122.59128  
10066.89628  
10021.36148  
10000.2612  
10079.58393  
9994.432823  
10038.73114  
9907.953382  
9898.550267  
9927.431178  
10015.21911  
10123.25314  
10252.89813  
10180.34755  
10283.74872  
10199.85125  
10203.14191  
10143.69783  
10223.28896  
10178.39381  
10112.28212  
10191.55309  
10144.48391  
10019.12058  
9930.362253  
9911.135228  
9802.258018  
10045.98438  
10061.47939  
10043.26408  
10149.91345  
10239.5644  
10209.18709  
10219.23129  
10203.63672  
10170.63148  
10318.7299  
10188.82458  
10129.32951  
10245.46772  
10407.81368  
10191.01763  
10133.3898  
10103.24717  
10129.18313  
10159.1175  
10178.82304  
10277.2647  
10196.06168  
10128.90682  
10125.45472  
10104.908  
10058.15044  
10082.07463  
10148.73864  
10085.87505  
10158.52205  
10231.50884  
10105.14628  
10030.52904  
9921.132299  
10063.13919  
10031.31641  
10115.65317  
10132.30546  
10146.41206  
10008.33116  
9961.960835  
9943.566663  
9947.843544  
10013.81034  
10082.33619  
10155.53007  
10189.69084  
10150.40461  
10186.98504  
10119.03881  
10184.33172  
10108.20251  
10120.61477  
10110.4615  
10179.77226  
10129.95348  
10103.71813  
10188.75293  
10095.08959  
10142.93935  
10185.15209  
10202.48746  
10105.43118  
10142.42743  
10096.43323  
10077.91859  
10148.6711  
10093.18837  
10246.14129  
10116.67861  
10111.35747  
10193.8234  
10450.73273  
