12756.06192  
12698.59961  
12597.66511  
12643.10813  
12722.6169  
12689.08597  
12716.906  
12696.81816  
12724.77288  
12691.65204  
12697.21216  
12757.97746  
12767.61548  
12814.4875  
12790.26698  
12643.90375  
12665.36607  
12693.67585  
12645.14971  
12686.8461  
12689.77975  
12657.26994  
12706.38927  
12719.89478  
12780.38931  
12808.29258  
12763.0895  
12739.39689  
12740.10173  
12696.29399  
12623.78312  
12624.54297  
12693.15837  
12723.63918  
12653.77208  
12667.99783  
12771.55545  
12747.94806  
12776.22483  
12782.99393  
12742.37832  
12728.09275  
12670.89148  
12626.74  
12673.09637  
12694.04678  
12731.01881  
12726.09989  
12706.13062  
12680.15707  
12692.38562  
12708.8814  
12705.08865  
12703.43882  
12722.8489  
12697.86231  
12719.14327  
12727.24704  
12758.4217  
12697.4605  
12689.58045  
12729.94638  
12800.04497  
12839.81779  
12766.01512  
12768.99988  
12705.13492  
12686.38015  
12721.87138  
12672.15565  
12613.29076  
12666.54106  
12728.22373  
12660.44333  
12720.53258  
12770.3109  
12720.64815  
12728.30228  
12750.62613  
12721.97695  
12679.2306  
12660.49158  
12647.84424  
12673.5139  
12678.48864  
12651.09693  
12698.39765  
12664.93678  
12630.13311  
12664.1528  
12698.99535  
12678.85753  
12647.4872  
12664.13157  
12659.25196  
12721.27322  
12735.31416  
12766.67434  
12760.39399  
12784.55851  
12787.33184  
12749.56953  
12704.88244  
12737.61068  
12712.388  
12783.20722  
12748.15292  
12774.402  
12799.22229  
12799.75998  
12706.33644  
12664.26645  
12643.58165  
12645.7958  
12682.9646  
12606.36404  
12638.62878  
12695.36629  
12742.03857  
12628.29823  
12589.82177  
12594.8582  
12471.04533  
12544.12038  
12569.36606  
12598.45088  
12662.90619  
12714.65969  
12707.5994  
12713.85041  
12739.78386  
12775.22166  
12774.11804  
12711.88216  
12742.94946  
12743.75454  
12795.06149  
12840.7847  
12820.54848  
12757.47249  
12702.36148  
12728.0311  
12719.83988  
12776.11751  
12765.51968  
12737.6475  
12729.82645  
12681.89967  
12703.09526  
12745.21359  
12733.89084  
12732.6158  
12703.99204  
12714.61522  
12725.57259  
12683.25791  
12670.97801  
12613.33353  
12717.60012  
12787.50583  
12744.25991  
12749.27001  
12754.69934  
12731.48201  
12802.21227  
12798.60952  
12735.14639  
12710.85842  
12683.51913  
12724.16474  
12737.77034  
12730.30564  
12715.35569  
12713.53462  
12748.50719  
12688.77501  
12700.95623  
12714.81882  
12653.2403  
12643.1072  
12673.75688  
12617.39507  
12673.34295  
12639.67186  
12710.37382  
12731.5759  
12729.11037  
12746.03158  
12678.04333  
12703.52828  
12760.73208  
12716.83991  
12661.70783  
12699.62017  
12715.73783  
12658.55385  
12673.99234  
12727.97129  
12720.12025  
12756.85971  
12756.08657  
12761.3338  
12696.62272  
12701.22274  
12745.38245  
12661.78864  
12651.61042  
12703.35813  
12747.85617  
12761.93796  
12766.13503  
12705.3816  
12664.9413  
12717.61066  
12763.19123  
12733.06365  
12711.43358  
12731.39005  
12696.37342  
12696.53774  
12704.14526  
12681.38181  
12725.73001  
12702.74768  
12702.17468  
12641.06291  
12655.77818  
12662.52288  
12660.03279  
12651.83164  
12687.60363  
12753.00988  
12764.06844  
12719.68799  
12775.62139  
12754.44797  
12684.67199  
12675.4975  
12672.3392  
12693.26904  
12690.69634  
12749.28697  
12751.66095  
12752.41807  
12677.10894  
12664.17385  
12706.52798  
12689.89707  
12767.67011  
12777.29675  
12795.08469  
12726.65316  
12615.7974  
12632.92592  
12598.81138  
12642.00626  
12660.24623  
12592.67291  
12658.05756  
12659.81735  
12735.29876  
12642.38294  
12549.78102  
12596.48499  
12625.3961  
12741.54817  
12666.88071  
12693.41624  
12743.68673  
12791.95395  
12780.45166  
12741.65531  
12737.4259  
12736.45786  
12707.33201  
12705.291  
12672.79402  
12651.7234  
12679.34641  
12716.05405  
12700.65924  
12624.04339  
12644.61185  
12640.20132  
12679.4506  
12795.03576  
12739.17843  
12699.92472  
12650.69283  
12691.60595  
12760.06936  
12696.8753  
12675.25156  
12678.99069  
12681.85985  
12715.22863  
12708.39569  
12691.4537  
12762.10881  
12759.05215  
12823.11561  
12859.63653  
12829.95076  
12821.13884  
12753.78708  
12658.90804  
12591.62752  
12583.83225  
12518.75778  
12562.36453  
12679.44647  
12693.49115  
12673.97881  
12692.23205  
12695.17345  
12712.20904  
12713.66515  
12706.01229  
12676.61595  
12600.39612  
12586.58831  
12709.87606  
12729.77287  
12691.05137  
12663.98571  
12678.49728  
12719.59443  
12721.61296  
12686.97797  
12646.57551  
12635.30328  
12681.31529  
12671.7855  
12782.70227  
12834.57943  
12799.1972  
12804.75872  
12805.39729  
12860.22479  
12809.64415  
12734.90408  
12775.87817  
12715.2005  
12723.00527  
12708.50039  
12677.12345  
12667.93368  
12674.30665  
12732.65459  
12734.10044  
12670.36778  
12668.29421  
12702.50184  
12695.4516  
12637.3474  
12653.43997  
12716.92435  
12752.23653  
12752.01954  
12702.83218  
12706.9842  
12676.83555  
12647.78495  
12667.10327  
12706.1588  
12756.38542  
12721.05758  
12693.97974  
12733.19297  
12680.17821  
12675.22005  
12735.21084  
12730.99186  
12730.77745  
12719.73528  
12672.35763  
12604.81069  
12640.67638  
12753.56718  
12657.47612  
12566.71668  
12825.95046  
12795.88995  
12788.19607  
12699.65723  
12683.89296  
12716.55481  
12763.07701  
12776.57504  
12776.09121  
12747.52649  
12749.80098  
12839.11606  
12807.59979  
12749.08323  
12733.46117  
12734.32796  
12726.41124  
12746.68254  
12743.81629  
12778.55158  
12841.02297  
12768.27534  
12756.23167  
12789.30305  
12710.82904  
12777.33448  
12737.20194  
12649.40515  
12598.57709  
12623.36899  
12605.83387  
12644.12602  
12713.1033  
12744.34511  
12724.9015  
12746.38032  
12813.73598  
12798.94314  
12777.52395  
12737.2781  
12671.00694  
12650.12269  
12718.44699  
12743.47474  
12780.38326  
12771.42812  
12751.30528  
12646.23776  
12569.1747  
12648.82056  
12634.00845  
12664.94824  
12699.58881  
12684.86874  
12656.89052  
12710.3042  
12699.92017  
12663.00855  
12670.1789  
12741.83251  
12755.19745  
12766.69872  
12715.07038  
12712.04731  
12722.52511  
12720.92389  
12672.64969  
12699.51612  
12693.11361  
12716.35426  
12745.72036  
12686.587  
12667.28898  
12641.28803  
12735.41478  
12696.77514  
12738.95473  
12721.23127  
12701.36436  
12587.3675  
12561.23644  
12574.65196  
12613.94114  
12616.42301  
12626.05295  
12681.01196  
12739.00696  
12804.14291  
12808.95641  
12812.4693  
12758.35634  
12731.06421  
12723.96132  
12686.93568  
12668.49425  
12713.07474  
12736.45988  
12740.88366  
12761.76812  
12781.53493  
12776.00085  
12727.33209  
12683.77557  
12710.61191  
12722.57716  
12767.3186  
12728.94906  
12737.10481  
12761.30323  
12762.78638  
12785.89689  
12786.1937  
12787.34569  
12773.89179  
12817.809  
12774.27862  
12672.66941  
12671.03555  
12694.72129  
12627.86611  
12673.5305  
12704.07638  
12635.73412  
12615.02129  
12632.17558  
12636.38899  
12682.01282  
12734.19931  
12765.66898  
12747.64409  
12695.74944  
12692.08549  
12783.0857  
12746.54165  
12699.53932  
12646.18312  
12624.35808  
12664.72508  
12710.56829  
12707.06752  
12673.67492  
12697.61593  
12691.47349  
12709.25085  
12749.58805  
12708.47913  
12742.68973  
12671.30136  
12617.18013  
12637.41164  
12605.45302  
12629.01649  
12695.4035  
12816.51993  
12776.23588  
12663.47411  
12646.76785  
12685.91947  
12657.80524  
12684.94246  
12720.23603  
12698.25069  
12668.02777  
12572.47724  
12526.39829  
12528.02636  
12657.07137  
12658.99254  
12700.74377  
12729.66599  
12727.93766  
12731.01578  
12738.40822  
12792.58441  
12754.71446  
12806.90399  
12775.68421  
12693.01874  
12722.51938  
12692.52123  
12688.56354  
12704.4984  
12732.59051  
12732.27783  
12736.59036  
12653.30842  
12683.3457  
12647.57331  
12587.90637  
12651.8775  
12663.66955  
12682.21241  
12747.67594  
12823.4384  
12781.67229  
12748.34407  
12701.12616  
12732.54586  
12724.33029  
12735.28638  
12747.14718  
12730.37543  
12689.57335  
12705.84158  
12705.27618  
12688.56586  
12688.46252  
12733.21148  
12763.8536  
12753.78535  
12781.95041  
12761.9128  
12706.76886  
12620.87332  
12723.08463  
12763.13105  
12741.88307  
12739.62746  
12803.42109  
12722.92057  
12673.47771  
12640.01017  
12675.90955  
12721.05625  
12732.19705  
12719.27263  
12653.24769  
12633.59469  
12641.38184  
12682.10339  
12691.3156  
12712.0121  
12741.10761  
12725.67798  
12717.93283  
12698.73612  
12724.62392  
12748.58327  
12726.44932  
12710.72134  
12644.19024  
12728.38985  
12711.73206  
12675.78875  
12708.48863  
12711.38676  
12713.44145  
12730.43855  
12779.78209  
12723.1989  
12751.61788  
12724.15707  
12835.65905  
12833.35014  
12788.28915  
12842.44216  
12787.14862  
12754.22085  
12698.82896  
12625.97056  
12642.96744  
12637.20905  
12620.19255  
12631.54735  
12649.16599  
12660.84772  
12598.1626  
12536.76703  
12600.62241  
12610.56715  
12603.99358  
12669.85982  
12691.70923  
12690.10011  
12639.07206  
12693.62669  
12749.46543  
12843.4516  
12844.63357  
12779.8009  
12743.95027  
12704.38476  
12741.24174  
12706.77914  
12796.22916  
12895.48749  
12707.01284  
12740.97463  
12702.11397  
12703.22458  
12670.98572  
12735.30933  
12728.42849  
12704.77652  
12817.9973  
12818.82769  
12730.35491  
12634.7826  
12687.39412  
12598.94985  
12595.68455  
12627.35952  
12753.05199  
12756.9771  
12673.32972  
12610.12001  
12673.27695  
12682.63672  
12667.25629  
12686.97148  
12670.08418  
12709.49988  
12756.37146  
12751.78593  
12735.65707  
12766.68795  
12762.18319  
12732.27403  
12725.86345  
12728.98336  
12718.88595  
12744.47165  
12691.49787  
12655.48719  
12665.67482  
12721.26704  
12752.18084  
12767.99629  
12734.2361  
12691.42553  
12743.1451  
12779.312  
12754.46647  
12746.11727  
12744.44968  
12697.93409  
12759.15281  
12693.48427  
12601.95688  
12675.25699  
12689.49242  
12766.86742  
12789.39475  
12709.03774  
12665.15258  
12645.86406  
12711.96527  
12724.03142  
12668.39198  
12610.94794  
12606.63269  
12599.82962  
12638.99475  
12673.45719  
12672.48535  
12707.22793  
12760.16135  
12765.71971  
12705.10187  
12737.45067  
12740.61674  
12786.67727  
12745.6481  
12889.92017  
12749.85161  
12702.31852  
12629.92659  
12649.12617  
12599.99191  
12659.59712  
12665.7891  
12685.85275  
12731.48842  
12680.88708  
12711.59229  
12686.38225  
12682.63434  
12640.58923  
12585.47857  
12734.42511  
12741.59364  
12661.23998  
12547.2271  
12606.55638  
12614.21196  
12728.86652  
12715.16846  
12781.94713  
12782.41006  
12761.87903  
12777.65505  
12757.02528  
12850.14013  
12825.90793  
12769.99262  
12754.72475  
12719.25238  
12748.57471  
12708.79456  
12747.35435  
12706.34676  
12708.44285  
12676.40786  
12654.98016  
12699.69338  
12712.96933  
12709.43905  
12680.94585  
12709.6542  
12688.49946  
12674.43176  
12670.69482  
12603.62185  
12628.26829  
12704.66273  
12820.19316  
12830.36458  
12739.583  
12709.29481  
12682.83523  
12637.4274  
12644.61519  
12645.79589  
12688.66857  
12758.91638  
12775.01594  
12726.48803  
12682.77032  
12721.07522  
12729.04875  
12725.22908  
12747.30605  
12790.36209  
12801.99016  
12750.55866  
12698.18316  
12721.96201  
12725.60136  
12749.56252  
12707.22753  
12607.98402  
12677.93368  
12689.06767  
12729.80268  
12763.09762  
12750.75502  
12689.65525  
12642.91306  
12608.10288  
12565.0858  
12631.26942  
12682.73707  
12733.26361  
12679.80551  
12722.34449  
12752.64615  
12782.22081  
12726.66661  
12719.99835  
12733.48699  
12730.48039  
12708.33923  
12706.04099  
12695.17325  
12664.94433  
12622.65797  
12652.40105  
12719.61419  
12705.84414  
12655.74018  
12659.90403  
12707.11284  
12779.78385  
12760.56407  
12808.8248  
12842.75954  
12821.78111  
12743.10554  
12750.01528  
12759.84018  
12701.99886  
12699.25654  
12712.28298  
12714.10682  
12712.42349  
12772.49496  
12789.63005  
12787.83366  
12766.97055  
12663.68162  
12714.67947  
12665.73109  
12644.50559  
12652.13382  
12706.3707  
12662.51857  
12654.02085  
12625.9335  
12685.19631  
12706.79611  
12661.24725  
12724.40824  
12760.48662  
12761.83438  
12793.91155  
12771.57218  
12586.22479  
12533.3752  
12447.05776  
12537.88625  
12530.95295  
12554.56775  
12574.51144  
12647.96651  
12676.19153  
12760.99023  
12718.41158  
12696.32312  
12723.60973  
12754.35437  
12819.24266  
12804.33636  
12656.39424  
12653.27046  
12656.47214  
12679.96759  
12786.21145  
12766.57663  
12732.87409  
12706.97498  
12737.04283  
12699.04138  
12689.28309  
12728.73756  
12757.64244  
12728.99816  
12714.8163  
12713.04236  
12746.82287  
12695.54331  
12688.31749  
12768.23929  
12779.70938  
12767.16488  
12739.60202  
12766.71757  
12776.48408  
12781.63156  
12819.36894  
12822.65023  
12778.37215  
12804.95154  
12792.92916  
12703.0604  
12691.40497  
12756.22858  
12765.50666  
12740.5445  
12730.0074  
12702.53836  
12666.66837  
12725.05811  
12776.17416  
12739.56668  
12671.16024  
12665.51797  
12655.73505  
12673.20698  
12652.0031  
12591.03957  
12588.1437  
12647.18408  
12637.16355  
12573.11554  
12661.11493  
12705.67283  
12709.03266  
12704.32702  
12768.5643  
12758.46377  
12768.14423  
12803.51136  
12828.47091  
12764.13488  
12704.47677  
12639.87582  
12638.62617  
12661.81974  
12685.80988  
12654.27734  
12699.26201  
12754.98327  
12725.37604  
12721.06697  
12723.55371  
12699.50153  
12746.89139  
12769.17379  
12763.15583  
12728.54733  
12746.833  
12722.27617  
12743.3638  
12677.02472  
12669.56495  
12674.69448  
12635.7628  
12718.34891  
12768.37945  
12815.83514  
12794.27437  
12723.08928  
12706.89408  
12783.9274  
12770.58753  
12704.28543  
12746.43724  
12754.58028  
12694.81379  
12692.42444  
12715.94582  
12717.84485  
12704.18235  
12718.58499  
12676.85768  
12661.81294  
12591.25956  
12817.53255  
12693.9616  
12632.40211  
12772.2853  
12572.59659  
12448.52349  
12473.90516  
12479.8775  
12541.38824  
12594.75044  
12703.33836  
12686.0703  
12519.50353  
12723.5476  
12747.89805  
12730.52223  
12710.71907  
12749.82506  
12720.40226  
12741.68082  
12729.50801  
12741.81133  
12693.52191  
12739.23383  
12781.99681  
12797.39701  
12768.73594  
12735.2344  
12759.1685  
12744.4586  
12743.10323  
12727.13666  
12751.18198  
12758.40517  
12706.83194  
12671.57152  
12653.71442  
12715.6114  
12744.31742  
12732.11512  
12741.71568  
12726.09861  
12728.27646  
12740.82345  
12709.31721  
12669.33168  
12717.87186  
12716.60798  
12699.58073  
12730.91465  
12662.74203  
12660.07767  
12739.58019  
12757.25479  
12735.26199  
12774.89107  
12797.68059  
12765.76065  
12697.79028  
12738.09314  
12785.79644  
12721.29101  
12753.94635  
12752.0474  
12717.59791  
12722.87635  
12702.28291  
12625.73442  
12668.28333  
12649.46955  
12712.18689  
12727.12674  
12647.04852  
12644.05488  
12648.98638  
12666.43947  
12657.82979  
12656.01087  
12677.66437  
12725.78616  
12767.4745  
12723.69174  
12688.10788  
12667.81286  
12753.63821  
12697.88018  
12744.77092  
12829.08644  
12780.91513  
12756.9391  
12696.4488  
12716.06355  
12668.43009  
12683.39305  
12643.07107  
12657.08012  
12718.43497  
12734.34841  
12745.98233  
12691.85514  
12755.95421  
12748.84718  
12709.96485  
12667.60157  
12653.4689  
12634.53593  
12611.68166  
12670.11027  
12656.3576  
12729.39789  
12701.89701  
12733.98898  
12682.06705  
12628.49067  
12702.38716  
12723.23089  
12743.6503  
12815.59056  
12781.95552  
12716.65661  
12693.81063  
12680.37601  
12701.56392  
12733.56089  
12765.80386  
12739.49136  
12751.262  
12736.83713  
12727.75089  
12658.3327  
12701.90612  
12705.03602  
12642.14293  
12644.16416  
12697.30925  
12748.08648  
12779.28171  
12822.97065  
12712.32366  
12698.05724  
12716.76844  
12689.07558  
12629.09439  
12631.36105  
12649.59457  
12660.96419  
12752.12771  
12794.74407  
12748.74182  
12638.29803  
12664.19885  
12685.24652  
12700.59062  
12717.51472  
12678.68956  
12690.42808  
12649.91223  
12573.25826  
12528.41529  
12497.53289  
12525.02716  
12553.5227  
12629.68948  
12694.66396  
12759.93516  
12803.67663  
12813.35491  
12871.43667  
12825.82168  
12758.85539  
12766.34548  
12754.22863  
12738.2501  
12800.61541  
12826.31418  
12768.15216  
12721.71865  
12717.09459  
12758.85003  
12753.77233  
12730.65108  
12735.89582  
12703.98947  
12734.83521  
12659.1218  
12675.17627  
12714.96764  
12770.42166  
12757.1685  
12724.66293  
12735.55821  
12724.72426  
12682.86733  
12687.78172  
12708.19876  
12630.5382  
12564.29216  
12566.75335  
12543.40396  
12612.69856  
12664.59543  
12723.32277  
12757.61773  
12766.5961  
12693.88026  
12667.40347  
12697.913  
12675.60004  
12633.18806  
12698.54541  
12802.86847  
12868.5607  
12830.52947  
12761.40902  
12704.20628  
12685.3194  
12653.61376  
12670.72596  
12730.40151  
12715.52475  
12697.02093  
12726.83112  
12778.06557  
12811.32358  
12788.50079  
12709.19886  
12707.26388  
12739.16066  
12684.38233  
12623.83619  
12643.94379  
12687.60586  
12618.78066  
12645.7811  
12661.83967  
12655.09364  
12644.33589  
12614.18862  
12689.49944  
12773.15034  
12769.82403  
12765.63481  
12770.43997  
12746.05091  
12786.46719  
12785.85524  
12721.62965  
12807.64857  
12808.00844  
12777.76813  
12726.94733  
12688.26546  
12666.80911  
12670.43815  
12697.68552  
12662.41046  
12622.57583  
12667.17924  
12705.37569  
12721.84948  
12715.18104  
12696.5947  
12672.9004  
12610.79915  
12619.20937  
12667.20621  
12674.06595  
12652.11784  
12719.51044  
12769.30587  
12805.32523  
12784.4671  
12744.85846  
12735.52141  
12744.12486  
12765.03204  
12802.74445  
12780.56713  
12737.8195  
12686.19928  
12672.53201  
12682.85552  
12706.06928  
12735.89689  
12731.8666  
12734.3243  
12722.1912  
12685.67827  
12722.17531  
12773.87308  
12729.70253  
12685.26236  
12696.84896  
12715.10642  
12756.82388  
12766.01395  
12750.60756  
12690.54471  
12686.33515  
12647.17319  
12663.65451  
12681.8642  
12734.91023  
12757.3951  
12756.66934  
12736.5604  
12683.30911  
12616.30826  
12646.76393  
12675.76596  
12687.5069  
12740.14116  
12775.78775  
12760.63018  
12770.54821  
12734.37682  
12680.47885  
12699.43428  
12684.47684  
12712.02235  
12773.00339  
12760.53652  
12713.09567  
12654.75524  
12734.90109  
12672.94501  
12605.11691  
12563.23864  
12583.56512  
12577.51189  
12567.69755  
12622.82291  
12658.18459  
12719.46893  
12759.02418  
12724.25532  
12662.02658  
12649.67475  
12639.66604  
12677.88222  
12692.24039  
12755.39425  
12918.18898  
12806.29475  
12793.45316  
12400.62475  
12636.41781  
12696.31353  
12618.58636  
12649.82182  
12599.78014  
12717.85813  
12727.36297  
12788.1135  
12785.61165  
12570.96773  
12538.11078  
12577.89928  
12591.59859  
12611.43695  
12453.47309  
12682.38209  
12846.08783  
12878.09316  
12827.24364  
12781.52214  
12778.29754  
12716.88027  
12736.35806  
12829.73112  
12807.97385  
12728.31354  
12719.49018  
12705.35401  
12777.33356  
12776.74825  
12814.78674  
12833.92387  
12849.76423  
12775.35936  
12680.29959  
12685.85262  
12694.14455  
12707.21289  
12741.43061  
12771.35389  
12808.80142  
12823.70091  
12803.9716  
12745.67365  
12720.71298  
12732.32141  
12749.79558  
12750.83434  
12758.01456  
12767.46581  
12784.12521  
12746.99993  
12717.4755  
12736.08205  
12768.0922  
12777.24363  
12729.21224  
12688.87811  
12707.08219  
12691.63283  
12727.24196  
12771.70429  
12731.52566  
12691.34843  
12672.72629  
12692.66264  
12704.65985  
12665.6721  
12658.78424  
12612.36588  
12619.16397  
12636.4431  
12649.03048  
12655.03613  
12666.14932  
12693.27014  
12747.11642  
12738.85834  
12733.24089  
12759.11623  
12726.91115  
12684.65854  
12620.23908  
12551.40855  
12504.7293  
12531.5465  
12578.95118  
12696.21123  
12771.78323  
12762.32309  
12760.60514  
12800.96093  
12740.94204  
12799.67038  
12802.59688  
12816.37931  
12794.02535  
12748.25964  
12699.75603  
12659.4986  
12640.77699  
12608.24081  
12665.50606  
12730.33312  
12705.22762  
12689.22927  
12668.52388  
12713.93153  
12699.32368  
12744.01171  
12792.85544  
12728.55476  
12699.73586  
12698.6747  
12657.7833  
12654.01584  
12667.70822  
12745.88746  
12782.88248  
12773.35876  
12739.25149  
12753.15757  
12769.8682  
12777.97204  
12810.24754  
12865.9938  
12750.82756  
12697.75192  
12713.54253  
12700.17615  
12768.5793  
12709.84291  
12731.64916  
12728.89187  
12745.88602  
12710.43363  
12634.33264  
12614.52099  
12604.31844  
12509.41655  
12792.93281  
12737.41511  
12731.49227  
12669.35462  
12505.6893  
12464.1399  
12427.53842  
12450.60362  
12531.6364  
12643.08548  
12673.77159  
12747.55332  
12748.2146  
12807.56223  
12778.78511  
12746.87931  
12783.71131  
12751.12291  
12706.5517  
12822.07627  
12899.86326  
12802.89509  
12717.31705  
12721.56359  
12749.29132  
12730.44611  
12735.70857  
12767.49146  
12753.14461  
12798.77259  
12839.02087  
12759.98956  
12769.57147  
12715.1147  
12601.84905  
12604.34017  
12667.93567  
12692.56691  
12662.91996  
12761.46214  
12806.4813  
12755.2873  
12699.62461  
12724.61972  
12713.28714  
12617.92066  
12617.61426  
12640.32965  
12713.18803  
12707.01248  
12717.29594  
12698.27214  
12631.88464  
12549.36143  
12547.48158  
12619.87187  
12602.12143  
12678.6084  
12683.0665  
12738.26256  
12773.44593  
12752.01245  
12723.79381  
12771.63927  
12802.37245  
12773.47835  
12728.26366  
12589.62105  
12587.18205  
12568.17238  
12622.61068  
12639.63994  
12716.72955  
12736.60431  
12749.11118  
12686.64263  
12700.19723  
12725.45084  
12741.08553  
12751.14611  
12750.20891  
12758.24775  
12785.38023  
12868.64138  
12826.99427  
12816.15762  
12831.3332  
12774.26346  
12809.48977  
12826.47412  
12739.13725  
12689.27739  
12761.85522  
12729.97225  
12717.47226  
12669.68052  
12809.44188  
12806.74822  
12813.86567  
12749.37377  
12686.8494  
12693.25129  
12645.65038  
12685.30635  
12674.19868  
12585.01617  
12500.59209  
12520.22129  
12474.97711  
12552.62542  
12594.13756  
12672.64794  
12752.29382  
12745.32562  
12771.99504  
12764.81359  
12780.39435  
12758.62048  
12769.22222  
12798.95791  
12806.51433  
12800.97554  
12629.95196  
12452.01301  
12461.61097  
12477.14284  
12551.00885  
12654.70022  
12729.91036  
12698.25125  
12777.50793  
12766.94483  
12839.98705  
12768.26506  
12747.37892  
12692.84754  
12714.12527  
12727.30537  
12749.84614  
12824.89564  
12798.02182  
12717.74219  
12656.41673  
12668.906  
12686.69716  
12698.76129  
12691.80891  
12735.85816  
12728.32537  
12714.29733  
12704.87446  
12680.45561  
12672.40419  
12701.27919  
12723.21313  
12726.60915  
12740.67954  
12727.04817  
12716.78047  
12668.39651  
12660.97954  
12700.25079  
12760.23796  
12755.35902  
12736.10898  
12671.83529  
12534.69174  
12518.87769  
12471.74618  
12528.226  
12621.20886  
12671.8801  
12775.85092  
12776.98241  
12792.62723  
12775.71234  
12779.62641  
12814.80679  
12779.99267  
12733.00401  
12714.68158  
12718.90796  
12678.91223  
12669.86225  
12680.75495  
12683.93025  
12700.53168  
12709.20479  
12724.0594  
12650.81757  
12682.82214  
12686.25709  
12688.58338  
12708.13289  
12732.32574  
12711.73872  
12695.69223  
12688.24281  
12783.79066  
12821.93243  
