9186.542441  
9145.832031  
9082.680977  
9018.610234  
8994.623594  
8943.838535  
9083.059648  
9082.164062  
9054.382832  
9054.119629  
8970.388301  
9057.285762  
8972.642422  
9000.384082  
9037.69373  
9044.980098  
9094.104375  
9017.112324  
9015.632656  
9038.171094  
9036.724219  
9048.83248  
9023.82668  
9060.491426  
9008.244531  
9042.870762  
8995.94291  
9040.95041  
9049.044121  
9043.676094  
9075.143242  
8989.317207  
8989.829023  
9008.250801  
9023.911992  
9053.221367  
9003.868281  
9041.389902  
9030.645742  
9020.827832  
9005.118984  
9049.432969  
9025.703203  
9076.069551  
9023.608867  
9024.624297  
9113.711035  
9026.261855  
9050.528027  
9022.534043  
9000.488789  
9063.62168  
9028.071328  
9056.656211  
9010.788105  
8996.854727  
9057.451309  
9059.29873  
9052.592227  
9010.618047  
9068.134062  
9015.143945  
8987.152969  
9075.199766  
8989.192676  
9021.028145  
9011.21043  
9040.90293  
9005.477871  
9059.394238  
9066.496543  
9016.800469  
9064.913633  
9031.150039  
9062.24293  
9043.042715  
9056.072012  
9097.980078  
9055.438672  
9094.706289  
9060.535645  
9049.336934  
9031.734316  
9012.959805  
9061.123281  
9032.793066  
9079.902324  
9070.56332  
9046.836602  
8997.356309  
9068.799785  
9003.209648  
9039.859883  
9089.540449  
9115.813652  
9089.561426  
9058.944043  
9057.38498  
9057.228027  
9097.75916  
9061.463262  
9049.160938  
9056.248379  
9053.112422  
9022.325996  
9055.559102  
9048.763496  
8999.20123  
8990.589531  
9025.664844  
9034.273418  
9082.75916  
9086.792539  
9007.938418  
9071.566387  
8998.024277  
8941.014043  
8873.504512  
8972.620391  
9073.729414  
9123.623945  
9098.028301  
9078.890039  
9045.146133  
9060.751953  
9068.025234  
9022.240625  
9067.214785  
9112.650488  
9099.684609  
9000.916465  
9036.402617  
9045.708066  
9051.35209  
9031.887285  
9079.255469  
9044.894434  
8990.293379  
9072.933105  
9022.495137  
9061.350449  
8987.829199  
9085.00832  
9046.648242  
9008.041836  
8987.993848  
9004.475137  
8987.98668  
9040.013437  
8969.104727  
9021.541152  
9068.727148  
9033.810137  
9042.292754  
9013.63043  
9068.502031  
9021.285879  
9021.609141  
9030.660234  
9029.364395  
9047.952461  
8994.785527  
8982.022598  
9082.136621  
9047.549395  
9043.678789  
9072.947637  
8949.090566  
9046.705254  
9078.465332  
9022.939629  
9116.685938  
8991.31457  
9093.710078  
9088.983418  
9035.219277  
9110.580469  
9094.777148  
9023.533281  
9047.025371  
9007.825586  
9042.534063  
9089.844746  
9034.393574  
9036.487695  
9030.05123  
9140.599316  
9026.492852  
9084.468027  
9061.858633  
9050.935059  
9137.034785  
9050.031738  
9011.507344  
9022.244492  
9082.668594  
9079.905898  
9028.205918  
9066.657656  
9046.441211  
9072.127227  
9101.56877  
9068.135703  
9043.439062  
9039.519219  
9001.307559  
9095.49834  
9008.314492  
9005.081465  
9072.195391  
9075.204609  
9001.959746  
9009.067051  
9068.928281  
9055.439453  
9010.041738  
9058.549141  
9032.532695  
8982.158906  
9049.171211  
8996.444687  
9094.755664  
9017.653301  
8979.281875  
9027.379082  
9039.616914  
9049.257402  
9065.486035  
8987.608848  
9038.150723  
9044.940625  
9008.881445  
9031  
8977.298203  
9034.645488  
9115.921484  
9031.933516  
9016.759492  
9001.341836  
9007.718613  
9037.702871  
9010.418027  
9037.266523  
8976.11959  
9063.474121  
9022.415742  
9025.411035  
9009.685  
9092.68916  
9000.379961  
9052.96873  
9021.536367  
9063.830313  
9061.034512  
9061.776562  
9111.445078  
9076.707207  
9005.857871  
9091.257598  
8957.970566  
9142.87916  
9170.16582  
9085.081855  
9074.764355  
9031.579043  
9049.412734  
9041.864043  
9023.503711  
9019.775391  
9010.502871  
9136.393984  
9018.873926  
9025.542676  
9045.195898  
9051.319687  
9103.193867  
9043.494199  
9065.628379  
9058.093262  
8991.78291  
9136.100078  
9018.023008  
9029.220723  
9007.871484  
9043.485039  
9011.688535  
9124.824141  
9021.563535  
8981.534023  
9008.003809  
8998.345703  
9006.686094  
9007.195723  
8978.515449  
9004.982832  
8994.775898  
8969.387461  
9024.223105  
8994.359863  
8965.667559  
8993.038809  
9060.84002  
8854.670762  
9036.761113  
9134.298008  
9044.436211  
9025.643398  
9062.059102  
9042.243652  
8912.303145  
9047.500586  
8965.359629  
9059.766836  
9027.932969  
9044.949082  
9059.07791  
9036.641992  
9073.346465  
9065.509473  
9063.450352  
9091.504375  
9065.691289  
8994.786152  
9089.860234  
9074.658418  
8979.397324  
9058.78959  
9029.74459  
9084.34791  
9073.037188  
9032.296348  
9072.429883  
9016.481152  
9329.035293  
9185.942734  
9159.722695  
9037.492285  
9021.679473  
9096.935215  
9070.261172  
9107.070527  
9109.526465  
9090.497168  
9160.764863  
8999.495117  
9157.724375  
9094.413926  
9071.376484  
9086.80707  
9084.001543  
9063.875117  
9066.146816  
9010.73748  
9152.204551  
9048.708457  
9017.455254  
8968.292617  
8939.579492  
8978.942734  
8911.987832  
9064.73498  
9019.66709  
9053.70125  
8999.990371  
8964.57373  
9011.431992  
9102.019082  
9026.10793  
9034.549492  
9004.937559  
9004.580234  
8995.507598  
9067.998809  
9049.515781  
8976.816797  
9047.417695  
9112.738164  
8982.178105  
9050.459473  
9063.725254  
9107.776621  
9020.42748  
8982.219004  
9096.964062  
9009.739687  
9068.462539  
9076.068008  
9050.633496  
9062.597324  
9035.680195  
9088.73877  
8995.70332  
9091.44373  
9085.670332  
9031.181836  
9062.80293  
9036.020254  
9082.441387  
9023.260254  
8991.016328  
9062.494805  
9018.376055  
9038.861348  
9021.078008  
8862.789629  
8891.380723  
8939.913086  
9060.872832  
9053.978555  
9034.412246  
9029.652285  
9063.998965  
8980.751094  
8983.463516  
9053.680137  
9043.284668  
9000.444199  
9059.134961  
9043.879121  
9142.985566  
9050.548262  
9012.919531  
9130.933281  
9065.718613  
9049.097305  
9025.517246  
9014.98541  
9097.382148  
9064.771113  
9067.238438  
9058.047793  
9046.531895  
9049.72334  
9031.14207  
9091.806641  
9046.242148  
9027.485605  
9068.736133  
9067.595996  
9062.547773  
9023.034687  
9024.150371  
9132.867578  
9036.523027  
9032.475996  
9074.650137  
9058.498496  
9073.046777  
9044.025996  
8943.442031  
9037.971699  
9019.931348  
9035.734434  
9084.725508  
9006.86002  
8876.020684  
8890.268613  
8946.801543  
9033.373867  
9022.375801  
9045.696504  
9080.108262  
9024.483613  
9044.162695  
8978.18752  
9066.800664  
9056.000449  
9025.23752  
9079.636348  
8986.275938  
9078.262988  
9065.83334  
9043.38459  
9029.651016  
9044.402715  
8988.152363  
9077.827969  
8985.980859  
9044.433828  
9089.961836  
9044.923242  
9115.185332  
9032.261055  
9006.087676  
9008.65625  
9075.811074  
8991.004512  
9060.13584  
9077.59252  
9022.90084  
8953.325898  
8988.975762  
9008.728203  
9072.954121  
8977.876133  
9010.616738  
9071.604785  
9056.527598  
9049.451289  
9066.221953  
9030.092734  
9060.999297  
9045.601172  
9087.757461  
9127.043672  
9027.76791  
9089.165234  
9045.70791  
9026.298242  
9005.385762  
9044.941836  
9008.673125  
9063.234199  
9082.690762  
9019.475898  
9119.936641  
9030.930273  
9087.546543  
9050.783184  
9061.185469  
9086.560254  
9069.835957  
9028.735859  
8991.082773  
8995.946758  
8990.870605  
9053.832129  
9009.539824  
9000.309453  
9085.547656  
8997.929785  
9049.682188  
8983.466191  
8949.034395  
9016.279902  
9008.283047  
9031.400352  
9096.404727  
8919.718848  
8950.164258  
8910.329766  
8974.083652  
9066.11082  
9102.450039  
9132.427246  
9051.519277  
9063.035664  
9046.869316  
9065.35668  
9051.770898  
9069.23668  
8995.964355  
9064.063867  
9047.764766  
9032.863281  
9045.343145  
9017.68793  
9101.939121  
9139.381074  
9140.988984  
9034.337891  
9096.481016  
9040.466406  
9031.62668  
9097.466465  
9062.070293  
9086.280234  
9076.528301  
9108.470703  
9066.671855  
9094.378652  
9018.290449  
8997.400352  
9004.779707  
8986.830957  
9115.106758  
9050.039863  
9027.61248  
9064.402227  
9023.352441  
9079.724551  
9083.204316  
9039.937793  
9040.731289  
9083.225488  
9021.142168  
9071.061621  
9130.076484  
9032.752461  
9056.148223  
9015.478633  
8989.55209  
9078.160879  
9040.414199  
9099.764238  
9110.397676  
9073.099707  
9068.415254  
9110.629707  
8995.550977  
9014.934277  
9019.040293  
8993.659102  
9085.056719  
9024.810859  
9085.465195  
8987.633223  
9024.167598  
8991.916602  
9006.483613  
9008.229551  
9017.484492  
8982.330449  
9028.962461  
8958.946406  
9048.337148  
9007.683437  
9041.069883  
9047.285195  
9104.793125  
9029.215801  
8975.416543  
9032.805547  
9044.018711  
9073.920059  
9058.338242  
9011.52127  
9065.414141  
9023.315918  
9125.619805  
9101.5175  
9064.703926  
9015.815762  
9066.355488  
9020.834531  
9042.808457  
9105.371172  
9061.87418  
9077.418066  
9106.259961  
9039.184668  
9063.094004  
9017.915254  
8769.999102  
8851.944766  
8804.984004  
8984.579805  
9004.484082  
9089.728711  
8940.780723  
8985.060508  
9069.083105  
9043.232266  
9041.853047  
9063.841602  
9048.863672  
9079.610352  
9006.890449  
8992.601992  
9060.328125  
9039.787949  
9064.148691  
9091.216816  
9228.168945  
9112.740977  
9191.505371  
9133.190059  
9042.963262  
9018.366758  
9075.155332  
9000.636094  
8956.97625  
9016.814219  
8984.360371  
9093.320938  
9427.798672  
9146.088633  
9132.304609  
8994.612852  
9077.098887  
9065.834688  
8918.525547  
8971.70166  
9058.467383  
9068.490879  
9112.478359  
9078.200059  
9029.569238  
9005.182637  
8987.892715  
9005.484238  
9026.962656  
9027.539336  
9039.357969  
9017.009492  
9056.62748  
8994.014023  
9036.639512  
9046.760488  
9029.821055  
9077.349023  
9010.615996  
9023.679805  
9042.944375  
9000.669082  
8987.749922  
9005.885957  
9080.293145  
9005.716582  
9065.484707  
9015.71127  
9005.92582  
9000.542324  
9037.122266  
9080.189453  
8999.518027  
9056.524395  
9017.380039  
9030.56916  
9051.572637  
9014.516113  
8959.13584  
9041.854277  
9125.665371  
9062.616562  
9043.557168  
8881.557793  
9050.025371  
9117.191445  
9106.805371  
9065.391992  
9041.769355  
9057.52207  
9062.337227  
9008.644414  
9009.35832  
9047.805625  
9083.949316  
9099.114434  
9068.383379  
8984.811738  
9050.639805  
9053.76125  
8876.790801  
9148.010254  
8991.337441  
9125.726016  
9079.430215  
9091.430059  
9039.804883  
9008.415762  
8952.142383  
9120.410918  
9086.098867  
9044.552676  
9053.554082  
9030.918652  
9059.048301  
8914.72957  
8960.602207  
9090.811348  
9145.600039  
9165.222461  
9085.407051  
9019.631855  
9014.307344  
8983.481465  
9042.187617  
9071.666855  
9037.50252  
9032.109688  
8988.433926  
9047.621289  
8971.031719  
8996.277676  
9035.230605  
9001.449375  
9014.612402  
9092.82123  
9045.50707  
9041.611387  
9069.875977  
9026.675508  
9044.427832  
9008.208574  
9002.46959  
9090.65166  
9030.100352  
9026.321113  
9055.07168  
9031.314883  
9008.77082  
9099.914062  
9027.761777  
9043.551582  
9006.171113  
9044.805762  
9019.54959  
9003.840195  
9008.035625  
8968.153496  
9022.591543  
9077.925938  
8994.633125  
9028.573223  
9061.101406  
8977.103379  
9106.997207  
9044.685957  
9068.704219  
8983.240723  
9091.787031  
9082.214414  
9049.859277  
9096.338281  
9126.895469  
9041.847871  
9054.653848  
9090.003008  
9033.913633  
9016.140391  
9038.143633  
9030.835312  
9038.326543  
9085.094238  
9021.956387  
9076.312852  
9116.913027  
9055.600605  
9029.412832  
9018.318262  
9001.560527  
9061.354707  
9005.367441  
9007.641289  
9104.427559  
9011.518594  
9041.823516  
9040.521035  
9011.209863  
9068.079004  
9015.899824  
9046.307891  
9053.818145  
9025.98623  
9199.777832  
8907.663262  
8841.435898  
9034.303633  
9171.275781  
9050.564727  
9018.482695  
8999.953047  
9091.031035  
9071.376504  
9108.774336  
9149.079707  
8973.414219  
9079.17459  
9074.460371  
9054.740625  
9040.362461  
9059.654863  
9015.287363  
9002.228828  
8948.165371  
8935.068516  
8998.279824  
9070.199414  
9007.393613  
9015.483418  
8969.686191  
8986.467969  
9012.371211  
9057.122793  
9117.165215  
8993.215313  
9071.369785  
9011.096914  
8971.844648  
8968.081348  
8968.611465  
8971.88543  
8918.388594  
8934.678145  
8980.143965  
9149.950312  
9067.517676  
9086.666445  
9044.143145  
9035.824102  
9029.090645  
9026.930059  
8994.587109  
8965.153848  
9074.453418  
9032.71916  
9041.439219  
9019.927285  
8984.655176  
9055.005508  
9092.714004  
9110.758398  
9100.245781  
9058.211699  
8939.850547  
8969.218398  
9053.249121  
9142.004434  
9116.098164  
9075.593691  
9073.876895  
9081.755508  
9070.801738  
9091.457656  
9045.427031  
9079.64541  
9135.987871  
9102.923418  
9076.093418  
9190.571602  
9110.874121  
9091.178633  
9036.776738  
9071.130781  
9072.061562  
9099.710723  
9022.94168  
9104.958086  
9053.881973  
9000.695039  
9026.876602  
9112.203184  
9062.510469  
9056.340625  
9111.32168  
8983.032969  
9036.49916  
9067.41459  
9102.62207  
9048.574062  
9063.770957  
9083.973496  
9051.272031  
9021.37959  
9084.319785  
9088.670156  
9013.28209  
9058.364687  
9073.846035  
9092.820156  
9061.174746  
9049.936055  
9049.022559  
9009.610566  
9048.247109  
8938.500898  
8987.034941  
9041.910957  
9020.043496  
9001.116992  
9119.392187  
9079.518223  
9031.69127  
9061.104922  
9018.353594  
9032.631426  
9109.523086  
9069.226914  
9008.284863  
9041.514121  
8980.075645  
9080.08418  
9008.291309  
9020.269785  
9013.302363  
9010.880059  
9044.378516  
9010.824648  
9038.768984  
9025.166953  
9014.309004  
9049.368652  
9087.077344  
9046.131543  
9072.662461  
9102.034258  
9036.720566  
8998.958711  
9025.326172  
9013.909395  
9074.455605  
9076.29041  
9044.079746  
9094.98584  
9095.388477  
9046.747344  
9020.21043  
9076.128437  
9033.50707  
9054.287949  
8985.210098  
9028.655156  
9098.282539  
9087.802168  
9035.216133  
9008.965781  
9284.322715  
8970.105215  
8945.499121  
9038.758906  
9229.669844  
9046.755215  
9048.714863  
8983.60252  
8936.477988  
8909.353633  
8993.771523  
9147.038711  
8963.624199  
9013.851973  
8917.478379  
8983.710039  
9082.871074  
9009.115996  
8958.023555  
9184.06875  
8973.960918  
9018.176465  
9086.272324  
9021.232637  
9070.50623  
9029.878965  
8976.391563  
9078.941855  
9081.047539  
9092.796289  
9025.13498  
9033.771777  
8966.041836  
8991.209629  
9067.389063  
9017.009141  
9087.142422  
9056.873984  
8983.724531  
8966.170195  
9028.879805  
9115.988457  
9051.810234  
9026.382598  
9098.737402  
9046.907637  
9111.341562  
9035.384629  
9051.086289  
9064.961074  
9021.676055  
9013.956758  
8999.838789  
8964.890293  
8962.672539  
9028.682676  
9113.349355  
9016.841562  
9016.884434  
9070.637793  
9071.964785  
9095.124727  
9017.239414  
9008.362188  
9041.93877  
8983.154434  
9012.374609  
9045.053359  
9056.813301  
9072.83541  
9043.721016  
9031.386289  
9093.83582  
9014.527051  
9054.495898  
9115.830527  
9022.376406  
9013.902383  
9051.917793  
9028.383203  
8972.937852  
9009.470059  
8994.543242  
9124.847285  
9058.70293  
9085.475469  
9069.590586  
9023.45668  
9003.72123  
9099.829219  
9001.162676  
9008.467305  
9109.781191  
9003.870312  
9054.573398  
9026.749844  
9074.73666  
9011.898008  
8982.74623  
9086.511543  
9002.50293  
9048.35207  
9021.74084  
9016.672031  
9089.493867  
9061.106289  
9023.829844  
9070.706055  
9028.280156  
9072.791875  
9038.58873  
9032.187949  
9074.976719  
9001.27625  
9090.260078  
8992.984082  
8986.367012  
8996.400508  
9070.040879  
9026.690977  
9077.039141  
9020.116367  
9027.40375  
9070.916563  
8986.328496  
8968.532285  
9115.767676  
9083.907715  
9081.875391  
9029.924219  
9044.560352  
9002.60832  
9133.346387  
9039.890469  
9073.150781  
9025.113906  
9026.271641  
8978.097734  
9008.820332  
9042.632754  
9015.56127  
9032.703145  
9031.461074  
9000.271211  
9041.828516  
8958.170176  
9057.777012  
9053.771953  
9091.929766  
9058.219805  
9061.912148  
9061.418691  
8990.699824  
9052.369805  
8933.102012  
9022.730898  
8907.404023  
9141.878105  
9151.230215  
9089.747617  
9030.120137  
9012.720098  
9036.274395  
9019.559531  
9013.354648  
9051.145605  
9034.681719  
9058.132207  
9086.199238  
9049.331523  
9050.777793  
9073.731973  
9051.569961  
9015.678359  
8995.722949  
9128.123457  
9139.180762  
9068.011504  
9034.894355  
9044.21875  
9019.801133  
9023.285313  
9039.952344  
9051.355645  
9072.845273  
9075.322227  
9028.327715  
9019.300078  
9028.372578  
9045.728359  
9024.061797  
9066.146289  
9082.622754  
8981.554414  
9085.363438  
9077.91332  
9120.001953  
9049.935312  
9039.074316  
9022.165098  
9034.68166  
8993.952832  
9046.585293  
8992.889863  
9135.428203  
9074.339922  
9036.682812  
9022.785605  
9077.17377  
9009.925098  
8998.696035  
8942.590137  
8981.776504  
9097.602812  
9065.838516  
9050.787676  
9002.302363  
9017.726562  
9085.472617  
9091.725859  
9031.483477  
9025.680391  
9121.211211  
9058.111309  
8982.290781  
9032.379063  
8888.980762  
9071.155078  
8991.267402  
8990.483848  
8919.170176  
8973.188809  
9018.243359  
9047.285352  
9028.052187  
9075.421582  
9096.106953  
9029.42541  
9025.832246  
9005.405879  
9028.455508  
9010.40668  
9052.659531  
9031.797793  
9048.000059  
9097.154844  
9023.956113  
9019.005508  
9061.133125  
9039.379043  
9031.106973  
9057.797227  
9085.538223  
9057.848066  
9041.083516  
9089.269727  
9047.618105  
9021.33082  
8897.789316  
8996.048398  
9044.987305  
9138.818477  
9073.036387  
9037.960234  
9061.754609  
9087.796953  
9006.819395  
8983.798477  
8991.532891  
9015.929043  
9024.936348  
8973.545957  
9102.093691  
9137.55707  
9019.156465  
9012.592012  
8909.819043  
9099.540371  
9092.845488  
9049.225508  
9088.749453  
9032.077676  
9112.300547  
9066.218047  
9067.030039  
9041.09377  
9027.090742  
9128.151211  
8923.784297  
9056.027285  
9003.421309  
9142.447773  
9038.419082  
9016.403262  
9081.462266  
9012.811172  
8997.451875  
9067.197285  
9031.229766  
9035.024043  
9021.909473  
9104.487734  
9025.624727  
9001.401328  
9088.765234  
9009.270273  
9107.915332  
9080.64209  
9075.328965  
9022.603613  
9044.915234  
9052.343672  
8993.378945  
9039.900312  
8998.232148  
9153.174883  
9026.721914  
9046.851777  
9024.169746  
9031.564199  
9025.74291  
9013.712812  
9069.084395  
8875.094883  
8937.040098  
8955.766484  
9029.783516  
9082.588711  
9021.127656  
9014.123535  
9091.72168  
8957.29418  
8947.633223  
9003.626172  
9020.07459  
9032.286895  
9013.60125  
9088.917988  
9029.497812  
9067.683848  
9077.891289  
9169.022441  
8931.209023  
9216.213535  
9117.109668  
8992.35627  
9162.311035  
8963.545684  
9097.741855  
9180.809629  
9033.343027  
9046.518711  
8925.181719  
9000.635664  
8933.005117  
9078.422324  
9119.616758  
9106.561465  
9154.89834  
9047.473027  
8944.968125  
9224.24752  
8994.08377  
9080.898203  
9069.94959  
9039.225918  
9065.025  
8986.333437  
9053.565  
9061.707402  
9109.602012  
9076.389844  
9034.559961  
9090.395547  
9094.086895  
9085.731543  
9027.142129  
8957.346309  
9091.409375  
9031.784902  
9084.779492  
9012.173789  
9038.029551  
9066.255488  
9028.413965  
9049.581738  
9101.817832  
8996.112402  
9056.031836  
9016.935039  
9090.411094  
9039.321973  
9075.97916  
9053.546621  
9041.860684  
9068.468437  
9035.985996  
8990.147207  
9127.465332  
9047.62998  
9005.933945  
9067.926992  
9005.949395  
9068.301074  
9048.214102  
9025.19752  
9050.907188  
9083.630879  
8984.966152  
9100.294258  
9075.042617  
9088.062344  
9007.328828  
9068.262168  
9119.603203  
9073.16959  
9056.997012  
9070.144316  
8996.911699  
9003.584941  
9059.958203  
9036.920273  
9018.91918  
9094.42998  
8967.179316  
9008.88998  
8890.830234  
8960.826445  
9113.811328  
9154.964258  
9033.858848  
9094.759668  
9063.956777  
9016.844434  
8994.467988  
9002.718711  
9060.325723  
9041.890039  
9013.517168  
9051.331328  
9001.239512  
9081.939863  
9002.778867  
9038.153145  
9057.803906  
9052.374336  
9046.174082  
9030.34416  
9083.228477  
8964.480332  
9043.492363  
9008.122402  
9062.33582  
9035.139199  
8974.842637  
9044.692246  
9000.238242  
9069.953926  
9043.635684  
9005.60918  
8915.019805  
9008.503848  
9057.14166  
9065.416914  
9048.379844  
9035.037793  
8981.468477  
9113.967031  
9077.659063  
9023.746719  
8964.654336  
9018.310625  
9009.165684  
9090.870488  
9053.226348  
9055.338047  
8933.404629  
8946.075703  
9098.923125  
8991.945605  
9046.080117  
9007.311758  
9080.641113  
9068.156074  
8982.982148  
8991.073652  
9044.882969  
9046.277363  
8908.814531  
9083.000176  
9109.820273  
9134.529277  
9066.865508  
9083.812383  
8965.283594  
9053.985469  
8971.216094  
8972.789922  
9019.705938  
9127.918672  
9107.870527  
9070.20207  
9053.24832  
9039.936562  
9017.864648  
9082.954687  
9013.838164  
9066.585078  
9044.636016  
9079.710098  
9122.846016  
9039.853652  
9081.858359  
9048.901113  
9040.340234  
9020.082227  
8997.181719  
9019.754004  
9112.465645  
9032.811074  
9132.864023  
9089.016797  
9071.27502  
9117.434141  
9067.417129  
9059.765312  
9010.423574  
9064.79918  
9084.78373  
9077.375625  
9049.029355  
9094.299473  
9080.13373  
9080.765117  
9015.23541  
9029.688516  
9000.542676  
9005.22666  
9020.620312  
9100.531465  
8985.278223  
9032.49623  
8981.715  
8956.203223  
8996.436289  
9018.256875  
9071.77293  
9033.271934  
9070.563379  
8990.258496  
9038.240469  
8818.013965  
9083.280234  
9134.018828  
9049.949375  
9124.30916  
9019.944102  
9032.803633  
9044.049629  
8984.97252  
9061.361953  
9063.2725  
9046.783594  
9047.780547  
9058.041035  
9077.410801  
9052.427461  
9044.827266  
9055.630039  
9042.052012  
8990.228594  
9077.19127  
9117.677109  
9007.418867  
9007.857637  
9046.940098  
9060.077695  
9049.593613  
9120.236191  
9095.996895  
9074.073867  
9060.391563  
9084.058047  
8912.401016  
8972.968672  
9002.281055  
9014.835645  
9030.26877  
9052.248203  
8857.962266  
8853.885039  
8999.502109  
9039.790762  
9039.329648  
9076.809414  
9041.675234  
9001.08418  
8962.894707  
9010.383828  
9047.291406  
9110.953125  
9060.148477  
9104.732266  
9069.666875  
9126.848145  
8947.295527  
9004.009492  
8897.349121  
9021.603066  
9112.101953  
9073.95707  
9075.316602  
9091.702227  
9013.861641  
8961.271641  
8989.596563  
9081.51418  
8982.086094  
9004.474805  
9078.381348  
9082.045625  
9041.266035  
9036.288691  
9050.310469  
9156.359004  
8997.129102  
9089.31877  
9087.950469  
9050.088711  
9054.543398  
9060.976484  
9061.402461  
9033.771641  
9021.064531  
9100.2  
9141.428594  
9046.867051  
9024.507695  
9057.385156  
9080.090137  
9017.536309  
9054.853086  
9013.215957  
9041.349824  
9059.035645  
9070.239668  
9093.29873  
9106.4225  
8929.936465  
8817.824863  
8885.446133  
9010.577988  
9230.54416  
9079.748828  
9027.913848  
9062.434277  
8946.95709  
9018.916016  
8970.761328  
9004.344902  
9095.215117  
9016.896035  
9092.845293  
9055.238965  
9023.321426  
9060.343008  
9038.157051  
8988.921543  
8972.636582  
9121.43293  
9016.451641  
9040.937598  
9015.373066  
9090.509551  
9013.879922  
8999.966191  
9044.610098  
9006.685508  
8999.146035  
9019.634414  
9030.348359  
9016.820117  
9036.623086  
8987.25291  
9041.521523  
9268.081348  
9135.935742  
