9598.813821  
9526.521269  
9436.127671  
9357.256836  
9310.587115  
9270.076158  
9452.661032  
9436.276841  
9430.341553  
9417.27384  
9302.18895  
9380.279512  
9303.030001  
9353.080351  
9401.915441  
9385.616455  
9454.9647  
9369.659266  
9357.346105  
9416.862578  
9370.596091  
9413.453656  
9362.894459  
9401.003131  
9366.218779  
9409.543859  
9343.404512  
9414.494169  
9379.681224  
9393.960363  
9411.565918  
9329.760139  
9350.498664  
9355.803366  
9354.308694  
9412.476893  
9324.906997  
9382.140797  
9389.967098  
9363.845717  
9355.100902  
9425.605138  
9357.324204  
9441.784022  
9332.142478  
9373.00507  
9474.58746  
9356.466481  
9392.467759  
9371.340217  
9343.022246  
9418.22303  
9380.503921  
9410.544261  
9364.412942  
9344.45762  
9408.425192  
9403.032514  
9426.553898  
9389.364674  
9437.451789  
9369.4402  
9334.203427  
9416.632324  
9343.532126  
9375.798081  
9377.356704  
9374.011963  
9337.684154  
9415.296516  
9397.685288  
9366.33779  
9400.036047  
9378.27101  
9414.471378  
9387.935576  
9405.051988  
9474.568043  
9386.029426  
9452.144373  
9430.807344  
9398.740766  
9384.153306  
9369.231977  
9429.349064  
9366.295496  
9447.173527  
9474.163186  
9398.550523  
9346.928208  
9417.036679  
9361.121108  
9401.287555  
9444.175738  
9464.431554  
9448.344784  
9402.041346  
9411.485395  
9408.462503  
9449.836727  
9423.30687  
9399.392176  
9412.926873  
9405.009033  
9362.208984  
9401.286564  
9379.94244  
9339.68052  
9323.310504  
9391.311251  
9385.402401  
9425.114559  
9436.731488  
9352.675379  
9406.691248  
9343.028995  
9311.516702  
9189.219439  
9336.070944  
9434.070686  
9489.243739  
9451.87793  
9433.205136  
9391.675264  
9411.317656  
9411.347111  
9381.210248  
9427.938189  
9472.66649  
9466.373305  
9342.625416  
9375.917409  
9400.96987  
9402.097154  
9377.840461  
9425.058895  
9389.497688  
9346.496467  
9424.012954  
9368.604909  
9433.206399  
9335.714312  
9465.6304  
9399.056899  
9380.87872  
9325.963408  
9346.628418  
9331.402775  
9413.552002  
9307.869428  
9375.259335  
9419.20515  
9386.023078  
9397.753346  
9364.607738  
9419.985768  
9367.941837  
9387.644402  
9368.548038  
9359.685059  
9420.859404  
9349.12915  
9319.606115  
9419.668084  
9410.929056  
9389.342831  
9424.874368  
9289.564295  
9406.038445  
9427.734375  
9378.793357  
9476.92031  
9347.524084  
9439.676571  
9421.17726  
9399.840892  
9460.456572  
9418.785803  
9387.796918  
9405.74124  
9381.537784  
9411.481919  
9452.405776  
9377.153521  
9380.071605  
9374.408835  
9503.701904  
9386.768023  
9463.703427  
9414.318833  
9372.344856  
9486.561207  
9364.606115  
9365.346019  
9351.19244  
9445.85488  
9448.788632  
9379.108671  
9418.939338  
9393.061983  
9415.151812  
9443.319278  
9405.816464  
9398.166978  
9397.66458  
9351.281221  
9455.438706  
9356.370189  
9354.224021  
9429.830854  
9419.73077  
9354.044491  
9358.907341  
9419.141831  
9410.234562  
9336.225988  
9415.834185  
9379.616383  
9348.2582  
9417.541202  
9350.282284  
9453.704863  
9366.25652  
9352.888097  
9393.676557  
9374.788057  
9414.232767  
9406.930664  
9319.841926  
9394.928395  
9401.717572  
9366.224494  
9375.752657  
9322.164134  
9370.478875  
9457.126005  
9395.112405  
9365.210736  
9364.193288  
9342.962977  
9409.739516  
9344.384665  
9401.29722  
9323.527559  
9397.472369  
9388.890884  
9404.596924  
9364.503461  
9445.61028  
9350.517564  
9405.631635  
9363.636704  
9408.559527  
9409.159323  
9408.550178  
9456.265237  
9428.677979  
9347.007123  
9452.108714  
9294.063821  
9510.272906  
9531.330021  
9449.538718  
9436.119959  
9387.960593  
9399.577737  
9401.803079  
9378.731977  
9343.219109  
9342.13432  
9524.211498  
9375.081055  
9404.126077  
9386.427462  
9391.972872  
9463.222154  
9400.985926  
9436.83868  
9424.39377  
9334.628949  
9497.233772  
9364.818733  
9369.514778  
9360.000632  
9383.702881  
9382.866958  
9493.562658  
9355.94952  
9342.26775  
9360.666906  
9354.480225  
9375.360782  
9330.531638  
9342.849868  
9348.666159  
9340.164192  
9309.326847  
9370.180779  
9366.220732  
9309.458209  
9308.152746  
9429.19514  
9181.734806  
9400.704575  
9527.312687  
9413.863166  
9373.791949  
9420.44965  
9400.515108  
9238.172047  
9390.627671  
9314.319063  
9426.14321  
9386.033548  
9392.689525  
9402.652013  
9398.781394  
9429.990493  
9422.291834  
9421.39759  
9476.898093  
9400.299359  
9339.925638  
9424.08904  
9428.504912  
9312.087675  
9399.334473  
9359.901611  
9438.043256  
9456.880701  
9359.953814  
9426.518109  
9338.847786  
9717.100126  
9569.037081  
9531.51528  
9381.878504  
9349.125503  
9426.241757  
9438.156552  
9465.795496  
9452.273394  
9435.048153  
9531.377025  
9372.084588  
9500.740622  
9450.86219  
9431.837819  
9444.463436  
9433.796042  
9391.585521  
9421.53125  
9360.993968  
9534.295827  
9385.527143  
9371.542165  
9304.597527  
9288.768555  
9316.985337  
9265.791705  
9413.016688  
9369.85353  
9402.919663  
9351.571031  
9337.234002  
9398.231259  
9454.329274  
9372.991714  
9363.393483  
9351.356244  
9347.324736  
9340.868451  
9417.064152  
9374.192153  
9329.080983  
9375.170209  
9459.616153  
9325.415398  
9385.453154  
9379.705638  
9461.899342  
9393.075712  
9338.343678  
9475.87006  
9381.601907  
9415.322036  
9428.205997  
9411.934757  
9401.113051  
9386.810087  
9424.092845  
9341.66827  
9437.950798  
9435.847484  
9409.114531  
9396.895881  
9395.620763  
9443.419678  
9372.528478  
9325.498047  
9413.00675  
9357.012954  
9403.021772  
9366.688548  
9212.700741  
9242.420769  
9300.379553  
9420.084501  
9416.31082  
9386.266645  
9385.660803  
9430.310762  
9316.025247  
9322.188161  
9419.825095  
9403.089226  
9345.023739  
9392.486529  
9389.174991  
9521.000919  
9401.717098  
9361.371927  
9488.375574  
9426.06958  
9421.237463  
9368.722656  
9329.581801  
9482.030173  
9441.471938  
9435.835909  
9409.127528  
9399.720646  
9415.110797  
9366.419017  
9428.211842  
9394.655977  
9353.938204  
9430.896556  
9427.483887  
9426.588465  
9344.937514  
9340.757066  
9505.805879  
9401.214844  
9384.445384  
9407.822955  
9397.444178  
9429.06948  
9412.911463  
9294.470172  
9395.823587  
9393.622228  
9387.388442  
9423.809068  
9343.879739  
9215.180966  
9232.271269  
9307.557229  
9377.249943  
9377.949664  
9438.323127  
9457.036564  
9356.014218  
9374.682229  
9308.915973  
9403.306511  
9416.190415  
9369.937586  
9408.628332  
9320.939927  
9408.545755  
9428.984303  
9380.217529  
9382.037339  
9399.428481  
9344.799819  
9421.642047  
9335.613612  
9394.49944  
9467.477223  
9390.317885  
9481.574506  
9381.658806  
9374.617403  
9387.975959  
9416.498751  
9328.58802  
9403.309484  
9440.979751  
9388.442239  
9308.951459  
9351.736615  
9363.023969  
9438.84813  
9316.829676  
9344.211727  
9422.278076  
9419.052289  
9409.154211  
9421.148868  
9383.026295  
9414.865378  
9390.386518  
9426.705308  
9488.316033  
9369.322854  
9433.513902  
9388.647174  
9365.705337  
9368.661621  
9388.30486  
9394.737089  
9422.656724  
9428.954532  
9404.331873  
9476.417409  
9369.82149  
9423.872444  
9407.278967  
9390.133861  
9456.278335  
9417.610165  
9383.5952  
9333.478415  
9331.187299  
9353.524658  
9410.778177  
9338.336383  
9343.970588  
9449.010153  
9373.774945  
9398.662224  
9326.99628  
9250.457247  
9370.829891  
9365.456974  
9395.552907  
9460.331112  
9279.087603  
9308.933551  
9249.159883  
9316.916288  
9398.012422  
9451.863497  
9482.327522  
9405.730914  
9387.972656  
9390.430463  
9407.619586  
9397.442742  
9407.809427  
9339.499397  
9410.586727  
9406.778837  
9393.247587  
9424.807129  
9373.392176  
9445.216323  
9512.414407  
9509.491613  
9374.418012  
9465.033505  
9385.413991  
9366.833166  
9457.129409  
9454.644704  
9440.065229  
9433.935834  
9471.606646  
9461.566162  
9446.343721  
9375.948415  
9343.680535  
9331.574477  
9331.556985  
9485.162109  
9428.930549  
9377.638801  
9399.940717  
9377.322854  
9440.718262  
9434.448343  
9403.61881  
9367.305535  
9401.281379  
9376.785099  
9452.033404  
9509.589643  
9373.200885  
9390.47942  
9350.239272  
9325.186796  
9432.380989  
9408.135369  
9447.738928  
9462.132856  
9437.49585  
9421.890697  
9479.096924  
9339.855454  
9360.126106  
9374.733169  
9338.366469  
9430.11611  
9380.607853  
9439.742489  
9323.832476  
9368.577522  
9349.620735  
9359.379351  
9362.479047  
9366.252743  
9325.507396  
9366.918615  
9312.803553  
9407.156178  
9348.168112  
9355.147174  
9387.275549  
9455.226519  
9413.905115  
9323.82824  
9386.052519  
9392.343161  
9441.935647  
9418.624181  
9363.212761  
9416.597082  
9368.697596  
9493.915484  
9467.646298  
9440.095875  
9367.934771  
9407.094009  
9361.568201  
9393.59556  
9458.602151  
9411.24888  
9425.689712  
9444.043787  
9421.76215  
9402.302777  
9338.428984  
9098.123176  
9164.712733  
9136.035329  
9327.40118  
9369.150678  
9466.403335  
9277.542667  
9336.979564  
9429.357379  
9387.943072  
9386.029412  
9417.363813  
9420.217874  
9428.825296  
9363.96256  
9335.198774  
9412.516716  
9417.301241  
9413.153809  
9460.875991  
9601.035645  
9429.056885  
9538.393569  
9488.10824  
9386.234274  
9366.762566  
9419.089959  
9332.091423  
9322.987104  
9358.719827  
9316.458166  
9450.371496  
9789.739459  
9489.855024  
9488.291375  
9371.191363  
9433.222857  
9399.697179  
9249.104463  
9288.390568  
9415.881922  
9422.857953  
9498.492144  
9492.131348  
9371.527889  
9359.727381  
9312.765927  
9361.19873  
9395.182617  
9383.921602  
9390.054372  
9381.442871  
9408.870275  
9328.923369  
9368.490952  
9409.323529  
9391.202565  
9419.133272  
9358.45762  
9350.339786  
9411.481086  
9351.896499  
9329.046559  
9361.03991  
9445.067972  
9375.246582  
9410.355339  
9364.388385  
9331.198285  
9342.107838  
9387.566406  
9433.245993  
9338.454633  
9398.45851  
9367.574535  
9388.58769  
9396.056296  
9367.077694  
9280.672134  
9388.612908  
9510.684829  
9433.912454  
9420.840935  
9239.711182  
9396.436868  
9462.023409  
9496.873535  
9431.695155  
9403.634076  
9386.159625  
9420.571045  
9354.674216  
9325.978573  
9408.396729  
9455.596464  
9466.308522  
9433.425566  
9308.034797  
9384.924503  
9405.372027  
9193.853616  
9504.545798  
9324.957922  
9468.089011  
9478.734217  
9448.419161  
9362.236658  
9339.215993  
9287.509234  
9470.191062  
9421.870663  
9370.780661  
9406.941607  
9380.433493  
9411.274989  
9298.318489  
9287.661564  
9463.43526  
9513.951028  
9552.289062  
9424.375115  
9366.147001  
9365.878748  
9337.845674  
9380.533605  
9430.892061  
9386.968649  
9381.10972  
9338.117173  
9421.185504  
9323.782097  
9334.076129  
9383.577421  
9356.408031  
9390.530417  
9438.405503  
9415.35498  
9404.25922  
9423.221594  
9367.123822  
9390.50629  
9371.465935  
9345.075942  
9459.490407  
9372.62421  
9405.698328  
9396.56622  
9381.558766  
9363.088896  
9461.368379  
9379.038675  
9389.594166  
9368.352597  
9401.414034  
9370.379265  
9322.593046  
9371.945959  
9294.696447  
9387.681195  
9460.41132  
9354.449951  
9386.110151  
9399.668917  
9318.864875  
9468.290097  
9398.973561  
9425.246467  
9319.939654  
9426.399213  
9415.196849  
9413.403249  
9462.61545  
9483.346335  
9414.553136  
9421.188074  
9427.299876  
9355.330193  
9337.815042  
9390.173914  
9390.626307  
9393.665685  
9427.741484  
9369.556138  
9434.253145  
9459.648438  
9412.637868  
9375.434628  
9374.322395  
9329.740493  
9420.405173  
9339.843046  
9359.232479  
9438.300767  
9374.611285  
9403.565832  
9381.208338  
9377.501235  
9414.844037  
9355.559139  
9412.375488  
9405.100758  
9413.030589  
9561.654484  
9266.786363  
9176.826876  
9397.827134  
9538.66952  
9442.485754  
9376.201215  
9352.149687  
9435.313907  
9436.213838  
9454.865292  
9487.637609  
9324.093894  
9447.688419  
9430.521226  
9413.600313  
9392.812644  
9400.879653  
9362.709731  
9334.932459  
9294.251063  
9281.616168  
9337.131721  
9429.363554  
9335.414106  
9363.525893  
9300.931684  
9321.729521  
9364.37141  
9424.131678  
9469.993609  
9360.39489  
9416.183608  
9384.069192  
9323.521341  
9297.900362  
9320.411233  
9302.963566  
9258.001264  
9262.11038  
9329.040298  
9505.623061  
9456.740148  
9458.250718  
9419.527301  
9389.939252  
9374.958625  
9361.096866  
9293.359634  
9287.606919  
9403.385398  
9378.294491  
9387.11308  
9372.353171  
9333.414551  
9399.224825  
9448.600213  
9451.616814  
9459.140079  
9424.946174  
9292.820442  
9320.705825  
9379.004036  
9492.316162  
9464.461885  
9450.364387  
9431.53609  
9442.885613  
9438.990335  
9431.182991  
9386.119557  
9416.774357  
9506.95156  
9451.08308  
9436.545166  
9540.158519  
9462.743753  
9433.753001  
9410.857925  
9445.6767  
9414.691866  
9475.798972  
9375.1684  
9469.612061  
9421.33532  
9369.201675  
9377.611242  
9471.667452  
9454.742618  
9398.375876  
9461.637983  
9349.756807  
9398.866197  
9424.542251  
9494.346421  
9418.032112  
9410.250546  
9429.779484  
9416.876924  
9364.104305  
9430.636719  
9422.972527  
9350.230454  
9399.008574  
9429.597326  
9442.328355  
9417.641228  
9387.651812  
9396.541375  
9364.063706  
9388.505572  
9267.113884  
9311.40592  
9376.812615  
9351.766199  
9361.639462  
9487.065229  
9431.620088  
9393.142492  
9422.129624  
9372.274658  
9380.407729  
9453.011819  
9419.571031  
9352.671545  
9418.351893  
9316.606488  
9451.290556  
9394.042495  
9375.132769  
9356.621683  
9352.528263  
9393.564008  
9369.383789  
9385.049632  
9378.283045  
9376.503447  
9402.243537  
9451.884852  
9401.976146  
9421.621108  
9450.396628  
9384.066234  
9348.834573  
9368.081399  
9350.539364  
9438.185317  
9447.10712  
9423.099696  
9438.260168  
9448.578182  
9395.65704  
9387.617173  
9414.392794  
9403.300566  
9395.578441  
9317.332275  
9371.678338  
9455.095387  
9434.902602  
9401.776152  
9337.911061  
9616.602754  
9314.004955  
9284.064726  
9373.701962  
9609.619974  
9430.500776  
9414.459544  
9344.620261  
9273.731862  
9232.993423  
9305.754481  
9498.072653  
9320.006577  
9333.984332  
9249.653751  
9325.276899  
9446.023825  
9337.303855  
9289.667165  
9515.664292  
9343.796301  
9358.062945  
9426.690028  
9362.644862  
9421.574219  
9363.309728  
9321.166475  
9452.180879  
9420.443474  
9452.099092  
9403.049044  
9365.088106  
9336.40006  
9329.582821  
9402.668299  
9398.265927  
9448.356316  
9406.088006  
9325.660056  
9315.4701  
9390.80486  
9486.733456  
9410.442512  
9368.981488  
9439.692684  
9399.16379  
9466.964212  
9380.59981  
9406.299058  
9419.916087  
9399.967142  
9386.600313  
9353.218865  
9314.554874  
9306.811868  
9395.770723  
9475.475342  
9375.339944  
9373.218003  
9412.601376  
9415.616556  
9443.786219  
9381.829705  
9347.333137  
9393.898538  
9346.914335  
9377.886259  
9418.299977  
9409.456141  
9426.471019  
9389.677418  
9378.304946  
9447.891056  
9386.844353  
9407.971594  
9468.106819  
9371.490263  
9371.914407  
9410.453929  
9374.114445  
9325.556842  
9361.634191  
9337.497444  
9492.338666  
9401.069264  
9442.139361  
9372.74954  
9348.142736  
9339.462402  
9475.400276  
9355.454719  
9350.764778  
9470.870735  
9354.847728  
9408.610639  
9374.941047  
9421.37849  
9354.834544  
9326.430406  
9461.21032  
9361.757755  
9391.166734  
9343.117073  
9361.102036  
9452.578757  
9424.625962  
9381.683407  
9429.425207  
9380.958281  
9436.812902  
9401.678883  
9368.49134  
9420.091323  
9350.802734  
9472.656954  
9368.966079  
9347.728788  
9327.353975  
9415.812069  
9378.413847  
9420.557876  
9392.893569  
9372.809096  
9400.23696  
9332.379395  
9317.404656  
9487.117159  
9423.453398  
9426.076416  
9368.832476  
9392.998305  
9329.688319  
9467.848389  
9397.001853  
9436.118078  
9353.84263  
9380.880888  
9319.746668  
9366.348073  
9401.188189  
9379.560188  
9412.759794  
9407.535458  
9360.61476  
9381.455006  
9313.974049  
9382.005256  
9391.823012  
9447.861199  
9416.025462  
9425.963034  
9427.255486  
9358.743882  
9381.167107  
9285.184613  
9345.894804  
9224.273251  
9516.745735  
9497.274644  
9447.920123  
9395.018512  
9399.56138  
9404.947366  
9362.716151  
9352.060647  
9412.528435  
9391.851979  
9391.657356  
9436.07712  
9413.868681  
9405.034812  
9454.520565  
9376.830021  
9357.852941  
9358.495275  
9481.531997  
9485.976519  
9429.704561  
9373.431899  
9368.336483  
9349.607795  
9373.864746  
9377.301255  
9426.540168  
9427.248837  
9457.035242  
9391.259794  
9364.250804  
9378.364789  
9393.259148  
9380.060303  
9402.013313  
9418.57521  
9333.280288  
9416.761029  
9439.481962  
9457.70301  
9402.070614  
9397.124569  
9387.934053  
9384.460693  
9337.993035  
9364.728946  
9338.667078  
9498.731273  
9435.902803  
9420.763184  
9370.367231  
9425.992906  
9353.816636  
9343.114617  
9292.266343  
9311.271815  
9466.295166  
9438.025276  
9382.845617  
9373.771312  
9375.353401  
9450.306095  
9437.964643  
9363.27394  
9367.549905  
9485.260096  
9423.579475  
9338.888801  
9355.559786  
9260.478688  
9445.339083  
9345.489861  
9336.985294  
9241.955581  
9336.265682  
9362.178969  
9404.13883  
9375.966251  
9421.145106  
9464.828427  
9393.208195  
9382.201517  
9344.715389  
9356.177131  
9362.842271  
9404.622745  
9380.971479  
9417.847943  
9457.502915  
9365.527085  
9365.179587  
9421.850615  
9388.381261  
9419.127987  
9401.990048  
9430.913431  
9435.216926  
9390.404369  
9450.321706  
9411.466581  
9368.410242  
9225.168328  
9369.820427  
9395.994399  
9500.799848  
9415.497673  
9393.408763  
9415.875072  
9431.502528  
9360.255012  
9327.550034  
9329.482867  
9343.864545  
9373.391185  
9305.667265  
9451.75619  
9498.286018  
9355.076258  
9356.710708  
9242.156164  
9444.44873  
9481.440588  
9413.703484  
9458.198572  
9395.373794  
9471.683034  
9422.24483  
9409.667567  
9395.615048  
9358.809082  
9466.706586  
9274.157801  
9399.613152  
9350.550982  
9503.831773  
9384.911291  
9364.912497  
9432.673139  
9350.023021  
9346.316133  
9414.25405  
9390.117819  
9432.001795  
9363.211483  
9446.308464  
9372.937945  
9366.574951  
9432.757066  
9362.698257  
9485.92627  
9437.796157  
9428.517908  
9369.301672  
9382.284208  
9387.313505  
9347.297622  
9395.403076  
9359.534007  
9508.307746  
9396.7201  
9428.814381  
9373.271858  
9391.139663  
9380.893698  
9347.141314  
9410.514778  
9199.369686  
9250.294678  
9274.045468  
9370.841237  
9440.595919  
9403.691392  
9388.263356  
9426.090088  
9311.386561  
9270.464241  
9334.643339  
9367.903047  
9403.133933  
9355.361055  
9450.986328  
9385.786822  
9415.574908  
9444.776999  
9515.514591  
9282.518196  
9586.374268  
9467.130658  
9344.484145  
9544.421832  
9305.761216  
9496.770422  
9587.810561  
9375.107652  
9394.975643  
9244.656939  
9292.818833  
9240.605828  
9412.340318  
9501.779455  
9469.754596  
9536.096909  
9424.313721  
9257.011589  
9579.168155  
9327.506017  
9420.024615  
9451.714499  
9389.489114  
9403.598403  
9336.205839  
9401.336972  
9434.885742  
9479.192196  
9460.53642  
9396.673527  
9445.614875  
9450.172177  
9442.609648  
9380.864387  
9304.97122  
9432.667538  
9392.033979  
9453.622329  
9364.135599  
9399.479665  
9432.502427  
9367.185217  
9413.080653  
9454.240177  
9355.101448  
9404.260958  
9360.012681  
9466.689238  
9375.317972  
9414.060432  
9395.56981  
9385.071677  
9432.198314  
9369.232451  
9337.999382  
9471.671315  
9382.030202  
9363.920425  
9389.65872  
9359.003016  
9422.195183  
9403.740737  
9371.397935  
9405.236788  
9424.731086  
9356.949764  
9487.051901  
9444.380285  
9448.012121  
9334.091567  
9427.734906  
9461.950124  
9426.734892  
9396.198415  
9420.655259  
9344.634134  
9350.563735  
9419.700483  
9385.086957  
9383.018512  
9435.417538  
9306.171545  
9352.319278  
9209.79149  
9291.048828  
9454.505227  
9511.621984  
9398.666547  
9462.533677  
9404.26057  
9357.078283  
9327.01169  
9337.989358  
9439.728745  
9384.394029  
9379.419276  
9387.391731  
9351.409697  
9460.366613  
9355.629093  
9399.539005  
9383.851993  
9423.664967  
9408.346522  
9388.811093  
9424.741383  
9328.909639  
9384.349423  
9355.309211  
9428.239717  
9381.256075  
9317.945183  
9378.979894  
9356.138399  
9420.585952  
9393.516401  
9355.022346  
9264.163258  
9351.537196  
9417.425293  
9439.044864  
9400.340749  
9355.40704  
9342.722642  
9486.002097  
9427.545697  
9383.18144  
9307.730971  
9329.059341  
9366.870203  
9443.197582  
9394.51146  
9405.762135  
9276.677275  
9299.089844  
9463.692024  
9362.553294  
9386.384737  
9334.162081  
9426.507985  
9409.886259  
9325.785056  
9346.782313  
9371.483513  
9393.260599  
9224.923282  
9429.889605  
9456.141688  
9542.669003  
9450.825583  
9456.160601  
9328.705954  
9405.281738  
9312.131463  
9311.677806  
9355.608312  
9477.141918  
9475.929644  
9444.147863  
9414.204173  
9392.503045  
9365.431037  
9396.806396  
9351.003518  
9420.170281  
9420.504667  
9442.294261  
9504.670238  
9385.466495  
9463.863827  
9407.410946  
9386.28833  
9357.619284  
9337.14107  
9356.013902  
9475.574563  
9413.549948  
9500.767377  
9449.600773  
9428.079216  
9477.160084  
9424.636345  
9392.974092  
9361.328039  
9389.165771  
9448.650807  
9448.611702  
9398.066363  
9439.618739  
9437.311006  
9426.442139  
9371.854076  
9368.115996  
9366.523193  
9339.731302  
9357.663143  
9485.375991  
9364.588278  
9367.434843  
9345.547895  
9287.823572  
9312.110581  
9372.204173  
9415.496841  
9395.776224  
9399.718678  
9317.770881  
9355.84556  
9155.27967  
9409.531035  
9506.16952  
9436.764088  
9502.823113  
9367.562112  
9388.080667  
9390.6223  
9333.363152  
9422.510211  
9422.186825  
9403.788689  
9410.186724  
9389.353185  
9447.74055  
9434.774414  
9392.410357  
9412.437198  
9375.99674  
9334.674661  
9470.495491  
9461.433867  
9363.432632  
9349.031767  
9390.4267  
9418.015065  
9400.261661  
9459.718247  
9426.871884  
9440.832419  
9434.775649  
9413.587244  
9269.800049  
9309.432531  
9343.336225  
9353.698127  
9386.53036  
9399.74888  
9202.845057  
9170.026942  
9316.106891  
9370.996611  
9404.056827  
9456.177404  
9402.948357  
9349.039134  
9295.900951  
9388.261202  
9426.016286  
9459.43895  
9427.815042  
9438.140769  
9421.329188  
9487.55486  
9269.380845  
9313.903651  
9217.652301  
9362.674474  
9469.310518  
9461.56227  
9461.398969  
9474.662267  
9350.078024  
9279.851491  
9345.526511  
9443.98877  
9333.123521  
9353.294362  
9442.111012  
9445.986558  
9410.528981  
9414.760599  
9391.303194  
9564.654369  
9368.215174  
9435.49404  
9428.648021  
9392.342659  
9430.094052  
9420.793141  
9411.114646  
9391.628389  
9359.020206  
9454.943891  
9494.317756  
9406.891472  
9377.187356  
9404.441593  
9450.014045  
9370.922047  
9403.143713  
9338.316334  
9369.39973  
9406.010125  
9435.109863  
9467.237376  
9474.186796  
9233.154096  
9095.946806  
9225.868681  
9355.955624  
9598.727711  
9463.831945  
9397.362104  
9424.939223  
9297.308249  
9365.371453  
9322.141515  
9344.810791  
9441.825253  
9373.158146  
9457.007568  
9412.761719  
9365.858513  
9451.119686  
9388.242518  
9328.478185  
9337.286363  
9466.603027  
9359.17492  
9387.443948  
9351.056037  
9426.983298  
9370.055879  
9332.574262  
9403.431497  
9381.803424  
9358.709789  
9374.657126  
9374.311078  
9347.687457  
9378.884708  
9324.095545  
9393.148797  
9639.318833  
9514.558881  
