5324.998157  
5349.802811  
5351.225554  
5323.149664  
5358.594964  
5364.214243  
5343.528453  
5355.89099  
5352.710015  
5376.697611  
5332.107559  
5407.791965  
5334.228625  
5360.443367  
5367.481571  
5357.566323  
5352.821877  
5363.75289  
5353.519904  
5336.767339  
5364.11462  
5329.818394  
5358.923335  
5365.923631  
5360.51104  
5364.472297  
5331.624722  
5347.113423  
5363.048044  
5358.950126  
5344.25493  
5342.646588  
5341.020073  
5369.994594  
5331.875441  
5336.239464  
5356.217266  
5343.032543  
5361.87688  
5374.009292  
5354.792226  
5354.589168  
5350.977886  
5352.950586  
5353.719952  
5336.113246  
5366.294795  
5360.664185  
5357.271158  
5346.733823  
5353.273927  
5372.377964  
5364.041597  
5351.637001  
5334.143038  
5363.996584  
5352.081262  
5345.965403  
5360.447151  
5344.382936  
5362.738359  
5359.274824  
5364.162591  
5384.979598  
5355.553334  
5363.994451  
5347.87519  
5317.856273  
5352.939022  
5346.429727  
5356.051131  
5348.255976  
5366.055391  
5359.883715  
5347.504366  
5364.557999  
5385.723821  
5331.874148  
5329.662402  
5329.09106  
5367.732491  
5357.01712  
5368.066352  
5347.170276  
5357.220455  
5362.58957  
5354.113486  
5354.633703  
5334.37201  
5337.447485  
5384.925962  
5346.241895  
5335.25475  
5358.770023  
5350.170101  
5358.003732  
5347.436144  
5368.611684  
5355.287635  
5344.751083  
5362.988814  
5354.316447  
5365.331091  
5354.043726  
5356.537105  
5366.92069  
5341.301538  
5346.363633  
5367.329358  
5368.36164  
5369.774957  
5361.263348  
5350.045861  
5324.387226  
5352.683321  
5340.848257  
5344.079595  
5317.802611  
5335.631695  
5319.498408  
5317.125399  
5329.869673  
5333.617012  
5327.208234  
5352.399039  
5362.441752  
5367.634507  
5347.683334  
5356.136523  
5347.537449  
5357.104159  
5348.583602  
5342.295531  
5365.456332  
5366.314994  
5334.381074  
5361.651133  
5390.973806  
5353.615696  
5362.262027  
5355.351082  
5343.598163  
5356.828711  
5360.069624  
5360.760805  
5345.348925  
5355.085018  
5346.16802  
5365.958947  
5353.588908  
5334.339861  
5363.375215  
5350.007159  
5362.573415  
5352.348798  
5350.289119  
5331.655468  
5328.612465  
5337.992125  
5350.832027  
5356.623757  
5359.851297  
5313.22867  
5370.369056  
5366.721563  
5359.176433  
5355.205401  
5347.294296  
5356.342857  
5377.967545  
5352.248044  
5380.974034  
5355.573677  
5349.293081  
5379.113818  
5382.522065  
5351.214427  
5367.203355  
5343.211631  
5350.975482  
5326.459694  
5336.148977  
5357.919134  
5350.464933  
5335.368928  
5365.884224  
5379.817831  
5351.662365  
5358.795406  
5369.365016  
5338.793977  
5349.828702  
5350.705979  
5338.312232  
5352.706721  
5351.304781  
5345.791828  
5339.611714  
5353.841997  
5398.377438  
5377.046534  
5380.162718  
5341.422956  
5359.260921  
5360.031807  
5347.742253  
5341.874522  
5354.979401  
5340.173018  
5352.97082  
5356.686597  
5360.297164  
5332.382896  
5334.147557  
5356.581044  
5334.038102  
5352.888316  
5359.878279  
5337.393682  
5359.292382  
5363.225741  
5355.801717  
5370.259735  
5345.98332  
5351.399451  
5357.754011  
5348.260231  
5329.890388  
5342.615103  
5362.205038  
5325.21391  
5345.831231  
5333.587182  
5344.311811  
5339.856551  
5377.105434  
5354.506806  
5349.747489  
5339.762055  
5343.429629  
5346.108874  
5355.756868  
5342.341097  
5372.770321  
5374.380741  
5355.6312  
5341.36598  
5361.998141  
5360.125985  
5375.906304  
5345.835591  
5363.157887  
5358.696929  
5377.608648  
5363.688615  
5332.670355  
5372.5609  
5351.654642  
5370.017695  
5359.008497  
5357.185698  
5358.098508  
5337.333057  
5327.407025  
5339.849731  
5345.649265  
5339.277332  
5323.629048  
5354.161843  
5367.151597  
5379.506448  
5352.31242  
5347.909995  
5350.134054  
5347.528556  
5361.415496  
5350.03409  
5350.308327  
5352.132904  
5343.123833  
5369.880866  
5327.791723  
5349.016779  
5361.232615  
5355.443332  
5345.519501  
5359.460753  
5346.61447  
5325.614539  
5331.274736  
5362.675647  
5350.257475  
5368.388247  
5361.881347  
5336.77322  
5331.453221  
5340.21273  
5322.381838  
5332.145716  
5347.523903  
5350.249905  
5395.735836  
5357.584589  
5359.926159  
5376.001388  
5361.943926  
5352.772232  
5317.284767  
5319.2781  
5334.569351  
5354.71086  
5328.532358  
5337.325796  
5364.370499  
5344.993446  
5351.586683  
5371.689142  
5360.713734  
5348.963489  
5322.307391  
5321.299533  
5359.210448  
5338.53122  
5331.709767  
5343.440247  
5332.035967  
5333.299871  
5340.939736  
5353.919756  
5330.822936  
5350.830863  
5359.428195  
5337.652777  
5423.247995  
5387.801805  
5381.652871  
5352.400194  
5335.420463  
5390.949114  
5384.785261  
5364.929419  
5397.750701  
5382.513183  
5401.627127  
5366.190741  
5372.923078  
5338.880427  
5356.449177  
5350.406868  
5377.642822  
5404.830495  
5361.980959  
5364.197267  
5334.108941  
5339.825958  
5340.509811  
5330.535338  
5362.941837  
5346.694338  
5344.897253  
5354.367171  
5345.971491  
5350.333982  
5343.827497  
5339.624937  
5352.225359  
5371.089576  
5360.569219  
5354.845643  
5346.620782  
5347.026951  
5359.948803  
5361.766148  
5353.8022  
5339.000736  
5355.748601  
5362.434775  
5331.894728  
5363.861627  
5344.547136  
5337.582568  
5384.135134  
5361.643029  
5348.621455  
5356.557827  
5366.870796  
5367.024807  
5337.773306  
5336.921605  
5361.558227  
5357.973359  
5371.018227  
5371.575637  
5369.051446  
5372.666584  
5353.376914  
5369.370023  
5352.671908  
5362.105135  
5338.133787  
5352.227879  
5355.947911  
5377.846392  
5358.286956  
5354.319271  
5384.385513  
5359.197184  
5362.467799  
5341.457649  
5324.070617  
5302.977958  
5327.252097  
5322.346244  
5333.596939  
5357.989843  
5361.191582  
5358.358098  
5388.74675  
5334.731104  
5350.723431  
5360.778376  
5334.703076  
5350.669367  
5328.182537  
5340.750984  
5336.225033  
5373.086343  
5371.575613  
5356.566669  
5353.50688  
5331.172168  
5338.29494  
5352.193496  
5353.984917  
5342.906485  
5342.591982  
5366.965217  
5337.782809  
5336.402041  
5348.047065  
5341.180436  
5363.894434  
5361.74636  
5359.448891  
5357.09602  
5354.202671  
5333.57546  
5355.437769  
5342.842581  
5340.825536  
5350.900068  
5361.992509  
5357.728364  
5348.196011  
5334.790577  
5330.916258  
5347.568857  
5342.495752  
5357.853331  
5336.652283  
5331.762039  
5290.55193  
5317.234358  
5321.949134  
5327.69843  
5352.714059  
5384.272022  
5401.647757  
5380.141163  
5378.19401  
5366.121324  
5354.43018  
5361.701614  
5382.595284  
5369.664212  
5343.480126  
5380.266639  
5377.164447  
5392.140094  
5365.940083  
5363.63545  
5375.536319  
5357.442127  
5340.417422  
5313.25203  
5366.354655  
5342.429962  
5340.401535  
5319.997871  
5335.24323  
5331.752803  
5370.987008  
5342.048043  
5356.798242  
5348.97111  
5368.586117  
5375.95954  
5365.482202  
5347.933041  
5384.723087  
5368.656891  
5374.538534  
5360.157218  
5341.059546  
5368.863963  
5351.857019  
5350.822295  
5365.977965  
5381.024185  
5386.167817  
5366.468918  
5342.257093  
5334.041522  
5374.852209  
5353.865996  
5360.2913  
5351.780656  
5351.643944  
5351.564588  
5364.358994  
5341.016093  
5347.815414  
5341.746639  
5350.427606  
5354.525631  
5355.539145  
5358.660287  
5340.912162  
5339.684495  
5337.537654  
5312.653601  
5327.763169  
5327.364786  
5362.056433  
5350.609747  
5379.621146  
5354.241958  
5334.765174  
5299.990599  
5321.193719  
5302.461116  
5349.603776  
5333.642476  
5297.2843  
5315.793806  
5317.680478  
5331.444396  
5347.253667  
5350.893862  
5352.279296  
5363.082868  
5355.245931  
5351.371618  
5345.56885  
5349.120116  
5341.071869  
5361.467576  
5385.492529  
5359.638937  
5356.90037  
5337.016501  
5356.232929  
5376.584325  
5359.943524  
5378.494945  
5382.454946  
5366.122266  
5364.099969  
5389.375232  
5338.682737  
5357.311823  
5315.798992  
5327.442804  
5353.662611  
5365.38093  
5370.755411  
5368.009823  
5365.760256  
5390.465675  
5355.121735  
5373.03017  
5359.092972  
5357.022637  
5356.956974  
5363.843058  
5366.725985  
5353.558541  
5373.75003  
5322.243106  
5322.543344  
5379.35473  
5359.597845  
5361.565204  
5348.553196  
5336.731571  
5362.616877  
5365.476209  
5367.525853  
5376.60826  
5368.854067  
5361.713071  
5365.2692  
5357.433261  
5350.062269  
5357.426579  
5376.643022  
5367.427741  
5351.26025  
5331.788404  
5333.092884  
5335.626817  
5339.915791  
5326.30278  
5367.101222  
5328.688462  
5366.931983  
5322.956732  
5340.331443  
5359.45373  
5347.128156  
5336.984391  
5343.177421  
5337.773353  
5349.01896  
5344.953334  
5340.778615  
5339.438585  
5333.113338  
5362.476645  
5363.150807  
5351.930822  
5347.993829  
5348.492864  
5381.33133  
5355.343646  
5400.012488  
5400.685396  
5397.375592  
5351.617434  
5365.263198  
5350.794778  
5384.305235  
5311.47773  
5314.219482  
5375.547164  
5321.571596  
5337.772218  
5325.826537  
5333.121018  
5304.494834  
5332.402645  
5332.326104  
5355.553464  
5351.351728  
5366.151474  
5356.4957  
5338.238162  
5347.571088  
5364.33552  
5362.306581  
5351.383835  
5357.662407  
5355.422655  
5389.100815  
5396.008159  
5360.20306  
5404.773604  
5360.439552  
5370.12097  
5381.832048  
5328.853445  
5363.858998  
5366.214552  
5336.683864  
5380.101407  
5407.993877  
5343.141119  
5390.596759  
5365.633023  
5307.291609  
5352.837044  
5327.640565  
5352.340196  
5403.058977  
5352.959639  
5364.26223  
5323.777398  
5325.427747  
5338.360484  
5350.678392  
5339.413768  
5354.188842  
5348.458169  
5358.916033  
5352.29338  
5366.884781  
5358.749529  
5369.794621  
5371.059378  
5340.051401  
5350.189107  
5361.348583  
5340.516937  
5347.884995  
5336.996023  
5353.60932  
5357.937947  
5341.744229  
5356.745801  
5365.846235  
5343.639025  
5373.329247  
5352.310729  
5361.993812  
5331.405471  
5363.370865  
5361.572866  
5361.626008  
5335.284719  
5326.607137  
5334.606826  
5317.480167  
5345.496746  
5340.591107  
5330.368467  
5324.425112  
5320.75256  
5349.9481  
5364.179557  
5371.482673  
5350.042146  
5341.842131  
5356.579707  
5361.214404  
5329.247215  
5332.028491  
5361.616132  
5381.175732  
5357.409556  
5336.115613  
5347.560366  
5365.400962  
5337.78239  
5355.729357  
5384.068975  
5342.012156  
5363.466642  
5358.032659  
5359.454151  
5333.488171  
5372.770312  
5363.638429  
5372.404863  
5339.747485  
5353.847161  
5352.866051  
5355.104909  
5345.953219  
5337.393249  
5392.821186  
5331.047256  
5390.250997  
5369.368064  
5359.619254  
5342.586902  
5331.873607  
5278.853131  
5344.300714  
5338.170757  
5342.309848  
5343.129701  
5343.635928  
5350.449446  
5375.330758  
5361.316575  
5355.510093  
5383.687165  
5358.329594  
5381.792481  
5359.737531  
5360.620328  
5363.025377  
5354.189414  
5337.364617  
5315.352974  
5356.817116  
5365.441903  
5366.421731  
5343.803501  
5357.12772  
5354.331741  
5334.896893  
5336.894394  
5347.33393  
5326.918333  
5338.168649  
5359.972698  
5363.269859  
5360.286091  
5359.984766  
5332.556833  
5352.804826  
5361.477869  
5339.060661  
5357.034271  
5373.577351  
5388.698284  
5363.40939  
5356.068599  
5354.226542  
5345.472276  
5362.663773  
5367.675284  
5380.045123  
5369.97299  
5368.477256  
5340.643243  
5332.64477  
5337.15453  
5352.184401  
5343.353246  
5363.610544  
5329.503635  
5354.732533  
5361.243275  
5363.484089  
5380.238332  
5344.807892  
5362.301141  
5363.546313  
5352.297829  
5360.118599  
5342.693934  
5337.772384  
5329.194445  
5342.899961  
5349.319842  
5350.282443  
5347.929912  
5357.490776  
5355.04532  
5345.339461  
5336.199575  
5344.99981  
5327.106495  
5342.048984  
5287.695803  
5337.067634  
5345.995995  
5374.761511  
5353.456905  
5342.183142  
5350.894593  
5395.014234  
5344.311316  
5387.310662  
5374.931265  
5379.891123  
5364.299242  
5376.209792  
5365.098289  
5356.608805  
5336.19755  
5324.146807  
5334.465512  
5353.305571  
5351.812103  
5379.200069  
5358.797517  
5368.367238  
5367.86585  
5365.218422  
5373.038465  
5352.824901  
5345.133439  
5389.293821  
5355.787333  
5361.732327  
5349.020875  
5340.720692  
5332.289257  
5320.086343  
5334.530458  
5325.89683  
5341.675742  
5363.387957  
5360.643578  
5347.033989  
5331.397744  
5300.751513  
5327.809401  
5312.061993  
5315.395408  
5336.270031  
5359.304308  
5339.338725  
5375.503458  
5347.100122  
5332.753419  
5339.833835  
5353.799671  
5391.533878  
5370.514663  
5339.300809  
5350.378888  
5332.69603  
5340.606942  
5388.542778  
5370.874776  
5369.253306  
5361.534788  
5364.980598  
5356.640726  
5350.410676  
5358.696192  
5362.411008  
5376.045135  
5390.107083  
5380.299607  
5382.119648  
5385.201123  
5366.261776  
5385.277226  
5360.338786  
5358.114646  
5358.476562  
5353.133585  
5358.731252  
5366.205745  
5367.774966  
5360.391465  
5338.200632  
5366.83686  
5350.023304  
5350.776959  
5345.673595  
5353.335694  
5356.157215  
5367.084987  
5368.737755  
5353.086081  
5285.461187  
5353.381196  
5354.59663  
5353.482652  
5338.325425  
5332.727159  
5343.548789  
5367.069971  
5341.62882  
5343.530876  
5354.720522  
5345.16189  
5360.981444  
5358.460906  
5363.370529  
5325.986987  
5336.247111  
5348.410966  
5360.692705  
5363.235699  
5370.260714  
5373.090619  
5369.38137  
5368.647507  
5373.894062  
5338.832041  
5365.810579  
5364.364808  
5346.123113  
5351.256577  
5339.627982  
5357.066336  
5317.002415  
5337.056134  
5366.127317  
5360.310444  
5353.153007  
5358.153928  
5355.943233  
5326.0937  
5363.593029  
5360.452456  
5377.664057  
5356.371213  
5355.652638  
5367.471322  
5335.922556  
5343.928458  
5342.233158  
5361.057233  
5355.419592  
5372.376952  
5351.372873  
5385.917881  
5388.182473  
5345.542589  
5357.109069  
5372.385902  
5341.842914  
5347.582443  
5319.26884  
5357.852814  
5348.691956  
5342.081904  
5339.368418  
5348.537816  
5389.467578  
5356.812369  
5318.404749  
5316.158807  
5385.091128  
5341.723508  
5340.245788  
5310.549196  
5307.856947  
5314.132508  
5344.995702  
5373.134551  
5308.433257  
5360.63414  
5318.248138  
5371.60571  
5356.833066  
5358.125181  
5353.410228  
5353.261815  
5358.545171  
5356.313414  
5353.450972  
5347.975208  
5382.907947  
5381.469622  
5368.497505  
5366.469662  
5323.043858  
5336.41722  
5342.593715  
5340.000436  
5312.623206  
5351.189371  
5380.23501  
5353.197584  
5364.141179  
5337.441811  
5347.770387  
5355.666998  
5358.043811  
5364.940756  
5331.756334  
5353.782629  
5379.47313  
5375.670084  
5364.110186  
5344.299061  
5382.782151  
5358.962574  
5327.954147  
5333.840312  
5316.296491  
5342.381597  
5362.119315  
5365.095006  
5379.069334  
5359.464666  
5363.13699  
5359.981618  
5369.196017  
5380.701395  
5359.88033  
5350.476525  
5333.954446  
5375.891967  
5369.949285  
5362.947885  
5351.230226  
5354.422076  
5358.295936  
5368.355973  
5359.909526  
5340.080318  
5338.462984  
5316.35934  
5342.094311  
5336.486418  
5338.070196  
5333.250224  
5325.615753  
5364.528506  
5370.135706  
5352.256175  
5354.569775  
5348.640564  
5358.25641  
5379.220323  
5344.096382  
5367.446764  
5348.976425  
5361.137272  
5329.79829  
5332.20086  
5347.585238  
5360.298381  
5367.258985  
5367.750295  
5357.341815  
5361.483331  
5353.124477  
5343.841812  
5368.182955  
5363.298874  
5339.693675  
5349.637739  
5340.532482  
5339.899462  
5358.5635  
5339.779029  
5355.183717  
5342.736621  
5374.759631  
5332.192153  
5345.20455  
5337.211175  
5322.136253  
5338.722161  
5366.529487  
5374.287889  
5350.213485  
5343.487136  
5353.796501  
5364.400081  
5360.267582  
5348.491328  
5357.308574  
5374.62876  
5365.194985  
5368.393127  
5366.303226  
5358.396026  
5356.220549  
5339.842652  
5312.646364  
5350.562786  
5343.691959  
5351.571348  
5348.074483  
5359.129157  
5352.111471  
5360.44268  
5361.074684  
5357.431022  
5363.128048  
5330.101988  
5365.523961  
5343.738451  
5380.320618  
5359.994508  
5366.701661  
5367.027296  
5359.020983  
5360.412689  
5307.265178  
5333.925483  
5336.990835  
5365.169064  
5340.518658  
5329.813126  
5326.574435  
5321.30357  
5331.954426  
5349.4013  
5344.229603  
5352.561682  
5363.200776  
5348.522229  
5358.802592  
5382.852015  
5355.516019  
5341.488437  
5347.819432  
5368.662562  
5332.389714  
5369.814104  
5333.974594  
5343.136342  
5342.952019  
5366.471912  
5381.889523  
5345.628016  
5355.411084  
5367.042186  
5373.453335  
5370.559944  
5351.765137  
5354.392612  
5348.878258  
5351.280151  
5357.366186  
5366.402399  
5366.661228  
5347.991296  
5336.971914  
5371.634651  
5352.243294  
5376.006787  
5361.476687  
5351.96309  
5358.212049  
5350.068706  
5352.120878  
5347.442895  
5375.836958  
5345.795855  
5350.009  
5335.643071  
5365.104105  
5320.549012  
5359.303573  
5361.857853  
5376.282227  
5373.902079  
5348.283797  
5341.905115  
5354.329827  
5333.051807  
5351.933415  
5345.934766  
5361.397777  
5359.589491  
5342.062747  
5355.909419  
5351.976243  
5366.781987  
5330.594926  
5356.164838  
5323.531989  
5328.602864  
5335.625189  
5358.910602  
5336.949929  
5322.096724  
5320.33098  
5352.430505  
5344.152183  
5328.87137  
5331.913451  
5366.520204  
5343.973898  
5393.498935  
5353.525585  
5346.66967  
5357.584208  
5361.403377  
5384.384839  
5347.124831  
5374.657556  
5369.365645  
5350.588459  
5350.178602  
5338.614529  
5348.007529  
5350.647206  
5351.606522  
5366.072622  
5375.750329  
5344.487943  
5360.333894  
5366.177415  
5374.796554  
5352.710237  
5340.523868  
5341.267488  
5352.899627  
5342.440359  
5318.963765  
5348.213291  
5354.554255  
5341.369638  
5366.773228  
5370.36475  
5369.989899  
5335.317521  
5359.483024  
5331.368864  
5402.634299  
5374.784654  
5365.230032  
5335.25087  
5363.292006  
5355.642475  
5334.421847  
5356.682672  
5352.267596  
5341.288079  
5393.368726  
5331.446343  
5378.350999  
5371.52327  
5373.863072  
5336.33012  
5344.722569  
5347.625472  
5353.664429  
5347.179881  
5350.494963  
5346.195239  
5349.947422  
5347.568056  
5349.544068  
5339.667917  
5346.896893  
5368.572495  
5338.736807  
5347.087561  
5347.842561  
5341.74301  
5342.934317  
5371.882734  
5371.135623  
5348.961887  
5369.898782  
5351.633371  
5386.934359  
5371.335203  
5361.359626  
5344.285685  
5336.859193  
5341.909545  
5360.724246  
5365.122875  
5338.389351  
5341.776827  
5350.951034  
5341.272896  
5339.676282  
5327.38466  
5323.736008  
5312.693767  
5299.82863  
5301.201022  
5345.076416  
5356.378403  
5381.218354  
5346.242973  
5369.604318  
5336.6932  
5365.51101  
5364.265549  
5406.028685  
5313.393328  
5425.353094  
5388.464231  
5344.799589  
5371.006679  
5340.898936  
5371.78031  
5352.980565  
5346.073491  
5326.873127  
5347.490698  
5412.172762  
5342.867122  
5376.886239  
5323.404774  
5332.69739  
5337.426094  
5341.542472  
5318.585827  
5379.058336  
5341.586628  
5371.165018  
5352.781481  
5336.341616  
5338.946692  
5347.986772  
5375.606656  
5336.335053  
5374.114952  
5363.863561  
5322.287548  
5347.338247  
5337.802699  
5332.284951  
5332.641636  
5359.370471  
5356.437583  
5367.493765  
5373.698636  
5347.968301  
5357.478857  
5363.045709  
5368.393733  
5363.736659  
5353.865255  
5364.631848  
5376.662791  
5358.703456  
5355.389929  
5370.829396  
5349.189746  
5365.443166  
5358.450957  
5362.834316  
5363.107341  
5374.775623  
5362.438498  
5361.278585  
5359.343651  
5379.196728  
5341.406683  
5357.554053  
5372.24597  
5366.154582  
5340.059396  
5372.062551  
5368.943122  
5373.814163  
5365.05883  
5345.967388  
5351.581911  
5353.620933  
5371.698553  
5364.803921  
5350.986649  
5342.53188  
5314.313158  
5344.305122  
5347.920305  
5341.620813  
5351.868053  
5360.559511  
5322.325353  
5360.509699  
5343.297025  
5352.7778  
5358.372581  
5355.371571  
5331.423223  
5317.35938  
5326.073947  
5332.694152  
5343.184276  
5369.82583  
5346.697935  
5334.046619  
5372.425167  
5361.781406  
5390.945453  
5344.850514  
5368.242075  
5343.260928  
5377.031587  
5344.458697  
5374.217688  
5356.190606  
5345.178766  
5366.699311  
5391.669538  
5347.101223  
5347.147682  
5346.886187  
5348.069684  
5374.083341  
5360.879544  
5367.931695  
5349.294056  
5347.803633  
5334.883521  
5368.941398  
5372.638257  
5358.449173  
5366.758415  
5369.942447  
5355.138131  
5359.453293  
5364.623302  
5339.056462  
5329.09419  
5373.566809  
5369.260182  
5362.172068  
5360.115347  
5356.433664  
5326.992986  
5328.149112  
5353.644785  
5373.060989  
5346.82105  
5347.848849  
5361.659252  
5363.513929  
5340.850505  
5312.179948  
5351.624656  
5357.224574  
5330.755466  
5356.714043  
5344.974546  
5310.127868  
5294.06089  
5322.560595  
5286.954412  
5313.204109  
5306.632496  
5306.281731  
5381.650742  
5374.794642  
5359.679178  
5356.397038  
5383.40986  
5361.519297  
5353.207874  
5360.652608  
5355.697927  
5407.742948  
5364.292439  
5343.452488  
5354.455887  
5367.036209  
5347.11041  
5357.953923  
5349.077169  
5345.890009  
5339.858696  
5384.490984  
5398.18932  
5342.637501  
5380.098353  
5345.726222  
5357.760369  
5340.826706  
5325.014364  
5352.089694  
5351.994997  
5379.782388  
5370.984945  
5354.308357  
5350.703187  
5363.611765  
5347.373333  
5346.434623  
5377.958376  
5349.137733  
5363.397993  
5352.98996  
5301.191789  
5336.75566  
5333.170877  
5322.661441  
5293.209903  
5323.967017  
5356.1924  
5349.014248  
5345.797392  
5363.253424  
5385.558823  
5345.899525  
5362.918934  
5311.843334  
5357.923919  
5387.366574  
5342.621785  
5331.097009  
5318.96759  
5336.302833  
5339.706767  
5325.941708  
5360.748825  
5388.969921  
5364.343468  
5356.929071  
5375.805911  
5372.790825  
5368.377776  
5373.136743  
5347.388423  
5348.485992  
5367.13254  
5383.150567  
5368.027802  
5352.357859  
5387.24712  
5394.077764  
5375.94095  
5372.749295  
5358.691395  
5363.330375  
5352.179832  
5369.669585  
5358.700147  
5374.823627  
5348.196772  
5354.197747  
5375.449312  
5349.251613  
5361.662162  
5314.143569  
5313.137227  
5313.31935  
5322.094379  
5335.905564  
5317.521435  
5302.242985  
5319.035848  
5337.900817  
5357.533572  
5347.667967  
5365.411176  
5370.863969  
5375.042138  
5359.539319  
5375.113696  
5361.617269  
5348.040729  
5360.961759  
5371.0702  
5357.200426  
5318.755165  
5311.315112  
5295.572131  
5304.27949  
5323.611382  
5339.29013  
5347.047055  
5340.534995  
5344.998935  
5367.100573  
5356.170973  
5367.096356  
5366.826667  
5356.872337  
5382.235356  
5367.129736  
5381.479193  
5383.085162  
5375.854825  
5354.133085  
5381.840573  
5371.226052  
5337.288346  
5339.690144  
5370.09442  
5385.449028  
5363.638125  
5366.593376  
5318.354905  
5350.794878  
5355.061186  
5350.056755  
5333.690293  
5382.576628  
5359.651942  
5356.224332  
5362.578533  
5354.836535  
5345.775268  
5325.087476  
5321.090899  
5346.930781  
5346.364943  
5349.741561  
5294.295848  
5294.274911  
5321.625991  
5318.934879  
5340.143375  
5364.336957  
5347.047184  
5344.287106  
5347.323436  
5353.113583  
5332.693404  
5353.876293  
5347.527708  
5338.423933  
5345.58949  
5364.505151  
5325.642433  
5363.753235  
5344.443807  
5372.712852  
5348.523082  
5352.779071  
5333.121721  
5360.833014  
5357.845125  
5334.262142  
5352.988691  
5375.481619  
5381.366375  
5363.488502  
5342.270326  
5387.864555  
5402.705079  
