7336.825646  
7356.382366  
7290.099845  
7317.496508  
7353.312363  
7383.899163  
7236.397109  
7303.234775  
7254.062119  
7246.236527  
7290.759556  
7273.551509  
7221.423254  
7312.668872  
7297.870502  
7262.115584  
7275.142634  
7247.935453  
7219.004219  
7237.932187  
7345.45702  
7392.922324  
7304.576427  
7303.953219  
7302.131623  
7275.170363  
7273.602939  
7267.770093  
7310.828357  
7295.535353  
7277.396711  
7267.473905  
7314.297587  
7313.787233  
7272.600914  
7231.531381  
7274.702823  
7272.298745  
7252.496194  
7275.315954  
7302.559334  
7287.813552  
7297.058947  
7300.241276  
7327.463406  
7261.049354  
7254.094281  
7356.843358  
7306.206735  
7277.084576  
7343.224479  
7337.616206  
7335.503033  
7305.339605  
7292.828816  
7281.455879  
7272.038657  
7325.105934  
7304.163763  
7353.922475  
7310.297675  
7273.48405  
7326.341389  
7267.373446  
7278.527016  
7269.74587  
7248.66897  
7294.27614  
7282.838045  
7289.005386  
7299.849493  
7347.052117  
7280.963296  
7279.064741  
7276.174449  
7295.084795  
7255.981231  
7331.098282  
7275.244716  
7229.394086  
7265.858366  
7311.26584  
7220.521428  
7310.069062  
7368.241404  
7310.385152  
7337.249966  
7293.163164  
7258.757771  
7277.596321  
7252.520373  
7288.262215  
7295.971179  
7297.238061  
7303.71333  
7261.731191  
7319.513326  
7359.184947  
7304.21201  
7273.581062  
7231.56079  
7262.938559  
7271.21888  
7279.459369  
7321.663173  
7366.635221  
7379.526056  
7281.815391  
7338.601333  
7344.912039  
7307.249206  
7317.699132  
7278.550652  
7311.460054  
7285.172721  
7320.884127  
7267.686795  
7299.316454  
7252.862284  
7213.598536  
7231.107478  
7234.442967  
7261.082539  
7247.32754  
7285.853549  
7303.700997  
7307.521239  
7322.862344  
7300.875485  
7297.571151  
7280.827132  
7301.935972  
7280.855253  
7299.429646  
7300.007405  
7277.15909  
7310.32545  
7343.637199  
7295.369633  
7318.998013  
7225.004779  
7292.552884  
7280.723612  
7267.82826  
7342.518751  
7289.249719  
7295.798571  
7292.178644  
7278.88337  
7312.244233  
7266.846746  
7279.922335  
7268.41796  
7295.634475  
7328.614638  
7307.322881  
7328.585453  
7262.393867  
7314.076945  
7317.845513  
7315.620357  
7292.599317  
7256.4191  
7244.416653  
7231.98046  
7259.26347  
7263.128592  
7296.292226  
7296.566703  
7316.425704  
7342.019467  
7323.743219  
7339.819472  
7291.33621  
7263.380869  
7264.450971  
7230.917365  
7244.636751  
7276.238158  
7259.456541  
7280.180857  
7271.05705  
7255.307177  
7319.38616  
7291.569409  
7319.001463  
7338.233131  
7364.812368  
7317.408662  
7293.701637  
7307.389754  
7280.943755  
7272.58636  
7272.558277  
7292.714506  
7290.053646  
7300.479222  
7319.634022  
7318.201437  
7383.263698  
7366.591418  
7305.404731  
7284.516281  
7305.622998  
7323.863808  
7288.367469  
7262.876215  
7249.713367  
7281.71351  
7298.327868  
7319.218853  
7288.411206  
7277.245001  
7270.449715  
7255.195499  
7290.307598  
7258.171392  
7301.275769  
7341.483023  
7274.479002  
7292.617496  
7290.614123  
7300.261721  
7271.866078  
7246.113739  
7279.647674  
7269.056268  
7285.842317  
7323.893975  
7338.774561  
7286.363393  
7331.984767  
7309.539737  
7310.35323  
7305.171562  
7283.103112  
7292.500379  
7293.294434  
7304.137039  
7316.824806  
7294.004909  
7300.17991  
7323.650261  
7390.166196  
7343.33319  
7282.740656  
7296.195387  
7295.471337  
7294.679077  
7315.482867  
7271.223137  
7305.814663  
7285.811255  
7290.112898  
7335.565382  
7277.666269  
7293.793909  
7319.567751  
7265.475517  
7295.970248  
7309.215608  
7270.128685  
7273.702121  
7249.150456  
7275.558977  
7275.02749  
7229.415137  
7237.115175  
7259.247614  
7271.239232  
7261.653698  
7242.17082  
7269.833912  
7288.436393  
7292.46235  
7308.552383  
7295.90008  
7265.160046  
7295.382527  
7299.846477  
7333.867353  
7305.340739  
7296.958062  
7285.440676  
7351.474391  
7342.830897  
7302.495234  
7312.563364  
7325.032466  
7268.229917  
7318.946344  
7300.110848  
7258.370224  
7288.067647  
7275.356391  
7318.52481  
7297.052741  
7283.688152  
7289.112996  
7242.880238  
7265.627191  
7341.418262  
7360.470776  
7279.258448  
7307.482348  
7330.916118  
7276.047054  
7235.420648  
7265.292277  
7317.638099  
7314.373459  
7365.68876  
7328.36416  
7318.504227  
7331.683915  
7288.537199  
7316.583669  
7309.910662  
7300.5348  
7290.057818  
7237.236982  
7280.811265  
7263.523185  
7255.082684  
7249.824826  
7271.032528  
7288.921753  
7337.019108  
7297.974753  
7259.396522  
7286.418661  
7298.355452  
7336.660084  
7212.353897  
7235.031452  
7281.766383  
7291.83448  
7247.138731  
7274.000527  
7295.395768  
7266.258298  
7264.647071  
7264.545861  
7242.011956  
7255.993342  
7243.204492  
7224.762047  
7260.758305  
7274.626818  
7246.2324  
7275.880487  
7251.994459  
7333.12221  
7324.597932  
7352.590755  
7301.562501  
7323.449269  
7303.989289  
7243.12881  
7251.462539  
7226.230693  
7260.809405  
7287.671351  
7319.290817  
7312.949557  
7341.761337  
7300.824282  
7286.581834  
7296.051721  
7330.430111  
7300.098459  
7296.311564  
7305.2818  
7266.958139  
7318.550825  
7297.604127  
7202.697377  
7378.161483  
7271.255839  
7105.22027  
7111.987462  
7364.355834  
7299.74539  
7324.776696  
7352.357067  
7301.759921  
7299.07886  
7304.159074  
7300.291664  
7328.59714  
7296.83603  
7347.33427  
7339.711687  
7303.493722  
7349.276783  
7336.979245  
7305.973077  
7290.315243  
7286.409412  
7269.579308  
7328.954799  
7334.51726  
7318.632464  
7314.351413  
7308.456913  
7321.57935  
7351.162693  
7267.922504  
7291.255339  
7258.377637  
7269.997384  
7247.921075  
7244.5983  
7322.684056  
7344.65758  
7370.734201  
7333.279117  
7357.901016  
7357.654668  
7290.666849  
7303.175239  
7288.233072  
7267.767705  
7311.336181  
7328.646004  
7294.725749  
7320.765367  
7318.144465  
7299.105694  
7289.469966  
7280.242405  
7271.621248  
7252.895435  
7242.180042  
7300.569701  
7263.368084  
7330.516555  
7312.243572  
7269.250169  
7285.988702  
7304.491294  
7349.741185  
7335.808481  
7297.410685  
7316.748929  
7250.302771  
7269.443544  
7291.765505  
7258.01028  
7285.712245  
7257.428411  
7254.649771  
7262.227587  
7234.804942  
7291.411297  
7286.711338  
7351.2765  
7364.886748  
7315.683632  
7246.559713  
7230.668678  
7227.42644  
7286.346432  
7283.933007  
7297.084084  
7323.516514  
7342.508187  
7341.940095  
7304.073101  
7279.37541  
7249.632788  
7223.211497  
7223.92374  
7248.996993  
7238.684077  
7296.780869  
7355.82397  
7321.715647  
7321.885776  
7327.319331  
7293.200534  
7324.432683  
7268.172003  
7268.418686  
7187.514641  
7245.861102  
7278.624039  
7255.205803  
7277.820392  
7320.737434  
7303.706908  
7338.857146  
7334.839798  
7360.973478  
7288.693705  
7329.829548  
7315.507308  
7330.097973  
7317.858409  
7316.175765  
7335.531888  
7320.645598  
7309.429508  
7340.592914  
7327.65227  
7299.141246  
7295.683626  
7280.135512  
7295.409533  
7268.816738  
7312.014011  
7307.377111  
7267.789231  
7295.500475  
7307.065571  
7297.268316  
7293.36139  
7296.423283  
7288.270518  
7350.54691  
7309.238071  
7281.144806  
7287.988498  
7264.493144  
7283.251218  
7253.838018  
7280.093064  
7265.048773  
7304.482015  
7285.402567  
7254.474094  
7269.175183  
7273.368715  
7297.665261  
7313.826095  
7300.828059  
7287.604711  
7243.531133  
7290.614311  
7274.960054  
7292.943067  
7319.586093  
7246.116792  
7240.354287  
7224.584339  
7222.159451  
7249.094242  
7284.503537  
7337.024445  
7319.926986  
7333.614736  
7311.841703  
7301.155533  
7265.462393  
7287.42942  
7255.41258  
7309.259953  
7316.229752  
7311.589875  
7296.524102  
7267.553886  
7257.008564  
7323.199816  
7332.180084  
7325.75164  
7331.116988  
7305.209994  
7293.947507  
7273.460825  
7270.847154  
7289.452221  
7222.459342  
7237.820891  
7271.112168  
7314.706087  
7309.792481  
7260.373539  
7311.089383  
7335.047085  
7324.660185  
7294.167775  
7288.272067  
7347.144127  
7295.705373  
7326.549463  
7361.190894  
7351.571639  
7294.644579  
7294.158001  
7279.436534  
7253.454465  
7285.484043  
7297.803925  
7279.856961  
7279.630096  
7305.1259  
7313.605972  
7295.848189  
7281.830118  
7267.17748  
7267.522526  
7286.676007  
7289.855143  
7286.468507  
7288.770542  
7286.42143  
7281.422361  
7349.461869  
7327.53811  
7308.270182  
7318.483399  
7293.363976  
7320.108836  
7287.864219  
7316.506195  
7279.303983  
7269.215864  
7288.222503  
7287.709754  
7302.599202  
7294.171405  
7259.781809  
7265.370197  
7270.258462  
7295.941397  
7266.128245  
7334.635766  
7283.766714  
7320.794373  
7369.640296  
7307.302657  
7324.076096  
7317.903167  
7307.302486  
7320.470482  
7314.558778  
7289.703695  
7309.445017  
7289.828344  
7314.299393  
7320.987616  
7305.194708  
7238.447041  
7297.449116  
7337.15008  
7349.047557  
7317.948797  
7326.901984  
7323.339578  
7285.743817  
7218.941457  
7306.524918  
7260.739113  
7269.1257  
7270.800538  
7265.911218  
7270.531067  
7281.17132  
7336.975979  
7332.235992  
7342.966871  
7312.295966  
7278.457993  
7168.658816  
7261.676881  
7267.67967  
7215.197921  
7279.945241  
7310.864898  
7311.394188  
7256.076108  
7287.421994  
7296.825028  
7331.575263  
7281.578717  
7170.155591  
7250.699981  
7356.152594  
7342.970117  
7252.987986  
7258.054195  
7255.491412  
7313.737436  
7349.351564  
7326.849652  
7311.759052  
7243.307758  
7220.563789  
7270.335012  
7263.842024  
7254.646319  
7238.116212  
7237.316265  
7263.663643  
7266.471971  
7313.098214  
7311.757332  
7320.191187  
7301.320858  
7263.684888  
7262.766819  
7278.190517  
7290.237834  
7284.942144  
7278.65175  
7254.812101  
7280.924286  
7269.251791  
7333.97984  
7328.876721  
7272.130161  
7310.153258  
7309.00144  
7343.418468  
7319.930196  
7298.976808  
7355.241401  
7359.049349  
7293.811167  
7252.641499  
7236.072291  
7257.239571  
7260.2266  
7324.282813  
7291.881857  
7296.413833  
7332.198804  
7298.772902  
7323.448409  
7276.834418  
7291.23109  
7300.606375  
7301.599484  
7277.214579  
7289.178383  
7305.106889  
7335.022918  
7335.925406  
7295.475237  
7275.10424  
7303.163536  
7284.59486  
7311.787493  
7310.595148  
7274.232958  
7332.545265  
7317.055188  
7323.913333  
7328.263983  
7324.631942  
7322.8635  
7304.398862  
7250.959648  
7248.563668  
7261.147831  
7243.059681  
7258.724076  
7283.484536  
7348.008265  
7318.66864  
7267.292226  
7266.649199  
7252.200552  
7206.987789  
7258.615549  
7235.197783  
7285.139482  
7273.236832  
7269.649187  
7283.500287  
7340.576449  
7311.130373  
7266.659924  
7274.1864  
7274.026282  
7328.939926  
7331.460737  
7335.681386  
7339.046456  
7367.55114  
7349.148251  
7308.868187  
7269.218769  
7299.237418  
7294.682313  
7338.182156  
7325.777166  
7331.890507  
7277.128101  
7273.774128  
7307.750117  
7253.710952  
7277.44153  
7255.792098  
7236.379957  
7240.719095  
7261.021337  
7279.013379  
7271.824743  
7268.116409  
7276.289736  
7290.373495  
7312.168717  
7321.098953  
7323.815878  
7348.696244  
7371.104838  
7346.090184  
7353.656965  
7283.895767  
7308.79651  
7315.439798  
7332.877586  
7351.218695  
7274.892149  
7291.003716  
7275.959719  
7279.665365  
7262.494363  
7257.429339  
7309.317318  
7270.451221  
7281.811099  
7274.958629  
7302.150072  
7290.242445  
7279.626917  
7279.485428  
7289.733991  
7271.241805  
7268.500896  
7309.744826  
7319.500196  
7309.491681  
7251.384049  
7257.920672  
7303.791014  
7335.553052  
7316.425296  
7352.078599  
7333.458343  
7317.619786  
7261.87633  
7258.691991  
7284.333148  
7299.121867  
7309.376724  
7280.938607  
7210.461358  
7236.940305  
7224.396093  
7215.626428  
7280.826422  
7315.237601  
7304.612361  
7332.018568  
7342.00727  
7386.587862  
7331.923752  
7315.262792  
7296.299389  
7316.368181  
7307.598543  
7302.80338  
7277.296794  
7251.611237  
7290.51945  
7281.622099  
7320.912493  
7320.668629  
7289.529245  
7278.618033  
7296.607817  
7263.198657  
7274.208434  
7363.646663  
7304.155147  
7248.778322  
7246.137195  
7273.614364  
7304.263369  
7276.507348  
7284.08683  
7319.336187  
7338.544745  
7379.853754  
7326.120385  
7287.289408  
7256.250542  
7272.990705  
7251.280983  
7211.531114  
7213.843801  
7267.704439  
7289.180528  
7302.121897  
7320.95448  
7307.719424  
7292.684273  
7297.103664  
7291.093175  
7281.458939  
7298.650094  
7299.268125  
7306.876424  
7332.708335  
7282.166326  
7349.444458  
7287.972106  
7265.359742  
7287.211828  
7289.761134  
7274.488795  
7263.014607  
7306.379291  
7294.555952  
7308.058566  
7299.736878  
7359.160876  
7338.216835  
7287.730794  
7291.63918  
7315.993378  
7285.343074  
7275.397815  
7247.432607  
7273.773302  
7272.127894  
7255.672792  
7330.35887  
7333.685046  
7306.951749  
7316.396074  
7323.096846  
7311.570497  
7273.776496  
7262.237826  
7318.055195  
7285.195147  
7268.053103  
7301.850155  
7279.112721  
7267.856572  
7269.345042  
7290.653277  
7278.793233  
7298.815134  
7331.384493  
7362.547022  
7312.966264  
7289.684213  
7270.350476  
7273.410778  
7277.56543  
7270.354941  
7310.603254  
7303.861662  
7296.731758  
7233.854275  
7273.062826  
7293.901515  
7294.678554  
7339.209097  
7296.925006  
7268.839964  
7269.509917  
7255.894149  
7323.448347  
7346.544906  
7298.10214  
7263.19828  
7277.006419  
7285.767627  
7270.601274  
7264.553778  
7289.194592  
7290.11996  
7310.951198  
7342.475521  
7322.37846  
7320.33535  
7307.437733  
7318.520027  
7361.198415  
7332.722997  
7284.320651  
7297.147498  
7245.783299  
7287.753146  
7308.790286  
7291.639113  
7295.114667  
7302.579007  
7300.317924  
7310.262194  
7288.845335  
7261.085401  
7284.184363  
7314.360931  
7287.563613  
7278.147647  
7316.181933  
7273.950303  
7308.972353  
7280.61193  
7257.263621  
7264.027492  
7163.441613  
7378.094646  
7284.457966  
7279.803193  
7183.386247  
7188.870426  
7184.983985  
7258.757156  
7244.706663  
7275.296837  
7255.403539  
7264.641786  
7295.319048  
7250.273124  
7228.225339  
7298.678842  
7316.107799  
7372.068316  
7343.93382  
7319.651903  
7323.301235  
7370.443848  
7360.170986  
7321.590736  
7306.217281  
7321.877284  
7297.440777  
7274.708998  
7231.652162  
7281.07079  
7295.539726  
7275.628799  
7273.485883  
7263.254519  
7318.539951  
7322.407704  
7316.83819  
7292.897679  
7290.710641  
7313.145774  
7319.96802  
7329.978371  
7293.890668  
7316.937717  
7291.910118  
7289.07648  
7285.011846  
7282.852445  
7296.528937  
7301.96715  
7262.358056  
7253.703338  
7227.157699  
7247.173137  
7285.452609  
7287.596085  
7293.42877  
7282.491475  
7295.865827  
7332.321561  
7324.318919  
7352.55794  
7289.216566  
7325.203525  
7349.600123  
7364.363286  
7381.937335  
7388.463583  
7274.504577  
7244.393045  
7275.041625  
7254.254671  
7321.833525  
7285.043172  
7284.612159  
7272.051325  
7308.492672  
7269.260292  
7298.101265  
7263.955493  
7280.859288  
7309.579744  
7315.908749  
7323.598195  
7309.963627  
7309.961011  
7243.246572  
7293.436923  
7315.598817  
7290.812782  
7323.558513  
7259.727007  
7279.129212  
7235.198639  
7266.771244  
7284.640446  
7324.191739  
7290.896637  
7309.472276  
7273.066728  
7290.848285  
7264.028825  
7273.75643  
7288.669163  
7295.194522  
7327.294662  
7269.072787  
7282.629924  
7283.925436  
7281.65329  
7354.226199  
7337.698527  
7331.552744  
7295.971565  
7264.795786  
7289.537869  
7304.267986  
7286.978254  
7315.582312  
7353.785841  
7305.051106  
7307.811718  
7278.339637  
7255.154214  
7268.701295  
7275.783194  
7276.278894  
7290.669679  
7274.607798  
7272.503124  
7260.404858  
7290.797718  
7324.674566  
7342.315884  
7297.765041  
7270.542883  
7316.173451  
7311.251178  
7325.142601  
7321.647017  
7320.059522  
7348.509158  
7367.808717  
7290.192913  
7243.157329  
7318.989557  
7321.881692  
7319.340529  
7271.500478  
7283.721086  
7268.936581  
7244.258304  
7270.992512  
7246.373533  
7292.860785  
7310.594814  
7278.984602  
7296.95635  
7258.87113  
7214.796746  
7227.161187  
7226.408017  
7244.48746  
7246.531394  
7257.908884  
7295.960327  
7277.744621  
7275.991617  
7315.75841  
7341.345301  
7310.05997  
7303.10698  
7313.223584  
7340.651122  
7277.204222  
7260.854805  
7316.860297  
7280.320311  
7290.710517  
7335.015775  
7362.422063  
7343.648659  
7331.480778  
7303.961912  
7292.448556  
7260.849476  
7266.203545  
7303.577027  
7316.715822  
7322.655394  
7332.432475  
7296.402074  
7341.107802  
7279.795344  
7268.512156  
7296.325982  
7279.470069  
7284.312577  
7288.765021  
7281.908844  
7254.720426  
7266.024617  
7255.592747  
7241.632482  
7283.858921  
7272.185813  
7290.582716  
7268.46823  
7263.253408  
7310.730799  
7313.160259  
7323.78314  
7292.8612  
7263.441245  
7267.933441  
7266.440146  
7312.41183  
7246.373501  
7234.829112  
7251.144911  
7342.806998  
7367.322402  
7300.186522  
7288.286731  
7296.894156  
7288.794576  
7316.558329  
7371.226257  
7302.168686  
7285.68155  
7346.014359  
7322.029157  
7278.967773  
7266.440219  
7285.676241  
7292.284332  
7278.162722  
7252.338938  
7234.300926  
7298.025252  
7302.722996  
7311.296667  
7308.193264  
7322.503546  
7307.426571  
7291.840462  
7312.518419  
7297.939679  
7337.294091  
7341.500176  
7349.643291  
7335.247798  
7332.100817  
7342.425358  
7319.293251  
7338.778184  
7305.576156  
7279.757695  
7277.839199  
7308.911718  
7286.708707  
7274.335194  
7279.442819  
7255.328648  
7288.526437  
7257.489672  
7233.434915  
7256.511132  
7214.342736  
7279.076144  
7292.346479  
7283.958779  
7272.805373  
7311.746651  
7301.565747  
7305.368206  
7287.189975  
7304.443464  
7328.349297  
7290.537121  
7243.528548  
7259.645506  
7263.361371  
7288.937264  
7293.617398  
7310.552329  
7329.259159  
7312.021593  
7322.256508  
7339.407817  
7328.484185  
7284.074242  
7282.002  
7300.190765  
7288.392428  
7282.235394  
7289.341382  
7314.479208  
7303.275658  
7282.772435  
7291.184627  
7252.084653  
7278.807638  
7274.645784  
7273.905348  
7285.164718  
7328.170588  
7308.999693  
7292.034883  
7311.195234  
7340.35142  
7336.583934  
7302.744149  
7302.645089  
7301.160903  
7294.052829  
7292.762152  
7249.781653  
7256.624059  
7234.760774  
7306.060681  
7306.552113  
7281.172313  
7361.16882  
7378.255998  
7366.546799  
7279.974353  
7228.053914  
7222.471088  
7248.705633  
7274.5134  
7259.076315  
7287.989435  
7259.401118  
7291.790245  
7327.142904  
7332.414865  
7315.067271  
7340.067999  
7344.090436  
7342.338328  
7332.294485  
7381.821818  
7281.496442  
7250.955135  
7304.128574  
7301.901245  
7263.089234  
7221.873014  
7258.027639  
7240.567191  
7258.004167  
7265.195537  
7307.865605  
7343.71168  
7310.747464  
7216.958802  
7235.32445  
7233.227777  
7231.787273  
7246.281301  
7186.574706  
7171.287808  
7324.253442  
7340.850126  
7357.767267  
7297.045036  
7339.84149  
7332.786826  
7282.466429  
7259.524281  
7276.570092  
7229.443891  
7257.299182  
7252.216098  
7307.612178  
7326.125506  
7281.645362  
7264.455777  
7300.6424  
7322.044398  
7319.87047  
7272.640098  
7290.959114  
7260.658751  
7320.877056  
7268.88897  
7307.021675  
7343.728432  
7316.268968  
7301.423039  
7324.356059  
7290.315546  
7339.653099  
7342.723865  
7294.558023  
7326.768259  
7343.584234  
7317.339946  
7293.063339  
7336.239633  
7354.141027  
7288.203067  
7307.884262  
7311.96218  
7288.379769  
7250.590312  
7346.143079  
7340.877077  
7378.75754  
7321.95715  
7316.308426  
7337.603374  
7289.085597  
7274.737582  
7244.47609  
7237.15429  
7249.875415  
7219.61987  
7250.37249  
7227.059639  
7230.297316  
7236.572755  
7292.284168  
7261.452623  
7331.128933  
7384.058591  
7327.77032  
7210.344535  
7239.61733  
7267.479194  
7180.708095  
7217.995538  
7206.143912  
7276.62461  
7300.137239  
7282.330249  
7235.323864  
7283.95621  
7293.857428  
7425.512497  
7313.994581  
7348.208344  
7309.865255  
7306.752502  
7324.394001  
7321.571922  
7293.739087  
7293.399947  
7282.691649  
7334.198029  
7327.270039  
7269.323995  
7311.195126  
7299.477391  
7277.159266  
7358.029038  
7341.111075  
7319.123852  
7292.146168  
7281.782225  
7306.743563  
7277.219266  
7268.073727  
7279.890641  
7298.594611  
7334.825175  
7329.594943  
7278.449094  
7317.648537  
7281.689816  
7310.036547  
7331.865872  
7338.597659  
7294.644264  
7319.106684  
7335.877555  
7279.002364  
7288.696479  
7253.838016  
7248.36197  
7292.007165  
7297.151337  
7291.188135  
7330.911185  
7267.397968  
7333.209848  
7326.047337  
7334.850697  
7284.798352  
7251.103851  
7217.446526  
7183.115353  
7274.078269  
7238.090692  
7143.939477  
7231.395142  
7283.106761  
7298.209764  
7334.186114  
7316.912509  
7348.278637  
7328.632671  
7285.53535  
7281.775446  
7194.206447  
7439.598596  
7388.808783  
7331.502055  
7284.243058  
7253.110555  
7282.320077  
7246.43171  
7256.592112  
7283.317532  
7297.213647  
7301.120311  
7336.223591  
7268.273366  
7243.16661  
7285.852567  
7287.889866  
7304.19501  
7295.171497  
7270.982592  
7301.32165  
7345.092333  
7380.876515  
7311.36878  
7319.238069  
7371.741269  
7301.972907  
7285.144172  
7291.208522  
7338.311486  
7327.619715  
7346.802379  
7313.153907  
7222.039711  
7239.536256  
7280.950256  
7222.282434  
7209.31216  
7226.758995  
7242.097625  
7257.420449  
7260.958915  
7312.340363  
7331.708781  
7351.173812  
7343.643909  
7322.327598  
7346.636335  
7283.84075  
7273.457124  
7225.818767  
7243.138946  
7256.447787  
7284.065871  
7307.28485  
7307.823204  
7331.965191  
7297.633958  
7259.084087  
7331.500764  
7324.199702  
7306.192262  
7293.028168  
7333.420902  
7286.233098  
7333.247359  
7314.734787  
7277.749965  
7278.585158  
7258.019566  
7284.899903  
7310.777001  
7377.204849  
7277.901397  
7312.350172  
7268.389893  
7281.524483  
7229.980819  
7380.983284  
7325.48405  
7357.605795  
7353.181006  
7309.516952  
7295.437758  
7357.538863  
7342.998495  
7281.056886  
7224.444697  
7226.045943  
7167.772157  
7199.407409  
7239.439394  
7226.680237  
7284.104867  
7264.954231  
7285.472529  
7333.341692  
7305.754465  
7298.98739  
7293.6121  
7332.222419  
7334.823657  
7409.51975  
7398.52922  
7275.356463  
7238.602963  
7252.734306  
7196.049668  
7220.276641  
7248.667793  
7259.126376  
7263.013501  
7286.688064  
7311.556525  
7300.162093  
7297.012391  
7324.684611  
7326.994858  
7330.341225  
7301.218005  
7291.279034  
7298.466391  
7337.445568  
7297.628045  
7286.521158  
7285.098655  
7260.295276  
7346.65897  
7328.086762  
7340.640688  
7304.024529  
7288.009234  
7267.571759  
7241.418877  
7241.585047  
7278.277339  
7285.113813  
7290.235711  
7287.587838  
7295.462002  
7256.535101  
7214.513806  
7211.920567  
7302.596204  
7386.364488  
7311.580392  
7327.305877  
7268.600085  
7246.300784  
7199.398405  
7226.413  
7237.470201  
7229.107542  
7267.62435  
7278.424482  
7284.908331  
7321.834437  
7323.690481  
7326.151745  
7278.876001  
7319.086601  
7289.512197  
7308.878044  
7341.636641  
7299.005572  
7294.495903  
7295.460911  
7301.891894  
7304.516523  
7309.527673  
7325.520879  
7320.161696  
7324.560681  
7305.869005  
7269.14177  
7262.713876  
7359.444268  
7344.613256  
7346.27533  
7323.461573  
7133.073563  
7239.501749  
