9564.087945  
9499.803304  
9500.853407  
9500.032254  
9556.323513  
9436.176541  
9548.020698  
9432.624837  
9773.020237  
9557.236789  
9510.221002  
9668.037516  
9530.530735  
9414.890137  
9579.343262  
9524.123345  
9551.943387  
9477.212918  
9652.334391  
9506.685601  
9553.476156  
9525.865234  
9589.092556  
9583.875353  
9571.777344  
9502.127604  
9605.613281  
9559.390652  
9504.022678  
9523.894423  
9523.489122  
9496.878255  
9508.833632  
9444.743815  
9469.865072  
9590.840495  
9490.315728  
9559.272163  
9655.405762  
9475.247993  
9505.311144  
9522.356771  
9489.290934  
9579.469618  
9486.605604  
9468.694933  
9543.344754  
9592.179905  
9475.741482  
9551.715196  
9596.957248  
9488.925049  
9551.184706  
9452.520562  
9600.352403  
9605.717909  
9558.823839  
9534.76001  
9470.961914  
9473.687934  
9425.289334  
9556.82411  
9512.66409  
9575.667996  
9478.36046  
9415.734755  
9544.847819  
9503.026747  
9646.693495  
9508.50038  
9561.8141  
9563.206462  
9617.181912  
9610.60262  
9501.779839  
9470.074978  
9460.451497  
9549.411702  
9561.642225  
9450.703179  
9293.741916  
9543.749729  
9579.859049  
9561.312419  
9582.333388  
9323.9088  
9530.726481  
9515.141222  
9570.262994  
9421.44062  
9429.582031  
9581.078342  
9565.911567  
9540.008165  
9452.804742  
9481.669515  
9530.583767  
9544.314643  
9630.13699  
9485.446289  
9671.821479  
9504.247016  
9691.472249  
9630.543349  
9527.314752  
9579.455756  
9495.750271  
9475.202582  
9423.168321  
9563.887777  
9623.736301  
9445.171007  
9446.274848  
9537.690565  
9482.030735  
9404.577474  
9519.1537  
9571.042399  
9611.499756  
9508.108561  
9440.731147  
9400.690999  
9621.295003  
9503.192274  
9588.76123  
9631.201036  
9599.643609  
9551.094591  
9541.416097  
9568.870633  
9528.350532  
9478.61697  
9426.818576  
9583.262831  
9536.993137  
9613.948866  
9567.247667  
9421.587294  
9515.350423  
9490.834012  
9540.318522  
9464.292453  
9493.014187  
9570.694933  
9479.440186  
9633.767388  
9470.830268  
9504.050103  
9538.420356  
9410.442735  
9476.495144  
9692.873047  
9699.397678  
9466.813341  
9549.731852  
9589.563558  
9632.474257  
9514.40096  
9628.345106  
9617.641195  
9436.709717  
9665.832465  
9623.492242  
9636.958252  
9618.658719  
9482.379015  
9570.635091  
9595.386393  
9373.666531  
9513.075304  
9526.653049  
9400.892849  
9480.236274  
9455.794569  
9652.518934  
9525.088542  
9528.659071  
9548.120009  
9495.445285  
9514.381673  
9415.628635  
9545.666775  
9481.372396  
9562.743571  
9534.67372  
9447.073866  
9685.388292  
9594.055962  
9665.855442  
9600.267741  
9389.580621  
9590.749349  
9479.727349  
9509.003554  
9485.228597  
9647.980632  
9664.658719  
9606.498155  
9445.69043  
9487.587321  
9637.004639  
9565.089464  
9552.619493  
9423.641737  
9466.787489  
9530.536594  
9543.889974  
9441.752035  
9582.271023  
9642.590902  
9570.058838  
9551.795871  
9491.897217  
9418.035943  
9482.743273  
9529.503961  
9570.17022  
9520.030219  
9461.160373  
9486.753337  
9553.708767  
9520.364963  
9577.071235  
9557.276801  
9457.745741  
9489.350966  
9535.223823  
9370.306532  
9574.927192  
9603.011827  
9487.094944  
9491.40332  
9449.902615  
9687.613987  
9502.460531  
9524.109131  
9438.286404  
9463.753906  
9590.987196  
9578.004829  
9565.461507  
9476.68259  
9499.159912  
9534.096951  
9648.782145  
9607.623372  
9582.028239  
9515.300863  
9500.852837  
9576.786458  
9531.968126  
9550.673855  
9525.212565  
9425.93457  
9579.037218  
9609.696045  
9442.683567  
9645.824626  
9558.613227  
9603.903239  
9547.642605  
9484.421902  
9508.32628  
9438.247965  
9602.770291  
9557.485867  
9584.102566  
9532.031223  
9592.914442  
9549.46818  
9417.54853  
9507.064833  
9601.815321  
9555.944309  
9564.34318  
9630.640869  
9628.878337  
9511.710422  
9604.901855  
9529.911051  
9456.113905  
9539.923421  
9449.060683  
9638.595649  
9377.292453  
9501.551731  
9599.868815  
9399.635064  
9505.490696  
9595.495063  
9656.161241  
9736.061578  
9706.295871  
9502.997694  
9567.795926  
9568.654948  
9588.16984  
9542.694987  
9602.906196  
9588.92806  
9488.383355  
9547.25529  
9513.906359  
9628.653971  
9514.649034  
9571.945123  
9518.379503  
9628.902832  
9519.528592  
9516.552517  
9549.503635  
9427.377848  
9507.283149  
9583.028809  
9542.416721  
9562.671685  
9661.177463  
9645.452799  
9626.227675  
9510.585341  
9549.862901  
9574.662326  
9658.728733  
9538.085802  
9536.912652  
9493.095242  
9529.066542  
9455.805718  
9513.127957  
9607.633789  
9584.441569  
9369.462267  
9575.040582  
9604.651991  
9628.340793  
9532.858887  
9528.675401  
9600.536377  
9592.927843  
9534.537218  
9547.134521  
9536.96601  
9649.343343  
9406.50434  
9493.837646  
9429.138943  
9420.538032  
9327.52927  
9479.48527  
9581.43457  
9546.156928  
9519.316325  
9438.420356  
9483.769558  
9596.283474  
9514.542535  
9607.452854  
9493.267253  
9518.804552  
9505.579644  
9588.700304  
9447.191732  
9479.282281  
9458.862278  
9465.69203  
9640.035862  
9627.059353  
9596.608426  
9559.959961  
9488.705919  
9496.584473  
9577.659804  
9732.03597  
9581.87793  
9586.724745  
9693.879286  
9625.734294  
9455.854899  
9613.330973  
9549.86518  
9607.210666  
9481.064589  
9644.0354  
9654.544298  
9541.555311  
9438.319309  
9490.085341  
9584.239692  
9571.362929  
9502.798014  
9387.914334  
9630.17315  
9508.773085  
9544.914062  
9641.160021  
9489.040012  
9537.016819  
9486.770372  
9569.179281  
9670.46875  
9497.44892  
9470.112332  
9634.857178  
9540.425429  
9471.866916  
9469.959256  
9482.348931  
9493.306966  
9484.51397  
9559.688612  
9636.013401  
9507.685547  
9469.524984  
9681.385308  
9629.625271  
9505.002062  
9409.679796  
9464.443604  
9453.974908  
9616.128933  
9545.585748  
9464.562066  
9620.615397  
9582.066895  
9544.552599  
9578.733941  
9606.710368  
9478.375  
9474.052517  
9493.19024  
9390.140842  
9655.431424  
9420.022434  
9558.659587  
9652.906359  
9589.183322  
9625.762885  
9397.153998  
9492.550944  
9419.248834  
9458.701009  
9573.058539  
9587.918077  
9552.247314  
9584.413574  
9636.990479  
9491.995795  
9636.322591  
9661.379883  
9498.913086  
9564.475776  
9500.125814  
9655.783691  
9567.847412  
9607.426839  
9599.643202  
9670.873996  
9668.418945  
9550.715847  
9560.840495  
9408.360107  
9532.147054  
9495.117866  
9483.695231  
9491.954156  
9533.201443  
9496.286567  
9627.961643  
9705.62283  
9548.862522  
9463.741862  
9588.166558  
9534.589627  
9410.388808  
9631.455404  
9501.891439  
9476.963487  
9632.424778  
9618.100911  
9626.554579  
9599.079481  
9647.460015  
9536.993815  
9475.739665  
9470.464654  
9536.553657  
9561.860406  
9439.756619  
9452.198676  
9519.2602  
9495.052734  
9647.046549  
9565.820231  
9535.502903  
9425.507161  
9426.011095  
9394.871229  
9479.185601  
9616.31212  
9573.720323  
9489.32232  
9562.6808  
9549.625298  
9425.659912  
9495.28776  
9570.014404  
9485.352675  
9364.807943  
9458.314535  
9565.319661  
9518.534695  
9606.026937  
9553.804226  
9543.412571  
9490.562147  
9442.223307  
9636.319282  
9562.313097  
9480.521837  
9441.18476  
9390.967882  
9490.229709  
9516.568468  
9642.338135  
9637.864773  
9523.464708  
9479.570611  
9561.068197  
9601.417291  
9592.563097  
9566.583415  
9481.852186  
9570.092611  
9569.320855  
9577.285075  
9659.492866  
9634.293376  
9529.353  
9475.960965  
9601.048258  
9590.235948  
9535.277154  
9562.042426  
9502.193251  
9610.692329  
9669.229682  
9505.990316  
9552.054498  
9502.062202  
9541.134196  
9586.06524  
9498.412896  
9607.268256  
9555.164361  
9528.234619  
9569.189914  
9432.775798  
9524.870063  
9637.59904  
9470.057265  
9520.545627  
9501.458632  
9441.700928  
9463.344455  
9561.835286  
9459.374783  
9642.157633  
9599.093316  
9506.728082  
9527.108453  
9547.146159  
9588.630751  
9535.684516  
9512.812391  
9518.456597  
9468.107096  
9542.756456  
9579.496229  
9528.570936  
9489.577854  
9617.754286  
9742.834663  
9427.302897  
9474.178168  
9639.541151  
9506.359348  
9538.525228  
9535.462701  
9441.580539  
9466.04343  
9449.653971  
9497.014323  
9630.599908  
9746.14841  
9376.123454  
9470.534044  
9512.820285  
9679.470378  
9575.107639  
9610.151937  
9445.542074  
9500.535183  
9543.692735  
9483.562229  
9574.984185  
9529.933105  
9594.953423  
9629.497667  
9534.404622  
9610.676134  
9553.501112  
9307.396077  
9413.580024  
9481.458062  
9433.152778  
9523.916612  
9528.811578  
9593.099392  
9630.305013  
9613.400933  
9513.876465  
9635.10753  
9504.821126  
9539.750326  
9588.662082  
9692.274577  
9589.128391  
9491.060384  
9563.701823  
9689.452393  
9633.981201  
9559.879964  
9556.063666  
9623.446072  
9551.947673  
9533.620416  
9516.956407  
9476.399848  
9534.47762  
9550.949653  
9481.236003  
9468.348579  
9531.855197  
9543.737413  
9680.658963  
9633.100694  
9478.237413  
9532.235487  
9449.36084  
9560.87793  
9568.533719  
9636.398627  
9425.049669  
9466.392008  
9636.942329  
9505.219672  
9525.340413  
9721.483832  
9807.791287  
9693.272217  
9561.614339  
9497.261692  
9449.380751  
9519.705892  
9563.724202  
9567.608263  
9548.993273  
9500.612739  
9526.784695  
9573.128716  
9402.214247  
9423.567708  
9559.05108  
9533.288411  
9692.008572  
9530.129205  
9434.107558  
9374.679036  
9441.92136  
9405.134494  
9379.008708  
9524.810764  
9653.079698  
9626.618788  
9525.852919  
9475.249186  
9519.338515  
9608.426893  
9487.191813  
9475.261285  
9559.242133  
9456.022054  
9461.302056  
9628.150092  
9551.441813  
9696.183974  
9476.176622  
9367.790961  
9458.713623  
9540.209174  
9513.763726  
9387.104465  
9409.925781  
9539.712863  
9404.408908  
9448.884847  
9507.539931  
9618.489312  
9677.829617  
9402.56505  
9534.913764  
9486.303196  
9486.297146  
9451.452447  
9480.508328  
9661.917263  
9669.104736  
9460.782389  
9551.026747  
9465.600423  
9616.288411  
9568.348253  
9495.755805  
9588.494168  
9650.190728  
9586.336833  
9655.556017  
9439.479384  
9583.398139  
9602.72545  
9549.860216  
9599.544162  
9570.795953  
9552.524441  
9497.057102  
9453.172282  
9337.046224  
9487.221273  
9449.986545  
9657.338596  
9651.770372  
9464.559842  
9527.635444  
9494.618083  
9625.755507  
9544.767904  
9626.675347  
9614.253662  
9434.782552  
9561.688992  
9619.412923  
9575.415283  
9523.883084  
9486.427599  
9450.765001  
9410.769938  
9716.621718  
9545.228651  
9672.391873  
9436.751573  
9523.49943  
9515.795844  
9636.780111  
9612.635064  
9764.431234  
9665.962484  
9444.167535  
9531.825087  
9482.973416  
9481.738091  
9493.402072  
9691.720947  
9614.537354  
9562.895209  
9653.66862  
9521.250244  
9512.860569  
9416.61556  
9489.235433  
9573.440864  
9562.878147  
9596.884684  
9421.332031  
9387.125461  
9697.900689  
9716.938612  
9657.750787  
9575.802843  
9539.656006  
9506.198839  
9485.256293  
9607.390408  
9621.953396  
9442.839138  
9573.577935  
9463.891195  
9589.447727  
9504.582981  
9470.986165  
9411.422309  
9495.131673  
9466.10753  
9382.947428  
9390.720079  
9600.714138  
9567.898953  
9589.3074  
9448.153402  
9496.100288  
9444.62915  
9496.589789  
9539.09299  
9550.127035  
9555.253282  
9576.093316  
9521.823513  
9540.107069  
9662.968913  
9557.491591  
9504.76256  
9454.555094  
9523.943495  
9530.890788  
9584.231472  
9648.967231  
9598.376573  
9582.907606  
9446.798041  
9555.169189  
9550.653592  
9574.868679  
9532.854411  
9621.066949  
9564.683974  
9601.62283  
9527.303874  
9631.083225  
9673.481255  
9603.681749  
9463.472249  
9491.741564  
9505.910645  
9364.051459  
9286.125543  
9393.696587  
9564.234728  
9569.232313  
9442.733507  
9469.737061  
9530.009549  
9612.344727  
9587.86773  
9574.498915  
9558.181234  
9512.148872  
9505.765788  
9625.136583  
9696.460042  
9611.525255  
9472.912706  
9441.251112  
9518.173638  
9658.61849  
9576.008084  
9604.933729  
9545.032688  
9564.167182  
9584.220323  
9459.968045  
9577.676622  
9566.152208  
9466.400716  
9396.545492  
9500.307129  
9470.443875  
9660.760444  
9705.714464  
9557.657579  
9567.448432  
9447.307183  
9527.979302  
9421.883138  
9523.606662  
9548.654107  
9546.328993  
9503.126031  
9450.524306  
9463.593397  
9595.195285  
9667.813287  
9630.841797  
9544.354736  
9553.568414  
9482.896077  
9423.558539  
9513.937147  
9763.069119  
9474.473362  
9631.144124  
9565.126166  
9372.475369  
9359.337836  
9454.522108  
9378.83233  
9396.816108  
9448.161024  
9444.914524  
9458.777371  
9620.058485  
9631.488959  
9551.613553  
9570.071153  
9537.272217  
9546.580078  
9649.699436  
9703.967394  
9561.641466  
9418.353488  
9589.764079  
9534.544379  
9561.960232  
9566.10631  
9595.533583  
9558.107422  
9758.65861  
9619.143907  
9513.369819  
9541.883898  
9437.887316  
9552.82742  
9511.191243  
9618.9021  
9563.410346  
9708.828532  
9593.908881  
9500.037245  
9646.477186  
9581.652262  
9535.092855  
9598.947944  
9526.480197  
9471.038981  
9550.98744  
9503.989149  
9594.924099  
9634.733317  
9577.148899  
9465.956082  
9552.432536  
9480.048855  
9382.180149  
9524.159451  
9543.79975  
9485.948866  
9680.354221  
9554.975911  
9522.991916  
9558.252143  
9548.411214  
9413.154785  
9586.461046  
9698.227241  
9527.605577  
9457.139865  
9477.092285  
9567.499403  
9584.281711  
9456.133518  
9500.650499  
9526.410102  
9633.634874  
9621.624132  
9573.689969  
9575.537191  
9563.210938  
9604.170003  
9587.814914  
9485.830729  
9503.702799  
9511.245144  
9561.470405  
9496.071804  
9427.094835  
9552.072618  
9640.105225  
9612.580377  
9509.124213  
9443.246908  
9365.873806  
9384.610569  
9478.600423  
9605.537001  
9687.015245  
9618.222683  
9544.672472  
9567.550347  
9461.389838  
9502.262478  
9471.465386  
9617.498589  
9739.470106  
9612.570774  
9617.03144  
9437.882677  
9667.519884  
9588.697483  
9499.011475  
9487.525228  
9437.453234  
9434.174995  
9551.970405  
9315.335531  
9416.101481  
9400.494819  
9477.8699  
9436.74311  
9494.043728  
9467.280572  
9483.979926  
9443.877767  
9447.329291  
9571.580105  
9587.834744  
9274.963026  
9402.859104  
9346.872721  
9574.66097  
9594.84356  
9465.57487  
9440.760417  
9538.939345  
9602.71856  
9630.809326  
9639.659722  
9677.09299  
9557.189073  
9641.949327  
9549.581923  
9638.304552  
9418.577582  
9542.418213  
9620.500841  
9644.982313  
9669.102024  
9562.077474  
9545.792182  
9475.974202  
9527.224745  
9684.462619  
9764.539442  
9518.559462  
9576.186415  
9527.031901  
9541.534098  
9598.650092  
9616.205241  
9561.416124  
9402.237033  
9375.597683  
9586.138129  
9664.185547  
9576.410156  
9419.222928  
9484.083659  
9612.102973  
9524.072971  
9666.704725  
9532.874485  
9524.454725  
9528.8109  
9602.843777  
9490.634087  
9587.665717  
9587.915039  
9607.690375  
9528.553657  
9624.865913  
9494.986599  
9448.798937  
9544.557427  
9567.011637  
9420.050076  
9481.161296  
9642.589084  
9462.579129  
9405.746284  
9570.394179  
9568.665853  
9568.0979  
9365.712402  
9562.172092  
9505.443766  
9442.088379  
9415.253309  
9441.440701  
9610.816189  
9623.256727  
9611.192247  
9544.627848  
9541.729384  
9489.145481  
9571.941379  
9449.523682  
9586.548611  
9526.176758  
9419.201335  
9475.824761  
9509.3632  
9482.240262  
9605.547716  
9581.721815  
9500.534559  
9490.413737  
9401.655273  
9573.266981  
9490.941135  
9526.60064  
9437.189345  
9458.389893  
9515.329698  
9525.915717  
9707.806044  
9847.810818  
9670.625705  
9544.45516  
9594.792616  
9516.958198  
9604.942139  
9630.21365  
9743.304579  
9568.042887  
9535.217014  
9540.842882  
9648.109538  
9622.452474  
9596.119276  
9554.976861  
9545.387207  
9641.483751  
9505.999051  
9613.66531  
9573.59413  
9540.039361  
9403.543593  
9536.973579  
9749.728814  
9648.0456  
9375.720161  
9458.513753  
9475.426242  
9632.371284  
9500.79069  
9655.937609  
9505.968533  
9442.180637  
9391.14879  
9480.739393  
9524.682536  
9630.50727  
9497.568848  
9420.382324  
9520.012343  
9621.475857  
9491.441406  
9543.110677  
9453.928684  
9353.449544  
9417.936008  
9480.865804  
9385.931858  
9399.725071  
9538.016683  
9574.275092  
9567.544244  
9489.490126  
9692.727648  
9522.945312  
9486.044976  
9497.333415  
9608.857883  
9709.723985  
9392.363444  
9495.24783  
9542.481934  
9536.883274  
9507.731581  
9603.179498  
9534.806858  
9451.075222  
9426.962674  
9520.122559  
9509.089762  
9405.140055  
9536.83252  
9715.131619  
9530.13482  
9395.378798  
9498.72073  
9550.708903  
9508.477702  
9546.698459  
9617.561035  
9688.834418  
9608.390842  
9600.197428  
9538.046848  
9507.261773  
9556.398085  
9613.336833  
9641.258328  
9500.127116  
9437.767036  
9577.458632  
9550.413005  
9598.572862  
9521.059435  
9565.875624  
9656.111301  
9447.351942  
9594.708659  
9585.558974  
9429.529839  
9448.329563  
9443.75217  
9534.990207  
9403.192464  
9590.474528  
9497.347249  
9591.330295  
9614.043104  
9649.193495  
9391.274577  
9302.737495  
9463.533393  
9418.998427  
9506.191759  
9594.571533  
9721.997721  
9657.725532  
9461.582601  
9560.193441  
9643.869765  
9721.429796  
9626.367432  
9604.666504  
9634.165148  
9492.599121  
9586.015218  
9688.493435  
9570.815999  
9606.345079  
9528.11971  
9581.881592  
9529.884983  
9647.858507  
9551.169352  
9368.442871  
9474.601101  
9482.226997  
9532.499457  
9390.26473  
9419.467394  
9589.216444  
9500.483209  
9379.306831  
9544.57034  
9620.869954  
9511.484619  
9412.320936  
9606.767171  
9642.093886  
9597.067166  
9498.524143  
9440.672526  
9536.419081  
9433.166992  
9610.787462  
9626.271376  
9713.875543  
9533.271783  
9412.186985  
9488.366347  
9501.724582  
9535.94165  
9517.690077  
9614.650146  
9448.034397  
9625.318169  
9566.579644  
9549.453478  
9450.813531  
9473.54362  
9456.621935  
9638.179335  
9642.128716  
9589.783366  
9582.73074  
9520.029188  
9692.626031  
9612.611437  
9590.957086  
9528.425781  
9501.912706  
9623.149821  
9525.018799  
9654.999457  
9629.293701  
9632.482883  
9546.514025  
9569.236518  
9562.927599  
9517.965712  
9469.633626  
9540.187717  
9530.555447  
9414.309516  
9467.093533  
9528.084364  
9391.857042  
9534.952148  
9565.412571  
9465.847331  
9714.723416  
9587.954753  
9566.778483  
9535.529487  
9278.469537  
9585.803413  
9540.093452  
9471.324761  
9560.018365  
9538.320258  
9419.135145  
9441.265408  
9567.402181  
9453.974447  
9510.319472  
9526.057292  
9661.937391  
9623.073188  
9574.892198  
9472.252062  
9564.306722  
9479.443902  
9597.571642  
9681.209093  
9386.671332  
9471.616889  
9529.944824  
9597.263835  
9660.083523  
9692.821913  
9548.451036  
9534.940186  
9562.805067  
9644.312771  
9459.382297  
9582.355577  
9578.468262  
9452.62028  
9572.617052  
9643.114475  
9421.935737  
9670.124647  
9630.63973  
9615.586236  
9406.115126  
9472.207004  
9366.33884  
9274.335368  
9416.780436  
9686.854357  
9582.677762  
9520.254964  
9500.255263  
9684.424099  
9681.292399  
9617.79164  
9410.317464  
9552.359945  
9538.329291  
9624.680013  
9700.832248  
9542.417046  
9504.263808  
9522.342475  
9579.402561  
9593.2854  
9708.71205  
9572.666612  
9475.334581  
9347.247965  
9462.871962  
9569.499647  
9706.461914  
9423.140327  
9384.299832  
9514.576335  
9496.250949  
9464.493924  
9561.496175  
9451.660021  
9537.566596  
9707.126953  
9443.129015  
9430.341417  
9356.971327  
9317.538764  
9510.481418  
9571.827365  
9609.030056  
9640.17372  
9574.431125  
9502.107422  
9435.751112  
9471.309353  
9524.444038  
9505.244276  
9761.289144  
9638.305908  
9409.483507  
9445.138346  
9537.563043  
9538.457737  
9572.959256  
9557.283529  
9523.84158  
9456.537299  
9531.232585  
9717.732612  
9687.041775  
9757.940158  
9422.758843  
9566.915337  
9670.701959  
9732.575114  
9550.920275  
9543.574354  
9508.073947  
9631.49075  
9639.573595  
9624.354628  
9412.984239  
9512.758409  
9586.170844  
9580.223307  
9646.612115  
9377.053684  
9380.224311  
9430.801595  
9438.032416  
9357.887885  
9499.128201  
9626.388184  
9582.837158  
9502.039171  
9495.650933  
9552.466553  
9522.876004  
9574.547146  
9557.561117  
9656.46658  
9497.454942  
9443.372586  
9458.79994  
9407.921739  
9530.370307  
9496.708632  
9577.622287  
9748.684272  
9591.333496  
9426.364936  
9333.549696  
9557.452827  
9582.311008  
9521.287788  
9480.091607  
9607.515245  
9642.691406  
9490.844428  
9588.675727  
9333.38284  
9565.631212  
9580.611599  
9633.53125  
9529.017578  
9513.556098  
9623.574436  
9574.865696  
9592.810981  
9632.055583  
9574.166043  
9476.395155  
9604.779541  
9580.811089  
9565.534044  
9478.187826  
9466.647163  
9512.109294  
9456.733534  
9698.973253  
9523.240696  
9497.493951  
9452.174289  
9541.752821  
9561.843804  
9621.188531  
9453.176541  
9533.493137  
9505.235894  
9670.069607  
9575.823541  
9444.420844  
9428.910319  
9493.823513  
9653.312798  
9585.873345  
9525.569716  
9292.148953  
9595.970242  
9510.737956  
9526.639893  
9434.648139  
9478.343913  
9574.971653  
9515.799561  
9521.653646  
9450.242269  
9424.889513  
9491.440864  
9474.255887  
9617.502631  
9511.63387  
9578.059896  
9669.593696  
9461.272841  
9498.680718  
9478.484158  
9648.629612  
9724.283556  
9613.487549  
9606.02691  
9678.690213  
9458.241998  
9505.888102  
9680.320828  
9597.519179  
9488.613146  
9466.211995  
9517.584554  
9508.040256  
9460.608751  
9600.405653  
9423.479601  
9593.748617  
9632.99547  
9619.693305  
9289.511095  
9502.627604  
9336.797879  
9425.532796  
9490.960015  
9584.695014  
9753.007378  
9580.476807  
9361.749186  
9602.537272  
9569.898872  
9596.188802  
9394.31307  
9539.336887  
9591.163466  
9519.978651  
9473.342746  
9526.467611  
9830.955132  
9610.051785  
9598.77832  
9615.453071  
9563.79145  
9595.720812  
9500.918321  
9453.092611  
9442.598985  
9438.229546  
9759.673611  
9711.269884  
9557.575467  
9460.094401  
9530.432319  
9690.553602  
9437.16314  
9555.761122  
9412.769151  
9731.441026  
9401.653863  
9651.76397  
9532.862332  
9619.660726  
9581.760254  
9685.716363  
9584.320611  
9594.000081  
9395.890761  
9443.525689  
9522.766222  
9445.820584  
9579.962023  
9571.391791  
9554.658827  
9542.835042  
9427.642985  
9528.14483  
9398.247179  
9448.604357  
9538.266412  
9541.12698  
9665.82175  
9451.81467  
9380.321289  
9540.808567  
9594.953668  
9579.373508  
9426.914714  
9480.011013  
9326.257161  
9459.900255  
9775.03814  
9605.847521  
9335.038032  
9392.665093  
9565.670058  
9444.87028  
9561.238715  
9592.007351  
9449.819689  
9482.497179  
9437.659207  
9489.780301  
9566.508328  
9645.571587  
9527.98291  
9439.337728  
9436.453478  
9546.793457  
9586.992784  
9603.354248  
9509.798692  
9477.973551  
9548.818468  
9645.078803  
9689.549967  
9736.737332  
9609.7685  
9406.963569  
9565.246636  
9594.66409  
9519.740397  
