11114.60671  
10989.64939  
10927.67479  
10939.84508  
10961.82765  
10971.40035  
10949.08261  
10943.15079  
10981.1581  
10993.4313  
10982.94696  
10989.83997  
10963.19662  
10936.25053  
10928.38411  
10899.40578  
10897.60645  
10912.28554  
10930.69885  
10977.49264  
10990.21199  
10965.23022  
10949.75892  
10967.96968  
10916.6115  
10931.95789  
10920.18736  
10945.97784  
10960.71568  
10963.76599  
10949.46681  
10892.59361  
10950.04432  
10998.66982  
10985.67425  
10940.98297  
10926.98395  
10952.92598  
10989.55012  
10974.67662  
10972.77656  
10923.57146  
10906.19909  
10889.26983  
10903.58682  
10941.5931  
10982.85839  
10964.44472  
10934.24485  
10948.90225  
10907.23373  
10897.89615  
10940.48272  
10974.63245  
10971.83703  
10932.95215  
10921.21747  
10964.2911  
10998.71302  
10953.15763  
10901.93944  
10904.64732  
10969.2273  
10946.0024  
10944.01978  
10986.62126  
10977.06157  
10953.01138  
10953.11499  
10997.64762  
10949.16201  
10944.56407  
10967.44113  
10959.13337  
10954.65476  
10961.6106  
10957.48407  
10966.93119  
10973.96708  
10974.81903  
10926.80331  
10906.57831  
10943.77985  
10979.58207  
10904.82217  
10866.01366  
10936.70214  
10963.18567  
10974.96582  
10911.66465  
10867.99441  
10887.33845  
10938.5723  
10984.28901  
10953.57224  
10923.58027  
10938.83599  
10953.94042  
10935.10564  
10916.96382  
10945.83764  
10995.02113  
11011.33652  
10912.24064  
10920.90898  
10976.13096  
10991.19004  
10981.4014  
10940.71385  
10913.35301  
10962.00296  
10960.71651  
10923.99966  
10914.90184  
10877.13294  
10844.85624  
10862.29194  
10947.64572  
10967.50148  
10926.25049  
10885.35422  
10916.87292  
10941.26634  
10953.93665  
10960.00822  
10950.3389  
10947.64119  
10925.23237  
10963.25459  
10970.98845  
11001.9828  
10997.91186  
11045.01497  
11004.03659  
10934.23218  
10957.89322  
10957.8285  
10986.11894  
10972.81378  
10969.33754  
10982.73209  
10959.25726  
10931.6581  
10916.20033  
10990.05663  
10972.06553  
10964.38343  
10974.5559  
10963.80968  
10971.54551  
10957.71705  
11000.38209  
10979.85199  
10972.67786  
10994.30653  
10981.55704  
11001.39587  
11023.04479  
11003.10516  
11006.59584  
10971.66781  
10962.73635  
10984.76795  
11001.78656  
11007.94167  
11000.47127  
10949.76077  
10912.48191  
10960.8608  
10994.54121  
10981.92918  
10920.24748  
10889.32136  
10940.30488  
11006.39429  
10980.5939  
10941.85876  
10929.18003  
10941.10455  
10980.22722  
10992.44698  
10924.48777  
10868.19511  
10945.25091  
10947.53123  
10982.75431  
10990.12084  
10950.64382  
10975.28884  
10912.61095  
10921.06203  
10902.31976  
10898.65892  
10940.46147  
10930.44614  
11008.92461  
11014.247  
10980.49996  
10957.33206  
10959.6601  
10953.75077  
10929.36352  
10961.04803  
10977.3053  
10954.72476  
10945.66513  
10905.45828  
10925.71457  
10962.46237  
10998.00264  
10997.6896  
10920.77057  
10922.03923  
10969.19956  
10998.68487  
11020.55652  
10949.67547  
10952.83473  
10944.55375  
10921.46049  
10925.68527  
10986.45385  
10991.618  
10933.99657  
10913.82237  
10957.57087  
10962.59999  
10913.12847  
10908.7013  
10970.96263  
10968.18945  
10952.97093  
10959.84866  
11013.52639  
10927.98163  
10921.26966  
10957.63628  
10946.37997  
10934.6489  
10940.64206  
10938.08637  
10921.1926  
10934.14222  
10972.57275  
10993.95364  
10974.08976  
10969.07766  
10961.37627  
11015.10668  
11028.9356  
11010.78353  
10998.07999  
10893.33507  
10853.46798  
10927.59013  
10963.06333  
10972.31159  
10993.75433  
11007.9492  
10999.46649  
10961.85227  
10889.16736  
10879.48925  
10895.58724  
10928.55035  
10950.93288  
10965.04048  
10945.9517  
10929.29295  
10919.39877  
10910.34426  
10951.33658  
10950.75324  
10958.17954  
10988.74295  
11017.62776  
11031.6344  
10958.11253  
10950.13909  
10942.93045  
10970.86381  
11000.81251  
11007.33211  
10988.00885  
10921.12354  
10931.67422  
10987.63542  
10977.57069  
10963.99263  
10955.92442  
10994.90995  
11009.50052  
10988.55708  
10971.11463  
10970.38947  
11015.51065  
10977.20132  
10988.60677  
10990.19819  
11026.57207  
10983.3525  
10940.90288  
10933.28522  
10966.49451  
10952.60429  
10940.72704  
10957.13098  
10960.68071  
10975.62504  
10951.43596  
10960.2267  
10968.94667  
10997.11012  
10972.76311  
10974.65177  
10994.44953  
11013.58131  
10969.75708  
10930.89222  
10900.17253  
10932.59621  
10984.7555  
10996.99456  
10987.26848  
10975.76323  
10924.74683  
10910.42529  
10859.79702  
10915.86045  
10971.26913  
10948.75375  
10897.871  
10927.09237  
10966.96511  
10905.48187  
10883.93291  
10911.19255  
10938.93295  
10931.76214  
10997.73378  
11008.84157  
10987.14904  
10989.43636  
10934.34914  
10910.22485  
10940.71992  
10983.29515  
11003.40606  
10989.90165  
10936.98354  
10916.61534  
10891.75129  
10898.10798  
10987.80605  
10995.23786  
10949.62224  
10923.43346  
10952.71394  
10984.91729  
11037.55838  
10982.9635  
10955.82364  
10927.96009  
10914.72648  
10958.01488  
10970.62483  
10976.03036  
10934.24743  
10965.41434  
10971.79444  
10947.07152  
10937.45606  
10958.27106  
10988.7778  
10982.47202  
11011.32062  
10964.62601  
10966.96178  
10949.58993  
10932.77816  
10969.48371  
10999.23064  
10971.18591  
10934.27801  
10892.22573  
10857.78909  
10886.31736  
10932.72377  
10939.63276  
10940.04791  
10945.34092  
10963.36533  
10968.84029  
10992.84629  
10974.8795  
10970.78987  
10928.37016  
10914.85642  
10884.89793  
10945.01451  
10965.80317  
10960.26824  
10965.30303  
10938.10903  
10957.28671  
10961.48984  
10954.75968  
10950.74593  
10944.89796  
10964.60215  
10985.32503  
11011.47021  
10961.78148  
10979.47207  
10938.25065  
10956.6686  
10988.75467  
10957.51253  
10951.00754  
10987.01698  
10981.7974  
10962.99916  
10977.58125  
10985.56001  
10988.68768  
10999.10618  
10952.58678  
10942.1123  
10954.70446  
10957.46292  
10929.68903  
10908.78348  
10880.34749  
10941.91872  
10992.3686  
11042.20575  
10958.42057  
10850.03424  
10874.18635  
10843.59179  
10887.79514  
10934.17506  
10964.11354  
10929.08441  
10949.23182  
11004.27023  
11032.04285  
10998.65229  
10990.46058  
11016.35142  
11040.4063  
11074.72492  
11065.23685  
11059.3168  
10988.68808  
10980.51402  
10987.84827  
11011.19787  
10988.8415  
11011.86363  
10989.78204  
10974.95931  
10984.86933  
10960.17303  
10938.45308  
10944.13982  
10957.76563  
10937.14031  
10956.03485  
11010.14388  
11004.99247  
10950.062  
10955.06744  
10979.19309  
11003.65165  
10959.77816  
10879.79935  
10883.45671  
10934.25893  
10897.85486  
10951.90358  
10983.43534  
10921.29014  
10920.28193  
10950.85084  
10924.44819  
10892.76408  
10880.07281  
10870.34535  
10870.40275  
10918.43181  
10958.50494  
10963.97928  
10909.81734  
10927.505  
10933.77953  
10905.10032  
10920.57664  
10959.31833  
10966.08961  
10952.124  
10992.74639  
11024.80573  
10989.64498  
10936.21525  
10951.40359  
10922.51573  
10867.84826  
10907.27291  
10967.39647  
11006.64697  
11019.24383  
10985.57792  
10998.92638  
11009.13871  
10994.70029  
10952.31355  
10937.21516  
10958.20696  
10976.70451  
10967.79531  
10964.25358  
10983.9817  
10905.70431  
10880.52492  
10930.82799  
10983.20695  
11018.84458  
11007.20894  
10948.8233  
10922.7078  
10924.11658  
10937.00839  
10953.31919  
10945.27007  
10964.11982  
10976.39185  
11007.12651  
11033.84562  
11025.25444  
11016.52634  
11012.53317  
11012.88129  
11019.15455  
11011.63854  
11014.47778  
10995.57531  
11019.81283  
11033.66717  
11020.80736  
10968.17189  
10968.98036  
11026.73588  
11010.60468  
10960.26008  
10958.69974  
10948.17528  
10994.10439  
11019.55491  
10989.93929  
10931.83543  
10856.13212  
10836.05757  
10875.16971  
10871.92591  
10914.35351  
10936.0277  
10948.55085  
10955.05267  
10975.90969  
10964.07325  
10953.78302  
10933.32171  
10933.03012  
10912.15566  
10890.02501  
10908.66319  
10893.51557  
10922.67104  
10933.59343  
10982.66862  
10980.56534  
10907.82936  
10839.06591  
10876.1485  
10932.97308  
10974.8843  
10970.94138  
10962.35742  
10952.46224  
10925.55263  
10935.15468  
11020.50107  
11026.30352  
10976.70749  
10957.53287  
10958.64244  
10978.47889  
10966.31246  
10938.35098  
10927.95165  
10965.31096  
10961.57881  
10978.6082  
10951.21029  
10906.58853  
10936.42247  
11002.35995  
11013.37349  
10948.74995  
10944.19841  
10949.9812  
10959.93378  
10954.83877  
10920.91192  
10939.76545  
10961.54036  
10953.5041  
10981.99167  
10984.48816  
11026.49213  
11020.5238  
11008.72  
10964.49714  
10940.52357  
10954.89616  
10938.59536  
10968.62977  
10987.0936  
11010.49281  
11013.57926  
10970.31788  
10944.41041  
10975.98267  
11015.89794  
11009.46488  
10983.16261  
10971.58013  
10962.37885  
10975.02166  
10991.65857  
10976.94646  
10957.85909  
10994.7281  
11013.47127  
10960.52909  
10951.10821  
10964.98534  
10977.05474  
11013.10431  
10993.01498  
10954.60323  
10947.08737  
10981.10764  
10952.73496  
10948.85786  
10968.19117  
11053.51475  
11056.50224  
11004.44174  
10961.12321  
10969.18181  
10955.84741  
10900.86695  
10914.80606  
10921.15365  
10923.73596  
10884.87198  
10884.24817  
10867.20948  
10899.81422  
10889.91781  
10911.61989  
10983.25899  
11017.25418  
10976.19913  
10929.31144  
10942.03446  
10983.43351  
10950.80081  
10938.20719  
10965.48463  
11021.49032  
11018.36938  
10949.96295  
10928.81224  
10926.82282  
10924.4111  
10893.8458  
10837.0519  
10818.61834  
10849.53114  
10879.82778  
10931.49725  
10948.07665  
10954.90649  
10920.37718  
10888.46402  
10932.51353  
10952.92636  
10973.38238  
10984.16798  
10998.82083  
10926.85674  
10930.52387  
10950.84321  
10973.28366  
10987.6969  
10987.82214  
10967.06998  
10965.62926  
10942.22099  
10930.0393  
10892.6285  
10987.59361  
11048.67524  
11053.72296  
11030.223  
11018.71301  
11021.91211  
11004.05941  
10996.29643  
11048.69017  
11015.21171  
10971.04644  
10959.31293  
10996.97726  
10965.10352  
10916.75604  
10935.19798  
10980.85819  
10982.43262  
10959.18338  
10899.55504  
10924.70187  
10948.88589  
10935.43756  
10925.81768  
10925.12566  
10946.19078  
10972.92175  
10980.80463  
10969.41186  
10960.81781  
10950.72688  
10945.21365  
10974.78619  
10979.05241  
10901.0539  
10954.26253  
10955.58318  
10890.76225  
10871.51312  
10958.61522  
10982.76224  
10972.40978  
11008.74169  
11041.91611  
11022.28089  
11011.39031  
11011.52005  
11013.78651  
10983.84083  
10935.80245  
10970.24985  
10967.03046  
10955.40751  
10977.67005  
10941.21205  
10940.38199  
10973.4176  
11008.08839  
11003.73465  
10994.26529  
10930.86884  
10936.8961  
10901.71886  
10861.94776  
10866.20389  
10910.52237  
10885.78412  
10924.40444  
10972.15004  
10978.32574  
11050.4567  
11062.53368  
11022.36207  
10967.10098  
10973.19252  
10983.23038  
10970.83163  
10956.6679  
10953.07493  
10941.08431  
10980.35007  
10963.85009  
10921.29985  
10895.88934  
10911.88771  
10943.70321  
11001.29275  
10974.58983  
10946.8233  
10941.03673  
10958.20165  
10959.01745  
10923.63016  
10912.56377  
10914.23872  
10879.95884  
10905.95736  
10922.74761  
10909.55858  
10922.83935  
10960.48495  
10996.48926  
11032.50186  
11031.63942  
10985.97266  
10936.58054  
10910.62143  
10952.12961  
10956.09847  
10938.22987  
10987.21624  
11002.83071  
10993.73999  
10965.26021  
10966.43617  
10953.06921  
10957.07102  
10954.6284  
10914.03785  
10893.65662  
10919.26509  
10930.85031  
10928.06478  
10955.26286  
10984.00275  
11014.18306  
11039.50536  
10992.78677  
10959.40164  
10960.05428  
10992.5764  
11020.02563  
11019.88662  
10961.97376  
10966.97227  
10990.39832  
11028.59083  
10958.14078  
10947.23495  
10951.46007  
10964.90601  
10976.45938  
10975.59881  
10951.06278  
10920.99004  
10915.89224  
10969.13411  
10995.45129  
11001.39495  
10887.21079  
10846.87617  
10907.07285  
10983.90475  
10946.12266  
10942.48353  
10959.96754  
10931.99007  
10929.47847  
10901.73469  
10937.47813  
10973.98917  
10961.08026  
10975.15035  
10969.14804  
10981.77633  
10955.76223  
10904.80403  
10895.39312  
10916.40435  
10956.56373  
11000.50765  
11003.84502  
10991.68294  
10975.57725  
10961.99222  
11000.88125  
11003.70317  
10990.53522  
10997.04657  
10950.3559  
10908.22177  
10982.04623  
10996.94927  
10963.02362  
10962.90979  
10924.46184  
10882.4699  
10892.65185  
10938.90132  
10874.92796  
10841.687  
10887.06581  
10939.77125  
10942.23312  
10980.53551  
11018.08509  
10953.02923  
10922.98025  
10945.56951  
10972.37164  
11009.58876  
11035.03235  
11010.60278  
10953.00012  
10926.78838  
10948.65628  
11004.76356  
10996.1103  
10977.51074  
10971.52454  
11024.24939  
10969.56476  
10951.64506  
10938.2109  
10876.56589  
10911.33318  
10950.98367  
10952.06509  
10962.76457  
11025.69193  
11017.16442  
11014.28434  
11019.55579  
11008.63014  
10989.37692  
11031.14143  
11019.1097  
10950.14159  
10918.2932  
10918.10128  
10970.7498  
10998.8093  
10951.05233  
10924.53473  
10939.76324  
10912.96247  
10869.66195  
10926.59781  
10919.46389  
10915.83028  
10946.08566  
10955.73907  
10945.46086  
10995.89286  
10957.43802  
10936.50636  
11015.53198  
11009.20489  
10956.1837  
10919.58173  
10950.6825  
11004.26559  
11039.47893  
10999.32493  
10946.75815  
10991.08538  
11031.27465  
11041.77288  
11020.46764  
10967.55187  
10971.14995  
10956.08072  
10914.16103  
10861.03148  
10919.42451  
10924.28017  
10884.58178  
10918.53637  
10946.32209  
10991.24502  
11015.43004  
11000.74899  
10927.75839  
10955.25244  
11001.62491  
10969.64722  
10963.61  
10967.57853  
10994.95301  
10995.93536  
10964.17194  
10955.08872  
10977.37645  
10936.12868  
10939.24832  
11005.46016  
11017.1394  
10973.78888  
10954.7265  
10908.39538  
10912.48194  
10925.2598  
10895.31089  
10863.51904  
10901.57433  
10945.66359  
10986.609  
10896.69648  
10869.70714  
10857.35116  
10906.11093  
10869.95035  
10869.76061  
10902.90375  
10949.14824  
10943.85828  
10915.3929  
10979.73585  
10956.90458  
10894.13539  
10889.99759  
10896.22104  
10947.61259  
11001.33596  
10976.76768  
10907.23092  
10926.63384  
10985.40726  
11019.8024  
11019.19519  
11021.96736  
11015.71235  
10945.03353  
10949.09299  
10997.68088  
10982.43017  
11002.09703  
11022.21278  
11012.91536  
10952.3097  
10954.12529  
10980.72536  
11018.72863  
10955.43718  
11037.07296  
11054.68609  
10971.41391  
10966.55229  
10974.15138  
10996.04002  
11000.65175  
11001.13348  
10984.32927  
10971.25646  
10973.98352  
10977.46048  
10996.29057  
10975.9294  
10927.86014  
10926.70112  
10961.75535  
10979.17968  
10949.00986  
10884.73733  
10911.3726  
10975.82851  
10974.40355  
10905.51439  
10879.40339  
10917.8044  
10929.38372  
10927.8432  
10967.3566  
10966.45118  
10950.8912  
10931.44379  
10938.00776  
10934.80443  
10945.78561  
10941.80614  
10903.99779  
10906.67895  
10906.16422  
10945.87963  
10978.52704  
10966.91695  
10962.01975  
10934.69196  
10950.38002  
10945.9965  
10981.6946  
11025.60745  
11014.1944  
11007.12811  
11002.6992  
10996.35735  
10970.48522  
10906.04544  
10871.51865  
10872.66084  
10891.4827  
10918.84024  
10952.01652  
10891.55809  
10913.8789  
10951.52665  
11004.67045  
11027.43728  
10990.45121  
11009.81287  
10972.98608  
10984.02048  
10989.50008  
10999.93712  
10988.92619  
10963.96179  
10875.26257  
10946.36037  
10989.40081  
11043.33493  
11031.01516  
10999.18037  
10934.55256  
10964.92729  
11004.77805  
10965.18876  
10946.18478  
10992.35422  
11017.74468  
10994.27843  
10993.8595  
11018.50428  
11030.34381  
11038.72403  
10989.23998  
10970.64404  
10941.70134  
10955.48626  
10975.24199  
10943.87719  
10904.83626  
10969.39321  
10970.49739  
10866.66097  
10843.83925  
10880.90354  
10961.21763  
10974.73089  
10967.54158  
10920.50079  
10955.16769  
10917.40393  
10855.99358  
10906.41829  
10911.9392  
10928.84966  
10888.98625  
10935.99685  
10975.32316  
11002.59233  
10961.81397  
10911.45458  
10929.61909  
10884.2317  
10880.00377  
10896.58859  
10924.88926  
10949.90403  
10983.39777  
10970.16976  
10948.69183  
10983.0863  
10960.47617  
10947.69913  
10969.15211  
11012.92137  
10968.50736  
10914.03743  
10945.8283  
10993.26736  
10954.11763  
10945.61776  
10952.70071  
10954.39152  
10981.6262  
10950.39817  
10994.92095  
10925.29853  
10918.92836  
10977.47816  
11036.61818  
10996.40512  
10967.03398  
10992.13982  
10967.35103  
10964.50823  
10965.51676  
10963.79024  
10984.61285  
10986.20223  
10983.90198  
10926.77036  
10900.11888  
10908.89636  
10947.01305  
10997.49491  
10997.08795  
10997.50032  
10994.08061  
10933.13332  
10898.05717  
10869.66715  
10934.33445  
10981.85173  
10947.45041  
10957.73504  
10987.10408  
11022.2586  
11006.0647  
11008.54712  
11025.55883  
10988.79128  
10945.36035  
10947.53699  
10982.57664  
10986.19027  
10949.8311  
10972.34336  
10998.70217  
10983.58283  
10945.6584  
10971.68797  
10975.68784  
11018.57582  
10994.56223  
10952.35477  
10955.94125  
10963.36645  
10898.02214  
10882.97519  
10980.12095  
11004.33456  
10975.29675  
10921.58324  
10905.85613  
10948.46449  
11005.86633  
11031.26676  
10986.74832  
10979.0319  
10975.14803  
10896.08539  
10869.36279  
10905.49372  
10950.63714  
10961.15387  
10934.03477  
10961.63471  
11006.54273  
10949.60656  
10938.91186  
10927.35616  
10904.56569  
10908.34474  
10958.94502  
10986.59263  
10942.04572  
10953.34777  
10967.64258  
10946.67395  
10922.35987  
10902.43827  
10932.3164  
10976.7946  
10995.80546  
11000.63485  
10936.83597  
10945.13083  
10927.09695  
10906.11357  
10908.26407  
10944.25713  
10977.1944  
10967.35528  
10948.85783  
10944.06824  
10947.93095  
10909.32339  
10908.48406  
10938.24907  
10895.93577  
10920.923  
10974.70807  
10975.85994  
10932.81619  
10971.2478  
11015.44515  
11009.3586  
11033.59655  
11008.5665  
11003.16953  
10990.58962  
11032.33515  
11029.98715  
11035.12523  
11012.48535  
11015.65666  
10999.27697  
10928.95233  
10938.47062  
10974.15455  
10912.82694  
10945.8734  
10936.02591  
10921.15683  
10929.1344  
10942.05879  
10994.90418  
11037.1061  
10981.59794  
10975.74557  
10935.00602  
10877.52442  
10934.52138  
10953.74359  
10903.92286  
10866.8111  
10900.09575  
10879.65536  
10941.0512  
10993.78554  
10977.49156  
10965.74019  
10950.72689  
10996.82281  
11018.29571  
11008.61995  
11006.76035  
11003.11185  
10985.02416  
10934.11388  
10874.84885  
10821.99218  
10865.59034  
10937.34977  
10975.27066  
11032.00332  
10999.73125  
10926.01837  
10937.18808  
11011.64704  
11032.36517  
10979.9998  
10999.66538  
10993.35045  
10989.73162  
10986.8023  
10994.36599  
11042.02059  
11022.74415  
10930.68475  
10917.30282  
10989.53394  
10989.59981  
10989.63005  
10952.88528  
10883.44092  
10906.79426  
10958.91101  
10943.46484  
10956.65982  
10988.40215  
10982.68201  
10943.51759  
10932.94378  
10986.34  
11022.71297  
11011.73615  
10995.89396  
10950.66609  
10961.5885  
10961.98469  
10985.63616  
10956.71815  
10929.11385  
10928.50736  
10958.56408  
10950.92977  
10959.73815  
10981.98117  
10953.30396  
10896.30999  
10947.35699  
10992.1387  
11025.33376  
11004.69121  
10966.24333  
10936.9279  
10995.84834  
10962.43465  
10882.08865  
10925.63785  
10862.6759  
10834.37101  
10841.08886  
10839.41287  
10933.59226  
10967.10262  
10992.75288  
11022.42555  
10950.2406  
10956.10716  
10963.90286  
10974.20917  
11007.32132  
10998.28062  
10972.00491  
10971.80065  
10979.66057  
10970.2269  
10970.73836  
10956.49108  
10961.37622  
10937.37905  
10929.67258  
10946.9437  
10941.35078  
10969.5606  
11018.95975  
10979.25419  
10980.52365  
10958.53674  
10949.81921  
10991.6093  
10951.10041  
10914.36448  
10918.06644  
10963.57826  
10932.46657  
11000.1559  
11042.39  
11034.26906  
11026.5679  
10940.28448  
10923.8975  
10898.79525  
10900.96665  
10927.75644  
10933.2999  
10980.55281  
11013.40862  
10980.17413  
10977.54658  
10966.26551  
10959.30364  
10935.02054  
10953.21663  
10936.43194  
10950.5151  
10962.69739  
10922.23399  
10838.45209  
10881.72515  
10941.03523  
10976.57192  
10973.74344  
10977.02294  
10957.28178  
10888.61513  
10951.53729  
10958.23192  
10965.78885  
10989.27186  
10963.8366  
10965.08729  
10984.5352  
10978.90468  
10951.31913  
10977.36902  
10954.0469  
10940.32609  
10927.91559  
10992.09811  
10975.66811  
10938.12619  
10892.928  
10929.94618  
10930.72638  
10956.67152  
10918.53149  
10962.10456  
10998.31872  
10981.94911  
10990.71401  
10996.85699  
11002.0952  
10971.34922  
10949.74728  
10957.74613  
10955.80624  
10908.26078  
10911.96815  
10950.30376  
10983.77175  
10944.34187  
10918.1246  
10978.49916  
10970.25215  
10989.73728  
10968.06351  
10997.17645  
11011.62665  
11024.18182  
10998.39357  
10958.18313  
10949.69912  
10918.80531  
10931.3962  
10930.09214  
10986.63814  
11025.41922  
10999.24734  
11004.78927  
11007.95657  
11011.99116  
10940.92236  
10851.67518  
10938.68925  
10980.52261  
10944.14368  
10938.01414  
10932.15561  
10945.92919  
10883.67539  
10919.07017  
10963.89505  
10947.73878  
10976.94237  
10998.18922  
10936.52407  
11005.99507  
11052.75969  
11026.37971  
11020.80563  
10932.69758  
10938.84708  
10934.18747  
10913.72719  
10926.03416  
10954.86468  
10996.72181  
10957.77632  
10928.31266  
10946.98738  
10956.14154  
10881.74477  
10868.21551  
10915.26167  
10933.81639  
10965.04566  
10962.59244  
10928.43329  
10923.17756  
10967.49799  
10955.7822  
10881.24484  
10885.46387  
10906.36359  
10919.05507  
10931.15493  
10950.85254  
10998.69132  
10977.82126  
10975.78149  
10938.88109  
10899.06137  
10893.77436  
10905.84151  
10873.18431  
10808.13023  
10875.76159  
10971.30984  
11028.11728  
11012.14289  
10937.95456  
10940.51933  
10976.81356  
10972.03428  
11000.13271  
10989.45236  
11038.99956  
10978.80634  
10953.8237  
10968.09073  
11025.80455  
11059.41801  
11079.04461  
11053.61309  
11060.08534  
10982.85465  
11000.94044  
10994.53638  
11008.47047  
11063.05163  
11051.3995  
11039.14826  
10942.11907  
10902.64161  
10934.47223  
10865.35653  
10860.67691  
10929.90368  
10994.1879  
10981.29908  
10930.01981  
10908.28155  
10945.27062  
10978.48799  
10978.36884  
10952.46784  
10949.62867  
10883.1285  
10899.79334  
10935.18234  
10977.16988  
10935.44234  
10914.40798  
10915.46876  
10915.22662  
10993.75269  
10963.26988  
10912.55211  
10903.14452  
10888.10355  
10911.97988  
10942.11304  
10986.31733  
10965.42552  
10990.16469  
10985.28555  
10992.40712  
11020.9591  
11010.72411  
10973.73087  
10945.77413  
10936.4785  
10983.8186  
11026.98405  
10987.32711  
10928.10115  
10936.88384  
10949.16398  
10957.46457  
10959.03593  
