10226.23341  
10025.93213  
9996.22951  
9999.494419  
10024.31791  
10040.53246  
10113.39841  
10077.44665  
10069.82852  
10086.31565  
10105.93093  
10112.27534  
10101.09525  
10101.61532  
10081.16413  
10087.79447  
10074.65354  
10042.1256  
10025.0236  
10052.5198  
10088.69787  
10065.71454  
10107.44019  
10050.24191  
10086.14398  
10070.97774  
10020.25633  
10087.05808  
10078.79889  
10104.76167  
10102.39477  
10058.57739  
10075.13176  
10055.86448  
10084.22212  
10096.06421  
10075.08241  
10063.89691  
10112.05157  
10091.92267  
10098.31661  
10076.10918  
10061.75841  
10074.93065  
10067.60418  
10064.9608  
10087.13514  
10052.46973  
10062.91387  
10024.53543  
10035.15657  
10097.07557  
10047.42842  
10055.99566  
10081.13596  
10063.6438  
10030.20314  
10008.35934  
10056.08737  
10084.2244  
10052.55071  
10026.30277  
10072.98119  
10068.09565  
10050.83543  
10031.08979  
10079.91128  
10075.61605  
10055.21322  
10106.60673  
10079.03432  
10052.13893  
10060.17258  
10028.60359  
10118.20906  
10069.65395  
10078.4068  
10121.37149  
10087.12005  
10108.64146  
10010.27722  
10063.43257  
10068.82863  
10076.10059  
10086.83066  
10043.92489  
10056.26541  
10064.28553  
10070.2167  
10062.73538  
10034.78232  
10053.2142  
10073.17178  
10066.72112  
10088.97839  
10012.86214  
10052.51681  
10026.51146  
10035.11222  
10074.29004  
10066.2043  
10086.85771  
10157.70173  
10109.21635  
10124.10888  
10127.8219  
10090.9129  
10038.04342  
10062.11352  
10028.67883  
10052.74532  
10063.94795  
10072.77568  
10071.50772  
10098.43863  
10000.42082  
10039.11884  
10030.71897  
10079.07093  
10053.43654  
10109.52536  
10028.24013  
10068.08618  
10077.54024  
10040.81783  
10101.16296  
10074.17985  
10072.2307  
10074.87736  
10063.77333  
10080.6348  
10068.91868  
10053.13991  
10055.16754  
10051.05141  
10071.71608  
10098.24508  
10127.43661  
10135.3181  
10080.35751  
10033.8938  
10060.53057  
10032.63173  
10063.25424  
10046.58473  
10069.67763  
10065.9551  
10051.42934  
10107.43746  
10003.05226  
10070.41463  
10101.39683  
10148.64858  
10120.12362  
10070.05482  
10048.09406  
10081.34441  
10060.38384  
10006.48696  
10109.91708  
10082.56591  
10107.79583  
10062.7867  
10102.06145  
10054.51  
10057.75432  
10047.03549  
10116.25917  
10150.00731  
10118.47682  
10088.1127  
10036.01731  
10009.30692  
10008.50816  
10065.67771  
10073.83074  
10057.58977  
10087.85273  
10080.00823  
10073.86861  
10115.45837  
10086.6286  
10037.36749  
10009.01997  
9998.365738  
10043.30319  
10068.85316  
10099.03651  
10071.7291  
10092.41771  
10070.59419  
10096.02717  
10156.4959  
10075.7554  
10030.61934  
10000.66106  
10068.70003  
10072.01086  
10115.46941  
10129.4887  
10118.19223  
10059.28855  
10065.63897  
10055.3739  
10109.73431  
10068.23502  
10074.79649  
10070.53921  
10069.49982  
10076.10223  
10088.35932  
10125.70188  
10104.9783  
10045.53862  
10056.9255  
10037.00873  
10029.57522  
10024.34633  
10111.55711  
10075.935  
10098.1061  
10067.78723  
10094.38905  
10112.08078  
10070.02277  
10083.72183  
10071.33425  
10087.53487  
10066.19963  
10050.59135  
10046.03237  
10084.91257  
10076.73003  
10100.97724  
10097.94037  
10098.25909  
10121.43207  
10066.13086  
10040.14161  
10053.08301  
10056.46268  
10067.50286  
10072.29895  
10075.82995  
10058.28705  
10076.84052  
10068.11499  
10108.60287  
10091.85787  
10072.99145  
10052.03576  
10033.59178  
10059.40049  
10042.23261  
10111.63083  
10143.45967  
10092.36686  
10034.45473  
10029.20064  
10076.23367  
10052.9711  
10076.19148  
10053.10039  
10053.37399  
10057.47089  
10015.3706  
10044.66914  
10033.46752  
10039.40502  
10025.7432  
10073.83726  
10050.51922  
10039.16252  
10011.64405  
10008.02777  
10032.88378  
10067.78136  
10099.04575  
10098.20366  
10090.40967  
10052.80989  
10044.58432  
10053.08699  
10057.86518  
10053.82587  
10049.34908  
10060.00423  
10072.51509  
10037.83818  
10074.85373  
10098.4825  
10110.64836  
10120.53336  
10124.72643  
10057.69273  
10088.67503  
10134.81947  
10104.60259  
10140.05963  
10093.37624  
10108.18252  
10087.08375  
10048.46168  
10066.18928  
10053.53527  
10067.66579  
10087.79228  
10108.28663  
10098.28858  
10121.29031  
10077.34711  
10036.81139  
10081.13741  
10062.51869  
10119.50967  
10094.87899  
10087.94695  
10054.13771  
10105.17608  
10085.68001  
10088.15524  
10061.70211  
10049.14147  
10110.77176  
10052.43529  
10065.94442  
10034.3732  
10056.26369  
10093.11168  
10039.00646  
10078.7034  
9994.569556  
10048.36088  
10087.68131  
10096.02439  
10127.93335  
10120.52279  
10050.77273  
10040.77095  
10041.62637  
10022.05054  
10048.2559  
10116.09014  
10082.64243  
10080.00734  
10045.30717  
10070.55316  
10021.00716  
10064.34931  
10014.30824  
10044.74769  
10045.43229  
10083.74574  
10088.3663  
10069.47575  
10066.3405  
10062.66788  
10034.23103  
10070.94457  
10079.41138  
10097.20184  
10085.27958  
10080.14118  
10091.24225  
10081.37893  
10054.72799  
10045.94352  
10089.50675  
10083.40717  
10096.17258  
10061.819  
10092.0917  
10077.86435  
10097.99634  
10085.09679  
10090.98737  
10114.52944  
10123.8683  
10119.8588  
10121.15724  
10104.59972  
10091.721  
10074.45356  
10087.59849  
10087.2375  
10030.3915  
10068.7968  
10091.27322  
10089.74769  
10063.22259  
10054.26839  
10029.59717  
10039.3155  
10118.45626  
10105.97315  
10129.33574  
10085.75915  
10086.07391  
10076.52769  
10078.24825  
10102.59474  
10037.81883  
10065.70853  
10059.35621  
10056.68315  
10069.20123  
10062.86151  
10051.55584  
9980.665053  
10017.14872  
10023.53836  
10039.02274  
9902.130645  
10124.84485  
10064.20744  
10087.49963  
10076.65332  
9998.841085  
9990.24243  
10033.39085  
10025.02085  
10040.5955  
10070.97891  
10110.5835  
10095.75136  
10061.03291  
10075.63234  
10084.60394  
10094.88454  
10091.84026  
10067.76875  
10045.84328  
10043.50338  
10007.31681  
10043.54986  
10096.93412  
10142.01499  
10140.09206  
10087.40037  
10032.98183  
10041.02846  
9970.034562  
9978.124485  
10010.44787  
10047.98055  
10102.23094  
10130.664  
10117.65128  
10076.66656  
10043.32652  
10030.68574  
10068.57256  
10084.80756  
10103.70863  
10135.33867  
10141.78353  
10147.78412  
10113.05092  
10100.47236  
10092.66506  
10076.50086  
10101.85256  
10110.72241  
10100.87934  
10078.6239  
10054.26074  
10078.81753  
10027.30343  
10048.81654  
10079.94016  
10101.92338  
10084.26112  
10054.04361  
10041.76884  
10069.46984  
10094.32504  
10137.58816  
10033.344  
10165.25094  
10073.50628  
10100.69121  
10067.43192  
10099.90026  
10035.60116  
10049.84367  
10060.73468  
10047.35256  
10103.77263  
10100.44684  
10116.1646  
10066.37736  
10080.94797  
10054.84794  
10082.42581  
10101.79219  
10091.80426  
10073.5118  
10071.39175  
10007.32394  
10021.89018  
9978.22577  
10068.95365  
10072.43058  
10116.42784  
10155.59919  
10102.72472  
10076.64281  
10058.88875  
10033.69929  
9999.857601  
10009.77084  
10014.8971  
10049.78208  
10097.00427  
10100.00355  
10093.11118  
10067.11053  
10027.55873  
10044.50754  
10072.28253  
10051.48049  
10045.90445  
10056.28017  
10034.32781  
10050.36662  
10055.34806  
10102.53672  
10115.64959  
10100.43547  
10051.41004  
10015.94874  
10005.00989  
10056.85393  
10077.27743  
10125.24793  
10108.26826  
10094.56584  
10100.44444  
10105.37811  
10085.53229  
10100.31068  
10096.65412  
10093.84697  
10110.81914  
10139.92048  
10103.28122  
10122.27141  
10142.70474  
10133.13504  
10126.64524  
10105.92656  
10071.40298  
10075.39764  
10084.71752  
10097.37995  
10103.06748  
10105.60526  
10128.49278  
10069.02758  
10138.76994  
10059.89725  
10119.20612  
10093.09854  
10089.78185  
10058.34743  
10028.41267  
10001.1113  
10035.44099  
10098.06991  
10128.81776  
10087.51679  
10100.93265  
10049.26063  
10046.86076  
10022.04374  
10024.00324  
10080.6161  
10090.48443  
10092.46052  
10066.92339  
10070.19173  
10103.19762  
10067.38427  
10051.9142  
10080.04267  
10100.00247  
10100.25931  
10068.84346  
10050.7904  
10054.98452  
10065.49425  
10080.41838  
10109.00202  
10162.91493  
10082.70743  
10028.21709  
10006.60083  
10031.44099  
9998.311109  
10036.85327  
10068.70381  
10082.65814  
10100.33031  
10067.20069  
10030.46485  
10054.07848  
10081.00864  
10107.74674  
10095.39672  
10078.3426  
10072.75232  
10072.75662  
10070.65102  
10092.28374  
10038.67409  
10041.12056  
10018.58651  
10045.23095  
10110.49473  
10076.53643  
10110.38019  
10119.17968  
10084.39542  
10054.84987  
10038.00609  
10063.14478  
10114.94608  
10133.92283  
10099.68485  
10110.43607  
10058.72863  
10062.83823  
10114.57889  
10106.24296  
10099.40819  
10117.72189  
10124.65135  
10088.67127  
10068.24287  
10032.50315  
10052.55314  
10078.63336  
10079.02012  
10060.01093  
10080.35715  
10103.40794  
10117.72856  
10087.67171  
10080.79987  
10132.45939  
10076.2942  
10085.77362  
10062.90424  
10061.18766  
10052.38292  
10078.04149  
10098.27201  
10141.15192  
10138.76079  
10133.44651  
10144.42733  
10111.64275  
10074.14523  
10038.6572  
10004.69437  
10043.92006  
10043.96397  
10094.36154  
10091.03941  
10094.37139  
10064.86478  
10042.67927  
10010.68512  
9984.121592  
9979.403268  
10035.10693  
10056.73439  
10100.82084  
10108.87531  
10051.84573  
10041.44739  
9989.622948  
10033.55986  
10058.11516  
10084.43844  
10064.83057  
10039.73528  
10033.7207  
10095.77173  
10061.24373  
10088.61755  
10091.95634  
10057.48417  
10005.46194  
10022.14965  
10030.3057  
10067.82822  
10068.22474  
10064.42169  
10062.98993  
10016.85942  
10061.79893  
10028.51274  
10040.65281  
10031.48277  
9998.182382  
10054.64311  
10041.27772  
10128.25794  
10067.69208  
10062.428  
10057.45552  
10065.64359  
10055.76011  
10038.46401  
10067.09043  
10084.78025  
10134.66631  
10065.10059  
10037.46091  
10057.94546  
10047.85483  
10074.13031  
9991.107642  
10097.30251  
10139.3116  
10124.10684  
10067.57405  
10019.66883  
10061.0252  
10070.64869  
10088.02404  
10051.09115  
10083.31583  
10104.83503  
10110.19722  
10104.59271  
10071.9785  
10038.65209  
10014.53665  
10110.07477  
10107.59848  
10089.28368  
10105.74705  
10075.67718  
10084.95328  
10044.85616  
10063.58189  
10116.11816  
10166.638  
10108.18677  
10058.27141  
10057.60249  
10027.66118  
10060.75373  
10086.01932  
10068.14348  
10074.3545  
10108.31487  
10127.00967  
10068.70427  
10107.5787  
10066.99893  
10056.97557  
10091.56108  
10108.5069  
10053.04809  
10057.66312  
10086.93755  
10125.77976  
10152.28648  
10092.38834  
10096.31082  
10036.06632  
10121.2382  
10083.94551  
10113.00449  
10106.07681  
10051.05755  
10080.52685  
10054.5808  
10086.94118  
10100.79668  
10086.92566  
10123.07746  
10111.09451  
10162.27526  
10127.47975  
10121.63739  
10028.21671  
10053.25646  
10003.07449  
9999.228077  
10029.36981  
10048.80153  
10102.26294  
10088.13332  
10047.25829  
10027.15269  
10029.1424  
10038.7598  
10016.0588  
10048.3744  
10054.79088  
10076.62076  
10039.6963  
10042.54355  
10109.40828  
10082.26971  
10067.0523  
10049.03667  
10047.36099  
10007.07243  
10067.75424  
10076.46585  
10115.36359  
10133.89567  
10145.18311  
10146.28793  
10068.12358  
10068.70942  
10092.55056  
10052.61892  
10071.9516  
10009.75947  
10006.19197  
10102.8173  
10125.91332  
10065.216  
10074.63232  
10037.70552  
9861.94706  
10023.98265  
10089.63723  
10096.43774  
10058.22543  
10032.59643  
10060.89606  
10047.8029  
10105.78284  
10128.19964  
10092.43627  
10101.51195  
10049.66749  
10016.25044  
10018.42298  
10028.17481  
10038.50906  
10070.61871  
10080.9233  
10101.4533  
10081.15746  
10062.32975  
10065.93124  
10051.22445  
10082.46245  
10108.35747  
10151.45997  
10137.32638  
10138.73081  
10115.66373  
10083.66227  
10135.51714  
10070.15651  
10093.65154  
10067.98129  
10056.71931  
10087.09279  
10120.60842  
10105.46497  
10087.61674  
10049.66476  
10074.39338  
10030.58484  
10071.00833  
10023.37709  
10036.06024  
10063.86992  
10098.94153  
10107.21471  
10086.8357  
10074.8615  
10075.55984  
10083.65827  
10029.52353  
10027.36276  
10038.64569  
10101.35995  
10089.64447  
10090.73325  
10053.11235  
10079.28255  
10107.89974  
10107.27467  
10007.12647  
10011.45956  
10114.88015  
10125.37445  
10062.7878  
10073.28341  
10060.79002  
10039.55525  
10040.30725  
10038.27697  
10049.8722  
10035.78196  
10081.71976  
10100.25465  
10103.9232  
10084.05664  
10081.78937  
10074.80279  
10103.05421  
10072.17376  
10084.96747  
10109.08879  
10088.34295  
10079.08444  
10113.38658  
10119.9422  
10112.03426  
10078.17885  
10043.59557  
10010.63973  
10092.98921  
10131.66247  
10153.83809  
10141.50957  
10099.21408  
10066.71205  
10003.83451  
9981.076186  
9971.56601  
10063.63192  
10081.23511  
10136.10918  
10120.70956  
10110.84264  
10081.55118  
10076.62631  
10076.68836  
10062.06778  
10055.0597  
10049.74562  
10064.57852  
10117.64626  
10116.95989  
10153.23516  
10097.32396  
10078.67829  
10055.06236  
10088.15106  
10058.31705  
10036.79349  
10088.68269  
10070.08614  
10121.60684  
10096.67005  
10089.00458  
9851.108981  
10053.69064  
10072.85855  
10102.66233  
10092.87426  
10053.85883  
10023.16101  
10038.76979  
10085.95733  
10059.865  
10100.81327  
10125.80056  
10138.06147  
10117.72561  
10097.15109  
10096.00582  
10062.83358  
10052.92439  
10064.0601  
10136.001  
10102.16967  
10113.08674  
10132.95267  
10056.46266  
10066.82458  
10070.18306  
10080.3883  
10148.35294  
10139.83844  
10157.39398  
10084.59309  
10069.274  
10056.10896  
10029.00134  
10136.51832  
10162.47309  
10171.36479  
10069.11309  
10062.11571  
10066.96473  
9999.715023  
10000.84827  
10078.97888  
10078.24302  
10096.04854  
10047.6931  
10082.35723  
10016.35316  
10084.19466  
10046.30428  
10012.53899  
10109.56228  
9767.747208  
10010.60755  
10018.18078  
10034.74463  
9994.643294  
10007.03825  
10001.30572  
10052.17427  
10056.28996  
10093.32595  
10079.63421  
10087.11514  
10089.29559  
10080.43535  
10014.03611  
10017.81026  
10039.80562  
10128.2876  
10148.26096  
10174.41749  
10083.65321  
10076.5434  
10067.26045  
10144.68082  
9891.285962  
10017.56392  
10066.28911  
10075.78913  
10127.45537  
10097.23616  
10090.6267  
10019.44488  
10030.91195  
10077.38998  
10101.28525  
10116.97383  
10117.65517  
10198.17687  
10004.67749  
10077.05141  
10126.88835  
10086.6376  
10064.81513  
10051.6808  
10022.17033  
9989.350348  
10037.325  
10040.24814  
10118.22066  
10118.29419  
10131.72812  
10098.56847  
10091.12815  
10048.97967  
10024.47267  
10062.30574  
10160.22016  
9927.83756  
10162.26392  
10137.41962  
10111.42593  
10066.43799  
10072.28781  
10076.10933  
10046.04617  
10048.23332  
10057.9353  
10099.08507  
10111.21632  
10191.05715  
10089.12042  
10068.24984  
10025.15026  
10002.91495  
10032.19321  
10050.07096  
10029.77013  
10107.03156  
10089.85918  
10110.00208  
10075.23844  
10090.4214  
10083.45196  
10032.15533  
10097.93566  
10101.47243  
10126.06422  
10119.97393  
10137.75302  
10090.76431  
10067.03956  
10033.67708  
10000.03843  
10011.38562  
10065.78628  
10040.4649  
10112.15575  
10073.00514  
10069.58443  
10059.94424  
10041.02243  
10108.49598  
10068.85364  
10067.5237  
10082.46683  
10039.83304  
10077.64578  
10128.43287  
10094.82149  
10105.43579  
10088.63703  
10120.61507  
10098.31444  
10100.41686  
10066.76524  
10065.0227  
10093.1896  
10103.47653  
10128.81893  
10091.24405  
10065.83975  
10047.30905  
10000.52788  
10021.07447  
10028.92306  
10091.09626  
10095.93138  
10143.7102  
10136.8265  
10080.56801  
10046.69131  
10063.13388  
10073.17516  
10092.33936  
10138.10581  
10177.74252  
10122.61421  
10067.37508  
10080.77074  
10060.84707  
10006.71813  
10032.30678  
10122.62197  
10120.87883  
10105.84674  
10098.80873  
10059.91226  
10093.25117  
10047.86965  
9992.816301  
9988.610505  
10049.27523  
10081.11287  
10092.06735  
10071.25554  
10054.57485  
10066.72191  
10060.60751  
10043.0586  
10023.718  
10037.91695  
10023.96246  
10080.77446  
10107.46384  
10136.90048  
10112.9482  
10145.20285  
10091.99824  
10097.68637  
10063.55485  
10069.77872  
10061.01322  
10081.4723  
10095.4304  
10053.58923  
10066.91781  
10036.98099  
10036.61301  
10030.04259  
10062.82595  
10041.21244  
10080.95735  
10038.01167  
10146.55345  
10107.81961  
10166.25022  
10146.78835  
10106.19469  
10092.16611  
10029.67385  
10018.80434  
10018.47033  
10036.15466  
10118.17094  
10092.40794  
10081.23835  
10130.48376  
10087.4571  
10103.54881  
10092.78144  
10073.07913  
10069.25149  
10043.43957  
10113.96781  
10077.66801  
10076.10825  
10071.11435  
10086.35214  
10078.96304  
10097.41918  
10096.95403  
10065.41484  
10079.42678  
10063.81229  
10069.2316  
10035.10849  
10085.36783  
10116.71955  
10151.2303  
10091.77157  
10096.91864  
10099.23315  
10092.73578  
10038.53456  
10006.99213  
10048.26314  
10093.41226  
10153.88843  
10121.43104  
10072.57807  
10064.94097  
9873.167212  
9977.139756  
10034.09489  
10095.51997  
10094.71499  
10096.62464  
10019.1027  
9989.198945  
10064.91741  
10037.19099  
10074.25373  
10096.91814  
10126.39583  
10080.58213  
10107.49496  
10040.61366  
10074.73289  
10032.88389  
10015.70721  
10035.12166  
10042.23726  
10092.32008  
10138.21616  
10094.40713  
10079.00343  
10073.37348  
10047.48116  
10012.48217  
10033.17327  
10113.24518  
10082.8562  
10078.30312  
10038.94187  
10001.24312  
9985.722686  
10001.92115  
10056.22546  
10087.54619  
10091.57874  
10109.85763  
10058.79589  
10037.11194  
10031.80409  
10029.05414  
10002.32423  
10047.65949  
10126.77384  
10127.41835  
10075.3227  
10047.97687  
9999.585347  
10030.90799  
10067.52564  
10113.15524  
10145.45659  
10143.86099  
10098.80555  
10101.98443  
10072.3901  
10061.72954  
10140.99509  
10105.71773  
10081.48159  
10064.31859  
10083.9383  
10088.37418  
10111.50101  
10098.98397  
10116.17787  
10137.01096  
10123.58277  
10103.24457  
10080.8612  
10062.50792  
10081.09637  
10049.17144  
10096.24754  
10088.60157  
10125.73142  
10127.52414  
10131.93696  
10144.40498  
10172.95386  
10179.03214  
10124.49271  
10086.36302  
10052.7549  
10034.74851  
10093.16134  
10027.22202  
10015.12146  
10028.96919  
10048.3401  
10043.15002  
10071.14843  
10037.63327  
10045.493  
10090.67023  
10069.26566  
10076.13418  
10106.67443  
10129.49644  
10057.39561  
10099.52519  
10089.22597  
10062.02739  
10054.25437  
10097.12179  
10084.42922  
10095.90331  
10088.41862  
10075.36054  
10064.29694  
10046.43299  
9831.495524  
9995.222797  
10010.07653  
10046.71274  
10047.3869  
10049.44389  
10052.83959  
10063.99407  
10035.3423  
10070.24215  
10095.79981  
10129.832  
10164.56517  
10081.39341  
10005.59146  
9972.578687  
9979.609916  
10082.12352  
10081.80928  
10116.54206  
10092.97489  
10018.61082  
10075.2963  
10065.61863  
10073.64664  
10049.74398  
10092.26485  
10102.19108  
10026.9392  
10089.62041  
10085.76669  
10117.10608  
10112.58558  
10089.36721  
10061.57413  
10063.10339  
10054.00553  
10066.64504  
10069.27031  
10138.9497  
10070.50729  
10099.54079  
10094.21161  
10070.08371  
10080.34449  
10085.76242  
10090.45916  
10077.70593  
10136.67986  
10094.93148  
10127.92637  
10118.67362  
10046.98604  
10015.97708  
10010.51492  
10037.52941  
10066.71586  
10201.54744  
10130.48139  
10127.14734  
10049.90129  
10032.02506  
10003.43425  
10006.43277  
9999.234812  
10031.71796  
10087.05604  
10087.1447  
10093.97128  
10092.44784  
10038.18256  
10039.58294  
10033.65214  
10069.66737  
10068.85113  
10103.3163  
10133.01691  
10123.43851  
10114.64244  
10091.14434  
10061.54539  
10050.94999  
10065.67695  
10050.18205  
10111.66339  
10173.35151  
10166.93798  
10117.3581  
10063.48117  
10103.66257  
10047.75803  
10098.10431  
10137.92058  
10085.25782  
10138.20116  
10099.90241  
10057.08891  
10015.25164  
10015.75621  
10126.94423  
10088.15355  
10115.43955  
10097.32441  
10045.57052  
10058.70641  
10052.72282  
10090.90318  
10115.85769  
10103.2301  
10111.27255  
10057.9404  
10028.95278  
10015.55345  
10056.39544  
10035.0603  
10091.69558  
10127.72095  
10084.61623  
10096.09655  
10031.84796  
9976.999918  
9936.921044  
9969.886374  
10078.33508  
10095.47054  
10043.14018  
10067.74689  
9992.506718  
10036.30346  
10002.30297  
10007.50604  
10037.06648  
10095.48101  
10114.44172  
10088.0676  
10053.55637  
10067.41113  
10057.65454  
10104.34979  
10088.81604  
10058.44174  
10076.81971  
10017.36665  
10042.13182  
10084.05502  
10131.28334  
10144.4843  
10023.75048  
10035.66875  
9994.183121  
10068.43634  
10084.17294  
10096.71538  
10072.57499  
10084.76728  
10105.45121  
10042.66583  
10077.77552  
10056.05745  
10094.69802  
10102.20362  
10096.31866  
10101.70857  
10058.22134  
10113.00751  
10082.4481  
10106.3303  
10116.51839  
10129.97041  
10102.83666  
10063.81879  
10076.49529  
10088.66857  
10114.08377  
10113.18467  
10062.46591  
9984.270956  
9980.311309  
10031.72109  
10083.0483  
10063.98558  
10050.15598  
10028.03461  
10037.57955  
10088.67306  
10069.70009  
10094.86624  
10122.32391  
10129.55962  
10094.18425  
10093.32232  
10058.2281  
10077.5921  
10003.55341  
10087.85282  
10026.49483  
10075.98788  
10055.48741  
10024.4161  
10061.49077  
10068.8336  
10095.95349  
10126.36079  
10060.64595  
10055.0854  
10014.8658  
10023.5479  
9997.361629  
10067.27745  
10053.0964  
10125.37963  
10123.51904  
10078.74723  
10063.09078  
10024.18255  
10079.25688  
10074.4302  
10062.75514  
10066.95914  
10095.93487  
10125.11163  
10141.19225  
10126.24008  
10113.46939  
10144.06408  
10105.64297  
10091.1147  
10076.00706  
10069.85338  
10062.87405  
10103.09791  
10100.76683  
10128.13127  
10133.91036  
10093.76525  
10075.60006  
10157.12049  
9826.531851  
10015.25619  
10045.05014  
10028.78428  
10035.31043  
10060.9191  
10072.75252  
10091.4805  
10132.63948  
10136.37676  
10111.8712  
10101.02525  
10064.86662  
10058.53337  
10009.74761  
10062.35068  
10055.51996  
10079.72765  
10116.51024  
10089.87883  
10102.92936  
10053.26036  
10040.02922  
10041.58083  
10045.87513  
10066.11639  
10068.66139  
10021.57651  
10028.14835  
10075.96603  
10106.81155  
10060.40223  
10060.17101  
10016.12452  
10084.14141  
10058.32157  
10085.03368  
10121.35434  
10048.83409  
10062.07514  
10018.42243  
10048.11337  
10068.19153  
10099.94625  
10072.30995  
10052.81089  
10021.01102  
9997.808238  
10109.86952  
10098.75652  
10077.90987  
10053.40043  
10096.25961  
10084.13037  
10084.8366  
10067.72301  
10077.66331  
10112.59109  
10102.48794  
10095.94375  
10089.57023  
10082.88234  
10073.92674  
10083.00111  
10076.47049  
