5507.369662  
5491.141788  
5535.100979  
5510.693772  
5549.709492  
5552.846214  
5549.125723  
5551.673068  
5573.190959  
5583.348305  
5562.768543  
5595.953697  
5556.305551  
5571.642757  
5556.289772  
5566.088533  
5573.992134  
5553.267386  
5569.775108  
5555.671276  
5586.739464  
5586.33093  
5568.466508  
5546.383013  
5558.041266  
5543.979244  
5579.452909  
5557.404738  
5556.490037  
5555.693455  
5558.163893  
5517.424857  
5544.541832  
5536.4833  
5525.561941  
5526.509638  
5565.926102  
5576.209503  
5539.317436  
5538.791849  
5551.974563  
5553.768878  
5567.748029  
5528.969943  
5516.136382  
5532.153065  
5553.323675  
5531.822419  
5537.10305  
5552.303859  
5554.084305  
5520.07809  
5510.706558  
5540.510698  
5550.056399  
5547.79813  
5525.940327  
5563.053855  
5547.800375  
5538.168526  
5539.261418  
5542.083796  
5544.358398  
5578.680464  
5553.534611  
5550.298911  
5551.479243  
5537.486933  
5570.701866  
5536.280753  
5551.590535  
5547.198649  
5586.802565  
5577.5617  
5531.561653  
5535.983027  
5539.484624  
5583.379485  
5578.323942  
5543.831035  
5530.434246  
5523.902355  
5554.863741  
5563.491212  
5537.877519  
5521.388169  
5510.327763  
5531.724336  
5554.472593  
5523.095501  
5550.203093  
5552.498202  
5557.917805  
5552.757144  
5541.534761  
5553.547544  
5572.778343  
5529.743751  
5558.973546  
5561.215963  
5576.297164  
5558.414995  
5572.935838  
5566.146865  
5528.363302  
5565.565831  
5586.8573  
5563.592713  
5559.489933  
5536.309735  
5560.999844  
5553.723052  
5536.611806  
5531.796954  
5516.680419  
5530.002789  
5519.920924  
5558.551445  
5564.065025  
5535.228295  
5514.988873  
5525.518444  
5554.113116  
5553.101386  
5583.470332  
5535.698932  
5549.953621  
5546.686193  
5571.439449  
5567.942516  
5568.024688  
5546.812697  
5575.50263  
5582.682066  
5565.882602  
5559.647382  
5543.607464  
5556.020646  
5543.725675  
5551.906489  
5564.726944  
5559.393265  
5574.668875  
5546.119697  
5555.503  
5562.699151  
5562.677997  
5560.567421  
5542.543091  
5549.902529  
5569.074296  
5620.231442  
5580.423281  
5598.019276  
5587.596885  
5556.629911  
5563.932889  
5572.428978  
5568.166584  
5541.561796  
5559.461504  
5572.224668  
5588.262182  
5583.885635  
5592.270851  
5565.274333  
5571.295865  
5566.117692  
5539.407854  
5578.848001  
5566.769302  
5541.853148  
5515.196498  
5545.600939  
5580.622659  
5559.425104  
5558.595721  
5538.476342  
5522.200053  
5558.666824  
5532.383808  
5515.664809  
5519.243832  
5545.852741  
5537.096699  
5541.715909  
5555.410771  
5557.816695  
5565.055092  
5542.158993  
5550.284491  
5539.683136  
5532.065992  
5554.920969  
5539.755771  
5576.074679  
5601.694859  
5550.034795  
5581.848063  
5530.120201  
5546.646784  
5519.792653  
5556.189561  
5572.597125  
5536.543747  
5530.577289  
5537.740648  
5562.457843  
5567.807635  
5576.117702  
5557.408476  
5542.948215  
5539.999998  
5568.713356  
5537.3275  
5539.331081  
5558.51596  
5581.868823  
5557.013269  
5538.9698  
5550.503286  
5573.922924  
5556.385377  
5534.266017  
5532.771249  
5528.809125  
5514.843573  
5530.037082  
5527.768924  
5535.989729  
5526.653045  
5555.278889  
5578.405049  
5583.015493  
5542.348642  
5542.175831  
5530.779237  
5542.823219  
5548.591405  
5558.945972  
5543.191751  
5554.94845  
5531.674416  
5560.09518  
5555.362716  
5554.589095  
5563.61117  
5543.309718  
5530.324976  
5549.854817  
5553.029541  
5538.320782  
5520.360429  
5552.347342  
5565.074219  
5537.086022  
5549.999599  
5570.317819  
5573.033654  
5572.449271  
5560.36617  
5540.00407  
5541.245384  
5559.509066  
5559.438938  
5564.580278  
5555.897033  
5555.418516  
5560.702827  
5537.98377  
5560.939673  
5535.101223  
5531.490348  
5529.852252  
5569.255928  
5588.089648  
5574.282392  
5568.629921  
5568.518192  
5548.037698  
5575.296809  
5552.314993  
5536.903954  
5543.894046  
5523.340979  
5552.434955  
5548.756717  
5523.799067  
5557.574227  
5561.229682  
5603.768752  
5658.517433  
5555.579892  
5565.204772  
5579.243555  
5609.751491  
5587.698214  
5578.967883  
5564.948752  
5567.949343  
5560.199236  
5556.571682  
5537.240863  
5556.783963  
5548.251956  
5576.727334  
5562.6961  
5548.681332  
5561.042104  
5541.262776  
5532.133984  
5534.0621  
5531.884571  
5527.166304  
5579.837449  
5573.504911  
5582.462266  
5542.053024  
5535.177903  
5534.74068  
5552.459545  
5536.852426  
5550.684064  
5544.658679  
5539.215785  
5559.893427  
5497.889292  
5512.328396  
5537.584048  
5539.333874  
5547.379061  
5538.223538  
5552.498122  
5559.674676  
5559.365934  
5553.447611  
5557.218672  
5548.509891  
5561.793868  
5549.369579  
5543.656634  
5576.071346  
5555.928924  
5537.845881  
5544.899588  
5540.974715  
5551.534202  
5538.540908  
5512.608459  
5539.483139  
5525.674053  
5544.324396  
5533.135546  
5542.809179  
5582.478633  
5565.012564  
5552.176026  
5540.754131  
5536.219762  
5551.543345  
5548.429745  
5543.19858  
5542.848704  
5536.01355  
5583.885583  
5571.090409  
5577.369998  
5575.499565  
5565.132078  
5554.795047  
5559.338132  
5582.643481  
5545.895227  
5538.471982  
5585.333552  
5605.32589  
5572.249408  
5569.168977  
5538.68119  
5551.17254  
5578.382554  
5582.576213  
5579.691664  
5566.015848  
5544.581767  
5541.835469  
5533.525076  
5559.336131  
5553.615092  
5548.237805  
5544.415645  
5556.80136  
5525.900748  
5563.747672  
5547.041896  
5557.996284  
5547.916528  
5546.520029  
5552.897513  
5552.493116  
5543.619615  
5543.577339  
5553.50822  
5519.114618  
5516.893451  
5515.232402  
5529.663289  
5525.042019  
5510.368084  
5541.337429  
5569.330312  
5578.776719  
5547.377081  
5585.513424  
5570.433695  
5568.88927  
5583.410903  
5544.450377  
5551.534818  
5562.527918  
5542.175279  
5592.873199  
5575.275301  
5580.902898  
5542.25733  
5570.91448  
5539.199429  
5556.436845  
5543.735147  
5542.032495  
5536.8206  
5533.17402  
5532.778166  
5573.129703  
5577.173831  
5549.717644  
5525.858186  
5538.927849  
5533.277355  
5506.599104  
5532.5033  
5544.64974  
5560.690124  
5544.915298  
5571.838355  
5566.651026  
5576.168721  
5575.141052  
5567.692014  
5542.818052  
5564.682394  
5563.980367  
5578.562205  
5560.130918  
5560.603298  
5566.947684  
5587.965853  
5577.938217  
5552.570824  
5581.540522  
5571.544246  
5536.877541  
5559.197646  
5518.528615  
5517.937603  
5527.629285  
5535.626881  
5567.714958  
5573.669686  
5557.593794  
5572.941504  
5556.179144  
5558.109569  
5554.71882  
5578.677316  
5546.623141  
5533.468526  
5517.965717  
5524.097117  
5556.705483  
5585.022971  
5590.099942  
5550.914849  
5549.13755  
5531.547511  
5562.919629  
5528.341962  
5566.82085  
5544.367661  
5540.091789  
5557.304767  
5585.206349  
5564.017751  
5532.661482  
5537.075888  
5538.931154  
5522.173505  
5537.296934  
5537.108212  
5531.491544  
5506.942609  
5552.707744  
5544.591517  
5550.342267  
5537.745201  
5571.010975  
5545.791913  
5529.24975  
5536.44114  
5554.216786  
5556.957473  
5544.718961  
5572.214684  
5546.633022  
5565.279657  
5577.052236  
5586.131554  
5580.978058  
5539.72592  
5543.833284  
5525.70346  
5526.13942  
5527.539988  
5542.758225  
5574.434462  
5542.123433  
5572.75588  
5573.79515  
5575.14371  
5589.220707  
5560.009296  
5560.639775  
5538.335427  
5566.243402  
5538.392242  
5561.725138  
5578.941953  
5555.193447  
5558.895486  
5598.539686  
5583.423848  
5560.23485  
5564.868799  
5574.348574  
5576.631539  
5576.5201  
5568.125345  
5570.469194  
5580.280544  
5551.757483  
5567.313877  
5559.436664  
5554.298648  
5592.467784  
5546.609735  
5532.014402  
5555.567342  
5568.985345  
5558.049506  
5560.646571  
5547.274947  
5499.263775  
5528.261901  
5506.947426  
5524.676251  
5537.971011  
5568.604989  
5534.588065  
5566.051438  
5544.931947  
5539.658728  
5560.201293  
5564.750068  
5566.362541  
5539.60356  
5553.637057  
5530.111236  
5530.844448  
5536.707753  
5560.570499  
5583.123753  
5554.739261  
5533.182305  
5562.264015  
5540.548506  
5552.629168  
5554.544431  
5540.912111  
5524.423738  
5504.205036  
5536.347175  
5537.13693  
5592.13404  
5526.170795  
5544.682994  
5574.715558  
5549.34223  
5536.250716  
5556.121788  
5584.868618  
5548.370043  
5541.659031  
5531.653387  
5523.708931  
5538.410324  
5544.035087  
5562.699478  
5569.955102  
5534.134657  
5547.541502  
5551.599289  
5531.886389  
5515.206098  
5520.019923  
5507.341848  
5533.467456  
5549.380657  
5566.785487  
5572.263058  
5573.658331  
5590.39975  
5595.360726  
5561.051611  
5542.419128  
5579.875233  
5574.111606  
5554.39259  
5549.561676  
5562.01756  
5565.076318  
5589.571  
5553.407473  
5548.571446  
5555.99459  
5585.737474  
5554.411714  
5561.574467  
5569.246443  
5555.684216  
5552.025138  
5562.025081  
5549.41304  
5583.596709  
5589.538769  
5591.034711  
5548.986789  
5544.307488  
5558.220054  
5560.108876  
5542.986077  
5570.995689  
5566.46922  
5537.287265  
5547.283823  
5570.165246  
5539.991539  
5583.486665  
5574.969978  
5593.674007  
5552.581022  
5551.734605  
5573.416419  
5520.326335  
5524.123533  
5544.402755  
5534.036325  
5541.103908  
5530.779587  
5558.124093  
5541.674712  
5520.356338  
5512.307345  
5545.18508  
5575.061416  
5552.781358  
5544.356235  
5551.159508  
5525.550676  
5541.521859  
5514.655514  
5546.664186  
5574.902243  
5570.278118  
5563.172982  
5550.120085  
5557.173154  
5550.060573  
5534.073468  
5567.178454  
5547.5094  
5509.404942  
5564.801198  
5537.747513  
5556.73738  
5517.201077  
5554.397303  
5537.758042  
5517.902614  
5546.842078  
5550.517358  
5540.712507  
5571.451683  
5543.426154  
5516.77243  
5509.915223  
5538.41881  
5564.797445  
5589.595906  
5562.332357  
5536.051295  
5571.126853  
5548.159326  
5527.752713  
5533.490356  
5567.953664  
5582.951479  
5576.680713  
5569.428181  
5562.919917  
5535.616573  
5561.76438  
5564.876672  
5595.203071  
5597.149862  
5566.31191  
5564.320986  
5556.724433  
5532.060658  
5540.949535  
5552.672929  
5533.41175  
5579.775786  
5548.74503  
5521.708628  
5526.2326  
5531.619283  
5494.954939  
5544.142054  
5588.30479  
5588.302851  
5576.631002  
5585.665301  
5576.351979  
5557.052201  
5568.413651  
5581.63931  
5577.071425  
5540.416739  
5533.34218  
5549.593009  
5554.072147  
5528.648814  
5560.938591  
5526.889651  
5531.877748  
5573.664625  
5627.170398  
5585.616931  
5562.009314  
5570.682152  
5565.039334  
5578.028489  
5580.780711  
5577.448496  
5564.891866  
5530.087492  
5581.877332  
5543.817112  
5545.801796  
5556.521076  
5576.149599  
5554.344115  
5552.840659  
5558.347761  
5559.157444  
5532.371716  
5501.059595  
5522.975114  
5529.780947  
5504.366228  
5531.863286  
5528.376215  
5526.017343  
5536.163646  
5603.676146  
5608.171999  
5562.463301  
5551.859709  
5537.434116  
5560.503925  
5531.689283  
5576.429179  
5552.599313  
5551.69675  
5552.174449  
5548.226181  
5510.745575  
5521.287266  
5511.568256  
5547.670113  
5532.063113  
5520.221759  
5516.020077  
5525.795255  
5560.439846  
5576.264879  
5542.989053  
5503.129883  
5541.372388  
5524.621512  
5562.206217  
5545.105835  
5538.218449  
5550.823912  
5562.574526  
5552.793399  
5578.709086  
5599.449461  
5539.588034  
5549.93324  
5515.193291  
5537.499034  
5535.869298  
5527.592833  
5562.684294  
5532.810098  
5559.67887  
5559.979585  
5577.517003  
5542.227162  
5558.010725  
5620.804232  
5585.935307  
5558.932498  
5576.232069  
5550.835569  
5552.134852  
5589.022751  
5564.071644  
5544.720726  
5583.07229  
5523.891671  
5532.776238  
5520.478809  
5561.780121  
5554.245052  
5570.484487  
5527.913807  
5594.192422  
5573.438553  
5580.246455  
5570.477328  
5599.495186  
5565.843944  
5578.338051  
5567.004994  
5569.168688  
5559.504274  
5523.17486  
5527.164482  
5535.520895  
5546.859285  
5524.4328  
5519.892344  
5523.298375  
5534.53822  
5581.964314  
5586.062326  
5553.346141  
5576.304436  
5539.026429  
5523.393552  
5520.469791  
5510.254186  
5528.691956  
5540.44868  
5583.598777  
5557.795057  
5538.938319  
5515.677843  
5561.089156  
5536.548037  
5553.425927  
5541.00484  
5538.924  
5543.949658  
5544.189624  
5557.731583  
5570.683153  
5538.825369  
5584.317035  
5580.320189  
5566.173771  
5530.637939  
5517.063786  
5580.554264  
5605.455741  
5569.673615  
5581.214116  
5544.208364  
5524.132259  
5520.256996  
5513.140858  
5503.506893  
5514.407417  
5539.231321  
5545.417013  
5546.206571  
5580.634048  
5586.62938  
5555.131462  
5571.082413  
5572.665373  
5552.844881  
5573.614842  
5558.723247  
5538.910961  
5562.483265  
5552.362837  
5544.872228  
5558.796343  
5568.990293  
5544.830447  
5550.000859  
5569.31489  
5568.50902  
5550.920442  
5521.591209  
5524.648326  
5525.556893  
5546.273406  
5561.342071  
5565.221953  
5581.952708  
5559.512434  
5583.556634  
5529.112654  
5592.130081  
5574.789004  
5522.638286  
5566.823948  
5535.457202  
5530.786805  
5543.748498  
5589.29583  
5573.974302  
5526.516556  
5543.943855  
5542.139769  
5522.948862  
5532.677706  
5536.372156  
5541.281713  
5548.468525  
5547.224873  
5530.449003  
5547.648917  
5592.723073  
5540.335558  
5604.852791  
5615.263732  
5590.394406  
5566.044867  
5557.583509  
5546.939588  
5583.136034  
5561.226863  
5535.305914  
5535.459041  
5578.870719  
5600.914333  
5578.485866  
5545.445598  
5558.983125  
5567.846113  
5568.337831  
5546.178223  
5549.624299  
5536.26506  
5538.407272  
5514.713816  
5493.396163  
5532.613214  
5587.17114  
5620.724521  
5586.36088  
5543.844228  
5534.577629  
5533.363365  
5513.545815  
5539.844235  
5602.958983  
5598.925048  
5584.995436  
5576.33307  
5587.246556  
5537.938538  
5564.773783  
5516.316613  
5554.655171  
5583.158309  
5538.638025  
5592.518561  
5540.761711  
5548.488976  
5517.997765  
5525.378251  
5519.151595  
5540.983789  
5565.319684  
5541.503551  
5563.226294  
5536.527706  
5487.533192  
5494.072515  
5494.436211  
5506.831474  
5508.964048  
5516.636956  
5532.602247  
5521.310506  
5545.253758  
5531.69649  
5519.663452  
5535.252572  
5549.309839  
5572.68509  
5537.563059  
5523.886438  
5547.945815  
5543.054671  
5560.083818  
5579.797745  
5553.209367  
5601.023136  
5590.947554  
5577.193858  
5573.797041  
5565.617653  
5596.108251  
5589.151157  
5601.416722  
5579.279328  
5575.216615  
5549.361462  
5534.767732  
5579.447846  
5576.630972  
5548.050698  
5597.761389  
5568.459967  
5549.97397  
5542.389938  
5545.352418  
5553.391508  
5525.643449  
5549.479773  
5521.812608  
5531.282993  
5589.383512  
5602.89331  
5558.592035  
5552.811855  
5557.228195  
5546.990805  
5568.314829  
5553.388975  
5501.65366  
5576.295636  
5552.9977  
5555.40379  
5568.909939  
5555.071505  
5557.856754  
5538.173461  
5566.105556  
5564.329165  
5530.875098  
5565.706969  
5545.578023  
5509.656947  
5537.676198  
5563.653772  
5547.287116  
5508.126899  
5534.255598  
5567.340503  
5570.154814  
5566.659753  
5531.272312  
5554.55182  
5513.162863  
5524.237056  
5483.943665  
5560.159629  
5606.141222  
5556.664761  
5569.550373  
5561.625864  
5531.88174  
5558.56322  
5573.033087  
5539.061098  
5540.599946  
5508.362926  
5529.808186  
5512.277166  
5523.027632  
5558.397679  
5582.663324  
5597.21999  
5566.090458  
5534.117458  
5536.480791  
5549.562797  
5550.428332  
5523.58676  
5549.791506  
5493.70645  
5506.294274  
5531.077427  
5607.27705  
5601.511913  
5592.644086  
5594.921889  
5581.846762  
5577.148097  
5561.286925  
5587.179867  
5561.517003  
5554.0897  
5541.563341  
5580.784294  
5562.144641  
5565.785132  
5568.081541  
5558.645111  
5571.246193  
5570.196496  
5570.225517  
5567.784438  
5548.947517  
5506.563272  
5513.377152  
5524.696343  
5564.61414  
5566.501389  
5502.378641  
5516.398628  
5568.377418  
5565.951269  
5555.540643  
5566.057224  
5542.518193  
5544.544819  
5539.239041  
5557.026648  
5577.070842  
5553.314853  
5573.284933  
5534.522941  
5544.385705  
5566.657209  
5555.977741  
5564.021564  
5504.460212  
5534.120539  
5521.418047  
5502.079771  
5521.628377  
5541.890281  
5567.769346  
5545.138624  
5535.980893  
5562.991877  
5606.748965  
5549.930515  
5591.668207  
5551.633284  
5590.990751  
5567.742744  
5538.696302  
5548.63767  
5562.584236  
5528.546945  
5530.060555  
5560.296885  
5532.66239  
5511.152068  
5527.156164  
5530.531341  
5495.376699  
5496.33304  
5584.302106  
5614.710671  
5593.58705  
5548.588638  
5602.717968  
5551.194466  
5576.895464  
5565.039582  
5554.792766  
5548.258126  
5528.051188  
5548.429129  
5536.305128  
5545.357775  
5535.167187  
5560.042326  
5541.911491  
5537.947089  
5564.750585  
5552.014955  
5527.831037  
5516.116482  
5537.602698  
5575.549469  
5539.62485  
5540.598797  
5559.405648  
5574.086954  
5554.812778  
5547.300897  
5526.103211  
5578.840877  
5557.492965  
5531.87144  
5550.233113  
5564.628134  
5594.010744  
5571.079103  
5538.179859  
5534.962833  
5491.406824  
5522.491599  
5569.819325  
5605.323112  
5568.148498  
5561.893254  
5549.393176  
5576.823509  
5562.066154  
5601.996805  
5583.110424  
5583.862539  
5550.250157  
5553.550923  
5572.545958  
5554.639543  
5567.797666  
5525.28428  
5556.622816  
5538.011346  
5573.792772  
5574.028894  
5520.712357  
5522.297914  
5506.811719  
5516.564956  
5536.933633  
5518.44638  
5558.953461  
5566.605696  
5545.12444  
5503.299043  
5546.874039  
5561.67417  
5529.590093  
5540.483637  
5577.847603  
5569.135253  
5569.791853  
5538.623095  
5527.518065  
5563.627353  
5538.521007  
5544.363792  
5543.716175  
5560.053387  
5553.310949  
5524.30311  
5534.16319  
5541.803974  
5576.318911  
5559.19599  
5563.404968  
5570.864704  
5572.315366  
5574.195391  
5564.187282  
5557.714427  
5520.77926  
5533.245448  
5567.793568  
5517.607869  
5545.150338  
5565.078497  
5565.349626  
5604.205612  
5588.784573  
5585.920792  
5564.266892  
5585.337044  
5565.705116  
5567.556266  
5552.110553  
5581.895298  
5555.304748  
5575.433697  
5574.006859  
5569.254659  
5589.715359  
5546.963892  
5530.28725  
5531.599175  
5524.120066  
5533.494409  
5526.377636  
5512.115384  
5499.939728  
5504.238054  
5544.591564  
5624.148825  
5543.130311  
5525.124744  
5556.225013  
5525.587964  
5550.933142  
5565.741165  
5561.476056  
5542.18327  
5510.26704  
5535.829162  
5536.781571  
5582.522007  
5551.764015  
5523.914413  
5527.198242  
5577.708375  
5556.80053  
5553.521674  
5549.71355  
5558.170706  
5554.857015  
5555.372799  
5500.792816  
5500.292825  
5548.050526  
5546.941033  
5585.224508  
5584.145403  
5548.030872  
5544.457535  
5556.613673  
5570.857367  
5568.239317  
5575.06837  
5611.895935  
5601.593008  
5580.172707  
5604.212687  
5575.857926  
5587.848759  
5584.83239  
5577.346055  
5545.911448  
5537.944042  
5540.984262  
5532.748152  
5511.079237  
5539.017944  
5575.333928  
5597.664186  
5544.350478  
5585.397746  
5625.063478  
5612.853024  
5567.179522  
5585.314934  
5585.322873  
5575.773687  
5590.001343  
5575.148446  
5551.181913  
5541.053608  
5541.844691  
5546.670674  
5550.489354  
5557.693826  
5537.732146  
5527.515658  
5490.351389  
5512.219027  
5558.720922  
5509.123202  
5518.646554  
5509.844294  
5550.132879  
5552.332393  
5547.745081  
5562.223343  
5537.166872  
5575.394734  
5534.993566  
5526.300099  
5519.293311  
5509.467871  
5512.222624  
5542.326782  
5522.107177  
5540.531959  
5562.092789  
5601.639845  
5585.905504  
5580.275878  
5577.290712  
5570.985547  
5542.487783  
5528.158668  
5517.112634  
5509.342298  
5496.059219  
5526.391612  
5547.850661  
5536.988807  
5516.650026  
5543.518756  
5527.441772  
5558.406044  
5533.590269  
5562.58322  
5587.455056  
5568.893735  
5547.454507  
5609.635468  
5582.271716  
5570.418476  
5563.477639  
5571.430593  
5571.199336  
5552.913373  
5571.423316  
5563.470221  
5573.40728  
5588.921692  
5551.14513  
5573.655739  
5519.27876  
5512.352315  
5514.643765  
5519.721607  
5518.911328  
5553.418734  
5601.03958  
5577.68609  
5567.757258  
5541.726131  
5587.089735  
5571.848999  
5557.289703  
5600.258203  
5592.195414  
5543.564017  
5548.509715  
5527.278203  
5507.719074  
5511.95707  
5528.214249  
5591.404299  
5576.490074  
5552.092653  
5514.888454  
5516.330937  
5536.944359  
5500.851476  
5504.645821  
5553.244205  
5571.4253  
5546.522937  
5570.358688  
5545.994866  
5540.052401  
5574.767942  
5558.643472  
5543.099995  
5582.183886  
5574.738912  
5556.161399  
5584.146357  
5583.61665  
5579.851608  
5540.804175  
5569.008107  
5567.880022  
5551.616895  
5561.525731  
5562.506492  
5568.928034  
5493.693945  
5547.335464  
5573.542388  
5560.379519  
5503.124281  
5521.454367  
5521.802253  
5568.824408  
5556.655436  
5561.526582  
5509.67181  
5510.353712  
5556.027198  
5567.107677  
5529.383797  
5522.892512  
5550.130709  
5544.202081  
5549.129522  
5522.309905  
5541.124228  
5551.596978  
5532.106758  
5543.286781  
5528.932699  
5532.636114  
5560.310103  
5533.379298  
5545.913933  
5526.200734  
5520.277767  
5495.987613  
5518.263229  
5569.904174  
5570.811349  
5525.392937  
5593.537195  
5556.81616  
5589.950971  
5563.109117  
5579.852982  
5582.723809  
5597.111821  
5585.018179  
5594.096939  
5572.531606  
5592.669077  
5590.151879  
5569.221722  
5563.764386  
5529.800526  
5527.383859  
5508.105605  
5512.948892  
5531.634304  
5550.588385  
5582.630688  
5580.278761  
5549.95693  
5567.696655  
5530.641682  
5533.896677  
5518.868593  
5534.547344  
5530.204272  
5593.485006  
5560.791056  
5537.782708  
5547.291691  
5560.602318  
5544.230537  
5524.087123  
5543.019808  
5521.802195  
5515.687512  
5534.333172  
5594.759187  
5598.114997  
5540.105445  
5570.520676  
5532.523385  
5563.180027  
5560.795324  
5532.210637  
5556.309496  
5496.266607  
5512.104588  
5561.736217  
5553.221502  
5548.583945  
5538.966464  
5579.305109  
5575.053881  
5582.264418  
5533.869097  
5595.000808  
5615.202773  
5573.416535  
5582.383715  
5583.440754  
5565.993632  
5563.30046  
5587.744226  
5604.922842  
5571.109346  
5551.576625  
5560.040605  
5581.929208  
5567.663139  
5598.732734  
5565.021025  
5577.059752  
5552.516423  
5531.417218  
5559.769846  
5515.280054  
5535.917125  
5521.609372  
5520.425565  
5542.694445  
5543.028552  
5558.443583  
5553.949959  
5573.249295  
5552.477981  
5515.703955  
5501.924232  
5502.998162  
5556.839268  
5564.863684  
5546.760263  
5514.523658  
5537.451997  
5545.13698  
5516.017898  
5563.001985  
5553.096913  
5538.10149  
5504.657457  
5534.747423  
5530.490982  
5572.765951  
5600.469268  
5566.136547  
5571.145979  
5574.359989  
5574.03467  
5584.213972  
5552.02774  
5531.54918  
5530.167354  
5545.788807  
5569.639128  
5592.683096  
5546.410901  
5553.046275  
5546.214547  
5560.801154  
5536.845247  
5571.866624  
