8371.425457  
8358.533615  
8372.744844  
8428.75626  
8469.285785  
8459.619261  
8465.864644  
8416.629843  
8418.002874  
8369.522525  
8415.918133  
8447.811405  
8402.524941  
8408.684671  
8418.467139  
8390.412758  
8374.146391  
8377.601871  
8435.60729  
8393.3367  
8397.959139  
8362.845314  
8333.701152  
8358.927325  
8416.835996  
8385.491866  
8337.789296  
8330.335588  
8366.049376  
8407.207919  
8370.829915  
8332.749165  
8337.616793  
8350.683072  
8345.642183  
8363.233152  
8421.278037  
8471.173735  
8423.835957  
8381.731491  
8398.305926  
8438.006638  
8468.039657  
8457.31951  
8420.753721  
8362.017039  
8388.898195  
8361.917582  
8383.505524  
8387.264228  
8398.05411  
8354.041352  
8359.00185  
8367.75229  
8400.615798  
8378.618855  
8391.570529  
8402.230922  
8413.100318  
8412.00187  
8379.505197  
8415.137325  
8460.521799  
8450.458837  
8376.315386  
8368.011339  
8398.356465  
8428.81417  
8449.758548  
8427.188335  
8344.175535  
8343.291732  
8398.851509  
8448.642863  
8370.202965  
8338.253029  
8383.86221  
8459.809739  
8462.773672  
8397.461163  
8357.000408  
8351.579492  
8381.159948  
8434.610865  
8446.337701  
8366.789749  
8371.908991  
8367.023228  
8368.027131  
8370.508234  
8370.031356  
8379.166742  
8402.110513  
8396.656837  
8387.630191  
8392.605733  
8387.85061  
8399.988833  
8386.803666  
8385.044053  
8423.447444  
8457.598091  
8499.81428  
8437.116968  
8341.416919  
8362.996482  
8373.411961  
8399.371005  
8384.225703  
8392.844936  
8359.17892  
8432.722699  
8372.255147  
8363.794983  
8361.320838  
8403.554199  
8414.574939  
8465.404808  
8471.593106  
8403.060817  
8310.998535  
8329.348776  
8423.976415  
8447.986097  
8393.169352  
8370.020378  
8417.847481  
8420.578374  
8392.952215  
8391.061543  
8374.06293  
8402.139953  
8384.091135  
8423.347053  
8414.428473  
8423.133939  
8402.730609  
8359.519295  
8347.586699  
8339.601496  
8352.019652  
8416.838864  
8435.150616  
8431.614886  
8412.101472  
8402.63673  
8420.762967  
8425.603465  
8433.249444  
8342.795153  
8338.289855  
8401.599107  
8407.957909  
8405.291812  
8435.120538  
8404.183744  
8347.850677  
8337.541059  
8386.93203  
8440.927986  
8468.152182  
8508.932217  
8468.660645  
8485.736504  
8412.996232  
8365.83638  
8399.763944  
8363.272628  
8355.440866  
8360.607484  
8366.695253  
8342.500127  
8362.765561  
8376.90582  
8411.998821  
8409.040591  
8376.719838  
8345.951554  
8412.370086  
8381.966766  
8337.79371  
8329.867415  
8360.799326  
8406.858451  
8377.6148  
8398.838436  
8465.207446  
8429.528156  
8374.869336  
8380.958073  
8424.072743  
8435.138835  
8435.29151  
8396.040458  
8386.161533  
8404.130545  
8415.173425  
8401.437518  
8340.364544  
8353.710407  
8373.483299  
8433.505268  
8398.323562  
8389.459035  
8378.450722  
8353.197525  
8396.852828  
8401.326984  
8406.208544  
8455.624386  
8449.271252  
8380.30919  
8337.468867  
8350.287514  
8389.307538  
8358.0437  
8378.502243  
8401.537237  
8454.168451  
8426.87516  
8432.987404  
8403.592369  
8430.408207  
8376.465829  
8351.693535  
8329.378097  
8360.867571  
8371.957597  
8362.045025  
8354.090121  
8386.502056  
8438.419378  
8420.918027  
8452.869983  
8429.933042  
8446.297619  
8411.974207  
8431.593584  
8430.198358  
8423.296599  
8377.35301  
8409.188065  
8374.53584  
8361.247563  
8356.381718  
8376.403936  
8451.602582  
8401.973822  
8392.219269  
8391.314956  
8395.389562  
8410.430816  
8487.768545  
8469.553501  
8434.247167  
8367.867043  
8365.319243  
8355.397894  
8370.431935  
8401.318197  
8417.410299  
8398.932796  
8376.138751  
8357.851251  
8380.087784  
8417.278918  
8425.516776  
8442.393937  
8425.136562  
8401.040742  
8361.067998  
8351.564156  
8378.390042  
8360.881659  
8385.56252  
8409.765628  
8466.39021  
8450.268736  
8449.375948  
8414.958495  
8381.070351  
8358.238832  
8347.685881  
8385.520269  
8374.966795  
8429.489436  
8379.05442  
8370.993996  
8390.280705  
8401.939732  
8431.423688  
8414.023866  
8419.65654  
8416.931642  
8417.367287  
8465.365295  
8499.542563  
8419.8352  
8333.738314  
8361.116378  
8386.555731  
8401.630142  
8391.63078  
8425.993481  
8443.157326  
8424.217769  
8458.966367  
8438.02132  
8378.752968  
8383.080123  
8370.936406  
8394.216228  
8392.308006  
8366.025215  
8388.148572  
8429.78412  
8446.952015  
8449.817572  
8429.882561  
8392.808904  
8390.209439  
8423.902283  
8427.0915  
8437.356009  
8413.654208  
8388.244581  
8422.270454  
8353.439934  
8364.555658  
8363.323023  
8374.686031  
8398.134773  
8419.611448  
8457.161446  
8535.712343  
8477.575207  
8387.875328  
8362.080531  
8379.993207  
8391.327768  
8365.973375  
8380.647924  
8411.025279  
8380.389872  
8363.132638  
8348.996634  
8312.582909  
8295.615101  
8358.489186  
8367.108904  
8394.321353  
8418.994902  
8356.198152  
8362.489525  
8422.063196  
8457.546646  
8429.088741  
8350.8921  
8330.811908  
8348.433485  
8356.662596  
8384.050841  
8415.032573  
8390.702764  
8395.745386  
8356.384173  
8371.57651  
8446.827294  
8465.344654  
8420.305534  
8475.728603  
8507.104631  
8479.97152  
8433.786092  
8441.928894  
8471.275357  
8453.738278  
8395.65712  
8373.826003  
8418.273411  
8415.243689  
8363.986631  
8358.715663  
8404.178551  
8416.238508  
8346.737632  
8392.602139  
8418.196022  
8404.931563  
8354.412121  
8359.777705  
8389.363597  
8406.307904  
8408.71468  
8431.017803  
8404.75654  
8473.194335  
8470.324672  
8478.338253  
8394.207505  
8354.780401  
8356.378627  
8367.741283  
8404.535838  
8358.617459  
8336.182841  
8361.225192  
8383.745001  
8411.581205  
8390.127014  
8410.484838  
8406.896316  
8440.460388  
8414.853124  
8356.244349  
8345.883638  
8356.010923  
8391.465761  
8404.755759  
8424.091975  
8381.847227  
8393.862661  
8437.202204  
8480.634139  
8415.715897  
8479.146397  
8476.608178  
8386.018708  
8348.699111  
8360.16968  
8322.249434  
8335.927422  
8369.803657  
8380.559838  
8386.66763  
8403.979525  
8399.288975  
8356.97498  
8334.261911  
8342.277822  
8382.707152  
8376.924366  
8369.810444  
8354.651805  
8419.429274  
8438.986525  
8428.082631  
8435.860649  
8403.868729  
8411.459805  
8417.307055  
8419.381103  
8429.082447  
8414.400345  
8425.070939  
8434.593563  
8499.945015  
8481.018873  
8409.580356  
8413.4267  
8376.074458  
8356.337312  
8363.227652  
8354.878132  
8360.556087  
8373.984699  
8389.021823  
8386.968311  
8387.16604  
8417.531229  
8401.322566  
8396.179344  
8400.964975  
8399.226018  
8429.179072  
8425.675962  
8467.430285  
8441.700304  
8390.107899  
8396.961314  
8392.361475  
8425.904042  
8377.025928  
8342.170855  
8381.263743  
8452.243758  
8519.255222  
8509.733638  
8389.159059  
8359.568999  
8370.457876  
8398.913819  
8363.121452  
8352.248605  
8319.02862  
8330.515694  
8346.112634  
8328.329746  
8339.9474  
8363.793485  
8402.852937  
8417.661492  
8411.876063  
8364.694169  
8374.050214  
8389.555197  
8403.012269  
8363.714401  
8362.147803  
8376.40883  
8418.589481  
8403.267884  
8420.953223  
8397.764586  
8401.436325  
8446.604365  
8471.420872  
8446.113659  
8395.83816  
8348.355658  
8339.34481  
8347.219387  
8360.452328  
8419.34926  
8402.783635  
8418.956277  
8420.981356  
8423.657653  
8460.253424  
8458.935207  
8460.540094  
8458.01676  
8420.550091  
8404.072557  
8406.280806  
8432.15196  
8502.192664  
8420.142434  
8381.551623  
8412.423755  
8388.29374  
8381.409119  
8408.388733  
8381.121692  
8386.328574  
8397.373991  
8401.998647  
8403.608322  
8380.539232  
8375.348912  
8355.951387  
8377.039944  
8392.271825  
8382.439985  
8383.541551  
8405.117495  
8375.589617  
8397.151822  
8387.274294  
8370.677294  
8393.60857  
8395.938973  
8429.723419  
8395.153535  
8345.26102  
8349.480851  
8340.000191  
8381.016246  
8405.302712  
8434.728201  
8424.99089  
8384.223167  
8348.094881  
8371.426169  
8391.006496  
8408.229661  
8430.381744  
8430.457559  
8390.212289  
8341.770024  
8388.866231  
8428.782445  
8439.396053  
8455.824992  
8431.74766  
8382.442889  
8382.233892  
8368.843783  
8367.865513  
8413.849217  
8418.134938  
8434.098421  
8427.267279  
8378.611613  
8365.211372  
8414.135473  
8424.752816  
8380.631519  
8348.731996  
8360.457229  
8385.265008  
8379.451843  
8366.11124  
8378.052187  
8390.971341  
8406.860779  
8420.754175  
8465.667357  
8398.130126  
8362.256663  
8364.236262  
8373.412995  
8383.671975  
8361.741258  
8387.867265  
8396.404506  
8407.707403  
8386.061655  
8415.281775  
8426.308072  
8445.198721  
8433.22991  
8391.420666  
8421.972222  
8441.661567  
8437.657105  
8410.855442  
8414.944012  
8400.333079  
8454.981924  
8455.706999  
8436.279826  
8418.083597  
8449.804788  
8423.357137  
8403.42252  
8383.742287  
8423.113646  
8404.670553  
8339.007771  
8351.357082  
8363.810754  
8347.59562  
8395.690399  
8430.453228  
8438.284641  
8405.958132  
8371.547737  
8345.917626  
8374.136838  
8450.591582  
8413.617236  
8365.524265  
8375.155999  
8376.451792  
8391.698033  
8427.304276  
8456.1314  
8454.163658  
8421.267207  
8360.045031  
8364.918334  
8365.850611  
8373.862654  
8355.211808  
8405.210305  
8427.982589  
8487.76402  
8514.888929  
8437.279082  
8373.616508  
8368.507871  
8348.360637  
8363.119978  
8444.388985  
8471.530295  
8426.121152  
8365.098045  
8338.869077  
8347.346057  
8383.269502  
8425.55838  
8433.761743  
8442.972785  
8452.079219  
8399.326495  
8431.38626  
8409.835468  
8445.14757  
8433.859088  
8393.608887  
8361.958222  
8331.397518  
8394.92026  
8428.493221  
8422.870607  
8368.789849  
8331.790859  
8331.668531  
8357.260299  
8343.073524  
8363.766251  
8409.587265  
8402.830682  
8364.765492  
8379.32048  
8421.137967  
8445.639121  
8402.638184  
8379.96025  
8384.464106  
8395.420983  
8403.199642  
8412.546262  
8440.819851  
8388.099554  
8354.664644  
8357.44271  
8387.299449  
8390.424758  
8407.752143  
8385.284177  
8368.893921  
8476.474461  
8408.044578  
8388.820516  
8373.560531  
8377.886955  
8399.247714  
8459.546511  
8433.53533  
8404.016556  
8340.516001  
8345.011467  
8372.046108  
8358.152481  
8387.64295  
8373.294264  
8418.319078  
8493.604218  
8482.62253  
8418.219387  
8349.662125  
8330.467359  
8388.166317  
8422.468328  
8411.918342  
8443.314412  
8490.060366  
8502.448982  
8463.838377  
8420.12593  
8409.808022  
8320.795219  
8357.90002  
8366.717963  
8424.060572  
8454.872608  
8449.29859  
8389.05057  
8337.788581  
8379.400709  
8380.211658  
8374.17563  
8371.406611  
8392.034331  
8399.578241  
8383.006159  
8389.102649  
8405.362064  
8414.140676  
8396.862818  
8430.725774  
8461.770788  
8436.728731  
8380.640652  
8369.483755  
8397.189951  
8357.444325  
8399.10824  
8393.520528  
8367.851312  
8369.210025  
8366.248589  
8443.963198  
8461.324505  
8420.507708  
8389.58215  
8384.726478  
8367.417404  
8368.424251  
8399.887622  
8406.139982  
8435.519245  
8421.995516  
8398.965692  
8366.613986  
8370.215148  
8347.936167  
8388.34621  
8369.325906  
8342.341105  
8380.428425  
8348.936924  
8362.433268  
8418.989419  
8428.768974  
8368.332416  
8337.172687  
8362.014704  
8402.207698  
8411.064663  
8421.291034  
8430.416282  
8423.48949  
8399.997063  
8409.95807  
8426.085495  
8421.539637  
8398.677991  
8393.154249  
8373.846398  
8367.433189  
8428.956908  
8434.888147  
8403.194868  
8369.253493  
8389.591855  
8367.900368  
8401.589314  
8442.585503  
8435.281151  
8392.891953  
8361.934214  
8373.443567  
8375.762629  
8396.277733  
8442.325681  
8451.848384  
8414.140984  
8386.855682  
8373.728351  
8379.456789  
8394.650703  
8388.290213  
8363.878126  
8412.562125  
8382.831295  
8378.384579  
8388.110108  
8389.910179  
8429.087299  
8475.523436  
8408.344364  
8393.801248  
8400.296166  
8429.992183  
8477.353139  
8483.458587  
8375.606601  
8335.679661  
8365.292717  
8400.958905  
8394.899193  
8367.225684  
8356.064759  
8394.269289  
8388.588506  
8379.153115  
8447.04606  
8443.211746  
8469.943379  
8401.772659  
8321.024949  
8336.604896  
8403.031275  
8436.623808  
8440.93872  
8423.483868  
8377.632108  
8379.077263  
8390.021895  
8388.101153  
8375.341938  
8330.598861  
8386.134263  
8413.780592  
8410.407389  
8412.121557  
8412.875842  
8410.529356  
8447.394627  
8411.455647  
8393.135397  
8367.349942  
8431.960633  
8450.512104  
8426.544688  
8393.422014  
8340.939399  
8331.060758  
8376.948255  
8386.692094  
8354.504905  
8408.475253  
8381.71555  
8341.372332  
8343.173797  
8419.039442  
8465.603119  
8443.574652  
8427.447145  
8439.46862  
8468.734331  
8452.990648  
8466.134102  
8367.051657  
8352.557654  
8348.757351  
8348.758718  
8377.467118  
8367.486288  
8366.119892  
8382.722034  
8429.012898  
8451.531399  
8410.424004  
8404.207576  
8338.692451  
8341.828949  
8379.930005  
8405.854699  
8452.697107  
8454.875648  
8426.618529  
8433.207718  
8441.982256  
8456.992595  
8446.649469  
8426.234685  
8403.670303  
8372.940328  
8362.514525  
8415.56691  
8467.33577  
8425.013727  
8420.301664  
8405.167558  
8396.579087  
8409.533063  
8403.97282  
8347.636018  
8313.9383  
8321.578755  
8378.080408  
8410.49603  
8407.77801  
8348.054559  
8331.571318  
8405.738714  
8427.081025  
8426.006188  
8427.574847  
8372.53721  
8364.385336  
8368.808131  
8375.662608  
8401.66765  
8403.291977  
8392.870663  
8428.710673  
8445.824656  
8390.652674  
8375.313325  
8373.142478  
8395.761981  
8414.85595  
8448.819855  
8432.844902  
8378.966542  
8375.182548  
8377.974398  
8412.078482  
8441.505005  
8496.901551  
8437.359324  
8389.511559  
8350.428524  
8342.931239  
8375.67245  
8401.593071  
8452.327665  
8494.320976  
8525.33083  
8472.309642  
8371.925834  
8336.043499  
8411.986815  
8388.398903  
8396.908621  
8366.428111  
8376.13968  
8405.330162  
8391.947014  
8410.819906  
8351.316992  
8328.011795  
8325.576635  
8340.436502  
8307.751158  
8338.330941  
8424.097573  
8459.544376  
8355.074415  
8307.790837  
8317.443068  
8372.407614  
8405.690294  
8400.795007  
8320.311908  
8325.806271  
8362.214674  
8377.750286  
8359.98906  
8367.453986  
8358.235322  
8431.702565  
8436.702436  
8420.128153  
8394.438819  
8378.620208  
8419.057886  
8446.374662  
8468.964405  
8501.416481  
8443.160511  
8435.957478  
8368.29465  
8383.225984  
8405.560016  
8394.966861  
8453.971281  
8496.886368  
8516.1992  
8418.05793  
8356.63388  
8327.5227  
8389.48233  
8363.287125  
8425.290898  
8454.295726  
8448.219521  
8395.65752  
8339.496453  
8349.103667  
8371.646258  
8381.426772  
8409.514602  
8371.232058  
8428.883086  
8483.399738  
8471.001619  
8431.790472  
8379.573316  
8372.302559  
8375.33099  
8395.039555  
8331.401294  
8471.437817  
8408.943044  
8435.833438  
8449.665481  
8443.477451  
8435.011011  
8404.041006  
8345.108707  
8363.301183  
8395.596857  
8441.280473  
8421.193623  
8385.778373  
8407.691314  
8373.048619  
8382.005907  
8356.651145  
8365.125536  
8389.300889  
8438.804334  
8399.278291  
8385.339044  
8376.719057  
8381.112722  
8349.328864  
8365.532644  
8367.189804  
8446.297015  
8431.717011  
8412.652638  
8405.014569  
8346.003102  
8364.471009  
8380.389869  
8354.581605  
8414.773985  
8407.172752  
8383.713276  
8358.786117  
8344.172975  
8377.852056  
8439.58532  
8464.346374  
8424.384304  
8343.377073  
8327.965404  
8360.219765  
8357.511318  
8354.011144  
8382.800084  
8388.487523  
8382.073333  
8403.74786  
8419.375014  
8427.460643  
8407.589664  
8421.244269  
8426.325576  
8409.875041  
8432.594235  
8440.650008  
8426.662257  
8329.855978  
8319.890571  
8369.232524  
8375.783499  
8420.428954  
8408.555365  
8418.273048  
8431.484282  
8470.672467  
8449.730476  
8420.230419  
8469.423657  
8412.835756  
8390.864583  
8420.192471  
8391.64905  
8397.742431  
8326.691534  
8328.100793  
8385.363593  
8396.452352  
8393.631247  
8422.954518  
8434.033907  
8377.169892  
8401.622472  
8445.238618  
8478.83496  
8425.468137  
8442.124895  
8347.131806  
8355.110473  
8400.890782  
8362.958379  
8382.192241  
8394.379092  
8419.935101  
8349.650861  
8338.954672  
8357.434324  
8362.276135  
8375.931861  
8381.489302  
8410.499813  
8419.478438  
8502.30109  
8527.879513  
8483.439405  
8436.960981  
8427.72612  
8417.306484  
8390.966449  
8358.03813  
8367.678479  
8336.124541  
8384.285776  
8443.609443  
8447.529682  
8361.078456  
8315.89573  
8362.123605  
8380.935802  
8404.709701  
8463.673483  
8506.373794  
8466.432713  
8398.744799  
8412.60261  
8395.824592  
8391.494298  
8339.553482  
8322.75165  
8351.488082  
8359.428755  
8404.267673  
8416.865442  
8391.201574  
8372.234115  
8407.187571  
8385.54066  
8369.134917  
8364.775306  
8378.14895  
8418.249894  
8475.261787  
8463.156823  
8406.368064  
8353.704654  
8356.258587  
8395.216975  
8374.102095  
8381.748551  
8425.535503  
8370.724332  
8351.228511  
8367.531264  
8402.853453  
8387.632904  
8448.158574  
8471.390042  
8420.636552  
8360.46886  
8359.858315  
8328.363738  
8358.869255  
8431.855173  
8442.477141  
8439.499246  
8419.337405  
8407.776398  
8436.230692  
8417.355367  
8385.904363  
8393.000153  
8371.228725  
8366.805654  
8365.672093  
8414.160911  
8394.307989  
8407.202545  
8405.226486  
8443.61524  
8389.097728  
8389.985606  
8449.079327  
8424.397716  
8407.07682  
8356.105019  
8362.858785  
8350.801591  
8360.462251  
8399.717183  
8452.505438  
8441.274387  
8385.644705  
8372.6751  
8389.626861  
8384.656491  
8414.48979  
8454.233837  
8431.034773  
8374.986751  
8366.028  
8355.628002  
8374.936562  
8374.921398  
8382.703543  
8449.502529  
8452.489726  
8437.311932  
8329.583052  
8346.931288  
8378.41328  
8411.51538  
8391.986849  
8400.471469  
8437.177412  
8485.033755  
8420.641303  
8342.064814  
8370.933398  
8380.061117  
8408.586526  
8403.830108  
8410.421275  
8405.353793  
8393.94426  
8399.979266  
8448.401967  
8431.971183  
8425.549103  
8469.512384  
8459.300853  
8359.273341  
8343.806771  
8328.62178  
8379.859736  
8399.964289  
8489.139009  
8484.555844  
8377.860262  
8348.161545  
8362.08014  
8365.251591  
8379.786117  
8334.960026  
8341.234419  
8347.042956  
8365.74333  
8390.716887  
8370.502126  
8329.477393  
8471.704995  
8468.29664  
8394.851445  
8361.563505  
8369.221133  
8386.020226  
8414.251366  
8441.680322  
8434.98936  
8335.858011  
8300.017171  
8314.542425  
8365.811504  
8344.520378  
8330.805668  
8369.499885  
8414.694316  
8434.929181  
8480.961437  
8429.686908  
8384.447672  
8401.941677  
8423.405575  
8425.296576  
8454.518267  
8446.567087  
8455.949074  
8505.072464  
8486.80962  
8429.01445  
8406.199601  
8401.776824  
8364.608551  
8390.305388  
8399.859275  
8428.573797  
8399.468739  
8406.231816  
8443.712927  
8444.279192  
8414.512257  
8418.358144  
8444.314464  
8437.304015  
8352.626884  
8364.349417  
8336.626291  
8343.529904  
8383.272233  
8370.850726  
8393.995564  
8351.919293  
8416.207869  
8438.109594  
8498.586639  
8472.58311  
8433.257435  
8381.261825  
8379.987715  
8439.719241  
8435.207648  
8375.125917  
8387.89647  
8394.100242  
8425.895366  
8425.671097  
8434.941903  
8397.047569  
8369.549813  
8340.344404  
8351.452972  
8391.021078  
8336.045015  
8375.125696  
8417.525955  
8403.275508  
8380.18479  
8356.19592  
8377.794364  
8378.604284  
8429.45731  
8430.798057  
8388.928126  
8332.331281  
8369.175013  
8383.773528  
8389.942241  
8388.073956  
8411.573184  
8458.999524  
8412.576826  
8404.993863  
8379.581796  
8412.870654  
8390.578534  
8403.145356  
8383.76509  
8336.799343  
8337.833417  
8347.722394  
8356.100498  
8384.579839  
8368.808587  
8381.508871  
8393.301521  
8402.178565  
8370.890619  
8406.561474  
8447.836744  
8482.133867  
8466.471077  
8451.601384  
8471.44407  
8414.840846  
8418.267512  
8400.491912  
8369.11082  
8380.938529  
8437.369333  
8439.685793  
8390.619145  
8398.334368  
8407.019741  
8397.643972  
8405.183865  
8328.633285  
8351.540138  
8381.88304  
8367.651797  
8398.349445  
8431.15636  
8476.330054  
8450.30437  
8359.088488  
8352.148746  
8420.498909  
8463.79388  
8448.169347  
8449.530811  
8442.955385  
8349.715667  
8343.380297  
8344.864462  
8378.677672  
8313.964738  
8309.49818  
8344.568679  
8446.465437  
8440.994056  
8345.204772  
8337.506566  
8376.867138  
8378.083635  
8338.452729  
8342.226043  
8393.866108  
8426.63638  
8467.012377  
8418.179655  
8365.758366  
8389.924527  
8373.148214  
8397.462449  
8396.845508  
8408.131952  
8425.433352  
8434.148804  
8452.706837  
8491.213828  
8499.234664  
8475.02042  
8404.075175  
8379.03444  
8386.660826  
8395.178513  
8395.212404  
8368.667151  
8365.888021  
8377.566297  
8402.3476  
8369.502893  
8334.921016  
8355.800999  
8416.790617  
8416.586328  
8397.463427  
8390.32968  
8351.231908  
8413.044765  
8451.939138  
8412.758701  
8388.799973  
8348.816384  
8355.041682  
8352.178039  
8356.81252  
8382.246235  
8396.058207  
8364.074104  
8400.646566  
8400.318511  
8372.225955  
8415.183738  
8381.311935  
8402.954052  
8409.659149  
8376.838038  
8363.440915  
8398.722924  
8392.82984  
8380.32715  
8392.502328  
8431.262135  
8407.755721  
8428.517254  
8416.233888  
8476.625969  
8510.699863  
8496.687061  
8503.318255  
8488.632558  
8455.579322  
8458.648088  
8443.48079  
8406.054604  
8362.091476  
8348.771453  
8316.79279  
8320.306379  
8318.059382  
8330.518957  
8330.679857  
8430.984832  
8449.843047  
8395.733128  
8351.837542  
8337.367943  
8388.571511  
8389.648279  
8374.44146  
8417.476227  
8470.728368  
8488.867553  
8415.498154  
8374.110987  
8404.536052  
8387.052709  
8374.346082  
8458.421466  
8502.955344  
8395.067758  
8320.009429  
8412.944953  
8492.011491  
8501.693998  
8452.327969  
8372.048647  
8364.770649  
8375.575648  
8375.409399  
8388.1979  
8354.56802  
8360.858892  
8368.168429  
8386.915754  
8415.504654  
8410.956075  
8397.270436  
8368.645162  
8357.531751  
8318.494735  
8388.257204  
8429.013795  
8409.60012  
8406.679324  
8424.292359  
8447.814357  
8422.73274  
8414.324278  
8423.49623  
8409.461369  
8403.360888  
8374.463702  
8376.286842  
8386.465679  
8422.298187  
8419.087125  
8438.601199  
8458.293366  
8367.301642  
8351.443901  
8369.408991  
8413.558679  
8415.733714  
8363.41541  
8353.012551  
8364.359023  
8387.241524  
8391.187675  
8393.490205  
8354.715077  
8395.332218  
8377.510485  
8391.860108  
8439.443563  
8472.214119  
8404.470235  
8325.565393  
8320.081346  
8360.77421  
8355.718901  
8383.304537  
8406.770962  
8407.935168  
8365.50447  
8364.856355  
8399.875313  
8434.602385  
8462.697315  
8453.959352  
8432.411879  
8436.690305  
8420.053984  
8408.88016  
8358.647464  
8390.628847  
8381.494599  
8359.787165  
8341.566132  
8390.23431  
8392.853329  
8443.109115  
8442.787377  
8441.280222  
8392.408441  
8381.261716  
