5347.682816  
5330.015241  
5378.147325  
5352.350937  
5388.431209  
5396.459451  
5390.390788  
5391.141237  
5413.020132  
5422.556622  
5404.644438  
5432.743909  
5394.557613  
5410.857197  
5396.965899  
5407.433323  
5415.678114  
5399.875392  
5408.021687  
5397.512152  
5427.798921  
5428.601007  
5408.684799  
5388.933653  
5397.872425  
5386.277833  
5427.738624  
5399.862855  
5403.856466  
5398.19924  
5407.171302  
5365.978728  
5391.004395  
5382.396025  
5369.436891  
5369.679023  
5412.089628  
5416.955815  
5386.171328  
5382.603027  
5396.19784  
5396.215715  
5407.607787  
5369.380861  
5356.824357  
5379.301703  
5394.149004  
5374.977752  
5379.917289  
5393.878312  
5396.336654  
5361.2103  
5354.292841  
5381.746486  
5392.760439  
5388.715306  
5369.419864  
5404.928506  
5386.227353  
5376.622948  
5380.4482  
5381.654353  
5385.971805  
5419.882948  
5392.283978  
5389.870263  
5391.669656  
5383.211336  
5409.517857  
5382.035363  
5393.042519  
5388.369721  
5427.839332  
5417.809841  
5373.094983  
5382.531239  
5384.782455  
5423.761441  
5421.262062  
5387.432224  
5373.323827  
5368.292616  
5400.121505  
5406.524931  
5380.150677  
5362.458129  
5353.519036  
5375.067723  
5398.725609  
5366.465247  
5388.778141  
5394.636301  
5401.930032  
5397.703557  
5384.813336  
5394.7384  
5415.862173  
5374.013148  
5398.696688  
5403.063756  
5417.315349  
5397.087095  
5414.716778  
5404.344447  
5371.645307  
5409.524246  
5429.8277  
5403.244486  
5401.385491  
5382.845378  
5402.469176  
5392.765282  
5379.537671  
5374.01067  
5353.484418  
5373.700236  
5361.630847  
5400.541403  
5402.170196  
5380.270001  
5353.902912  
5365.457794  
5396.342942  
5395.963144  
5424.847605  
5371.257153  
5390.065054  
5389.335501  
5413.797925  
5405.198256  
5411.599412  
5388.438036  
5413.980122  
5424.953553  
5403.899131  
5396.245348  
5385.495158  
5398.472075  
5385.3969  
5393.938917  
5406.614125  
5398.882255  
5418.073643  
5386.463477  
5395.188027  
5406.702375  
5404.985011  
5399.490407  
5384.585881  
5407.867269  
5412.282808  
5465.326868  
5430.282588  
5448.166609  
5426.637415  
5399.50549  
5407.595495  
5414.998512  
5413.40028  
5382.473862  
5398.59445  
5412.560409  
5425.039618  
5423.055496  
5433.175159  
5408.683931  
5410.263954  
5409.188654  
5379.601534  
5418.329189  
5407.694495  
5383.80997  
5357.781531  
5389.294936  
5420.131847  
5402.495207  
5397.45201  
5377.481114  
5363.999403  
5400.580587  
5374.897919  
5358.461297  
5360.730383  
5388.192304  
5379.146949  
5379.513901  
5396.148902  
5391.454024  
5403.441595  
5382.404785  
5394.148547  
5381.865131  
5371.926946  
5395.171884  
5378.953833  
5417.744255  
5440.239446  
5390.937053  
5427.134673  
5371.389713  
5387.41656  
5361.071108  
5394.689725  
5415.535856  
5380.523531  
5371.245881  
5379.457585  
5404.470273  
5407.974671  
5415.219786  
5398.376492  
5382.235634  
5383.962058  
5409.722965  
5376.200519  
5380.724787  
5397.09951  
5423.751093  
5398.695229  
5381.88178  
5387.483644  
5412.468509  
5394.343656  
5378.67418  
5377.898651  
5369.767218  
5357.458528  
5372.322224  
5370.686469  
5377.532581  
5370.187354  
5399.198052  
5419.687755  
5422.750109  
5385.561043  
5382.573916  
5369.301018  
5383.846647  
5390.378909  
5401.332207  
5383.023892  
5395.403868  
5375.972757  
5399.286786  
5397.875083  
5396.201774  
5408.109145  
5386.086501  
5371.182045  
5389.926716  
5394.209285  
5385.033111  
5363.253776  
5389.438682  
5403.197205  
5378.714924  
5391.817152  
5410.233442  
5414.489113  
5411.119562  
5403.743853  
5383.509292  
5385.959456  
5402.572297  
5405.565563  
5406.952987  
5396.623093  
5394.73547  
5403.950075  
5385.187687  
5405.79973  
5380.31464  
5371.394832  
5373.266418  
5407.185042  
5428.941534  
5415.963708  
5408.082767  
5408.797049  
5387.981066  
5420.425559  
5397.38394  
5375.549602  
5387.773544  
5366.290634  
5395.832036  
5393.265848  
5368.287393  
5399.251132  
5404.168973  
5445.347613  
5501.68429  
5393.48071  
5407.253536  
5420.449757  
5449.305209  
5427.383551  
5416.59968  
5404.352211  
5407.393025  
5400.798009  
5400.476871  
5380.692226  
5400.908576  
5394.688394  
5415.098088  
5409.070579  
5392.64308  
5402.085488  
5381.652931  
5372.822687  
5378.032119  
5372.29475  
5372.085886  
5417.487421  
5414.837717  
5424.283043  
5385.169783  
5379.794068  
5376.671772  
5395.03071  
5375.377497  
5396.593172  
5382.817014  
5377.806459  
5401.114947  
5344.184565  
5364.051661  
5389.337718  
5378.72616  
5391.645235  
5383.299642  
5389.976104  
5397.176279  
5398.815027  
5391.145396  
5396.851572  
5389.101533  
5402.302396  
5389.600073  
5383.380887  
5413.408727  
5393.072368  
5381.529421  
5389.118823  
5381.01796  
5394.983087  
5380.890491  
5353.970523  
5381.983832  
5368.747225  
5381.379299  
5377.855462  
5380.501399  
5424.099588  
5405.641342  
5396.373529  
5384.344939  
5374.238029  
5389.172053  
5390.057628  
5386.504196  
5381.09288  
5378.01864  
5423.146974  
5412.451424  
5422.725495  
5413.995738  
5407.811603  
5393.374236  
5396.270629  
5420.482372  
5384.283971  
5376.160819  
5421.259273  
5444.172983  
5418.200643  
5414.248224  
5374.89794  
5385.724277  
5417.844835  
5425.725223  
5422.358106  
5405.096717  
5388.947221  
5382.664336  
5373.531278  
5403.093048  
5394.796185  
5393.563215  
5387.355367  
5397.010644  
5368.170447  
5404.700026  
5388.260964  
5399.689516  
5390.573287  
5388.943994  
5393.430985  
5394.271515  
5385.277234  
5390.195954  
5397.41461  
5359.564067  
5359.535971  
5357.342581  
5371.293282  
5370.919018  
5351.723569  
5385.717334  
5410.059729  
5418.507225  
5426.367316  
5431.627886  
5413.809489  
5416.584161  
5430.832964  
5388.896898  
5394.006235  
5404.791776  
5383.154764  
5432.007237  
5415.660702  
5417.679301  
5383.979104  
5406.316815  
5379.583477  
5402.194734  
5382.43835  
5384.819732  
5380.694067  
5375.922981  
5378.671209  
5411.239664  
5417.564373  
5390.485392  
5369.803536  
5384.52329  
5377.248894  
5353.867849  
5379.389907  
5386.323979  
5406.374049  
5389.007951  
5410.184074  
5407.837578  
5421.414719  
5415.63285  
5409.631215  
5385.705954  
5405.006236  
5401.932486  
5417.504183  
5404.913619  
5395.795132  
5409.044394  
5421.302272  
5414.660979  
5398.691606  
5419.468953  
5413.879657  
5376.665583  
5401.34618  
5366.527966  
5362.078716  
5371.173454  
5376.019384  
5408.711502  
5418.914748  
5397.231543  
5420.294397  
5393.418103  
5399.845357  
5394.402569  
5417.226833  
5387.388498  
5374.976752  
5359.048837  
5362.002871  
5393.520893  
5424.921116  
5434.921516  
5393.507573  
5390.640416  
5370.214058  
5401.928979  
5364.783992  
5402.815766  
5381.915582  
5382.403665  
5398.081052  
5427.071636  
5406.165759  
5377.495006  
5379.834763  
5385.544778  
5366.830407  
5376.215267  
5381.548765  
5380.016228  
5349.848792  
5394.023698  
5384.365829  
5397.497446  
5373.53234  
5410.119124  
5389.672392  
5369.51844  
5375.524862  
5397.176333  
5395.728071  
5387.57321  
5411.222329  
5381.034184  
5403.393517  
5413.634832  
5425.968132  
5426.145548  
5378.28608  
5388.392134  
5368.284726  
5369.354424  
5367.583537  
5384.565752  
5414.58969  
5383.440639  
5412.501368  
5411.378183  
5413.021924  
5420.719448  
5401.037294  
5397.537303  
5378.606817  
5408.527267  
5381.19665  
5402.499833  
5411.832615  
5398.398546  
5395.752535  
5438.34709  
5425.27686  
5402.284145  
5403.682768  
5414.821629  
5411.537392  
5416.38243  
5409.84794  
5412.028226  
5422.661075  
5391.214746  
5409.738824  
5399.476799  
5394.026146  
5434.828216  
5386.858234  
5377.412659  
5400.413667  
5410.302553  
5399.508754  
5402.061307  
5392.874605  
5340.596823  
5374.069593  
5351.505225  
5367.319722  
5384.182213  
5414.158981  
5377.844946  
5407.144361  
5382.673424  
5378.091226  
5399.943372  
5405.467517  
5404.519914  
5381.187683  
5399.512959  
5373.667803  
5373.284246  
5380.594035  
5403.436366  
5423.408452  
5393.592049  
5378.247551  
5400.289902  
5386.218577  
5393.865819  
5392.981509  
5385.137737  
5367.257025  
5345.142223  
5378.591569  
5373.347971  
5430.921065  
5368.9829  
5386.691538  
5410.960081  
5389.709552  
5376.949066  
5397.73283  
5425.75486  
5393.280374  
5383.754415  
5374.837159  
5366.972155  
5376.439242  
5385.91308  
5399.725701  
5406.780491  
5375.368764  
5385.147346  
5393.257275  
5378.544195  
5361.736439  
5364.668758  
5352.927704  
5378.074195  
5395.548149  
5411.56311  
5413.458638  
5411.36692  
5429.660535  
5432.008669  
5405.410202  
5384.56705  
5425.508164  
5415.317312  
5397.173504  
5387.643053  
5401.859882  
5406.747265  
5434.42303  
5395.117836  
5389.340579  
5399.193213  
5427.643351  
5393.978873  
5401.392523  
5411.551723  
5394.579646  
5395.722163  
5404.040964  
5389.661829  
5420.68421  
5427.130067  
5426.321683  
5393.343458  
5384.901205  
5397.672094  
5403.489899  
5387.259474  
5413.724551  
5407.054394  
5379.404818  
5387.874355  
5411.189708  
5382.906966  
5424.350266  
5410.298418  
5431.002851  
5393.470223  
5391.443334  
5420.512335  
5363.732993  
5368.671105  
5390.695547  
5378.275725  
5384.620209  
5369.203107  
5397.675546  
5387.725808  
5360.907826  
5358.191921  
5390.227806  
5416.04178  
5392.517091  
5389.094107  
5392.272098  
5366.805294  
5384.144031  
5357.634054  
5387.637664  
5418.522091  
5403.80334  
5404.30429  
5391.898828  
5401.761445  
5392.27978  
5373.62807  
5403.08862  
5385.328647  
5353.75356  
5414.595428  
5379.236191  
5395.013198  
5363.882194  
5396.555732  
5381.60592  
5361.598835  
5389.261999  
5394.954639  
5383.241747  
5415.210583  
5388.899401  
5359.200374  
5349.325844  
5385.790876  
5405.51589  
5428.545662  
5406.643375  
5377.593461  
5409.149653  
5391.971832  
5368.142454  
5374.094128  
5407.46346  
5421.763863  
5417.038962  
5409.834366  
5400.81425  
5376.771845  
5398.922637  
5401.279928  
5462.601536  
5445.452148  
5406.419275  
5412.06586  
5400.638857  
5377.720639  
5378.807453  
5400.081408  
5379.160588  
5422.719127  
5388.74648  
5366.150538  
5370.554185  
5375.010777  
5337.489972  
5385.654074  
5423.523107  
5425.220897  
5419.426672  
5426.806104  
5415.900582  
5395.873953  
5406.922184  
5422.045627  
5415.491374  
5377.898703  
5372.737445  
5387.113662  
5393.963035  
5365.224752  
5402.741522  
5366.918237  
5376.848624  
5415.207904  
5462.880898  
5428.651055  
5402.525971  
5406.190406  
5399.20696  
5415.245214  
5420.574493  
5419.458565  
5407.981929  
5367.413457  
5421.924323  
5384.913604  
5386.625081  
5396.459849  
5415.18385  
5392.697049  
5392.079497  
5396.827788  
5401.08813  
5379.042387  
5345.863058  
5368.348345  
5371.886747  
5348.060977  
5372.421916  
5370.360582  
5370.859676  
5377.791593  
5438.929648  
5444.848814  
5403.662942  
5392.262457  
5380.89277  
5403.466232  
5373.861523  
5420.62949  
5399.226097  
5392.236746  
5394.183537  
5396.702584  
5354.253105  
5365.215673  
5355.992928  
5389.32961  
5372.813198  
5366.252147  
5356.776761  
5368.046143  
5399.263953  
5417.81115  
5382.301014  
5344.211566  
5381.908237  
5364.486509  
5402.205406  
5384.478003  
5379.17348  
5392.142581  
5400.263957  
5399.027948  
5417.174267  
5437.775379  
5379.084296  
5389.116294  
5354.935229  
5381.980189  
5379.860196  
5363.636918  
5405.73631  
5374.066979  
5399.726438  
5400.412915  
5420.04651  
5380.124665  
5414.617556  
5475.441337  
5430.2736  
5405.918781  
5424.486527  
5395.82047  
5395.547115  
5430.539279  
5402.0858  
5384.173276  
5427.513055  
5366.653048  
5376.566425  
5365.137889  
5404.625762  
5394.703581  
5413.202663  
5369.893275  
5430.077852  
5409.136676  
5417.451408  
5406.911596  
5441.477275  
5406.812673  
5422.417931  
5406.342485  
5407.805191  
5397.869434  
5364.131916  
5367.698544  
5379.915462  
5388.737912  
5368.609782  
5362.712794  
5365.031627  
5379.66848  
5424.260028  
5427.209875  
5393.777564  
5418.903361  
5381.999048  
5365.671775  
5365.26042  
5353.470032  
5366.420167  
5385.224739  
5424.11064  
5398.962556  
5379.618674  
5354.059779  
5401.895166  
5380.045278  
5397.921159  
5387.004213  
5380.036461  
5383.680548  
5384.254759  
5398.045847  
5411.075073  
5375.263408  
5424.531372  
5416.961577  
5410.212542  
5372.77359  
5354.75715  
5419.818659  
5448.101987  
5413.086925  
5422.947309  
5385.437265  
5365.70557  
5365.962112  
5360.60109  
5349.821625  
5360.255163  
5385.690113  
5387.948007  
5387.332416  
5420.087168  
5425.425369  
5397.718562  
5411.852392  
5416.866722  
5391.32703  
5406.878652  
5395.985522  
5378.523709  
5405.173628  
5391.971619  
5386.629431  
5398.618181  
5408.299765  
5383.313472  
5389.686251  
5406.360092  
5408.910096  
5392.563737  
5362.939836  
5370.623551  
5370.33172  
5391.768394  
5402.236015  
5405.935736  
5419.500097  
5391.187264  
5417.368097  
5363.15941  
5428.427316  
5417.086986  
5360.684479  
5410.005676  
5384.876461  
5376.735734  
5386.644806  
5421.198799  
5409.078537  
5367.556806  
5377.745435  
5382.046383  
5365.999187  
5374.011096  
5374.565566  
5381.521077  
5393.486245  
5386.710853  
5371.855817  
5391.989803  
5432.103653  
5415.155871  
5453.265735  
5456.971146  
5430.760585  
5411.259004  
5402.946743  
5392.778325  
5425.587233  
5405.510595  
5378.229273  
5376.398047  
5420.596751  
5440.176568  
5417.770852  
5385.250057  
5396.892184  
5407.797239  
5406.391439  
5387.090062  
5390.636725  
5374.530794  
5382.462756  
5357.896408  
5337.161091  
5374.887754  
5422.383497  
5455.530621  
5424.798485  
5384.801106  
5378.371853  
5375.676991  
5356.635357  
5379.979322  
5442.919324  
5431.075623  
5418.921629  
5412.895052  
5424.989849  
5377.616555  
5405.276611  
5351.988185  
5391.048042  
5425.089238  
5380.675074  
5434.81199  
5380.936566  
5388.335925  
5360.958781  
5367.643156  
5367.612341  
5383.259388  
5405.848219  
5418.961714  
5415.789342  
5385.712885  
5341.284869  
5345.65739  
5342.078  
5354.857989  
5360.223191  
5363.289992  
5378.198151  
5359.821338  
5389.119363  
5374.959384  
5362.504668  
5379.208933  
5390.243829  
5412.359953  
5374.014344  
5366.020247  
5388.517427  
5383.884505  
5398.28393  
5412.914068  
5384.862585  
5444.922854  
5446.061667  
5426.934625  
5412.213271  
5411.235635  
5436.51798  
5427.274414  
5436.501176  
5413.147673  
5414.042758  
5390.109441  
5370.62611  
5422.49986  
5417.238722  
5412.421953  
5438.326857  
5411.560284  
5388.626689  
5379.936509  
5384.992549  
5396.660364  
5368.305265  
5394.961805  
5366.610972  
5370.817368  
5426.062683  
5438.816451  
5400.351643  
5395.380189  
5394.260734  
5385.517416  
5408.736981  
5395.994923  
5376.595073  
5416.132815  
5388.730761  
5396.939022  
5402.330487  
5394.598597  
5401.100846  
5377.667655  
5409.945252  
5403.488833  
5370.724566  
5411.263708  
5384.826266  
5351.35983  
5381.651788  
5405.88833  
5390.163583  
5348.97914  
5375.58374  
5408.053183  
5410.634799  
5413.072556  
5374.541351  
5392.26657  
5351.79471  
5372.852377  
5327.400031  
5402.582226  
5442.080271  
5393.209351  
5410.641388  
5403.631054  
5373.822303  
5401.25323  
5417.18129  
5379.333769  
5383.909461  
5352.423405  
5372.039136  
5352.122555  
5363.847303  
5401.678718  
5424.832948  
5443.916531  
5403.215101  
5377.885188  
5375.955327  
5391.805378  
5385.794342  
5366.208165  
5389.928108  
5333.910217  
5349.057642  
5372.148271  
5446.388695  
5437.359332  
5431.802066  
5433.911974  
5420.997928  
5412.361073  
5399.772932  
5424.251004  
5399.231157  
5398.682769  
5382.944559  
5418.882118  
5400.951502  
5407.498965  
5407.29408  
5394.461201  
5408.91586  
5405.886829  
5406.417079  
5410.41153  
5386.644745  
5348.404402  
5356.70356  
5364.683309  
5406.888375  
5409.16625  
5340.914911  
5356.439603  
5414.076957  
5407.090504  
5397.126947  
5407.288673  
5391.247963  
5389.006922  
5381.889386  
5394.000882  
5419.764307  
5396.675891  
5415.56055  
5375.188582  
5388.820032  
5410.156337  
5401.166572  
5407.449011  
5344.90468  
5380.739852  
5366.540999  
5347.97316  
5369.36704  
5389.193827  
5410.948882  
5384.494592  
5377.35592  
5403.324901  
5442.478245  
5383.732767  
5428.083224  
5390.123653  
5430.98667  
5406.996125  
5381.50169  
5393.501819  
5405.739872  
5375.612422  
5372.193316  
5403.689268  
5374.129896  
5356.133488  
5377.993253  
5375.430362  
5342.204303  
5337.905554  
5419.150629  
5449.450131  
5433.094431  
5386.285589  
5448.229051  
5386.819714  
5416.813475  
5406.085778  
5396.803443  
5385.182344  
5371.801023  
5390.315332  
5373.660426  
5386.410771  
5376.840838  
5401.956857  
5386.662743  
5377.579916  
5410.346239  
5391.539436  
5369.163423  
5357.147427  
5378.184648  
5416.838257  
5380.267743  
5381.49172  
5399.85968  
5418.18885  
5398.695367  
5389.15985  
5369.305688  
5425.742901  
5400.706289  
5374.663143  
5388.483669  
5405.031904  
5430.440406  
5411.522058  
5382.254672  
5374.388993  
5333.606089  
5366.543609  
5409.604107  
5442.78304  
5406.125862  
5399.273237  
5383.857605  
5408.42202  
5394.602553  
5470.046182  
5423.516747  
5424.264336  
5389.670171  
5397.452697  
5411.778044  
5396.143926  
5411.672942  
5365.882633  
5397.282185  
5380.052926  
5415.780114  
5418.70592  
5365.825908  
5362.978344  
5355.164667  
5359.085515  
5384.045784  
5363.312715  
5403.456584  
5405.757932  
5388.323635  
5345.895143  
5387.051124  
5402.844434  
5374.11096  
5385.3998  
5417.634129  
5411.989829  
5415.478195  
5384.371843  
5373.120454  
5407.879321  
5382.630875  
5387.084429  
5386.172524  
5401.267456  
5396.055611  
5368.897863  
5383.849781  
5378.587721  
5419.169912  
5403.715947  
5400.108354  
5409.27037  
5409.319839  
5417.187664  
5403.171729  
5394.655211  
5359.913008  
5377.09333  
5405.607995  
5360.254207  
5386.236178  
5408.017432  
5407.712532  
5447.837203  
5430.346481  
5425.570012  
5403.99376  
5426.371696  
5409.553378  
5407.311497  
5390.353328  
5422.814059  
5395.962804  
5414.696621  
5413.004734  
5407.127212  
5425.885933  
5384.113047  
5369.695131  
5372.605212  
5362.387704  
5377.486192  
5368.399208  
5358.647706  
5346.648361  
5349.743985  
5386.385393  
5462.382014  
5380.152399  
5365.258675  
5406.175998  
5369.488038  
5394.628453  
5404.393868  
5403.94076  
5382.466204  
5358.987451  
5381.232725  
5383.795046  
5425.717861  
5396.322714  
5366.559181  
5371.18193  
5410.60668  
5391.578917  
5391.842213  
5388.74924  
5397.204922  
5393.194314  
5396.970264  
5336.014796  
5343.948423  
5387.394944  
5387.865427  
5420.420327  
5428.285746  
5386.489689  
5386.484612  
5391.09354  
5407.563681  
5402.232936  
5437.201087  
5459.601742  
5446.425848  
5424.699958  
5454.157617  
5419.120054  
5431.226292  
5427.541875  
5418.781958  
5386.667237  
5385.963248  
5389.656356  
5375.693954  
5351.846036  
5383.750201  
5419.034266  
5440.115274  
5385.670265  
5430.15426  
5463.052569  
5453.316416  
5412.520706  
5427.229114  
5427.104515  
5416.053891  
5430.502637  
5412.037261  
5396.101478  
5384.276764  
5381.969426  
5384.992685  
5395.993682  
5401.671311  
5382.176073  
5370.020743  
5333.411593  
5353.481879  
5395.761954  
5353.306214  
5359.197738  
5349.108734  
5388.395651  
5393.616745  
5391.419872  
5405.422422  
5375.688525  
5412.262565  
5379.840667  
5367.519965  
5364.348662  
5353.599841  
5358.561517  
5387.112371  
5364.434258  
5381.43712  
5406.040354  
5446.131652  
5429.207107  
5423.302979  
5420.994607  
5412.512882  
5381.818001  
5361.209638  
5353.824726  
5347.344841  
5333.422816  
5364.456976  
5388.002245  
5375.243665  
5349.998745  
5382.476875  
5364.580634  
5399.71847  
5370.360917  
5401.840269  
5422.976631  
5403.817178  
5383.761192  
5446.461351  
5423.806561  
5412.640059  
5403.892609  
5412.834227  
5414.116005  
5390.603341  
5414.441656  
5402.191305  
5414.297013  
5432.719205  
5392.178065  
5414.152864  
5362.030392  
5358.477757  
5358.751127  
5365.44064  
5368.424313  
5396.550651  
5441.263195  
5419.557076  
5416.009002  
5385.046769  
5425.696446  
5411.161889  
5397.197849  
5438.433586  
5429.629085  
5390.425457  
5397.774847  
5371.243742  
5353.513942  
5362.853557  
5374.178345  
5434.720238  
5415.853326  
5397.720165  
5357.028803  
5355.559689  
5376.48137  
5344.381962  
5341.637293  
5406.292575  
5418.379666  
5388.993338  
5415.865724  
5394.436972  
5386.991669  
5416.58302  
5398.890596  
5394.523807  
5431.543977  
5416.401166  
5395.357929  
5429.490696  
5429.579985  
5418.74112  
5384.065122  
5409.798928  
5411.948692  
5395.435237  
5399.725094  
5406.201467  
5411.947561  
5333.833383  
5389.972213  
5414.000025  
5404.463545  
5345.57738  
5360.34011  
5358.414395  
5409.515524  
5395.759572  
5402.25069  
5354.40374  
5353.36205  
5396.260402  
5402.548151  
5368.491305  
5362.330096  
5390.833955  
5384.09556  
5388.379169  
5359.680168  
5380.140746  
5392.5099  
5371.933221  
5381.967228  
5368.384804  
5370.134893  
5401.601631  
5369.868113  
5386.475446  
5365.27777  
5361.664424  
5336.87633  
5359.508553  
5406.701825  
5430.120167  
5365.215973  
5435.005944  
5397.054371  
5431.005589  
5405.904878  
5418.473604  
5424.733344  
5438.380551  
5423.758893  
5431.832241  
5410.748376  
5430.843417  
5420.739767  
5408.79414  
5403.474573  
5372.074386  
5370.247233  
5354.367085  
5359.927482  
5377.808752  
5393.853716  
5424.77732  
5417.619618  
5392.170961  
5409.266632  
5375.868449  
5381.61384  
5365.165317  
5379.317651  
5376.816029  
5434.137412  
5404.564523  
5381.305454  
5385.46899  
5396.793081  
5383.334149  
5361.379654  
5380.552743  
5362.38676  
5357.614166  
5377.576173  
5428.736175  
5428.994474  
5375.048801  
5408.251671  
5368.51399  
5402.094486  
5400.044178  
5371.104421  
5399.506397  
5339.363748  
5354.012849  
5400.282933  
5392.630304  
5388.764724  
5378.129975  
5419.176934  
5418.104772  
5427.865663  
5403.118915  
5448.482529  
5462.960526  
5421.169836  
5428.660762  
5424.746962  
5410.8776  
5405.008995  
5432.965896  
5445.750012  
5414.780491  
5394.26831  
5401.77943  
5423.727774  
5411.543562  
5442.571512  
5407.981132  
5417.050531  
5390.396267  
5372.883841  
5403.49333  
5357.610156  
5379.409603  
5365.283  
5360.931162  
5390.365798  
5380.883257  
5398.306138  
5394.541332  
5413.680567  
5394.271832  
5359.383809  
5347.275612  
5345.722359  
5396.847113  
5401.531136  
5391.170398  
5356.437461  
5383.258369  
5387.85527  
5364.141915  
5405.916651  
5393.383248  
5388.678938  
5352.335434  
5379.333112  
5372.200284  
5416.575038  
5443.021472  
5410.448975  
5411.831024  
5409.659318  
5413.951525  
5422.826046  
5391.194209  
5372.351781  
5377.494416  
5386.18475  
5412.135574  
5431.176876  
5385.527675  
5390.525144  
5380.935254  
5402.243553  
5381.199977  
5412.826695  
