9224.069914  
9171.961441  
9149.036636  
9197.182634  
9240.902918  
9223.378457  
9250.18505  
9281.538559  
9272.307186  
9342.974137  
9275.456637  
9287.098473  
9287.42117  
9249.389141  
9282.328576  
9292.167405  
9292.576781  
9295.120457  
9222.381419  
9197.379628  
9245.07269  
9248.03089  
9249.492757  
9268.292589  
9281.221334  
9273.941013  
9254.16064  
9215.167169  
9192.827058  
9209.484506  
9200.65124  
9250.768724  
9250.461185  
9212.499534  
9207.768019  
9216.099697  
9259.116559  
9296.598136  
9220.10321  
9212.748366  
9200.822975  
9255.518653  
9246.78207  
9230.593431  
9205.209093  
9159.212357  
9166.835864  
9192.645621  
9208.990296  
9260.788437  
9239.775776  
9293.580915  
9260.147963  
9245.613263  
9285.007656  
9225.570326  
9189.599897  
9202.702444  
9186.313254  
9171.79338  
9219.831824  
9261.36411  
9234.184241  
9249.687852  
9267.963214  
9281.984422  
9246.927939  
9224.976824  
9228.492928  
9207.457397  
9251.347113  
9235.914515  
9232.387951  
9246.943623  
9250.414145  
9317.207692  
9270.137649  
9283.601158  
9264.612383  
9243.92973  
9216.588133  
9217.994205  
9254.954744  
9166.452482  
9142.427305  
9115.181756  
9140.284005  
9146.339296  
9150.682956  
9158.256262  
9197.493211  
9215.83815  
9230.735943  
9238.014918  
9253.679165  
9316.246421  
9299.65015  
9313.36946  
9306.994646  
9296.791887  
9273.008715  
9267.598537  
9231.725364  
9221.6108  
9272.96494  
9301.718271  
9294.603223  
9253.535723  
9257.670744  
9287.669574  
9274.344201  
9253.588586  
9201.817309  
9219.785771  
9190.633527  
9179.469832  
9234.161099  
9294.461681  
9252.889801  
9230.642525  
9195.142661  
9182.697424  
9207.962632  
9197.681048  
9191.465095  
9204.881901  
9233.6089  
9245.001325  
9230.75795  
9209.743104  
9219.245603  
9231.265761  
9263.758513  
9292.243047  
9245.771564  
9241.263241  
9272.218107  
9272.845903  
9274.263329  
9246.980584  
9269.540451  
9286.740639  
9301.104437  
9304.678363  
9292.390827  
9303.834059  
9270.997208  
9252.260618  
9237.356167  
9263.836454  
9278.652807  
9289.302214  
9260.412763  
9241.376155  
9217.895194  
9208.652392  
9272.335507  
9313.901478  
9267.486216  
9232.746993  
9215.829945  
9170.432967  
9198.516386  
9244.361764  
9231.866821  
9246.208044  
9194.876619  
9183.407545  
9197.427599  
9205.819  
9189.680485  
9136.197827  
9200.048382  
9171.365904  
9213.688167  
9261.260683  
9232.839171  
9219.675153  
9230.884298  
9237.904534  
9231.218528  
9252.573195  
9253.93471  
9277.353559  
9305.697039  
9262.257359  
9261.85515  
9145.08106  
9078.452461  
9153.234754  
9178.13207  
9188.100784  
9192.937344  
9180.585773  
9219.203672  
9199.916695  
9234.667559  
9260.741367  
9275.403314  
9279.792035  
9304.873766  
9328.523617  
9312.035912  
9261.028743  
9287.005293  
9279.593132  
9226.721009  
9255.931721  
9278.078502  
9300.030449  
9301.529113  
9288.780254  
9229.928286  
9258.387655  
9241.302561  
9237.190171  
9197.747027  
9200.936673  
9224.437664  
9285.006482  
9271.028299  
9262.519768  
9290.513479  
9287.266105  
9287.714206  
9307.105975  
9278.92281  
9273.46158  
9292.900412  
9331.895291  
9316.21643  
9294.748119  
9270.269894  
9235.93858  
9206.023283  
9209.400709  
9220.165908  
9226.003946  
9189.158903  
9214.624185  
9228.271516  
9214.989882  
9247.267366  
9213.100171  
9210.623814  
9226.957179  
9269.794636  
9265.947013  
9244.632843  
9231.916885  
9230.766804  
9244.031842  
9292.237465  
9295.50473  
9301.948439  
9235.355988  
9236.291437  
9259.066306  
9262.918103  
9262.344089  
9234.4233  
9239.550865  
9252.603283  
9242.390462  
9265.484359  
9242.572502  
9245.35551  
9270.160518  
9268.628894  
9288.667593  
9299.56798  
9351.532711  
9295.156155  
9184.481135  
9155.40565  
9127.29555  
9174.529426  
9204.073257  
9208.705164  
9207.71972  
9209.38764  
9180.511887  
9204.329609  
9245.392626  
9227.633155  
9209.670586  
9204.291086  
9185.608155  
9183.623273  
9199.701098  
9241.925082  
9244.276422  
9224.510781  
9219.901835  
9246.046104  
9286.987603  
9321.56555  
9271.883272  
9264.723835  
9305.2878  
9314.425285  
9306.291851  
9304.620222  
9249.94969  
9273.851473  
9298.060539  
9285.571381  
9290.319127  
9296.985221  
9233.552375  
9240.935671  
9283.81015  
9246.879168  
9239.79214  
9242.205559  
9238.861306  
9231.861209  
9187.542985  
9223.084834  
9263.957924  
9300.632822  
9203.532522  
9219.204826  
9210.382999  
9214.487978  
9259.885577  
9250.770531  
9261.578855  
9260.787203  
9266.454841  
9287.909298  
9288.460293  
9233.509716  
9173.135044  
9227.261309  
9196.734927  
9029.348308  
9099.519166  
9166.15901  
9143.047012  
9201.377792  
9219.62009  
9247.703358  
9240.464593  
9271.624995  
9276.701736  
9289.814743  
9279.654598  
9290.064229  
9346.197573  
9327.268621  
9340.358618  
9349.31879  
9298.779382  
9248.808859  
9286.620219  
9245.119092  
9215.375698  
9206.714177  
9211.890766  
9236.223778  
9219.537708  
9272.611593  
9215.329551  
9251.560754  
9219.504536  
9231.946622  
9257.789661  
9274.549979  
9252.715023  
9208.66306  
9229.839465  
9238.188916  
9238.837504  
9250.766218  
9248.112341  
9248.95291  
9252.957235  
9251.709989  
9267.858187  
9224.894903  
9197.513651  
9269.772549  
9267.240812  
9236.492037  
9220.615428  
9176.580597  
9167.172046  
9211.606386  
9180.010568  
9307.895801  
9282.093955  
9272.582223  
9255.602865  
9237.570745  
9235.522241  
9272.252777  
9272.921223  
9271.856619  
9247.41479  
9267.375857  
9276.716897  
9300.643629  
9292.094302  
9269.708928  
9274.592343  
9308.354228  
9283.589103  
9318.914247  
9263.991383  
9228.141743  
9275.92896  
9282.586423  
9308.458326  
9293.235475  
9290.802553  
9260.70391  
9266.251305  
9265.97488  
9234.05507  
9249.833331  
9242.408869  
9246.597118  
9211.949012  
9173.017033  
9201.534062  
9243.725869  
9220.728761  
9189.772629  
9236.450452  
9203.70145  
9223.439578  
9186.247603  
9221.170344  
9210.821396  
9184.56367  
9209.373257  
9186.753833  
9176.722705  
9215.501233  
9245.553874  
9263.286103  
9250.621805  
9269.835352  
9237.943708  
9236.123905  
9277.720512  
9313.135988  
9281.011931  
9273.14087  
9259.907955  
9200.875074  
9223.57601  
9248.94481  
9290.689951  
9270.384092  
9275.151488  
9225.070347  
9234.198907  
9259.70747  
9263.930537  
9300.101961  
9315.398788  
9273.894685  
9233.815629  
9225.329764  
9226.194645  
9219.240204  
9210.798866  
9256.717529  
9254.262822  
9247.447972  
9253.802044  
9204.604398  
9205.82144  
9221.02428  
9238.195683  
9229.807743  
9191.778001  
9172.425164  
9186.194673  
9227.351162  
9213.300177  
9231.468208  
9254.621094  
9246.598586  
9237.78964  
9266.204237  
9212.737131  
9263.46324  
9244.11712  
9182.205576  
9167.742015  
9145.201567  
9173.61351  
9167.892574  
9178.146351  
9198.65887  
9203.284531  
9224.366087  
9257.553468  
9257.941809  
9254.024743  
9252.471194  
9264.946642  
9262.140228  
9289.591725  
9283.005901  
9308.207785  
9279.952882  
9264.656054  
9237.42002  
9240.214352  
9239.915584  
9287.709547  
9280.268461  
9248.401288  
9278.190416  
9278.758053  
9277.789483  
9255.835823  
9279.787215  
9260.223299  
9234.550149  
9228.817249  
9262.199678  
9303.687939  
9315.854563  
9336.533719  
9330.26282  
9308.404861  
9277.253522  
9246.789254  
9205.829011  
9189.958727  
9224.4739  
9272.066636  
9287.733786  
9242.777804  
9275.882042  
9283.911399  
9202.725743  
9168.679259  
9114.74772  
9141.824923  
9166.61814  
9190.775688  
9199.008674  
9218.113226  
9255.097438  
9226.466109  
9240.242274  
9227.737777  
9218.571157  
9274.905724  
9262.254146  
9245.181475  
9190.538963  
9217.87791  
9205.453076  
9197.967606  
9228.95036  
9251.826567  
9264.467662  
9256.362909  
9285.142036  
9308.764029  
9295.498876  
9382.408776  
9365.538287  
9280.296891  
9312.164441  
9293.822533  
9253.681226  
9268.017304  
9230.348145  
9266.975099  
9260.494237  
9262.123746  
9249.409272  
9206.83633  
9256.73271  
9192.58637  
9176.075143  
9204.49492  
9235.039801  
9203.439138  
9192.641885  
9210.618898  
9237.313711  
9309.787995  
9257.466846  
9224.453762  
9200.188776  
9166.113866  
9229.111934  
9200.749475  
9202.079091  
9215.967332  
9204.903072  
9214.012708  
9241.86852  
9253.643889  
9217.483778  
9213.01729  
9194.245549  
9221.494377  
9245.594917  
9250.01251  
9254.027358  
9243.073026  
9242.790382  
9274.001442  
9260.273397  
9250.232774  
9260.187147  
9271.613657  
9257.512887  
9237.325831  
9169.089237  
9171.128275  
9226.267896  
9260.54081  
9248.735666  
9192.272049  
9401.39489  
9324.049128  
9313.205221  
9324.701524  
9328.86307  
9318.81904  
9293.699779  
9318.090427  
9309.833188  
9335.723718  
9291.501595  
9296.521253  
9298.443337  
9276.653195  
9264.050035  
9269.517507  
9275.192831  
9255.836102  
9291.100135  
9271.466576  
9230.464262  
9267.282559  
9242.527979  
9224.893525  
9272.719917  
9224.652164  
9189.986811  
9157.212716  
9231.364293  
9283.631416  
9225.181356  
9190.066812  
9203.541912  
9203.044638  
9202.656602  
9216.553115  
9229.051691  
9215.477044  
9246.328747  
9253.12661  
9288.919023  
9310.03715  
9260.871831  
9218.268449  
9184.434116  
9206.261174  
9236.619708  
9282.387598  
9285.378218  
9226.721827  
9220.031879  
9213.219777  
9226.241678  
9231.857895  
9225.768713  
9246.805709  
9225.238211  
9208.68095  
9216.523519  
9241.84578  
9270.690303  
9257.466223  
9242.487301  
9246.59621  
9228.494417  
9280.505134  
9264.059121  
9269.111162  
9232.403135  
9217.343616  
9161.663918  
9181.65526  
9215.128866  
9259.769841  
9231.470136  
9230.467632  
9238.779151  
9261.136472  
9211.671167  
9242.424029  
9243.966936  
9247.151625  
9235.750266  
9222.793881  
9237.203561  
9251.991542  
9236.117609  
9220.420431  
9210.914451  
9229.122408  
9283.739319  
9262.469  
9233.359892  
9224.741214  
9253.711847  
9261.418826  
9269.964905  
9270.786479  
9236.722297  
9263.261872  
9276.020977  
9261.573607  
9257.156537  
9242.791379  
9259.836735  
9306.701664  
9283.976836  
9268.431225  
9261.865236  
9294.228645  
9312.936027  
9281.98449  
9264.258691  
9253.866984  
9220.004274  
9179.14214  
9203.085246  
9243.836777  
9268.16849  
9268.380228  
9234.792063  
9212.634961  
9211.044141  
9252.952855  
9309.304307  
9290.49033  
9287.072549  
9287.301947  
9252.236649  
9188.014651  
9194.525004  
9227.501223  
9236.154596  
9202.164509  
9228.610049  
9217.592096  
9223.569337  
9260.529346  
9237.325828  
9226.306413  
9194.129583  
9202.899962  
9187.674197  
9242.815608  
9284.611834  
9316.874035  
9269.406042  
9277.823766  
9270.579875  
9307.293539  
9305.240211  
9232.233242  
9208.14145  
9197.834314  
9205.892839  
9202.832142  
9288.409157  
9225.923448  
9222.274379  
9257.786964  
9282.553151  
9257.515856  
9246.467876  
9238.030717  
9274.005967  
9271.764221  
9257.597479  
9222.051363  
9233.745009  
9240.917364  
9272.223219  
9290.25424  
9278.807575  
9238.424053  
9239.425418  
9213.352119  
9191.210027  
9193.215322  
9214.979376  
9254.952331  
9237.390099  
9261.41988  
9245.665942  
9220.518492  
9206.763477  
9206.466596  
9222.470615  
9195.279261  
9182.508259  
9238.947226  
9224.077788  
9248.858602  
9293.729194  
9274.954268  
9206.56758  
9142.363847  
9120.027128  
9136.928041  
9136.955045  
9187.905929  
9202.253045  
9243.132759  
9262.24196  
9281.820068  
9266.105866  
9301.771897  
9244.232201  
9250.347814  
9300.64024  
9284.816231  
9276.36897  
9225.442359  
9222.38064  
9245.213772  
9235.288189  
9241.836689  
9230.942209  
9229.948506  
9247.294714  
9297.883268  
9285.669298  
9230.960368  
9231.109351  
9235.029421  
9254.640158  
9243.353658  
9266.644093  
9257.638546  
9239.564155  
9230.532573  
9208.114908  
9232.360086  
9247.914393  
9254.034355  
9214.051492  
8960.52287  
9476.183949  
9350.386017  
9313.977267  
9281.471584  
9257.68638  
9272.482824  
9292.236382  
9303.597499  
9336.3117  
9329.451591  
9258.280305  
9242.47647  
9234.47452  
9250.286997  
9259.481138  
9292.577335  
9241.614551  
9243.537694  
9231.777118  
9248.314656  
9238.900281  
9219.538612  
9241.071011  
9253.213364  
9237.359598  
9257.855898  
9277.882072  
9272.649103  
9264.956897  
9262.60379  
9224.681699  
9227.881273  
9248.522849  
9223.378761  
9241.148898  
9230.680477  
9285.298752  
9258.050317  
9265.249485  
9295.8295  
9287.751467  
9251.344366  
9243.338949  
9253.297075  
9251.344907  
9204.887155  
9221.685831  
9222.173295  
9232.710747  
9256.984482  
9291.337604  
9237.865957  
9245.517443  
9252.784061  
9245.208124  
9263.541017  
9267.905756  
9244.754338  
9253.734189  
9226.531462  
9240.166553  
9251.345188  
9241.817413  
9229.216511  
9195.016638  
9208.618678  
9183.749433  
9216.60729  
9227.798254  
9188.326725  
9231.034541  
9258.785661  
9291.841102  
9250.579926  
9225.615393  
9221.098629  
9190.354036  
9201.670427  
9235.484879  
9273.817539  
9284.48382  
9270.441382  
9292.395304  
9287.970904  
9299.752741  
9265.710769  
9265.409872  
9256.1662  
9252.539375  
9234.284043  
9260.920483  
9252.47827  
9237.721746  
9260.213976  
9221.207951  
9203.283938  
9241.199049  
9222.525177  
9226.660749  
9198.879464  
9206.601735  
9180.807732  
9233.071847  
9289.019811  
9278.67066  
9263.871062  
9240.901279  
9193.087925  
9254.077021  
9234.025257  
9216.246823  
9209.582405  
9209.929366  
9215.970593  
9241.305191  
9263.772182  
9212.283779  
9207.38205  
9222.922713  
9240.675046  
9246.131608  
9236.607353  
9218.458813  
9216.25055  
9233.624589  
9281.905848  
9251.506971  
9256.908568  
9256.524864  
9217.865133  
9225.731445  
9221.535018  
9255.513873  
9218.986865  
9287.846447  
9326.384775  
9249.876972  
9178.883515  
9258.410318  
9285.504624  
9305.296669  
9292.518256  
9247.967205  
9270.983842  
9275.096133  
9285.295557  
9311.563703  
9321.59607  
9261.329667  
9271.373241  
9285.607443  
9296.492907  
9276.356567  
9278.149008  
9303.757072  
9232.39057  
9267.253436  
9227.113009  
9281.075508  
9252.187045  
9259.330693  
9276.965761  
9224.040066  
9164.523494  
9226.294816  
9157.923911  
9122.675621  
9079.400751  
9134.941995  
9159.851039  
9125.257723  
9153.090507  
9176.082317  
9172.888069  
9318.200115  
9267.969226  
9225.450831  
9253.626984  
9297.6401  
9328.569252  
9309.975346  
9294.656497  
9260.053733  
9229.731452  
9248.691509  
9246.258901  
9294.662226  
9291.983768  
9241.027491  
9240.070133  
9297.268951  
9272.867425  
9249.694218  
9274.724117  
9261.622355  
9254.182603  
9272.35759  
9239.719803  
9227.251544  
9248.900879  
9273.434188  
9279.238408  
9252.152094  
9282.048454  
9261.338768  
9258.307454  
9240.492874  
9273.040711  
9273.117827  
9246.442934  
9238.267731  
9228.824834  
9249.872342  
9247.832474  
9260.386681  
9281.906604  
9297.670995  
9243.396225  
9229.611868  
9209.72048  
9228.432051  
9284.549986  
9225.732119  
9215.407929  
9228.513889  
9234.08315  
9246.337901  
9256.392271  
9286.733075  
9275.744407  
9279.240364  
9269.97605  
9252.428274  
9220.479069  
9241.060369  
9244.503702  
9248.315023  
9246.277642  
9298.303629  
9296.691485  
9265.897243  
9269.653133  
9249.439109  
9228.369515  
9194.671426  
9194.093886  
9179.196186  
9241.58211  
9271.181889  
9245.763882  
9227.938226  
9218.087312  
9214.57557  
9243.940307  
9246.701712  
9246.385283  
9272.477045  
9255.505861  
9284.407643  
9206.01728  
9241.899886  
9221.942695  
9292.098618  
9297.642765  
9330.386574  
9210.661196  
9253.836802  
9264.175826  
9162.533942  
9117.951465  
9102.789144  
9049.306016  
9092.752224  
9104.811874  
9173.917666  
9208.251862  
9252.9097  
9255.111524  
9279.94611  
9279.99669  
9287.947176  
9313.349443  
9281.337524  
9294.246336  
9262.909194  
9284.489006  
9260.035404  
9242.164993  
9310.057523  
9313.023588  
9293.165995  
9273.28763  
9236.696895  
9226.215458  
9237.497682  
9241.338245  
9275.637277  
9247.034643  
9263.408315  
9274.558874  
9259.018174  
9230.961541  
9198.228158  
9236.943597  
9280.39836  
9235.900144  
9247.565609  
9232.479814  
9225.602275  
9221.709428  
9227.185196  
9264.867759  
9227.296987  
9212.80926  
9234.484559  
9229.92957  
9208.523602  
9230.587467  
9224.274363  
9265.681264  
9285.21446  
9288.638792  
9266.793021  
9260.933358  
9288.7694  
9248.788547  
9245.976618  
9268.087803  
9264.684046  
9261.203677  
9254.674797  
9263.893738  
9251.769808  
9260.780574  
9266.949528  
9248.403635  
9251.711362  
9240.654949  
9233.457819  
9222.914962  
9216.19289  
9207.463211  
9272.958822  
9253.733615  
9225.609795  
9281.797024  
9278.227764  
9272.2492  
9268.081461  
9261.421494  
9265.04319  
9262.392415  
9261.463527  
9251.16754  
9237.815789  
9268.041804  
9271.347817  
9312.663694  
9280.038122  
9239.54606  
9277.290981  
9288.659801  
9260.503453  
9250.386447  
9228.331974  
9246.223511  
9251.24994  
9204.899004  
9192.361811  
9223.765188  
9238.18755  
9217.913853  
9229.362431  
9207.717625  
9232.66757  
9240.766431  
9221.05663  
9238.900798  
9240.838798  
9273.713614  
9250.349724  
9250.156943  
9245.712116  
9257.481602  
9264.541554  
9277.061505  
9222.908519  
9199.423391  
9248.662879  
9224.47251  
9254.815275  
9255.009686  
9256.599807  
9256.341633  
9267.900139  
9271.701988  
9246.867795  
9257.194381  
9246.709476  
9297.83443  
9259.508271  
9230.560358  
9221.797313  
9272.309887  
9328.912143  
9314.050663  
9308.147726  
9229.633248  
9209.556315  
9187.773103  
9207.003778  
9198.397178  
9220.690843  
9237.859366  
9186.338733  
9187.940019  
9321.57783  
9269.000473  
9205.995134  
9157.192619  
9134.156047  
9144.753162  
9144.759355  
9165.339588  
9204.003231  
9208.605779  
9259.873352  
9312.008383  
9283.02651  
9297.866419  
9274.087015  
9291.123882  
9301.489206  
9267.875084  
9284.490012  
9289.48275  
9292.647253  
9260.536711  
9288.807397  
9284.450601  
9345.389931  
9348.605222  
9322.854021  
9282.506321  
9261.824838  
9319.077393  
9310.119515  
9281.369851  
9301.004985  
9296.242976  
9257.128545  
9222.326038  
9220.773088  
9168.916709  
9179.774506  
9215.26784  
9238.136938  
9250.342023  
9246.783348  
9282.798074  
9229.120497  
9211.766641  
9205.755779  
9185.159206  
9197.633436  
9227.874396  
9249.907513  
9271.387377  
9254.467986  
9256.344724  
9260.999514  
9298.655456  
9295.816294  
9282.841991  
9377.027597  
9346.154475  
9116.933348  
8983.754444  
9368.065214  
9246.28998  
9084.572377  
9348.131278  
9367.860009  
9154.961358  
9402.852059  
9183.998504  
9167.832917  
9093.15094  
9141.343869  
9185.603403  
9190.407672  
9193.956032  
9152.673144  
9122.920429  
9223.761149  
9297.58388  
9321.818132  
9309.630705  
9261.343262  
9282.116887  
9309.947604  
9306.865081  
9285.943168  
9253.877165  
9264.281902  
9237.524139  
9223.778749  
9238.356624  
9230.457614  
9233.684952  
9243.984961  
9248.282438  
9248.453621  
9260.219254  
9213.763216  
9215.010459  
9242.377855  
9248.527302  
9219.325297  
9220.591053  
9202.294605  
9205.127568  
9221.594715  
9243.09123  
9222.377533  
9215.90623  
9201.078552  
9207.211556  
9202.109242  
9197.894281  
9229.385289  
9253.795606  
9276.426333  
9227.670518  
9223.652342  
9184.195299  
9212.331879  
9272.305546  
9292.992584  
9291.972334  
9264.245503  
9223.762839  
9257.118137  
9307.542002  
9330.772761  
9282.177873  
9288.616396  
9278.044569  
9270.018139  
9255.557079  
9239.542449  
9218.859354  
9233.880367  
9211.381511  
9240.48418  
9257.918183  
9288.300287  
9271.885135  
9246.26855  
9207.989159  
9225.914546  
9213.648598  
9212.391166  
9258.717369  
9264.943362  
9258.596574  
9247.024697  
9221.788567  
9220.112787  
9271.773292  
9228.019  
9203.821275  
9245.683395  
9234.914022  
9253.025102  
9253.082313  
9245.33788  
9246.707675  
9252.469434  
9236.344167  
9242.787746  
9238.615701  
9194.261096  
9202.080818  
9174.670754  
9178.27961  
9169.440843  
9186.861411  
9201.201203  
9218.16682  
9210.122303  
9200.50059  
9240.762881  
9258.149056  
9161.074152  
9269.282348  
9241.61228  
9130.421741  
9310.658353  
9263.7352  
9177.64817  
9209.198295  
9215.026656  
9190.973615  
9218.192575  
9255.654435  
9277.459009  
9251.038182  
9240.701742  
9284.466426  
9285.886264  
9289.678696  
9271.628574  
9301.916935  
9305.087564  
9302.556976  
9347.749032  
9354.036529  
9322.65873  
9305.676629  
9298.804856  
9261.293549  
9233.595673  
9210.864811  
9229.127433  
9236.537705  
9202.4507  
9211.581265  
9172.927935  
9208.738913  
9264.63545  
9260.283719  
9227.319649  
9227.261294  
9260.328321  
9277.722199  
9291.554488  
9252.316021  
9247.213349  
9249.959827  
9240.74147  
9241.875931  
9225.431311  
9245.580708  
9230.601803  
9239.797808  
9238.365344  
9268.716336  
9292.324183  
9280.469015  
9273.933124  
9262.473514  
9300.65896  
9300.064488  
9268.054631  
9264.963918  
9305.521134  
9283.309123  
9243.39208  
9168.173074  
9189.426824  
9207.79649  
9015.138774  
9212.550038  
9169.509891  
9103.68441  
9159.626529  
9194.546144  
9209.489964  
9194.112242  
9234.305116  
9240.200881  
9278.763395  
9321.483646  
9287.971047  
9322.888034  
9299.735023  
9323.256544  
9297.802465  
9304.062484  
9269.787357  
9297.232197  
9312.573066  
9289.612405  
9261.553543  
9295.053959  
9281.404621  
9238.017962  
9245.453561  
9267.63483  
9336.208593  
9308.569614  
9211.403957  
9233.60399  
9224.900153  
9224.554067  
9233.420001  
9209.16452  
9203.423993  
9182.6131  
9195.722636  
9237.121876  
9257.271789  
9269.896492  
9230.176617  
9269.268612  
9281.13553  
9270.442244  
9244.909317  
9238.818239  
9277.94732  
9269.270814  
9239.58391  
9227.879985  
9226.78043  
9243.498814  
9236.885011  
9276.06861  
9311.769074  
9308.875405  
9254.943635  
9208.874854  
9238.61828  
9212.514201  
9187.402751  
9199.670825  
9189.906307  
9215.790887  
9241.787534  
9248.050651  
9226.307532  
9247.419809  
9223.464736  
9202.860618  
9227.466094  
9299.452131  
9263.251148  
9228.247909  
9253.220703  
9236.288977  
9235.980448  
9247.618338  
9233.90228  
9281.213114  
9259.98533  
9271.33812  
9252.555937  
9227.005648  
9232.597907  
9281.379534  
9284.894303  
9255.140978  
9217.469531  
9211.293273  
9201.338222  
9249.671727  
9234.159552  
9288.559774  
9251.023539  
9230.588079  
9249.089143  
9252.25379  
9258.952548  
9233.378795  
9216.917275  
9221.983437  
9219.028954  
9204.717881  
9232.646153  
9249.526185  
9235.896902  
9262.265702  
9291.987259  
9298.478423  
9244.047204  
9243.921276  
9272.604373  
9309.254103  
9315.479247  
9301.291559  
9224.76476  
9228.083284  
9290.696564  
9287.834108  
9225.115076  
9210.359986  
9205.818115  
9233.022335  
9261.518974  
9249.333209  
9246.371033  
9269.052346  
9230.80786  
9228.711397  
9202.552965  
9231.308597  
9249.332509  
9241.502813  
9231.795954  
9216.936246  
9209.791326  
9211.481199  
9239.048692  
9221.848832  
9227.324536  
9216.57822  
9254.710535  
9279.898316  
9299.800761  
9232.183472  
9241.652065  
9246.934371  
9261.310065  
9284.419799  
9253.173359  
9224.023644  
9232.513786  
9236.197561  
9283.232518  
9262.746706  
9239.93256  
9242.73767  
9240.207834  
9231.204511  
9250.514064  
9276.953985  
9244.705029  
9219.263528  
