11582.11593  
11489.33715  
11446.16189  
11502.57979  
11529.94602  
11506.86301  
11549.24475  
11575.58988  
11581.36727  
11665.30907  
11561.1601  
11630.31216  
11616.02824  
11539.20208  
11533.588  
11568.07126  
11643.11785  
11631.27419  
11514.43331  
11470.51348  
11571.08011  
11519.20688  
11532.16744  
11555.20763  
11580.08848  
11579.49375  
11516.35298  
11461.80945  
11449.22936  
11479.97968  
11489.69318  
11564.30821  
11560.475  
11502.71881  
11495.4415  
11500.84032  
11530.11947  
11586.08974  
11501.26989  
11489.50954  
11502.48953  
11565.57288  
11536.41887  
11491.07926  
11468.05665  
11410.64596  
11432.903  
11479.52664  
11480.86668  
11524.91205  
11518.85291  
11647.44616  
11586.07336  
11544.21101  
11575.66855  
11496.31331  
11457.13985  
11428.67863  
11472.74755  
11433.72275  
11499.55134  
11543.07642  
11485.73209  
11565.62053  
11574.17045  
11639.41197  
11606.98811  
11515.52996  
11502.47593  
11473.3989  
11532.92263  
11525.28857  
11569.19102  
11544.51891  
11533.10561  
11619.23203  
11541.09035  
11597.85097  
11551.67658  
11586.11301  
11567.54069  
11524.87572  
11554.14194  
11431.17897  
11357.85646  
11318.53427  
11385.62453  
11417.84626  
11409.53102  
11436.02985  
11492.93078  
11515.62342  
11532.30019  
11538.85581  
11580.3377  
11657.24138  
11599.19785  
11649.22347  
11648.52059  
11667.45878  
11610.1334  
11611.35613  
11534.48776  
11544.82911  
11602.0422  
11645.61359  
11613.48921  
11581.73032  
11559.8381  
11611.10979  
11562.25526  
11549.39603  
11502.32264  
11523.89664  
11480.32944  
11473.23081  
11532.13009  
11596.64612  
11517.19977  
11515.93523  
11495.77514  
11479.36436  
11506.73545  
11451.26187  
11455.54858  
11487.0744  
11523.17971  
11531.86533  
11489.83823  
11504.68484  
11520.63261  
11546.61306  
11572.08695  
11610.58387  
11559.10528  
11534.667  
11569.90462  
11568.25776  
11596.78461  
11557.46233  
11593.60033  
11606.30716  
11649.70847  
11611.54799  
11598.68454  
11619.38599  
11603.22545  
11600.34616  
11568.02322  
11586.18314  
11610.41092  
11575.35158  
11555.79449  
11565.83346  
11509.10716  
11514.30931  
11651.22363  
11650.5349  
11569.64981  
11508.5515  
11538.08413  
11463.77317  
11485.96203  
11531.33876  
11510.79995  
11530.64852  
11423.55758  
11450.76508  
11502.18536  
11448.55282  
11429.9806  
11384.8011  
11481.8705  
11435.39309  
11495.67181  
11520.64575  
11484.22871  
11480.38943  
11508.89213  
11533.17053  
11517.38381  
11596.35028  
11578.71769  
11623.76533  
11649.29955  
11560.55358  
11561.48264  
11396.97886  
11304.34988  
11383.57535  
11432.18976  
11436.00372  
11466.71628  
11443.2263  
11511.61637  
11496.69428  
11540.65583  
11617.42178  
11573.32907  
11542.94449  
11614.92042  
11656.73229  
11652.96287  
11556.23043  
11643.52761  
11611.00685  
11548.40236  
11598.45073  
11622.2026  
11638.46906  
11612.82506  
11601.57485  
11517.07707  
11569.36526  
11560.85246  
11509.9906  
11482.82615  
11515.92159  
11550.3089  
11615.62571  
11572.51181  
11588.16056  
11623.55827  
11600.49116  
11585.66829  
11668.48707  
11615.09459  
11581.29071  
11589.46323  
11643.10408  
11634.34772  
11627.04874  
11570.95867  
11493.68557  
11470.07833  
11479.86468  
11505.41272  
11534.86211  
11498.46081  
11508.64265  
11507.40237  
11489.93702  
11558.49129  
11504.35829  
11504.315  
11518.44832  
11573.42616  
11562.01248  
11520.57069  
11540.31123  
11564.20878  
11590.45654  
11618.48157  
11566.57804  
11595.99956  
11518.59449  
11526.6789  
11580.2033  
11560.39476  
11556.07862  
11512.13522  
11520.69822  
11558.41522  
11554.58254  
11576.75954  
11525.54624  
11548.54323  
11551.20843  
11598.43242  
11655.12932  
11620.77168  
11657.89719  
11585.57173  
11498.13441  
11415.24134  
11387.56388  
11429.4413  
11448.83725  
11455.95724  
11466.17255  
11468.13354  
11447.77615  
11470.2627  
11536.46138  
11488.06264  
11477.90919  
11469.84005  
11422.36588  
11446.49442  
11479.31276  
11555.8172  
11551.87507  
11529.54329  
11541.40343  
11567.98359  
11590.93899  
11637.67083  
11584.50066  
11581.58632  
11633.57658  
11632.28737  
11608.99065  
11629.75784  
11545.71286  
11595.23339  
11642.62934  
11610.35638  
11640.99072  
11604.65933  
11541.53437  
11563.32389  
11604.64853  
11570.33061  
11547.13115  
11539.24591  
11529.1144  
11519.6877  
11500.36438  
11521.09572  
11590.76909  
11599.39278  
11468.29884  
11494.9101  
11485.03714  
11436.19363  
11552.01436  
11566.71738  
11578.29354  
11548.08949  
11542.66605  
11552.48307  
11591.73328  
11509.90242  
11436.50813  
11470.08107  
11462.37141  
11233.85657  
11433.47064  
11407.47901  
11388.07401  
11440.40756  
11472.47678  
11511.59905  
11552.53822  
11610.32837  
11605.49885  
11594.44539  
11604.87775  
11634.13656  
11748.51307  
11734.72243  
11686.09513  
11692.14353  
11661.45894  
11572.44867  
11603.5183  
11539.9491  
11502.39274  
11476.25009  
11506.06481  
11547.6585  
11534.52659  
11581.56282  
11509.85084  
11520.60115  
11474.89717  
11495.10082  
11557.45559  
11591.17393  
11587.06818  
11525.62428  
11529.55051  
11544.10105  
11551.33202  
11575.90737  
11570.29578  
11556.10798  
11585.31292  
11588.70752  
11590.53292  
11520.16697  
11470.33036  
11571.63687  
11572.1658  
11513.82191  
11470.5847  
11430.99447  
11447.28559  
11515.67142  
11553.17846  
11591.45144  
11608.81719  
11596.8349  
11553.1219  
11541.22439  
11563.92287  
11610.76297  
11574.8448  
11552.76546  
11547.67407  
11585.28638  
11594.04343  
11595.95919  
11610.64677  
11601.76512  
11627.35681  
11623.88933  
11591.62161  
11627.89532  
11535.83796  
11518.79257  
11600.97154  
11593.47224  
11612.01192  
11574.36561  
11567.11103  
11542.91645  
11572.47386  
11582.63825  
11557.70742  
11555.98815  
11533.70061  
11531.95987  
11482.91896  
11456.04955  
11495.46438  
11539.43581  
11491.30294  
11454.77817  
11536.19397  
11471.53738  
11479.85239  
11437.16497  
11505.69315  
11488.06515  
11441.97913  
11478.73869  
11451.39597  
11438.02083  
11521.8364  
11578.16112  
11587.40618  
11575.88167  
11571.57222  
11543.89807  
11562.07556  
11568.10054  
11636.11476  
11616.85799  
11599.80048  
11560.92343  
11513.11143  
11585.70061  
11608.75877  
11635.51562  
11583.1185  
11544.92991  
11508.45575  
11539.44509  
11573.22332  
11570.78397  
11619.08824  
11633.39905  
11571.02052  
11521.74873  
11497.84891  
11465.11675  
11474.02534  
11491.95215  
11515.07489  
11533.08311  
11548.68607  
11546.94293  
11504.23549  
11522.5017  
11540.27013  
11530.52707  
11494.04405  
11426.23789  
11406.12738  
11458.99168  
11518.15453  
11488.41374  
11527.61864  
11577.59035  
11592.24772  
11550.8663  
11535.23724  
11475.20838  
11592.37277  
11491.54596  
11456.51891  
11425.03545  
11381.45059  
11428.99558  
11401.70167  
11453.3563  
11476.7548  
11505.84962  
11536.02811  
11539.88748  
11551.62699  
11550.06796  
11575.0287  
11608.62222  
11581.51976  
11608.05275  
11644.6564  
11692.74662  
11630.33826  
11549.4452  
11451.12453  
11497.66917  
11552.73582  
11628.89861  
11564.02823  
11535.21201  
11549.19991  
11532.66525  
11549.41911  
11522.71157  
11605.97322  
11569.91962  
11551.71685  
11552.66818  
11616.13225  
11675.57817  
11669.47369  
11694.9534  
11684.99307  
11642.21827  
11598.07453  
11555.1695  
11528.66141  
11502.98377  
11566.79694  
11583.68557  
11602.26946  
11502.76809  
11567.59742  
11572.10402  
11465.09139  
11375.73646  
11308.78134  
11364.94398  
11406.50477  
11471.64254  
11479.80863  
11526.77892  
11551.23547  
11525.83046  
11554.23508  
11510.58603  
11507.40619  
11581.31535  
11565.74431  
11548.88628  
11489.91304  
11520.14964  
11450.98901  
11472.85248  
11532.18255  
11594.43435  
11580.05799  
11579.06723  
11620.65452  
11625.84215  
11606.96533  
11775.84667  
11703.14913  
11570.27051  
11643.26524  
11610.35849  
11548.28576  
11550.93388  
11520.39264  
11562.89201  
11589.63156  
11570.8684  
11532.82358  
11468.96212  
11554.0449  
11460.71736  
11438.02029  
11462.15626  
11505.25251  
11446.48437  
11459.32751  
11479.88678  
11523.01797  
11613.4282  
11570.37441  
11539.23784  
11508.75629  
11483.32422  
11535.65801  
11491.50764  
11499.50058  
11513.48524  
11489.42406  
11484.83774  
11536.2147  
11543.49634  
11496.61869  
11489.45003  
11485.88881  
11511.86102  
11538.35189  
11514.16804  
11536.6928  
11523.74245  
11565.4286  
11599.13325  
11554.8553  
11552.66619  
11610.90554  
11603.38904  
11581.6648  
11533.05903  
11436.17781  
11422.77747  
11507.0534  
11534.04301  
11551.03905  
11346.07556  
11822.58083  
11702.91897  
11685.13929  
11699.74774  
11679.73202  
11624.04185  
11587.5982  
11608.48137  
11615.11974  
11674.99606  
11622.06115  
11626.31405  
11627.07286  
11607.23851  
11572.29776  
11597.06501  
11555.27825  
11572.07256  
11627.45845  
11579.26744  
11520.20576  
11581.25778  
11569.40848  
11508.39175  
11563.64945  
11541.33495  
11458.13582  
11399.33086  
11549.51661  
11608.03901  
11461.96661  
11451.08582  
11488.39818  
11467.27665  
11489.81931  
11520.89553  
11556.15182  
11553.91597  
11582.99769  
11574.62525  
11603.61668  
11594.54896  
11541.24223  
11497.9572  
11457.9141  
11469.17972  
11531.15576  
11583.10536  
11581.41334  
11532.16937  
11511.30601  
11506.97979  
11546.6175  
11534.45116  
11517.49097  
11545.2722  
11511.47317  
11499.57046  
11476.46351  
11509.77794  
11549.99903  
11523.34653  
11532.74002  
11552.30006  
11528.8712  
11592.27596  
11557.75886  
11592.51419  
11515.89853  
11473.18527  
11430.03462  
11454.23357  
11513.66862  
11554.22636  
11500.67461  
11487.58027  
11498.88412  
11542.48911  
11528.12836  
11590.85476  
11554.31627  
11561.31253  
11536.49717  
11512.76331  
11507.74237  
11560.44008  
11534.2962  
11515.08956  
11509.65357  
11549.13229  
11603.24701  
11554.09397  
11499.73844  
11501.90642  
11571.03279  
11552.73615  
11585.83129  
11556.30894  
11495.78563  
11549.10052  
11578.42959  
11583.94326  
11602.5413  
11573.31188  
11566.41549  
11618.9445  
11596.75266  
11581.50388  
11555.744  
11617.28342  
11665.71405  
11584.91148  
11559.14645  
11558.98414  
11523.48523  
11454.60198  
11494.5034  
11578.44306  
11615.98058  
11571.52015  
11474.38809  
11426.27474  
11458.16938  
11611.35351  
11628.6585  
11609.74793  
11609.56324  
11624.78785  
11556.40319  
11506.56943  
11502.46438  
11533.8347  
11498.05507  
11460.46799  
11511.30926  
11483.51292  
11521.60762  
11570.51493  
11523.86683  
11493.8237  
11456.82276  
11486.36878  
11477.21947  
11531.47951  
11584.72406  
11668.97305  
11577.33269  
11601.15927  
11574.44591  
11656.56844  
11612.3018  
11489.12955  
11502.99167  
11504.35901  
11506.39141  
11529.6558  
11612.42511  
11530.36863  
11497.56839  
11517.98211  
11546.96619  
11534.65003  
11544.45213  
11536.74314  
11600.30645  
11586.37451  
11518.44914  
11512.60205  
11547.84166  
11581.71857  
11601.27382  
11614.30457  
11606.06018  
11531.31162  
11539.65853  
11513.65137  
11475.49461  
11494.73128  
11532.07822  
11577.51569  
11547.34859  
11545.31364  
11532.1717  
11513.23714  
11471.95165  
11486.3411  
11464.49301  
11452.19782  
11462.91259  
11506.98973  
11536.39649  
11491.45869  
11618.47724  
11556.6061  
11445.46144  
11365.10035  
11326.42039  
11358.44093  
11354.9442  
11446.32998  
11444.58283  
11491.42017  
11527.94607  
11587.78678  
11576.71327  
11620.17628  
11558.89653  
11580.13198  
11630.38495  
11620.79014  
11583.11887  
11535.65747  
11556.16361  
11557.37727  
11543.61773  
11551.89576  
11551.12207  
11509.73053  
11542.12957  
11591.52812  
11564.30846  
11491.70989  
11533.15164  
11574.45218  
11588.07726  
11575.67009  
11558.34554  
11575.50378  
11530.06344  
11492.17717  
11491.12758  
11507.36265  
11550.03085  
11581.50276  
11516.82537  
11418.18581  
11742.22747  
11672.51274  
11679.18144  
11657.98485  
11598.33058  
11646.94723  
11684.9531  
11642.60781  
11684.06546  
11643.28859  
11553.0588  
11535.58779  
11526.16291  
11557.46575  
11562.13123  
11567.39126  
11503.01328  
11470.87206  
11473.04712  
11500.60604  
11514.24003  
11473.71555  
11520.63397  
11539.65345  
11539.26678  
11606.11909  
11601.55452  
11595.9984  
11575.8155  
11565.49265  
11488.96309  
11516.45635  
11539.48067  
11508.80331  
11505.57926  
11524.3027  
11604.61189  
11569.39538  
11562.1606  
11628.58056  
11625.75325  
11558.19802  
11546.98857  
11557.01947  
11568.77552  
11507.75063  
11530.35241  
11558.75703  
11543.64096  
11577.05363  
11614.87744  
11558.19171  
11550.21992  
11554.71462  
11543.67505  
11602.29063  
11579.08892  
11501.21523  
11506.90773  
11488.71152  
11519.81587  
11512.9092  
11459.77074  
11444.11714  
11419.47765  
11433.67215  
11432.65909  
11478.5751  
11489.1013  
11444.58433  
11508.74892  
11579.64853  
11624.07838  
11598.24104  
11544.13135  
11516.43029  
11486.15265  
11514.0872  
11537.70653  
11591.25559  
11608.44299  
11603.08883  
11633.29356  
11641.79455  
11628.54292  
11573.74836  
11575.6684  
11552.35094  
11539.50459  
11524.28765  
11531.06873  
11512.68089  
11505.91376  
11579.15435  
11525.1256  
11490.00709  
11537.08828  
11526.51455  
11490.28909  
11485.71801  
11463.88647  
11438.5734  
11529.00059  
11595.03427  
11560.11263  
11549.89543  
11531.85433  
11496.19127  
11542.72081  
11508.30172  
11532.65028  
11506.66054  
11535.65075  
11522.56737  
11542.33916  
11588.43888  
11534.92492  
11553.01479  
11575.85918  
11564.37029  
11515.60841  
11523.63168  
11488.99125  
11488.14094  
11537.18857  
11613.26477  
11579.45017  
11506.66705  
11563.61903  
11481.05964  
11496.20943  
11530.87374  
11537.19492  
11509.94271  
11613.98653  
11665.33911  
11574.44274  
11463.84654  
11585.74798  
11591.09838  
11639.91662  
11612.00705  
11530.15236  
11576.66913  
11607.48556  
11602.33466  
11640.55555  
11635.85803  
11553.65096  
11579.84732  
11627.31309  
11642.64421  
11605.20086  
11615.2202  
11614.57845  
11514.07039  
11570.66938  
11539.04111  
11604.51974  
11536.96138  
11576.8738  
11563.48367  
11518.79432  
11476.5925  
11532.7892  
11453.18505  
11343.58295  
11275.94788  
11385.19492  
11377.78114  
11349.86115  
11404.96568  
11364.99924  
11497.92248  
11564.92816  
11523.50905  
11498.25494  
11559.38559  
11639.08109  
11616.74218  
11617.73363  
11626.01085  
11581.27749  
11552.35316  
11558.76245  
11555.22805  
11632.73764  
11589.59001  
11507.0835  
11539.79125  
11634.64841  
11592.54084  
11578.86151  
11589.9801  
11610.26344  
11569.50782  
11576.72749  
11542.89314  
11516.89636  
11571.33535  
11547.51935  
11574.13949  
11577.81136  
11576.82624  
11608.37686  
11584.45612  
11552.17438  
11600.08896  
11577.30814  
11524.26281  
11551.45013  
11533.21387  
11580.71032  
11517.60899  
11519.17759  
11575.39088  
11577.05603  
11534.11811  
11521.08493  
11500.12571  
11560.89508  
11604.70953  
11536.85395  
11536.49237  
11545.69629  
11559.00817  
11552.50154  
11561.03756  
11601.2506  
11587.7061  
11580.93872  
11570.5126  
11561.71641  
11517.04275  
11553.71044  
11572.8961  
11558.76557  
11578.52863  
11625.4596  
11618.64396  
11586.92364  
11611.26076  
11560.4446  
11488.54779  
11455.0525  
11432.07916  
11441.40227  
11534.7608  
11577.06325  
11546.2997  
11558.59912  
11531.56814  
11518.21086  
11537.9634  
11551.70963  
11513.93515  
11562.39452  
11537.42832  
11568.08803  
11458.33377  
11568.60246  
11561.21609  
11627.05437  
11613.87982  
11669.3272  
11502.49514  
11517.27903  
11586.0575  
11379.35619  
11288.62968  
11265.67051  
11204.44779  
11332.89202  
11362.85974  
11442.75972  
11502.35679  
11530.69509  
11583.45352  
11580.69359  
11560.08021  
11579.67813  
11661.19482  
11608.49698  
11564.24309  
11517.68553  
11537.92222  
11522.00926  
11546.38242  
11635.3822  
11647.36577  
11605.61868  
11589.37199  
11566.18483  
11526.62226  
11513.30101  
11514.19569  
11596.41809  
11545.00814  
11561.67375  
11599.03588  
11568.09506  
11494.47322  
11469.38139  
11557.67967  
11591.21294  
11516.71907  
11505.9253  
11518.4751  
11501.08547  
11483.05843  
11515.33463  
11583.3514  
11588.97762  
11564.3865  
11547.435  
11565.28767  
11499.84164  
11544.37942  
11557.11868  
11597.85983  
11609.96613  
11588.13891  
11533.14835  
11537.34273  
11586.53707  
11556.50311  
11573.55349  
11603.28559  
11607.75539  
11599.84323  
11576.21244  
11588.75479  
11534.13776  
11542.25572  
11573.71933  
11530.99814  
11568.57437  
11534.13812  
11521.00731  
11568.61798  
11528.27169  
11504.73585  
11557.57647  
11513.13411  
11492.21649  
11581.07389  
11553.93912  
11552.46709  
11573.29305  
11583.12824  
11597.44943  
11608.44015  
11584.64628  
11575.20326  
11554.86724  
11591.98013  
11597.42026  
11647.63945  
11579.86928  
11539.83258  
11584.67918  
11622.58364  
11579.2654  
11566.19094  
11523.01673  
11531.2594  
11514.54192  
11426.95235  
11433.42093  
11527.30411  
11539.74981  
11501.32253  
11529.92409  
11510.81206  
11524.74696  
11547.70975  
11497.73603  
11525.01869  
11523.0376  
11555.82697  
11533.57806  
11537.5167  
11558.99034  
11595.79665  
11597.91735  
11592.73121  
11488.35702  
11480.98441  
11565.21398  
11544.0583  
11576.08967  
11542.1747  
11522.63441  
11550.36439  
11569.73953  
11597.55697  
11550.55339  
11553.88234  
11552.16014  
11618.74258  
11581.69839  
11542.45003  
11540.6271  
11621.87773  
11670.57163  
11651.77681  
11616.29127  
11498.30796  
11498.14093  
11460.36542  
11484.06137  
11484.04079  
11527.65149  
11528.65448  
11497.343  
11510.54868  
11630.87722  
11524.8446  
11454.12569  
11349.58208  
11348.71505  
11351.03263  
11381.77388  
11420.95288  
11482.10484  
11500.36578  
11582.81883  
11631.86369  
11584.45353  
11617.61923  
11567.01432  
11580.70395  
11569.51331  
11510.98608  
11591.08299  
11611.36272  
11656.12371  
11573.62138  
11602.0777  
11595.68483  
11682.09779  
11679.05614  
11648.93141  
11592.91758  
11590.35197  
11662.74539  
11681.17029  
11647.46285  
11665.01524  
11638.4896  
11576.35411  
11533.12146  
11487.56142  
11431.96668  
11465.04845  
11512.5547  
11517.70955  
11538.59349  
11521.48318  
11560.41061  
11508.30387  
11464.08624  
11498.6974  
11435.79109  
11475.33149  
11497.71277  
11523.09037  
11540.92537  
11544.38407  
11557.84468  
11584.18844  
11625.74792  
11632.39652  
11647.73877  
11757.77532  
11676.32953  
11324.4597  
11382.59644  
11845.51938  
11524.6245  
11490.63313  
11585.25222  
11689.04591  
11625.24794  
11647.33748  
11358.18381  
11378.29081  
11314.51403  
11368.13906  
11442.90315  
11394.79985  
11409.41581  
11368.53638  
11389.40643  
11511.41489  
11596.88515  
11667.18632  
11622.41743  
11587.07788  
11625.92397  
11663.1806  
11654.46161  
11590.1531  
11552.55376  
11600.37866  
11547.07478  
11523.07653  
11575.16707  
11542.06252  
11527.93834  
11511.73636  
11538.69544  
11568.91472  
11557.86974  
11513.17524  
11503.83507  
11547.91914  
11524.78518  
11424.80026  
11493.84183  
11464.02536  
11472.08224  
11482.54748  
11501.72355  
11454.73633  
11446.35686  
11402.39683  
11463.95867  
11426.14334  
11441.35566  
11514.36964  
11571.92017  
11594.37351  
11487.64063  
11499.68296  
11465.98546  
11528.24743  
11611.63001  
11635.93467  
11657.58393  
11614.63544  
11572.47081  
11593.78859  
11685.83805  
11676.48904  
11634.59519  
11627.42147  
11628.72485  
11617.34753  
11555.95955  
11533.76815  
11527.11209  
11514.53695  
11493.07112  
11543.15261  
11562.77457  
11572.78284  
11568.20141  
11511.62144  
11473.59686  
11495.38235  
11472.20373  
11493.00691  
11576.85187  
11591.65797  
11579.62195  
11565.42568  
11487.48069  
11526.92986  
11580.01595  
11524.531  
11505.53628  
11547.22499  
11518.35948  
11512.98063  
11586.22968  
11563.77421  
11559.28397  
11561.58984  
11506.38599  
11523.09298  
11467.23481  
11456.53424  
11465.67326  
11444.74192  
11461.54734  
11450.4887  
11470.25745  
11501.13828  
11525.40445  
11482.31929  
11480.05111  
11554.20998  
11578.36886  
11500.49893  
11593.25265  
11583.44846  
11528.98687  
11569.73863  
11511.2032  
11448.53194  
11455.63293  
11498.80943  
11472.5102  
11511.28795  
11539.03202  
11568.26568  
11523.4646  
11499.70446  
11579.00498  
11606.44268  
11617.46952  
11590.45803  
11622.02262  
11622.36782  
11637.35986  
11682.81836  
11735.16384  
11631.75516  
11640.88395  
11647.91951  
11567.52637  
11512.37396  
11479.44218  
11483.44095  
11515.34358  
11481.31931  
11456.45012  
11423.28906  
11513.06299  
11581.23267  
11547.41643  
11505.82377  
11497.38014  
11599.69725  
11629.73427  
11629.67998  
11567.95708  
11536.23931  
11549.23651  
11534.3981  
11508.34721  
11484.76268  
11521.39844  
11504.65953  
11563.27328  
11567.81538  
11612.616  
11611.0396  
11578.57539  
11595.48294  
11557.11528  
11628.51069  
11625.54666  
11602.69426  
11598.53111  
11633.31407  
11581.38671  
11562.81332  
11493.61259  
11513.07375  
11491.36162  
11368.30801  
11429.6184  
11379.72857  
11299.57288  
11408.49086  
11456.95014  
11463.73848  
11443.3409  
11514.79571  
11509.14809  
11577.3012  
11653.08967  
11635.1561  
11655.46374  
11573.28274  
11604.19381  
11599.79587  
11580.96532  
11565.69907  
11591.38124  
11604.16741  
11554.02166  
11556.04262  
11608.91633  
11589.75493  
11515.51274  
11509.43449  
11605.36745  
11684.41726  
11644.51249  
11484.94971  
11545.20707  
11513.19645  
11553.89157  
11564.66649  
11504.36308  
11519.39922  
11485.43252  
11505.63955  
11553.86458  
11576.33415  
11576.1262  
11558.63667  
11602.41465  
11589.61796  
11559.75351  
11504.63473  
11587.41266  
11543.38591  
11583.58179  
11534.20764  
11506.95605  
11552.89652  
11546.64912  
11559.91904  
11630.90621  
11651.51673  
11611.74742  
11496.40275  
11494.47401  
11498.96002  
11464.08016  
11443.46159  
11420.15449  
11476.00505  
11491.30767  
11543.56955  
11495.7522  
11484.0186  
11530.36384  
11474.00614  
11489.63413  
11520.27936  
11624.37845  
11550.93617  
11525.32636  
11552.70348  
11533.27274  
11554.74099  
11567.00999  
11540.88641  
11609.95328  
11576.95275  
11580.19039  
11527.41057  
11495.94438  
11506.21995  
11608.25815  
11603.95994  
11520.0731  
11529.38186  
11527.84824  
11525.58943  
11551.62915  
11534.66962  
11616.47327  
11547.49263  
11550.56759  
11549.73976  
11547.6408  
11565.30802  
11530.43514  
11539.66071  
11484.03419  
11521.63216  
11539.30956  
11568.40815  
11568.25758  
11541.5462  
11587.99503  
11654.80483  
11645.20043  
11509.87741  
11547.13601  
11593.22612  
11613.1667  
11621.23648  
11614.13373  
11464.20632  
11530.5842  
11620.43399  
11619.18212  
11526.51544  
11501.72008  
11525.43232  
11560.84799  
11578.05012  
11512.70819  
11534.45832  
11535.10179  
11477.80229  
11507.22098  
11486.97293  
11535.34097  
11568.50522  
11516.18378  
11497.46144  
11493.32845  
11479.52436  
11507.7205  
11520.03411  
11518.87985  
11501.73872  
11502.15732  
11529.06245  
11596.06241  
11612.78187  
11519.57227  
11543.92827  
11538.53114  
11610.5243  
11617.62642  
11558.80816  
11511.85755  
11537.17387  
11544.31193  
11607.44193  
11550.18397  
11524.99716  
11532.27744  
11553.22439  
11541.20711  
11591.84885  
11589.87937  
11505.71388  
11495.73527  
