7410.275976  
7374.143991  
7353.143143  
7411.152257  
7452.450163  
7436.873574  
7431.507309  
7456.556496  
7460.069633  
7444.597199  
7399.963304  
7429.108742  
7447.141537  
7390.670126  
7367.402114  
7352.928209  
7380.052932  
7405.410593  
7412.568394  
7440.344741  
7445.117105  
7423.976297  
7387.098324  
7398.272896  
7406.010112  
7426.63427  
7416.084342  
7384.370567  
7391.187055  
7410.384605  
7419.958943  
7456.886906  
7433.567795  
7407.048349  
7357.096602  
7383.895522  
7407.406925  
7440.031006  
7421.794643  
7370.98066  
7363.870725  
7378.488416  
7377.322154  
7400.352008  
7384.43841  
7365.431632  
7349.388881  
7406.496572  
7384.753657  
7422.804375  
7394.442008  
7429.276594  
7447.382952  
7446.12567  
7437.796722  
7418.374675  
7402.067305  
7373.357938  
7401.464212  
7383.272328  
7419.353121  
7416.868733  
7413.42651  
7387.481332  
7406.522854  
7411.038349  
7383.987598  
7394.573022  
7417.663069  
7416.715375  
7434.505804  
7440.457562  
7441.293119  
7396.92904  
7387.667985  
7418.912997  
7395.571462  
7409.790569  
7365.298605  
7406.878079  
7406.138739  
7406.043688  
7433.67451  
7381.590785  
7342.723255  
7335.03486  
7388.77031  
7426.809533  
7410.975089  
7382.118065  
7437.69498  
7427.041615  
7414.451978  
7375.340444  
7396.083107  
7451.480642  
7462.988504  
7470.64332  
7462.766831  
7442.171926  
7424.955365  
7440.678323  
7394.504189  
7404.755243  
7405.619636  
7481.306036  
7430.821187  
7408.567439  
7398.634178  
7413.705878  
7372.07498  
7384.723502  
7399.24097  
7408.910054  
7385.737721  
7370.565841  
7407.012721  
7434.771483  
7405.366526  
7379.869887  
7371.198479  
7386.769622  
7402.056572  
7408.817409  
7424.461819  
7413.504306  
7413.521117  
7436.242089  
7416.427152  
7413.414699  
7414.157389  
7400.750633  
7421.846546  
7463.854621  
7447.834493  
7402.630748  
7379.708669  
7417.620822  
7428.118549  
7424.396695  
7434.192969  
7441.062713  
7410.620295  
7376.92499  
7418.931551  
7426.852972  
7435.827681  
7447.440155  
7409.609999  
7433.30655  
7440.872516  
7414.16771  
7385.89233  
7407.813703  
7375.29689  
7396.168223  
7407.520159  
7425.586228  
7403.689347  
7373.692471  
7385.80871  
7359.99147  
7399.376703  
7422.684519  
7397.945682  
7436.378623  
7415.552627  
7384.651187  
7372.270978  
7379.007018  
7365.559612  
7398.062814  
7418.771569  
7363.04536  
7374.76597  
7405.153216  
7399.410314  
7404.896117  
7413.241592  
7437.71046  
7411.327329  
7417.542458  
7393.398814  
7483.272034  
7429.42859  
7418.513959  
7383.644221  
7355.337623  
7338.44374  
7367.571379  
7339.33862  
7346.681816  
7368.771355  
7366.33774  
7395.596657  
7355.197312  
7402.666299  
7390.026016  
7400.619881  
7394.973185  
7402.998666  
7467.348735  
7495.649704  
7429.536101  
7392.599817  
7415.189771  
7430.9271  
7432.79739  
7450.307414  
7447.184976  
7432.186234  
7451.479795  
7429.133059  
7470.721907  
7438.254985  
7413.204881  
7401.456017  
7401.532379  
7380.015209  
7426.998176  
7453.123887  
7455.781695  
7409.801143  
7413.476449  
7407.549947  
7455.593101  
7418.915307  
7408.805391  
7379.629192  
7406.76132  
7409.354196  
7416.719355  
7401.949621  
7432.473583  
7444.344116  
7442.662479  
7403.39829  
7416.338405  
7425.331685  
7438.253041  
7424.174252  
7408.022285  
7414.014158  
7403.489601  
7408.634384  
7417.116544  
7448.65013  
7449.878689  
7383.205283  
7384.25686  
7376.310319  
7387.24835  
7421.536226  
7424.41442  
7417.317281  
7391.611421  
7389.648087  
7412.875243  
7429.7417  
7440.224079  
7411.478541  
7411.682812  
7423.366279  
7426.638122  
7434.823463  
7391.486584  
7439.164727  
7425.463652  
7414.434771  
7410.500739  
7401.328803  
7428.564145  
7454.165714  
7396.624887  
7404.830818  
7372.482759  
7388.252294  
7441.272983  
7455.735179  
7416.507121  
7371.262765  
7368.512093  
7365.332643  
7381.743466  
7381.374517  
7389.410755  
7393.9493  
7394.50812  
7386.464489  
7402.767439  
7452.519812  
7448.810948  
7429.163149  
7396.532386  
7416.924907  
7429.594563  
7423.515985  
7424.421295  
7428.698001  
7422.641812  
7443.128504  
7458.674417  
7452.881937  
7391.639919  
7386.803198  
7405.348659  
7446.957369  
7421.136037  
7420.585169  
7352.192427  
7430.36953  
7453.625473  
7457.952584  
7424.819742  
7408.397245  
7431.157521  
7396.979406  
7359.628679  
7389.867726  
7383.34888  
7389.206108  
7355.930388  
7402.719245  
7436.974386  
7394.159475  
7447.298357  
7419.794019  
7414.985513  
7379.329849  
7385.707449  
7448.801689  
7439.01021  
7412.141277  
7394.833796  
7410.947636  
7380.569056  
7266.964174  
7360.612863  
7322.329572  
7292.617199  
7329.042841  
7375.797915  
7405.756179  
7397.82987  
7424.085944  
7426.113  
7386.035707  
7397.827988  
7409.194487  
7450.651454  
7458.494567  
7442.392389  
7452.047486  
7429.560174  
7424.268873  
7423.930672  
7415.719761  
7428.52989  
7408.921457  
7428.158909  
7452.247713  
7441.348631  
7441.234392  
7434.524996  
7405.10186  
7398.605242  
7428.738479  
7423.988477  
7426.926683  
7455.862215  
7436.73234  
7408.894664  
7430.470812  
7425.260671  
7411.480645  
7385.619602  
7403.401943  
7421.280417  
7405.558968  
7427.853131  
7349.017527  
7378.766124  
7420.210352  
7438.201958  
7429.754461  
7402.334727  
7374.820289  
7393.581295  
7391.714003  
7372.258087  
7443.480766  
7412.866148  
7408.701293  
7447.430173  
7407.328733  
7411.233412  
7467.145753  
7458.855039  
7444.268117  
7414.558868  
7403.434397  
7411.285824  
7414.442316  
7449.36189  
7417.53266  
7436.477126  
7446.319363  
7459.102962  
7428.499277  
7405.937446  
7405.460658  
7395.813106  
7401.539018  
7444.425573  
7436.380739  
7404.647125  
7441.772553  
7420.776913  
7399.052132  
7374.923209  
7397.07376  
7374.2776  
7383.954224  
7382.453226  
7371.726196  
7384.051627  
7397.491433  
7401.085751  
7400.183047  
7409.797894  
7398.098223  
7389.331134  
7367.727958  
7388.477015  
7408.133303  
7414.644715  
7415.004108  
7368.662616  
7392.245709  
7430.33195  
7424.537869  
7413.669681  
7417.370039  
7419.152459  
7391.163449  
7396.999536  
7411.938255  
7443.099561  
7439.44457  
7435.430704  
7437.447044  
7389.666449  
7404.00834  
7422.464789  
7419.284605  
7431.511001  
7475.969467  
7445.802726  
7441.297843  
7429.684361  
7387.372761  
7377.610144  
7396.953709  
7425.159545  
7439.238631  
7417.529254  
7412.950331  
7439.169247  
7425.145641  
7433.432753  
7400.468726  
7401.012126  
7417.659408  
7376.140631  
7380.151069  
7390.056945  
7391.346298  
7409.713777  
7350.768995  
7353.420398  
7394.149861  
7395.137921  
7433.332143  
7427.335852  
7426.648795  
7432.837181  
7393.370157  
7425.536511  
7405.593922  
7359.096046  
7397.659448  
7401.511424  
7372.306424  
7374.904413  
7382.154634  
7359.121846  
7374.742416  
7365.179921  
7377.386323  
7405.517296  
7405.2049  
7406.492128  
7426.081128  
7398.541493  
7424.708753  
7426.956117  
7422.879052  
7420.384827  
7439.190942  
7441.100421  
7425.708424  
7440.592383  
7448.230749  
7434.724987  
7431.819395  
7445.148569  
7460.281304  
7450.947708  
7440.711716  
7436.32252  
7350.694505  
7440.795954  
7408.201439  
7439.355487  
7425.37787  
7414.952151  
7407.252356  
7395.452792  
7382.301237  
7435.881314  
7458.751687  
7420.945931  
7413.577846  
7373.066205  
7392.166273  
7390.89168  
7420.584457  
7412.252241  
7411.789393  
7441.302831  
7447.914841  
7423.577388  
7395.633799  
7368.530045  
7353.015605  
7392.553514  
7376.981371  
7387.84097  
7386.882781  
7411.634764  
7406.475811  
7424.977201  
7411.089498  
7407.730395  
7415.22338  
7444.25833  
7455.379048  
7453.827976  
7402.7599  
7377.562949  
7342.164364  
7335.699517  
7353.561696  
7392.117137  
7399.284421  
7400.515657  
7398.33683  
7381.194948  
7458.110891  
7470.369103  
7423.936299  
7451.60615  
7458.313747  
7425.37251  
7435.711143  
7395.371222  
7424.958327  
7426.181471  
7470.546836  
7442.110152  
7419.537253  
7425.870412  
7390.620525  
7414.796727  
7413.478787  
7435.747793  
7416.225061  
7384.831594  
7379.080476  
7400.647864  
7421.569909  
7388.672825  
7359.968437  
7416.584279  
7404.737776  
7393.630504  
7400.763937  
7393.030354  
7384.352803  
7415.940629  
7387.711974  
7395.729397  
7395.010393  
7387.385707  
7414.557626  
7405.76926  
7422.303336  
7406.708134  
7405.87132  
7419.829086  
7409.822294  
7419.230721  
7392.953736  
7395.482623  
7392.532584  
7410.382823  
7419.525845  
7389.960086  
7386.316789  
7378.258056  
7366.727109  
7398.111814  
7458.761151  
7437.685829  
7157.206388  
7595.459062  
7434.596177  
7415.491828  
7432.851694  
7450.784109  
7461.113418  
7453.143635  
7466.475906  
7475.725329  
7454.640428  
7459.134428  
7419.424786  
7397.720145  
7388.379681  
7412.036869  
7419.575996  
7454.050684  
7426.484475  
7433.795134  
7456.232136  
7418.188532  
7406.549008  
7422.111273  
7463.211051  
7455.26143  
7456.068502  
7394.712342  
7354.089793  
7413.934531  
7459.369985  
7376.990121  
7352.315695  
7370.736069  
7400.328324  
7373.472802  
7408.212719  
7411.520513  
7388.444217  
7411.142242  
7418.194902  
7447.486871  
7411.218054  
7396.825493  
7390.208514  
7372.000294  
7410.831677  
7397.275758  
7449.030742  
7437.610356  
7439.294814  
7434.125977  
7395.807809  
7415.776391  
7386.15197  
7406.106722  
7409.124273  
7403.764676  
7390.859333  
7394.264156  
7373.074161  
7386.200741  
7397.816602  
7376.904453  
7399.879881  
7391.560208  
7431.824216  
7406.398622  
7419.76949  
7398.736424  
7428.311586  
7390.919623  
7372.673364  
7384.488634  
7432.779925  
7456.404882  
7423.701216  
7361.627656  
7384.621115  
7364.148908  
7378.184044  
7411.229299  
7441.866793  
7442.437062  
7441.657469  
7400.428578  
7434.903209  
7419.154334  
7388.926135  
7384.898017  
7391.006537  
7416.092416  
7423.305738  
7426.160118  
7425.884009  
7398.905762  
7380.292508  
7390.425926  
7394.875393  
7393.151215  
7430.794909  
7451.170441  
7406.3368  
7444.43037  
7407.064737  
7388.938255  
7411.924169  
7435.943626  
7427.364878  
7415.63888  
7415.712763  
7398.767059  
7404.806193  
7424.389525  
7420.515151  
7403.849835  
7367.554672  
7405.16906  
7446.268242  
7454.491648  
7435.449182  
7455.472866  
7419.020467  
7382.681033  
7448.932421  
7424.490707  
7381.930864  
7397.115605  
7397.057381  
7427.15393  
7407.199343  
7418.164219  
7387.830535  
7413.932232  
7400.13103  
7410.332767  
7409.878591  
7405.132602  
7407.518199  
7397.083321  
7424.882849  
7371.033099  
7395.62799  
7363.925755  
7410.67305  
7423.426336  
7426.665638  
7403.55838  
7423.86713  
7428.326771  
7455.636562  
7455.434464  
7445.836318  
7372.886353  
7366.088803  
7408.62121  
7390.882829  
7403.202381  
7392.624177  
7397.418431  
7430.34639  
7423.791892  
7436.657746  
7397.056219  
7417.285634  
7420.700813  
7411.848471  
7406.76611  
7401.822247  
7406.753128  
7402.723971  
7432.273652  
7414.493751  
7425.086691  
7415.993453  
7428.667132  
7442.458471  
7411.041108  
7406.65261  
7410.64603  
7474.436269  
7482.398637  
7448.267931  
7420.184432  
7348.101272  
7365.697702  
7402.359644  
7409.320508  
7394.142304  
7363.666009  
7402.848329  
7386.560255  
7431.563327  
7488.051055  
7457.239249  
7419.491166  
7330.981092  
7321.016374  
7344.811622  
7334.469079  
7359.528816  
7372.060578  
7410.766051  
7431.236064  
7441.835754  
7434.743772  
7398.248425  
7388.562667  
7429.217453  
7487.874122  
7481.835631  
7441.044385  
7363.820981  
7382.766427  
7375.336544  
7394.040428  
7400.427424  
7380.320572  
7382.382986  
7399.791632  
7410.949337  
7443.778222  
7393.603431  
7375.381755  
7422.265744  
7396.00176  
7376.477919  
7399.85482  
7418.221194  
7432.610055  
7417.859547  
7428.471696  
7411.982012  
7380.34439  
7364.896865  
7348.446648  
7181.027944  
7582.518793  
7475.351148  
7420.170684  
7401.332651  
7396.664294  
7401.653435  
7417.957189  
7439.481864  
7491.212759  
7530.558701  
7427.206701  
7383.549382  
7404.010678  
7439.187374  
7486.6529  
7506.748389  
7500.626585  
7441.547402  
7412.879524  
7419.151318  
7411.18669  
7428.918631  
7377.911416  
7374.150421  
7381.096119  
7386.33335  
7403.278796  
7393.337159  
7411.70055  
7419.015428  
7437.761231  
7409.174226  
7404.948668  
7387.600654  
7415.923133  
7401.086659  
7437.577025  
7410.144264  
7423.349618  
7424.352609  
7407.732032  
7426.659478  
7443.744856  
7446.523834  
7433.20115  
7408.410082  
7412.23415  
7397.775635  
7396.23397  
7428.046113  
7408.788006  
7387.488296  
7368.92055  
7410.018297  
7403.335467  
7409.556136  
7418.217287  
7419.173126  
7445.092436  
7441.774415  
7449.687324  
7500.315824  
7470.166964  
7435.465253  
7344.807669  
7351.015625  
7324.372042  
7352.486275  
7358.72636  
7362.656884  
7378.782775  
7396.359793  
7389.634987  
7380.510142  
7382.69972  
7389.178378  
7395.284438  
7364.530817  
7407.481223  
7425.877644  
7453.868216  
7441.552384  
7433.13376  
7418.794989  
7438.553121  
7417.558153  
7425.870622  
7435.520718  
7417.198589  
7414.595944  
7405.38868  
7450.164531  
7426.095407  
7434.949718  
7396.964685  
7371.398216  
7409.911472  
7416.728774  
7418.116993  
7410.037132  
7416.777118  
7362.766985  
7405.404555  
7439.330149  
7462.600635  
7446.306985  
7374.180421  
7381.11144  
7427.80747  
7433.821528  
7399.614235  
7396.844222  
7388.329997  
7433.528158  
7424.899625  
7404.587652  
7366.758399  
7381.179039  
7355.74334  
7439.383182  
7445.279632  
7435.40683  
7413.330377  
7404.360332  
7401.406574  
7426.841706  
7423.852961  
7422.709738  
7436.389076  
7419.465858  
7400.460016  
7412.254351  
7411.715624  
7179.992443  
7573.525614  
7420.3201  
7415.235951  
7392.414809  
7415.507349  
7432.147882  
7429.988934  
7447.709374  
7412.226283  
7403.789524  
7395.00521  
7379.403235  
7397.659068  
7380.812374  
7446.22516  
7406.397132  
7402.871759  
7420.570728  
7430.877903  
7450.32093  
7442.213283  
7433.69618  
7413.806388  
7376.450563  
7396.781567  
7433.02737  
7406.898035  
7427.879856  
7411.37195  
7354.474249  
7386.301451  
7357.223126  
7375.433036  
7367.536286  
7367.43659  
7372.444773  
7341.75302  
7411.722169  
7411.28472  
7487.974969  
7436.518058  
7401.660483  
7409.731296  
7390.356486  
7416.24734  
7443.047047  
7420.884322  
7434.36356  
7416.297497  
7393.102672  
7388.500283  
7388.526122  
7426.504117  
7440.303816  
7420.875112  
7413.923924  
7463.640278  
7424.312928  
7424.268107  
7398.488031  
7416.970986  
7397.150858  
7440.266848  
7414.418071  
7407.592289  
7408.805574  
7457.459422  
7439.154594  
7413.111788  
7410.606685  
7403.740033  
7383.51445  
7379.684839  
7414.238881  
7446.331228  
7410.58012  
7374.882032  
7380.050674  
7419.798621  
7439.521659  
7443.272658  
7455.496313  
7485.61992  
7439.591606  
7393.384272  
7407.30004  
7379.747054  
7434.10275  
7411.015346  
7407.292365  
7394.43799  
7413.894552  
7389.899139  
7388.548675  
7415.055428  
7404.888935  
7416.396643  
7432.09458  
7434.165675  
7429.183129  
7436.162009  
7445.035881  
7429.581565  
7431.704633  
7425.877386  
7413.945315  
7399.299013  
7421.711087  
7443.836987  
7439.629388  
7412.314367  
7380.413913  
7381.926865  
7437.937069  
7432.295121  
7414.542299  
7375.319607  
7378.775083  
7382.421725  
7409.03243  
7406.243771  
7439.744391  
7462.250302  
7497.497828  
7449.792197  
7415.340506  
7436.161056  
7401.717992  
7420.364921  
7379.934519  
7462.343214  
7334.340469  
7441.55932  
7426.502585  
7363.797704  
7304.160929  
7362.214989  
7316.607965  
7319.242289  
7309.195564  
7377.437058  
7383.500449  
7374.68927  
7389.607749  
7425.968056  
7413.065081  
7386.585076  
7423.203867  
7400.268206  
7459.225049  
7451.054985  
7425.404549  
7426.983831  
7388.278431  
7388.736298  
7427.186727  
7454.490803  
7437.786025  
7410.872527  
7432.887792  
7417.638234  
7411.860262  
7470.070162  
7431.34077  
7415.190539  
7417.423961  
7399.995342  
7410.377104  
7371.810902  
7383.193962  
7395.465426  
7405.448704  
7408.634075  
7414.100296  
7441.874442  
7454.18117  
7425.678564  
7383.819692  
7373.63056  
7366.707045  
7404.745903  
7375.170929  
7376.760278  
7403.562252  
7395.065882  
7421.67425  
7433.943795  
7419.244622  
7394.916953  
7407.184493  
7432.346036  
7425.704724  
7464.195253  
7452.76483  
7453.065693  
7415.15198  
7428.667243  
7399.040076  
7408.407905  
7387.898911  
7432.333069  
7392.797492  
7413.528654  
7374.86225  
7387.980837  
7397.13969  
7394.115119  
7408.050396  
7467.415333  
7416.679356  
7420.459143  
7440.351165  
7421.577996  
7427.596568  
7422.430923  
7436.396999  
7425.770991  
7427.68427  
7409.913983  
7398.541534  
7423.985537  
7411.785186  
7418.871619  
7425.254683  
7410.855371  
7438.783587  
7385.915071  
7410.091868  
7435.062228  
7439.584716  
7412.070566  
7417.844367  
7463.551309  
7407.170732  
7406.468371  
7391.35406  
7385.235094  
7397.034269  
7393.507116  
7386.4888  
7413.10621  
7421.573413  
7402.8903  
7447.960114  
7386.605435  
7417.005723  
7422.699616  
7426.743244  
7418.496038  
7424.657847  
7415.586325  
7426.693566  
7407.236268  
7430.300979  
7389.660086  
7360.611113  
7399.226073  
7394.483855  
7418.957686  
7394.954943  
7417.389745  
7417.450714  
7454.72627  
7435.746307  
7454.846558  
7471.252117  
7435.871496  
7433.176334  
7375.412644  
7369.576147  
7413.806025  
7385.200187  
7420.990536  
7390.867778  
7389.872515  
7374.558149  
7409.799939  
7421.757814  
7404.004494  
7415.5609  
7408.139011  
7353.688414  
7477.707403  
7414.006779  
7388.461671  
7366.327708  
7338.539727  
7356.525497  
7351.321048  
7347.243839  
7340.215509  
7400.198502  
7428.925507  
7462.656567  
7438.581198  
7457.888728  
7416.515858  
7435.455282  
7422.882139  
7407.928124  
7477.429852  
7431.372724  
7432.786303  
7392.996473  
7418.087635  
7450.407324  
7453.025289  
7492.789543  
7472.36193  
7453.186911  
7415.556838  
7446.55081  
7453.87541  
7432.009586  
7463.995301  
7431.865624  
7430.341143  
7414.110197  
7394.15382  
7380.408009  
7399.370896  
7410.428014  
7414.731037  
7439.290253  
7393.084197  
7435.667419  
7446.155412  
7381.991671  
7403.861257  
7383.20982  
7363.32183  
7400.113705  
7419.491676  
7438.576493  
7439.70744  
7407.470894  
7413.587885  
7395.319224  
7432.38218  
7449.279901  
7516.445084  
7433.577405  
6787.418858  
7564.674661  
7583.54371  
7397.572983  
7342.260584  
7404.694947  
7455.916776  
7236.125843  
7631.696536  
7402.873972  
7344.759265  
7342.167857  
7350.362506  
7386.757394  
7383.705032  
7389.512819  
7402.106433  
7315.472931  
7347.16919  
7399.414053  
7435.371168  
7440.875193  
7378.624668  
7392.577134  
7433.281144  
7433.841797  
7448.490336  
7404.202139  
7423.536727  
7406.967158  
7408.679865  
7411.580278  
7424.081263  
7435.835443  
7428.512086  
7406.079365  
7425.120152  
7413.713056  
7381.107377  
7366.838076  
7408.05276  
7476.250133  
7480.893023  
7394.691181  
7399.819354  
7372.258372  
7411.098286  
7420.344865  
7439.989147  
7418.801181  
7386.633025  
7419.978039  
7395.135753  
7422.044601  
7407.171214  
7387.679142  
7416.228335  
7398.063256  
7359.124384  
7367.340716  
7371.279728  
7417.691911  
7442.304111  
7463.352467  
7425.055909  
7405.77287  
7408.364078  
7442.799614  
7423.203949  
7412.095984  
7410.691343  
7382.272016  
7409.204392  
7399.332974  
7409.259851  
7396.8438  
7403.104138  
7393.307093  
7397.679924  
7402.131279  
7454.538767  
7453.412423  
7440.959358  
7410.375826  
7400.242264  
7405.21096  
7390.902804  
7420.057471  
7444.796669  
7448.915781  
7422.334822  
7421.875237  
7385.375138  
7430.564146  
7407.712811  
7379.147688  
7403.986239  
7419.593548  
7409.89287  
7440.944839  
7416.33191  
7406.636371  
7412.473854  
7407.714896  
7405.16519  
7422.630537  
7400.266992  
7423.247151  
7382.783536  
7425.464583  
7381.33844  
7396.309685  
7411.32455  
7383.203531  
7380.493108  
7408.457857  
7375.747077  
7409.921784  
7380.868982  
7421.270473  
7423.329714  
7374.160545  
7426.541821  
7365.075479  
7332.376626  
7397.990112  
7382.957204  
7366.476612  
7408.154163  
7428.990269  
7436.935592  
7438.332587  
7439.14537  
7414.117261  
7408.820533  
7406.497485  
7409.511187  
7447.84207  
7440.78654  
7467.755926  
7439.532453  
7490.149344  
7475.403732  
7434.251092  
7455.775289  
7427.189898  
7427.416882  
7421.083191  
7398.353049  
7386.967153  
7360.103956  
7399.675385  
7364.282129  
7378.562037  
7387.665635  
7398.905157  
7407.030586  
7381.064549  
7412.830539  
7439.956278  
7434.192899  
7436.98621  
7403.606911  
7437.179353  
7430.814934  
7418.584676  
7411.134793  
7419.602521  
7379.39255  
7385.235149  
7380.301046  
7398.471938  
7406.088595  
7411.927656  
7417.933427  
7410.96869  
7448.473419  
7397.306318  
7400.876762  
7397.898514  
7401.743852  
7423.533768  
7342.72418  
7365.935368  
7386.547349  
7401.925292  
7329.781387  
7447.899846  
7403.353162  
7373.147199  
7404.988318  
7459.534109  
7444.184635  
7394.929817  
7375.995658  
7377.339786  
7387.17357  
7425.977538  
7438.052482  
7460.72409  
7476.9655  
7469.948432  
7447.711654  
7433.468581  
7411.719406  
7408.618362  
7388.422626  
7422.593831  
7405.699304  
7449.202864  
7457.473867  
7444.637201  
7440.954791  
7428.923652  
7419.153251  
7446.084387  
7421.5017  
7408.73007  
7398.28543  
7418.525831  
7410.329159  
7397.60632  
7428.37886  
7398.297337  
7386.452332  
7375.349011  
7396.913464  
7381.757525  
7370.710536  
7409.112049  
7450.921064  
7478.009681  
7410.102372  
7413.201069  
7365.376994  
7399.178101  
7374.972632  
7383.693369  
7416.852071  
7413.161226  
7413.496987  
7397.243461  
7418.331229  
7427.128621  
7450.829937  
7427.591666  
7430.766762  
7409.252801  
7423.445043  
7410.730749  
7411.590748  
7396.722197  
7382.761569  
7383.443004  
7395.347455  
7405.055274  
7420.449123  
7417.060947  
7418.77283  
7423.841491  
7403.68423  
7408.61665  
7405.92369  
7401.007434  
7395.01349  
7392.676318  
7382.955336  
7421.440767  
7401.249274  
7438.350826  
7385.785446  
7388.838736  
7389.834866  
7384.425425  
7424.422647  
7449.165556  
7414.385819  
7391.664523  
7394.598675  
7410.68103  
7406.208648  
7419.855843  
7412.997226  
7443.490142  
7444.23494  
7444.340639  
7407.540262  
7407.694516  
7410.221975  
7393.245683  
7382.098906  
7421.744468  
7394.662884  
7408.947358  
7435.859339  
7419.610476  
7413.169526  
7428.183772  
7406.974685  
7414.82255  
7448.203964  
7453.716027  
7491.327165  
7490.977563  
7424.003853  
7463.218096  
7447.241016  
7424.116748  
7403.710151  
7368.78496  
7375.711784  
7375.501155  
7386.344425  
7358.340344  
7398.022969  
7372.948638  
7410.028933  
7424.416659  
7397.191168  
7390.794044  
7405.710628  
7401.126184  
7440.653062  
7378.820794  
7364.440797  
7367.017582  
7361.742525  
7405.021412  
7382.964965  
7368.345616  
7380.070686  
7404.149661  
7432.637171  
7448.751999  
7428.477052  
7426.853934  
7429.232207  
7437.688293  
7430.300967  
7417.034741  
7412.543263  
7387.046675  
7463.333029  
7484.62037  
7450.305768  
7422.243109  
7409.686961  
7391.774177  
7388.049443  
7429.440506  
7402.198102  
7356.675801  
