5175.83521  
5148.49624  
5179.922352  
5188.289482  
5199.838978  
5202.274761  
5216.629419  
5219.426568  
5221.452737  
5262.592297  
5263.808787  
5250.69373  
5241.410925  
5224.787653  
5236.857324  
5309.173478  
5215.932975  
5217.869662  
5189.841838  
5218.487776  
5236.867726  
5214.476296  
5198.265547  
5218.753013  
5217.125275  
5181.699127  
5196.26887  
5207.067269  
5183.534567  
5190.59451  
5222.993027  
5202.793639  
5232.628019  
5192.396666  
5188.505666  
5158.960894  
5155.487364  
5216.133221  
5177.157147  
5163.316334  
5142.279671  
5147.815579  
5203.526075  
5171.753116  
5164.154567  
5174.916484  
5170.657382  
5165.269925  
5181.302844  
5201.861018  
5175.818848  
5211.717088  
5187.078725  
5170.69074  
5198.033838  
5169.340552  
5189.031383  
5204.498149  
5193.393288  
5220.588272  
5196.072782  
5222.898917  
5219.144012  
5245.611628  
5230.093859  
5238.867832  
5201.268837  
5216.634461  
5220.976088  
5190.887444  
5228.701943  
5209.229697  
5251.348971  
5230.001222  
5169.269807  
5182.865928  
5193.294402  
5157.039213  
5164.029383  
5213.626214  
5179.464157  
5246.462976  
5181.977917  
5209.089433  
5203.639392  
5168.764306  
5199.023695  
5188.545183  
5192.249904  
5173.995834  
5163.720447  
5170.532103  
5169.819633  
5157.993619  
5135.939731  
5161.361093  
5214.982694  
5226.035233  
5228.992904  
5231.011233  
5232.991057  
5188.517169  
5180.523308  
5172.926205  
5219.587367  
5209.712361  
5209.891678  
5234.690803  
5243.507086  
5241.080133  
5229.712943  
5194.951488  
5213.801989  
5190.936471  
5196.683508  
5203.565642  
5216.645682  
5227.834921  
5196.399703  
5203.111948  
5172.705394  
5197.202723  
5216.908036  
5204.908906  
5203.551959  
5221.238367  
5203.189707  
5211.461268  
5231.543514  
5212.839692  
5204.888863  
5172.671826  
5191.424535  
5231.975516  
5231.881271  
5209.692988  
5229.566161  
5241.384934  
5239.879047  
5218.665514  
5250.52202  
5214.856105  
5243.091752  
5230.675644  
5242.029518  
5240.737298  
5249.619812  
5254.968222  
5209.529707  
5158.712251  
5214.625236  
5195.008384  
5221.027202  
5241.975916  
5186.688152  
5191.851148  
5236.720697  
5234.862837  
5203.956436  
5232.676326  
5198.895327  
5160.93563  
5219.123833  
5227.003536  
5226.850078  
5225.807753  
5196.086738  
5170.817201  
5190.515374  
5200.017767  
5223.108543  
5157.831573  
5210.060038  
5156.352401  
5153.779411  
5193.927927  
5204.171207  
5207.322915  
5208.656787  
5195.085851  
5175.172132  
5131.95871  
5121.172444  
5261.154601  
5381.929953  
5285.588108  
5205.590181  
5199.012688  
5144.090929  
5153.757997  
5130.168322  
5135.941121  
5130.007703  
5193.101579  
5222.128072  
5209.5504  
5182.270206  
5212.416651  
5212.409704  
5208.3271  
5239.384324  
5218.285003  
5168.383427  
5182.295117  
5214.111122  
5203.787258  
5169.365737  
5248.841528  
5272.329401  
5239.356306  
5210.495397  
5231.582535  
5226.398267  
5207.733284  
5183.947012  
5227.214382  
5219.650128  
5223.405972  
5204.912893  
5223.608986  
5208.210367  
5198.942697  
5217.353985  
5193.07544  
5260.367771  
5236.144729  
5241.399173  
5215.63944  
5183.150591  
5216.146252  
5193.140517  
5220.655216  
5205.780432  
5235.742912  
5206.477341  
5215.418631  
5201.144589  
5220.672552  
5193.353213  
5207.320226  
5198.339763  
5222.775812  
5198.730045  
5213.17132  
5221.494862  
5238.303764  
5227.483888  
5215.172981  
5236.757206  
5205.439856  
5216.519663  
5213.885346  
5222.71137  
5247.247773  
5232.000853  
5211.824765  
5166.52517  
5195.367245  
5222.963993  
5221.137896  
5219.718639  
5185.616327  
5219.344709  
5208.16406  
5246.874878  
5231.795701  
5215.319687  
5240.270371  
5241.047065  
5231.774547  
5276.996429  
5165.641177  
5177.464871  
5204.977185  
5150.224634  
5180.054654  
5173.160479  
5162.503571  
5227.871974  
5210.13873  
5212.420445  
5209.180501  
5182.822209  
5241.717718  
5191.511847  
5208.302677  
5159.02845  
5190.986861  
5207.832524  
5235.867155  
5240.409302  
5234.795421  
5202.061517  
5176.678821  
5198.050303  
5198.400395  
5230.114378  
5219.200631  
5205.828235  
5235.562882  
5246.60091  
5238.697402  
5260.310842  
5249.972216  
5212.16226  
5271.787835  
5251.471764  
5215.217756  
5228.630115  
5311.759576  
5154.878786  
5189.000678  
5177.83031  
5204.247177  
5168.342285  
5225.562306  
5191.325037  
5175.508003  
5228.577625  
5184.274779  
5208.188277  
5187.062511  
5199.832012  
5154.503034  
5129.707071  
5155.134394  
5189.234454  
5209.701503  
5224.732544  
5236.226338  
5222.370445  
5255.237869  
5208.358735  
5142.279842  
5318.597243  
5258.744799  
5225.531661  
5202.312624  
5152.795914  
5164.557805  
5159.378994  
5175.80931  
5174.085072  
5193.823777  
5195.951672  
5187.483004  
5160.626453  
5190.76616  
5209.907652  
5218.428767  
5241.075305  
5202.599499  
5206.090167  
5228.517236  
5214.258838  
5238.326763  
5218.541603  
5223.340461  
5195.291306  
5193.429331  
5246.785583  
5210.440122  
5199.550547  
5235.123647  
5205.274176  
5207.187134  
5225.9871  
5224.820556  
5238.422762  
5251.691393  
5200.883613  
5236.764606  
5234.317815  
5213.550374  
5215.828839  
5212.536482  
5245.899361  
5246.551638  
5240.127896  
5227.242382  
5226.133141  
5224.323791  
5247.4174  
5258.883274  
5241.52679  
5265.243305  
5220.581526  
5215.837973  
5251.319245  
5286.739847  
5152.700091  
5181.574421  
5177.69732  
5169.637477  
5212.354997  
5194.90673  
5227.550987  
5247.872698  
5208.125659  
5197.772097  
5182.956322  
5227.472766  
5210.210639  
5174.373095  
5223.941036  
5199.415703  
5228.097542  
5197.429741  
5211.535005  
5215.578277  
5188.730707  
5207.81743  
5238.725716  
5203.472133  
5212.382413  
5208.957698  
5231.4442  
5200.886799  
5209.818264  
5205.414752  
5196.554764  
5206.052451  
5230.390014  
5191.54259  
5200.952728  
5184.44543  
5221.410571  
5211.343656  
5197.750281  
5224.76696  
5203.17847  
5181.360394  
5214.34891  
5231.50728  
5219.826045  
5204.844645  
5190.454103  
5225.261328  
5227.067725  
5219.787991  
5213.433067  
5247.412464  
5216.242818  
5231.296014  
5219.484246  
5207.426141  
5247.517265  
5196.620301  
5190.161255  
5181.159453  
5217.433799  
5176.304793  
5204.172507  
5179.738369  
5178.605101  
5170.213759  
5184.09962  
5202.958115  
5199.152844  
5213.702391  
5198.307922  
5202.58942  
5191.179991  
5191.437824  
5210.710341  
5193.753949  
5187.494437  
5203.075003  
5167.402168  
5217.003318  
5210.362095  
5190.92985  
5222.27614  
5185.246304  
5208.725962  
5210.496947  
5181.354768  
5210.130452  
5173.564705  
5196.028659  
5192.1117  
5224.841946  
5234.802029  
5213.069953  
5202.348338  
5179.276033  
5225.25812  
5205.409099  
5221.022507  
5258.159931  
5185.222179  
5204.192085  
5190.347729  
5175.737367  
5179.265924  
5173.746989  
5153.225921  
5182.017636  
5205.262907  
5193.480169  
5175.370363  
5188.171012  
5186.393151  
5217.684437  
5193.959288  
5194.953776  
5233.538468  
5206.241213  
5229.235586  
5242.446488  
5222.174417  
5210.962296  
5206.488104  
5238.5917  
5248.546603  
5233.622763  
5208.785769  
5236.469819  
5230.049704  
5330.319224  
5283.069539  
5166.712965  
5220.599602  
5216.423902  
5186.716847  
5194.092783  
5218.620388  
5206.963642  
5210.520729  
5203.433084  
5239.410631  
5202.161743  
5222.043362  
5209.623173  
5203.612603  
5198.670818  
5231.775986  
5183.389178  
5227.657739  
5241.266748  
5215.530683  
5220.238772  
5207.682635  
5195.800546  
5174.892521  
5232.411384  
5210.333544  
5204.94463  
5208.627  
5184.396522  
5208.225767  
5184.870304  
5214.180989  
5189.58018  
5232.960334  
5218.386234  
5228.730363  
5176.703806  
5196.876822  
5224.865685  
5195.411322  
5190.48797  
5208.431187  
5222.571479  
5193.033247  
5231.531349  
5196.191655  
5233.214738  
5167.2416  
5241.893988  
5247.710295  
5190.977524  
5194.093774  
5188.628629  
5202.097134  
5241.38446  
5221.035112  
5234.712588  
5185.108281  
5207.957109  
5144.281275  
5207.91393  
5187.115782  
5199.922585  
5221.918119  
5208.890604  
5221.695842  
5204.875382  
5193.118423  
5209.160248  
5207.54809  
5204.590903  
5222.007454  
5188.436502  
5182.478078  
5214.010375  
5236.296786  
5204.61744  
5209.846353  
5225.128478  
5198.364668  
5203.940671  
5199.636271  
5212.518258  
5204.650489  
5196.472872  
5205.771433  
5242.63189  
5236.221568  
5250.034993  
5200.857385  
5222.946501  
5211.865215  
5196.59824  
5164.696644  
5215.318458  
5235.809003  
5176.348434  
5219.934737  
5250.484097  
5164.190862  
5230.495269  
5200.743903  
5291.619365  
5285.328411  
5238.947941  
5229.374026  
5230.055029  
5260.001787  
5251.031595  
5244.39994  
5239.329484  
5247.480658  
5244.166415  
5236.890819  
5227.218512  
5216.118593  
5237.543791  
5192.933085  
5236.47841  
5198.719334  
5233.333571  
5226.976504  
5247.272654  
5231.16756  
5206.018629  
5187.917544  
5187.591561  
5169.671153  
5153.295586  
5224.090026  
5173.770524  
5281.123178  
5165.244343  
5203.587916  
5156.935693  
5150.756012  
5134.873887  
5182.604734  
5188.451139  
5187.387708  
5199.080412  
5179.88975  
5194.827133  
5158.178137  
5195.345386  
5213.29337  
5217.579003  
5195.031938  
5205.56052  
5202.754513  
5210.092169  
5247.313822  
5209.612644  
5220.36356  
5231.441685  
5221.821868  
5236.253157  
5224.3417  
5224.469138  
5218.517308  
5201.963803  
5197.751507  
5193.059595  
5208.01741  
5232.389034  
5206.574275  
5193.630102  
5209.222553  
5214.027043  
5240.293351  
5200.851867  
5212.562321  
5195.434427  
5220.912327  
5173.144111  
5197.711437  
5205.305216  
5209.229077  
5216.288685  
5203.265494  
5300.701569  
5180.690764  
5171.042533  
5179.060683  
5185.714412  
5225.87832  
5206.313837  
5172.310019  
5188.500976  
5207.875997  
5186.33078  
5229.250465  
5179.726941  
5200.264697  
5222.998875  
5216.458971  
5218.254629  
5192.535834  
5198.050199  
5183.899003  
5176.926919  
5183.725426  
5206.239033  
5212.254541  
5205.121241  
5210.483358  
5206.690283  
5195.21597  
5209.352086  
5231.791059  
5216.274511  
5196.62207  
5241.122522  
5231.158249  
5241.124365  
5236.192723  
5246.656429  
5214.202296  
5207.266088  
5170.396966  
5180.591502  
5229.094603  
5221.222234  
5211.797189  
5213.604365  
5204.969546  
5261.847952  
5213.292639  
5172.43805  
5213.267978  
5226.392176  
5203.401624  
5217.471405  
5190.891758  
5191.391492  
5194.769958  
5231.97883  
5172.910795  
5220.693346  
5261.003974  
5211.834127  
5211.600293  
5175.663267  
5223.575505  
5212.467682  
5217.78023  
5187.474131  
5222.828962  
5221.605293  
5231.865376  
5204.714941  
5221.356132  
5180.718323  
5251.222241  
5214.443249  
5235.349656  
5187.12429  
5178.603697  
5201.494401  
5201.846693  
5217.464528  
5193.247728  
5207.478934  
5184.839976  
5208.87119  
5223.270042  
5176.936468  
5205.187089  
5211.020107  
5213.031974  
5204.964281  
5212.566462  
5213.663137  
5214.583209  
5220.267999  
5209.323634  
5190.593506  
5224.354117  
5249.100217  
5209.891706  
5174.77219  
5214.254227  
5221.922552  
5230.097905  
5217.456825  
5225.400378  
5198.819332  
5158.656688  
5197.166492  
5193.289369  
5238.583502  
5203.215887  
5165.141636  
5213.718552  
5176.943021  
5330.239985  
5236.796634  
5275.185251  
5307.411937  
5186.035441  
5139.10511  
5136.143013  
5145.402268  
5157.159007  
5172.776402  
5147.355839  
5185.313575  
5228.249263  
5189.42374  
5211.217662  
5187.748534  
5181.972636  
5211.14649  
5232.357786  
5242.75191  
5195.808913  
5224.459145  
5199.404229  
5207.141676  
5229.644241  
5199.647408  
5181.902575  
5212.930648  
5196.121211  
5232.048753  
5220.471006  
5169.750848  
5205.079909  
5209.605872  
5169.304872  
5202.662685  
5210.238127  
5182.676762  
5173.102259  
5183.595581  
5185.203841  
5220.145125  
5190.095126  
5168.15912  
5255.613547  
5219.99139  
5196.357676  
5223.551478  
5187.498303  
5209.979738  
5203.456387  
5175.056688  
5209.217479  
5181.011948  
5243.081552  
5176.23053  
5267.696591  
5205.796555  
5222.763052  
5227.808461  
5239.361592  
5208.899173  
5252.358255  
5257.090377  
5251.068066  
5243.874932  
5217.257046  
5208.119268  
5240.54011  
5185.592822  
5211.069937  
5259.182345  
5238.088882  
5210.324904  
5231.806697  
5199.079478  
5220.72096  
5220.658141  
5197.240492  
5226.618128  
5206.93263  
5201.326951  
5241.151162  
5215.772173  
5251.534437  
5228.605513  
5203.854408  
5229.279945  
5240.317719  
5255.818169  
5207.643123  
5246.039249  
5246.477965  
5209.012814  
5232.322701  
5253.781862  
5230.112018  
5220.521562  
5198.072862  
5235.268714  
5233.547096  
5239.589324  
5199.77524  
5233.48861  
5227.681935  
5209.425694  
5228.023159  
5199.326961  
5200.051957  
5218.509158  
5242.981043  
5177.218068  
5204.914747  
5197.279038  
5191.733265  
5309.973361  
5158.530236  
5151.428945  
5176.457753  
5188.454543  
5158.032464  
5154.191543  
5153.753255  
5176.627347  
5222.192396  
5206.044797  
5220.478317  
5225.594372  
5201.84616  
5209.863284  
5228.515974  
5232.022209  
5212.044022  
5193.532214  
5194.10481  
5216.148362  
5216.069804  
5210.404893  
5223.036052  
5200.474108  
5175.245563  
5177.778165  
5185.646505  
5233.450386  
5213.766184  
5224.669722  
5208.720012  
5208.715386  
5210.561418  
5209.473007  
5219.935826  
5198.979794  
5186.305925  
5188.413387  
5176.735465  
5183.588186  
5207.092065  
5164.758651  
5172.785729  
5211.597802  
5189.818746  
5175.855801  
5187.58805  
5200.092234  
5220.697005  
5219.83834  
5205.316245  
5214.023906  
5199.881497  
5215.3422  
5253.844875  
5197.899563  
5222.471981  
5230.250593  
5164.3834  
5229.716535  
5168.286019  
5131.9935  
5288.056408  
5179.690687  
5204.140112  
5219.472915  
5189.121042  
5291.368125  
5216.706955  
5189.692076  
5197.997564  
5204.314224  
5167.145984  
5213.410153  
5219.277273  
5232.624081  
5234.149052  
5255.619265  
5211.281011  
5222.800793  
5254.682183  
5253.064232  
5202.728763  
5263.545521  
5277.920518  
5220.701828  
5225.970414  
5222.3595  
5237.582492  
5190.997141  
5205.926933  
5241.776148  
5140.127332  
5228.968289  
5180.097712  
5184.868834  
5171.184742  
5144.884677  
5171.095004  
5166.17932  
5167.986837  
5304.682091  
5182.191011  
5173.755757  
5162.5173  
5150.321978  
5186.388435  
5212.334489  
5218.667759  
5223.329823  
5222.893862  
5182.906432  
5233.222771  
5208.109037  
5220.826888  
5221.885305  
5207.803513  
5251.495387  
5224.451087  
5250.62592  
5248.515018  
5220.864762  
5181.460211  
5230.770335  
5226.014935  
5226.311057  
5219.494565  
5187.118503  
5178.638379  
5224.945179  
5213.159974  
5233.981533  
5224.253964  
5208.48476  
5217.650759  
5216.89078  
5234.08201  
5202.051522  
5256.427959  
5211.651519  
5219.949508  
5210.088214  
5202.283006  
5219.513035  
5234.476764  
5199.138348  
5205.806207  
5217.227098  
5208.295918  
5225.268979  
5224.837713  
5251.343719  
5210.885739  
5218.885646  
5172.493176  
5200.338724  
5213.781525  
5188.778428  
5253.506165  
5232.668235  
5221.047542  
5210.606851  
5217.172127  
5218.345011  
5213.19153  
5243.932272  
5200.963614  
5232.963409  
5231.424899  
5219.883747  
5232.280924  
5186.52838  
5231.567811  
5160.010262  
5213.642844  
5198.953483  
5239.349859  
5239.163191  
5267.181512  
5208.514948  
5199.58151  
5189.069965  
5234.237888  
5192.081022  
5207.117724  
5259.342695  
5227.393853  
5193.042539  
5225.440556  
5234.009783  
5251.083552  
5260.356136  
5191.432228  
5260.975974  
5157.459478  
5327.664498  
5227.335011  
5194.273697  
5177.110163  
5118.082786  
5133.729249  
5154.56249  
5135.608499  
5142.133347  
5170.771258  
5171.301644  
5136.478064  
5185.089497  
5184.88899  
5178.835964  
5187.776513  
5201.498548  
5223.247488  
5218.125968  
5183.565343  
5205.50058  
5203.789785  
5251.694118  
5234.795925  
5222.068498  
5247.321085  
5190.130337  
5226.755595  
5202.386832  
5221.420959  
5205.147161  
5203.600761  
5184.709165  
5228.295883  
5203.689746  
5233.058342  
5199.998595  
5179.332098  
5208.299327  
5222.631664  
5204.578405  
5214.79294  
5181.783635  
5193.771914  
5216.575805  
5227.877086  
5213.883154  
5226.439827  
5203.597002  
5218.897983  
5185.102006  
5194.63309  
5181.572432  
5218.744113  
5229.645662  
5222.661222  
5218.825915  
5224.832254  
5240.552752  
5202.284062  
5201.099732  
5211.719772  
5200.887586  
5214.251164  
5237.045684  
5212.740606  
5202.275998  
5214.180081  
5226.959085  
5215.521687  
5217.028132  
5195.154684  
5215.576345  
5223.851881  
5212.456218  
5230.456129  
5227.730019  
5214.665596  
5195.192398  
5228.930119  
5210.50306  
5200.916198  
5224.670582  
5229.721002  
5230.621873  
5241.999574  
5245.299944  
5253.301252  
5228.705625  
5210.527967  
5245.05968  
5230.451124  
5241.684795  
5253.821603  
5197.019575  
5205.373781  
5211.635664  
5211.257547  
5214.246357  
5185.572535  
5210.816701  
5178.523069  
5180.541561  
5203.326278  
5224.268005  
5190.745553  
5223.512093  
5238.209368  
5220.939433  
5191.2878  
5207.624055  
5203.267794  
5186.174052  
5197.170949  
5225.561954  
5266.258526  
5218.182026  
5198.637189  
5196.237637  
5216.037133  
5220.125323  
5204.76507  
5181.712261  
5178.108671  
5195.187756  
5178.997826  
5231.558706  
5190.178771  
5222.012191  
5209.046496  
5226.705801  
5232.832138  
5221.366582  
5231.25793  
5230.217067  
5238.05373  
5208.967096  
5231.94921  
5246.428128  
5202.069538  
5211.263468  
5223.695858  
5217.249194  
5221.547603  
5197.61222  
5246.908437  
5191.197995  
5230.463622  
5182.694658  
5229.812015  
5212.796646  
5214.574059  
5216.465665  
5166.15005  
5146.341085  
5136.828571  
5155.715222  
5164.475925  
5157.434546  
5156.17466  
5171.848212  
5211.816706  
5213.435099  
5238.157065  
5210.694349  
5223.873987  
5238.284008  
5221.0602  
5231.422233  
5189.86278  
5222.248256  
5179.901721  
5226.627874  
5207.95027  
5223.885089  
5259.223058  
5224.90766  
5225.841217  
5218.362652  
5245.501604  
5227.495663  
5215.9146  
5253.65686  
5200.261635  
5215.720993  
5183.058333  
5201.493734  
5214.484225  
5222.314052  
5210.400803  
5211.430824  
5211.615514  
5137.126832  
5240.914356  
5246.810743  
5171.36111  
5222.768712  
5246.276301  
5210.403934  
5184.209503  
5195.629586  
5201.925324  
5227.737824  
5226.163567  
5199.65468  
5177.105806  
5224.804344  
5226.614373  
5262.267126  
5229.197775  
5021.917841  
5270.414159  
5309.647547  
5199.696909  
5131.907646  
5027.351601  
5328.019309  
5246.433187  
5224.003497  
5193.015196  
5192.581918  
5171.798443  
5174.518331  
5171.86544  
5191.773222  
5178.179632  
5200.789715  
5105.340056  
5113.432148  
5189.230202  
5246.179011  
5202.352869  
5183.8633  
5221.595316  
5243.137832  
5232.086619  
5209.620238  
5259.645318  
5211.900863  
5223.582282  
5234.926121  
5234.076743  
5214.274632  
5234.725744  
5266.21142  
5213.95148  
5213.457586  
5224.235512  
5198.020164  
5175.524214  
5229.292524  
5215.331487  
5231.108025  
5191.011119  
5212.353794  
5198.899635  
5229.285176  
5243.730411  
5229.050735  
5222.388616  
5195.527458  
5176.438236  
5223.373752  
5210.726294  
5229.569117  
5212.287192  
5231.592554  
5194.975185  
5201.84333  
5183.473013  
5204.984014  
5191.734327  
5215.140146  
5228.913049  
5218.63748  
5238.008694  
5226.945487  
5189.554036  
5201.578022  
5222.890087  
5175.558602  
5195.434562  
5217.183585  
5192.225347  
5185.073684  
5200.807232  
5206.548313  
5182.260534  
5167.055008  
5196.068066  
5185.89115  
5197.377105  
5210.564542  
5207.035222  
5205.57433  
5184.569061  
5179.350862  
5195.96555  
5227.047743  
5202.839327  
5209.346458  
5178.673303  
5190.303748  
5223.744225  
5154.968493  
5193.247288  
5198.783407  
5209.860371  
5186.511233  
5217.499692  
5224.29454  
5214.906512  
5229.74257  
5200.404921  
5213.896016  
5206.843693  
5242.049211  
5215.177717  
5241.945008  
5198.869126  
5216.860425  
5225.526586  
5219.624824  
5205.269413  
5202.689973  
5190.30249  
5175.753571  
5232.412208  
5209.073166  
5194.780339  
5237.314655  
5178.948075  
5194.618393  
5187.306893  
5183.111206  
5175.913072  
5156.901386  
5178.792684  
5182.328568  
5207.960935  
5224.346193  
5185.921435  
5214.670529  
5191.949112  
5216.280209  
5227.33893  
5227.305786  
5274.271854  
5239.486307  
5243.405098  
5261.905232  
5259.327595  
5226.104119  
5260.267828  
5267.46951  
5246.357472  
5242.405536  
5205.821803  
5211.40155  
5221.452437  
5211.655184  
5236.393685  
5197.575349  
5194.25817  
5223.156836  
5204.78138  
5229.899377  
5210.815729  
5202.607742  
5236.530404  
5233.040126  
5233.692011  
5223.136065  
5221.218105  
5222.436809  
5230.309657  
5234.757944  
5208.673495  
5238.399221  
5206.625495  
5208.781309  
5210.368545  
5227.428574  
5216.005755  
5207.666135  
5207.851874  
5219.883539  
5232.481815  
5215.124064  
5235.539849  
5225.018946  
5175.077529  
5251.514769  
5089.353141  
5151.573854  
5212.031695  
5173.424752  
5200.360489  
5142.726492  
5119.352891  
5149.845961  
5165.6695  
5169.312231  
5140.200899  
5158.329469  
5166.258718  
5161.979417  
5170.620403  
5192.029687  
5206.099206  
5239.008763  
5212.895353  
5266.381669  
5245.48969  
5212.261535  
5234.898168  
5210.296109  
5227.838275  
5196.002869  
5224.347641  
5261.595544  
5186.56016  
5246.894702  
5243.055313  
5249.140604  
5227.383372  
5250.849949  
5210.870811  
5230.418759  
5245.897281  
5210.936605  
5226.267951  
5197.497118  
5180.234667  
5208.795425  
5225.560783  
5229.571915  
5225.301171  
5223.88403  
5201.815674  
5237.369128  
5208.175127  
5235.197315  
5226.157572  
5225.266384  
5239.566164  
5205.510812  
5175.823364  
5228.088869  
5216.364235  
5207.191623  
5214.359191  
5191.954217  
5236.123421  
5233.291154  
5189.734796  
5218.679918  
5207.573341  
5194.115972  
5204.948777  
5210.211858  
5201.718829  
5207.948228  
5204.11583  
5206.004995  
5218.98031  
5202.879062  
5204.133609  
5174.26725  
5202.689792  
5207.945955  
5189.034353  
5214.367734  
5195.518989  
5174.137733  
5222.961601  
5179.150186  
5237.724457  
5209.591133  
5213.524126  
5200.879223  
5190.254928  
5202.023875  
5202.455871  
5229.032865  
5198.043837  
5198.45977  
5237.611178  
5183.089423  
5213.131529  
5213.331328  
5204.333689  
5213.199465  
5211.688804  
5231.159015  
5215.868686  
5212.704745  
5211.89043  
5199.71805  
5190.385394  
5210.062868  
5183.604567  
5215.776152  
5219.207669  
5217.786882  
5209.492437  
5217.181729  
5263.767538  
5229.894843  
5243.643208  
5214.706288  
5231.238099  
5232.762033  
5223.537627  
5193.81031  
5218.982461  
5229.111868  
5244.407945  
5212.645018  
5173.221939  
5197.761765  
5193.800269  
5228.144235  
5186.59408  
5167.045878  
5187.402951  
5202.90077  
5268.02103  
5179.19429  
5223.634114  
5230.310961  
5206.384112  
5217.250358  
5163.556964  
5188.172719  
5189.352956  
5192.901969  
5204.043024  
5184.453911  
5204.62886  
5234.951929  
5223.23441  
5227.10043  
5181.540766  
5239.054761  
5227.711346  
5205.433452  
5221.210719  
5183.433332  
5210.4451  
5181.448209  
5182.813525  
5243.007339  
5240.959477  
5239.32533  
5188.370329  
5208.377754  
5223.846685  
5212.495816  
5203.492115  
5208.783554  
5214.214924  
