9739.58125  
9592.909391  
9658.074202  
9626.981665  
9604.836157  
9644.532373  
9709.5212  
9593.935522  
9556.523413  
9561.51731  
9565.473885  
9461.679093  
9616.778402  
9604.880566  
9693.144149  
9723.19755  
9646.284578  
9694.789591  
9744.577572  
9555.81307  
9559.384399  
9448.138794  
9624.11792  
9629.766414  
9660.551961  
9709.167147  
9737.099626  
9636.659619  
9658.206901  
9661.291081  
9577.230501  
9661.27653  
9612.878361  
9636.631576  
9599.481942  
9711.256331  
9637.532731  
9693.22889  
9684.619963  
9586.278524  
9618.65096  
9666.02408  
9693.270199  
9656.666675  
9665.729142  
9648.876147  
9552.724894  
9584.91814  
9575.957007  
9632.780941  
9697.85013  
9774.749219  
9777.705981  
9687.383634  
9700.959521  
9483.933049  
9472.821354  
9499.678198  
9642.591211  
9648.679451  
9769.820817  
9842.049951  
9834.549658  
9764.42745  
9658.609562  
9657.875358  
9712.491781  
9694.663127  
9522.231258  
9560.012614  
9597.485872  
9445.043815  
9447.054777  
9620.755029  
9702.486458  
9689.351587  
9699.751709  
9600.292456  
9551.234489  
9595.0663  
9680.364624  
9638.673405  
9702.389844  
9817.979313  
9572.754443  
9521.079264  
9531.682731  
9580.33877  
9627.56158  
9694.666976  
9719.070133  
9681.842822  
9672.106551  
9693.866919  
9779.713949  
9625.067586  
9488.240877  
9539.109383  
9597.100049  
9647.730249  
9667.26591  
9566.40804  
9629.693384  
9646.166854  
9634.697493  
9522.717342  
9583.28134  
9612.633862  
9640.002694  
9696.594523  
9669.152962  
9688.938257  
9499.609302  
9666.311361  
9667.256169  
9677.095931  
9586.458757  
9710.875326  
9675.658773  
9531.394092  
9469.524292  
9498.153296  
9543.08409  
9552.703727  
9641.055208  
9684.311873  
9628.812923  
9746.696859  
9768.399015  
9775.880493  
9704.827026  
9669.150342  
9739.465601  
9680.99707  
9696.19423  
9546.949146  
9564.728418  
9588.554574  
9613.578166  
9560.723071  
9490.685482  
9674.189355  
9907.485962  
9767.32255  
9803.7038  
9633.934521  
9637.550252  
9699.019377  
9697.339412  
9682.019645  
9654.281852  
9405.306836  
9388.102572  
9433.073665  
9528.2993  
9680.049162  
9690.076888  
9668.859172  
9629.2979  
9561.360986  
9480.352409  
9493.180933  
9549.618783  
9605.356999  
9681.046484  
9688.754598  
9691.37797  
9720.84519  
9680.010881  
9666.116626  
9588.55188  
9608.942041  
9609.305534  
9618.496631  
9574.648104  
9552.390845  
9602.433805  
9645.091073  
9694.694784  
9636.191016  
9489.506348  
9509.2802  
9549.091219  
9678.369352  
9677.153467  
9719.629338  
9775.687077  
9796.946419  
9744.628955  
9646.456722  
9590.568669  
9590.606006  
9574.070866  
9514.839071  
9601.318774  
9567.516878  
9747.081429  
9630.202222  
9694.205697  
9672.374788  
9625.90284  
9614.261646  
9568.74104  
9496.528239  
9588.480615  
9726.224984  
9639.535661  
9707.132227  
9631.793783  
9553.917961  
9645.442651  
9663.846753  
9661.565259  
9726.910026  
9679.611507  
9699.066081  
9454.146208  
9484.733114  
9633.87688  
9618.228027  
9633.66766  
9733.903646  
9688.019784  
9582.015902  
9671.093783  
9567.154338  
9708.362126  
9712.04091  
9734.722005  
9769.416292  
9451.015007  
9517.240405  
9532.717342  
9607.645394  
9640.508822  
9700.939193  
9760.660929  
9723.627612  
9674.479932  
9676.844198  
9583.500203  
9574.774251  
9657.28724  
9601.394816  
9524.887728  
9489.802116  
9549.708407  
9618.570728  
9638.847062  
9721.358455  
9685.399845  
9638.605127  
9638.081307  
9660.559831  
9741.689429  
9713.517855  
9581.279907  
9543.238379  
9595.529118  
9574.752954  
9572.189201  
9619.023706  
9548.761035  
9636.10769  
9636.509001  
9581.753426  
9518.008057  
9613.990869  
9701.513086  
9759.073299  
9728.813468  
9694.0479  
9652.778255  
9713.947485  
9617.893644  
9745.321696  
9593.975545  
9596.279972  
9539.886035  
9563.781657  
9565.84786  
9490.53361  
9484.77491  
9599.637354  
9604.675944  
9712.28973  
9773.052783  
9650.40813  
9522.529867  
9532.314738  
9561.959888  
9665.023625  
9724.670907  
9726.404525  
9609.967179  
9598.454297  
9530.916056  
9631.218188  
9627.621525  
9706.807316  
9650.51709  
9724.073405  
9696.437069  
9754.959562  
9713.681128  
9637.671468  
9666.265934  
9680.89104  
9694.298828  
9559.476383  
9554.390267  
9524.559505  
9559.553125  
9617.339795  
9568.631689  
9741.296842  
9585.88772  
9555.985368  
9553.22028  
9661.022078  
9717.418783  
9761.804484  
9737.44314  
9609.716268  
9481.136849  
9499.119873  
9551.221224  
9730.767692  
9750.090397  
9745.936011  
9748.582284  
9725.235986  
9676.177287  
9570.857715  
9531.555225  
9567.964868  
9510.973535  
9574.59633  
9661.181901  
9754.171826  
9775.182015  
9680.71722  
9709.721037  
9596.147941  
9549.386092  
9589.603996  
9643.434774  
9612.517961  
9633.347469  
9614.637077  
9575.903532  
9643.671061  
9592.131942  
9626.166382  
9568.254028  
9586.274349  
9697.054378  
9723.589958  
9708.629411  
9709.753996  
9572.591724  
9524.279419  
9487.829167  
9578.31958  
9510.246444  
9508.584644  
9566.203719  
9601.459863  
9732.466138  
9676.528011  
9721.838981  
9699.454777  
9656.049552  
9792.30874  
9569.286222  
9665.45057  
9608.274064  
9700.282983  
9622.657788  
9661.368392  
9573.436271  
9629.124178  
9667.403345  
9700.793302  
9673.341113  
9652.666626  
9607.445614  
9597.536613  
9488.270679  
9538.859147  
9499.804647  
9503.236165  
9615.661043  
9646.355859  
9726.970402  
9660.784481  
9679.205493  
9679.754484  
9666.088428  
9631.675146  
9597.710441  
9501.746289  
9491.15179  
9495.311117  
9531.893685  
9621.046729  
9762.298031  
9763.824471  
9777.355485  
9749.223958  
9676.759709  
9590.545622  
9546.181958  
9533.809367  
9602.248983  
9691.847437  
9635.65144  
9631.311027  
9569.581632  
9597.186401  
9650.587533  
9646.003345  
9598.539046  
9586.276131  
9664.294417  
9660.439535  
9677.766333  
9730.343213  
9732.140674  
9748.593978  
9681.071574  
9748.645158  
9640.265047  
9721.55096  
9792.251969  
9640.949495  
9563.439909  
9537.157568  
9495.164722  
9551.289787  
9552.29528  
9503.374154  
9479.597843  
9581.043026  
9594.410994  
9729.250562  
9663.76661  
9570.563037  
9538.871354  
9599.57985  
9730.279639  
9738.71547  
9667.669157  
9721.755729  
9701.511157  
9618.097697  
9582.328703  
9540.363208  
9624.287915  
9553.653076  
9624.658049  
9596.95778  
9586.870215  
9697.260612  
9715.037736  
9719.716488  
9691.558748  
9574.760067  
9586.116781  
9637.159847  
9602.591512  
9670.183911  
9666.049642  
9615.1146  
9600.496566  
9637.017879  
9517.490682  
9503.941683  
9445.876286  
9458.121167  
9553.22561  
9611.504826  
9616.229093  
9537.480908  
9574.037809  
9545.974146  
9621.847664  
9638.742497  
9593.61167  
9629.077588  
9475.077734  
9457.433219  
9414.669808  
9504.241357  
9566.535514  
9605.51368  
9632.972575  
9608.1913  
9578.535384  
9562.814038  
9542.966154  
9469.586182  
9473.858618  
9540.935661  
9671.168986  
9622.840788  
9506.217017  
9709.441064  
9788.686947  
9733.981576  
9796.576107  
9654.950562  
9499.855697  
9521.039111  
9594.674674  
9642.010685  
9667.897835  
9698.099211  
9558.419108  
9495.167049  
9696.060018  
9652.519002  
9723.989461  
9627.807096  
9691.740715  
9668.890592  
9591.2993  
9546.91106  
9631.26377  
9619.174048  
9829.839372  
9880.985653  
9886.238184  
9815.340251  
9696.626172  
9832.2611  
9659.379834  
9585.341992  
9429.26333  
9427.42714  
9521.049259  
9626.680713  
9710.280298  
9781.873771  
9792.694849  
9790.336914  
9835.556006  
9811.085042  
9837.54515  
9793.758529  
9687.993604  
9718.966634  
9700.165991  
9810.910848  
9738.773568  
9816.827002  
9739.432284  
9604.642635  
9599.561344  
9647.888753  
9546.418701  
9663.020207  
9585.132625  
9656.750708  
9559.153947  
9633.762443  
9746.223462  
9761.421273  
9730.04825  
9723.147518  
9755.698755  
9749.071834  
9760.319181  
9736.708903  
9699.749064  
9584.779736  
9442.104639  
9466.7146  
9428.512174  
9483.830029  
9542.659798  
9683.192017  
9629.521899  
9688.289689  
9707.298747  
9626.802035  
9468.620182  
9506.162598  
9579.76451  
9609.421948  
9517.260286  
9579.981462  
9669.998869  
9664.901237  
9680.155249  
9769.351326  
9763.70507  
9636.713338  
9513.583114  
9607.361873  
9650.376229  
9760.531006  
9748.458276  
9757.248421  
9546.107389  
9583.449202  
9660.718449  
9619.22373  
9619.570109  
9632.096712  
9562.046167  
9469.772477  
9560.804606  
9503.141463  
9530.842879  
9561.587101  
9576.123503  
9582.062484  
9701.646077  
9654.740161  
9593.443677  
9594.167269  
9604.955062  
9719.294059  
9673.367057  
9713.393913  
9682.210653  
9670.49764  
9612.59834  
9708.891081  
9566.28658  
9574.135531  
9650.880469  
9582.192863  
9581.814917  
9591.515706  
9591.279907  
9548.157609  
9468.605404  
9492.520239  
9541.145337  
9591.899373  
9618.587891  
9649.410083  
9588.852629  
9596.608366  
9622.728198  
9631.250456  
9648.926652  
9739.51464  
9654.231779  
9667.539795  
9614.146737  
9606.641349  
9509.016838  
9424.702474  
9355.435327  
9351.063737  
9473.034465  
9594.855387  
9713.59165  
9637.716528  
9731.650114  
9752.839811  
9683.501099  
9667.348722  
9650.727791  
9663.119059  
9815.130314  
9787.395239  
9784.471436  
9697.912834  
9718.135718  
9594.007674  
9589.653825  
9672.358073  
9726.066195  
9685.827466  
9681.155387  
9708.515007  
9588.610482  
9569.143726  
9581.645085  
9483.078158  
9515.481901  
9609.61263  
9518.785938  
9532.810278  
9450.010409  
9452.561271  
9531.218408  
9630.018766  
9631.349479  
9693.519572  
9718.944344  
9754.897388  
9609.40931  
9584.327702  
9678.615153  
9695.419954  
9707.186613  
9750.483049  
9694.360376  
9636.781934  
9634.242269  
9676.011377  
9616.064836  
9754.39174  
9720.384562  
9655.812842  
9571.518978  
9639.493132  
9826.124569  
9753.55109  
9623.803605  
9591.055054  
9441.027507  
9433.344181  
9528.148039  
9670.168579  
9682.09078  
9717.565999  
9657.634652  
9763.933781  
9699.656632  
9713.622648  
9665.233968  
9749.422176  
9711.534009  
9734.301742  
9703.076245  
9688.260303  
9560.784351  
9483.274756  
9408.070955  
9573.589657  
9669.6462  
9648.857316  
9742.715698  
9693.851042  
9681.68632  
9717.615755  
9707.401066  
9646.104557  
9634.305542  
9614.24987  
9651.614347  
9654.092326  
9727.223511  
9587.169303  
9595.855444  
9574.416423  
9708.96355  
9661.01748  
9625.60485  
9600.72972  
9666.669059  
9631.635563  
9642.50966  
9610.121077  
9520.286361  
9462.975651  
9524.93658  
9547.578711  
9646.833211  
9581.976986  
9656.600244  
9620.203507  
9633.962671  
9593.260075  
9546.69729  
9646.872754  
9686.973535  
9723.100293  
9701.661776  
9748.660579  
9538.898755  
9452.434408  
9463.054517  
9508.446769  
9552.287223  
9685.634351  
9635.343872  
9621.008724  
9657.155892  
9581.689518  
9606.432186  
9688.583903  
9701.88396  
9569.452783  
9673.060718  
9755.517871  
9728.296379  
9758.100472  
9719.892578  
9646.678434  
9628.712809  
9583.789779  
9606.1337  
9611.923096  
9558.433691  
9513.598918  
9478.660164  
9442.423617  
9448.78641  
9561.330599  
9611.40752  
9720.732121  
9752.821965  
9741.407853  
9744.027018  
9640.725675  
9702.774992  
9631.082829  
9592.507365  
9625.504191  
9690.042847  
9647.332837  
9569.505924  
9486.323039  
9490.112557  
9498.744881  
9534.86189  
9631.219352  
9613.412052  
9692.347892  
9675.885799  
9712.882536  
9659.745736  
9686.475903  
9613.830729  
9572.177547  
9510.196802  
9570.816553  
9690.734489  
9568.711605  
9615.940552  
9607.196305  
9592.591203  
9633.233146  
9623.869303  
9616.24598  
9602.268058  
9587.028784  
9654.481144  
9705.15625  
9617.771525  
9719.132153  
9626.34777  
9611.333626  
9567.449805  
9536.600968  
9641.365365  
9695.283325  
9698.76661  
9605.604801  
9527.635205  
9668.586532  
9661.211979  
9626.80127  
9576.409839  
9523.646175  
9589.642692  
9624.82596  
9652.159245  
9675.799626  
9661.225822  
9634.208382  
9557.495996  
9565.525765  
9644.769881  
9687.6705  
9674.560059  
9574.268905  
9558.898812  
9603.889673  
9695.333171  
9684.764868  
9644.717472  
9584.441024  
9673.314958  
9790.606047  
9785.509196  
9758.710042  
9731.887549  
9746.557284  
9707.314054  
9624.950285  
9567.618823  
9489.245492  
9573.1743  
9655.897917  
9700.274349  
9685.879565  
9646.532186  
9609.023275  
9579.073763  
9591.62959  
9634.527743  
9720.473869  
9701.293132  
9599.081299  
9590.233211  
9644.873942  
9575.381413  
9598.121436  
9703.079622  
9802.05874  
9757.999243  
9749.676994  
9606.938802  
9632.366187  
9714.052962  
9660.503263  
9723.694572  
9680.267741  
9708.341951  
9613.487158  
9651.61342  
9580.888981  
9537.608122  
9455.69139  
9448.44637  
9440.409123  
9556.357153  
9577.040796  
9584.505396  
9520.524227  
9522.64978  
9569.768579  
9674.696427  
9663.84235  
9677.372591  
9621.898145  
9687.890869  
9691.840674  
9640.264933  
9688.178906  
9550.227271  
9527.50048  
9583.862939  
9612.028914  
9700.42321  
9705.059196  
9715.323649  
9735.584497  
9677.008398  
9620.368815  
9473.885335  
9556.417367  
9604.039827  
9592.83654  
9624.299593  
9609.953174  
9701.060555  
9707.36381  
9741.171826  
9672.034009  
9722.674105  
9643.816488  
9684.065682  
9613.310872  
9579.823787  
9536.051351  
9615.422542  
9594.306771  
9714.109505  
9689.584115  
9642.8677  
9531.992114  
9460.939274  
9457.375269  
9519.832601  
9531.45529  
9624.182764  
9565.698153  
9530.037134  
9662.794409  
9640.717432  
9725.864722  
9674.147778  
9712.148486  
9666.967285  
9683.196281  
9741.49821  
9610.531453  
9599.955615  
9602.369621  
9587.279793  
9715.211011  
9630.090967  
9687.127197  
9655.804793  
9717.730339  
9705.613949  
9599.658325  
9467.315861  
9485.25153  
9635.959131  
9654.161108  
9683.845996  
9738.008577  
9690.152531  
9749.273478  
9589.934806  
9534.592057  
9570.367912  
9571.398771  
9679.529207  
9682.876066  
9684.222184  
9732.86036  
9657.691683  
9513.907438  
9462.346834  
9498.500057  
9613.941374  
9621.291805  
9658.120475  
9768.931616  
9776.848063  
9700.862703  
9746.459823  
9717.593848  
9731.485213  
9696.70651  
9649.20245  
9654.032202  
9606.148958  
9512.765462  
9522.259985  
9534.574609  
9551.602474  
9623.638753  
9669.73798  
9579.767993  
9589.087834  
9641.858846  
9635.106925  
9698.624569  
9722.86661  
9700.312695  
9719.333691  
9614.66722  
9662.825724  
9551.16416  
9547.856527  
9584.517049  
9665.811499  
9701.714014  
9734.064632  
9737.677311  
9616.050179  
9488.58064  
9461.043034  
9470.940706  
9537.831014  
9622.449032  
9638.898682  
9719.847306  
9619.711125  
9713.35616  
9697.741854  
9689.787028  
9679.269523  
9698.599056  
9643.998739  
9699.573258  
9605.387663  
9593.324015  
9642.868758  
9651.368205  
9603.897225  
9558.605762  
9498.399056  
9491.355444  
9487.272469  
9586.991707  
9597.362655  
9629.816854  
9701.857471  
9594.290299  
9586.141895  
9581.101042  
9621.763338  
9592.31652  
9587.275675  
9607.926912  
9574.798307  
9620.774194  
9629.262248  
9687.032039  
9672.979248  
9631.466309  
9714.689201  
9583.440356  
9527.334945  
9663.532804  
9695.26451  
9709.81005  
9767.518026  
9716.44716  
9753.312573  
9764.324707  
9758.725529  
9691.874276  
9619.691349  
9559.385083  
9646.999064  
9653.399723  
9644.106681  
9625.889575  
9640.81154  
9617.107113  
9631.786816  
9627.547485  
9627.670768  
9560.665454  
9606.362223  
9648.119849  
9702.578198  
9696.834888  
9719.849919  
9689.430851  
9692.958529  
9624.849455  
9679.885978  
9655.194523  
9565.130648  
9569.147119  
9612.390479  
9710.723828  
9654.972371  
9735.0816  
9519.825675  
9536.469442  
9595.185376  
9695.711003  
9714.62382  
9740.802938  
9725.508081  
9595.757153  
9568.653996  
9467.372746  
9540.988468  
9636.400618  
9684.613192  
9677.174666  
9634.007601  
9627.469124  
9476.30555  
9515.092887  
9532.288753  
9621.597469  
9586.352205  
9565.990641  
9605.744784  
9674.706852  
9606.533  
9604.770345  
9577.616919  
9650.986654  
9619.361768  
9736.736548  
9751.508927  
9600.080054  
9536.956486  
9528.320312  
9609.571167  
9600.352783  
9679.090715  
9628.647005  
9618.403914  
9609.182422  
9636.868742  
9609.96779  
9605.264876  
9537.066089  
9550.151571  
9524.115454  
9619.419727  
9607.835449  
9740.135343  
9734.670711  
9669.497982  
9638.618937  
9554.252734  
9630.391048  
9678.992342  
9642.380029  
9643.065226  
9604.769548  
9656.727401  
9666.218058  
9656.584945  
9713.987687  
9695.703605  
9539.987549  
9616.384741  
9677.953581  
9718.488143  
9697.32609  
9674.612427  
9648.249097  
9682.010295  
9703.054606  
9601.807544  
9533.684212  
9506.387956  
9566.35992  
9642.795907  
9640.675285  
9686.622013  
9477.949243  
9507.82937  
9600.001107  
9580.369792  
9739.338175  
9766.350765  
9728.855233  
9671.012988  
9650.40319  
9746.699902  
9748.337695  
9609.216805  
9548.23776  
9518.690967  
9526.295142  
9613.509041  
9702.012923  
9666.761003  
9594.639657  
9580.932601  
9523.839795  
9682.500146  
9688.804785  
9691.238281  
9712.925008  
9756.90201  
9727.744271  
9690.587386  
9625.998128  
9532.662264  
9496.203198  
9583.377026  
9612.047355  
9705.985905  
9680.475114  
9602.638949  
9629.270304  
9618.095483  
9657.953271  
9622.406315  
9644.005607  
9615.32548  
9646.321077  
9544.089844  
9611.062052  
9647.213509  
9638.662891  
9545.729557  
9562.300024  
9645.618311  
9662.07911  
9691.227702  
9684.033643  
9616.937646  
9745.739722  
9669.168026  
9560.761442  
9667.252645  
9700.352327  
9716.824854  
9706.715902  
9580.1521  
9555.995573  
9535.644124  
9534.690641  
9624.960254  
9610.044238  
9616.932593  
9567.197721  
9574.43693  
9585.638688  
9621.844604  
9606.197526  
9613.319661  
9477.510889  
9526.469621  
9574.42404  
9641.708171  
9683.972201  
9719.539469  
9694.890413  
9678.05695  
9629.168791  
9617.06333  
9638.879679  
9712.848145  
9703.082316  
9649.460482  
9512.327189  
9509.587948  
9593.289494  
9654.1764  
9680.819491  
9526.797233  
9541.206429  
9686.397103  
9635.030868  
9680.64707  
9678.675627  
9640.083057  
9629.58632  
9674.903076  
9622.581527  
9705.680705  
9727.440617  
9570.014258  
9435.703849  
9489.651636  
9541.304891  
9661.378296  
9664.821208  
9717.645833  
9636.816854  
9590.953467  
9665.641284  
9557.373787  
9623.071932  
9666.046305  
9752.654427  
9678.386271  
9591.78881  
9505.916829  
9553.695809  
9561  
9614.097168  
9616.854207  
9623.264478  
9693.357943  
9720.584342  
9710.849699  
9766.230257  
9599.026579  
9683.391423  
9677.773153  
9634.228451  
9668.693262  
9607.395711  
9623.065324  
9628.114689  
9589.597339  
9562.360612  
9607.86342  
9594.933398  
9634.285921  
9632.137866  
9642.27172  
9706.738062  
9577.304883  
9599.518986  
9679.619824  
9702.255802  
9705.976131  
9696.310978  
9686.813639  
9701.154907  
9606.436841  
9703.249227  
9604.330607  
9675.736051  
9634.587207  
9645.291349  
9653.620101  
9675.997795  
9552.43894  
9497.697876  
9545.070199  
9576.467944  
9654.742725  
9625.117505  
9552.29471  
9596.381714  
9640.741431  
9536.925439  
9503.957739  
9492.137736  
9625.41001  
9627.189217  
9775.216235  
9765.673755  
9637.679102  
9499.614087  
9594.157568  
9599.760571  
9576.065902  
9558.106258  
9556.106087  
9466.110571  
9540.530029  
9616.626164  
9665.434188  
9742.975968  
9623.133455  
9619.953434  
9646.684229  
9717.336019  
9806.172314  
9790.745052  
9794.889966  
9760.8889  
9702.303621  
9554.029549  
9547.708634  
9647.548153  
9584.803809  
9780.847721  
9731.022209  
9636.134953  
9774.628866  
9709.65734  
9755.140584  
9721.54161  
9728.674569  
9671.917106  
9522.986825  
9440.632015  
9459.854403  
9406.264429  
9529.098511  
9600.865625  
9562.562028  
9639.99012  
9635.147697  
9668.249748  
9621.503963  
9684.391854  
9734.243563  
9640.140063  
9627.195402  
9759.932853  
9695.521216  
9531.559798  
9627.291553  
9640.532609  
9650.537785  
9644.070337  
9552.044832  
9459.606128  
9423.836678  
9397.247795  
9581.667008  
9689.19165  
9706.322697  
9703.336287  
9741.202083  
9753.087272  
9760.461328  
9744.021134  
9735.5104  
9700.43903  
9698.707731  
9656.97325  
9657.286084  
9538.909359  
9552.368359  
9527.804045  
9555.07439  
9570.001896  
9610.172982  
9699.461466  
9567.265356  
9420.059432  
9424.653092  
9529.175301  
9586.093392  
9597.111589  
9608.32797  
9654.410229  
9651.160026  
9675.300024  
9670.925041  
9582.500513  
9586.725928  
9563.714974  
9641.121403  
9667.848258  
9666.792757  
9714.202157  
9574.62137  
9705.918359  
9747.870728  
9804.270638  
9774.522176  
9711.014526  
9616.208903  
9645.952214  
9606.412134  
9529.760661  
9487.56272  
9526.731413  
9566.044792  
9636.164575  
9626.71276  
9618.791195  
9514.724121  
9488.40092  
9663.388102  
9622.375431  
9713.068327  
9692.871794  
9649.275773  
9558.949593  
9543.421208  
9532.229785  
9637.295565  
9730.407747  
9725.035994  
9635.199186  
9656.325008  
9626.204085  
9805.85887  
9771.470142  
9754.867505  
9768.247518  
9764.103174  
9671.811694  
9785.311938  
9688.021908  
9654.152425  
9668.941585  
9579.929997  
9488.18186  
9500.040576  
9473.626457  
9537.984652  
9572.863045  
9588.107064  
9569.735758  
9638.264185  
9583.287476  
9607.957552  
9632.329899  
9614.674561  
9678.919735  
9640.223145  
9669.716789  
9594.923047  
9553.909188  
9628.93986  
9600.999259  
9602.696322  
9577.488843  
9529.239372  
9592.084806  
9648.575643  
9669.061515  
9634.680575  
9671.664193  
9647.18195  
9585.94694  
9546.98606  
9493.087646  
9590.128524  
9596.1375  
9662.28536  
9675.101139  
9696.082772  
9731.58667  
9731.414225  
9666.428044  
9691.538118  
9641.963208  
9674.808097  
9555.044409  
9427.843132  
9513.888322  
9527.846769  
9675.150749  
9674.753353  
9711.893018  
9705.003719  
9651.694181  
9557.503882  
9715.974528  
9712.669938  
9731.773153  
9764.404232  
9658.661523  
9531.121842  
9669.840023  
9745.421908  
9701.888062  
9793.153988  
9647.561751  
9562.682739  
9580.145264  
9577.704655  
9612.95262  
9532.742212  
9572.16451  
9709.907707  
9668.289591  
9713.725635  
9645.876823  
9763.764705  
9601.096761  
9579.9691  
9475.816488  
9523.097502  
9531.356584  
9550.899056  
9587.242017  
9624.795687  
9737.319661  
9692.246883  
9576.994914  
9529.668685  
9577.043994  
9660.411719  
9618.493978  
9715.042733  
9648.066935  
9729.836385  
9662.936654  
9663.120386  
9659.233081  
9568.540462  
9557.392912  
9475.546623  
9551.031698  
9592.096493  
9661.524658  
9711.826888  
9739.722705  
9709.902287  
9685.793368  
9776.083325  
9666.04716  
9653.356234  
9676.764274  
9619.953092  
9587.030786  
9571.259163  
9471.846834  
9501.589152  
9603.039258  
9626.610547  
9728.666732  
9628.310645  
9661.169027  
9605.666626  
9638.827336  
9722.489844  
9680.303532  
9798.530037  
9697.037508  
9522.527393  
9544.366333  
9463.713835  
9487.245304  
9618.199699  
9664.241512  
9673.317562  
9661.593604  
9691.297697  
9768.461491  
9666.587866  
9549.565592  
9570.303125  
9566.757056  
9676.793758  
