9929.192852  
9987.218867  
10009.39775  
9983.030879  
9922.841095  
9894.594132  
9899.133102  
9938.404821  
9951.986881  
10008.33538  
10015.00446  
10016.93604  
10008.03193  
9978.536732  
9949.869557  
9944.636065  
9949.804037  
9850.497966  
9871.878547  
9919.223871  
9947.960367  
9978.780622  
9960.247196  
9952.042468  
9926.051116  
9883.420069  
9782.930231  
10004.40049  
9918.258966  
9915.610302  
9958.04778  
9992.326165  
9966.399337  
9962.825537  
9947.922381  
9977.277382  
9923.404823  
9958.003261  
9936.191834  
9958.553706  
9972.036904  
10002.55636  
9983.961005  
9956.020625  
9977.156148  
9985.322204  
9979.28385  
9979.475067  
9955.873441  
9972.437777  
9964.580184  
9946.865683  
9976.038139  
9911.757356  
9875.188783  
9933.013899  
9947.97632  
9963.344517  
9954.516719  
9866.089402  
9943.6192  
9934.713385  
9991.28049  
9961.837379  
9939.078415  
9886.332446  
9903.496745  
9876.874235  
9902.114167  
9928.404702  
9936.793475  
9928.186103  
10031.91257  
10080.18261  
10026.40338  
9969.284436  
9946.568029  
9953.940996  
10026.0541  
10021.99731  
9995.18969  
9911.30723  
9917.989636  
9933.304572  
9941.241332  
9952.091505  
9950.687881  
9942.273875  
9950.525745  
9934.883797  
9964.49515  
9950.073733  
9959.670245  
9911.514072  
9918.841331  
9896.013411  
9987.298164  
10015.55106  
9977.265478  
9939.344789  
9912.189445  
9938.638871  
9978.812887  
9947.331093  
9956.465788  
9975.63222  
9992.044197  
10001.5383  
9941.800941  
9943.470743  
9944.69821  
9940.312091  
9950.624268  
9995.315471  
9987.437512  
9965.779349  
9944.099184  
9924.819394  
9920.051674  
9916.566365  
9971.676056  
9989.554248  
10025.78043  
9938.00756  
9951.952466  
9956.274085  
9976.996218  
9973.440276  
9951.203318  
9967.584307  
9948.533588  
9907.047675  
9925.448798  
9889.911643  
9919.450556  
9897.98077  
9898.77373  
9937.889066  
9932.417974  
9983.910676  
9993.532825  
9934.977122  
9868.964855  
9981.677333  
9969.007828  
9965.714504  
9960.179611  
9930.852042  
9881.167707  
9797.415527  
9837.258166  
9902.175175  
9978.616833  
10033.80365  
9998.154686  
9963.81135  
9971.132165  
9957.863801  
9966.63943  
9950.424059  
9957.100439  
9946.765845  
10021.79854  
10002.00077  
9978.321769  
9971.749996  
9941.77024  
9947.593403  
9947.352489  
9919.353047  
9967.215717  
9962.444083  
9941.072324  
9955.335942  
9972.801917  
9985.588895  
10015.06054  
10014.73835  
9973.231249  
9946.889355  
9977.139214  
10025.23257  
10085.60044  
10045.72633  
9996.293934  
9956.443936  
9920.208142  
9915.584189  
9914.554571  
9927.651025  
9939.755984  
9929.912514  
9929.955202  
9992.006593  
9947.790857  
9998.522563  
9976.616719  
9949.17885  
9932.550653  
9953.088049  
9939.267377  
9943.281123  
9949.379272  
9995.29676  
10007.98726  
9942.154312  
9918.221473  
9900.143298  
9933.87695  
9909.321187  
10003.86196  
9990.379664  
9937.056702  
9884.428197  
9847.587162  
9843.636034  
9924.993005  
9992.744673  
9992.823759  
9975.997331  
9903.838598  
9932.678577  
9909.297382  
9918.034988  
9902.930329  
9956.050672  
9971.619393  
9961.830422  
9925.667614  
9841.913028  
9948.172324  
9999.415208  
9964.777155  
9975.81026  
9987.576829  
9920.213033  
9921.5783  
9937.949838  
9937.243144  
9950.497794  
9963.141013  
9980.053179  
9956.819086  
9976.142647  
9967.500635  
10008.2429  
9945.154906  
9931.935489  
9919.987692  
9910.913936  
9959.433585  
9956.442992  
9941.539781  
9971.395405  
9979.189846  
9952.107132  
9941.014507  
9942.921943  
9883.77012  
9895.914222  
9980.694504  
9974.098647  
9928.294803  
9929.586556  
9939.883462  
9975.358665  
9993.561714  
9968.939822  
9979.422658  
9933.290029  
9908.398052  
9889.012357  
9907.870489  
10006.82169  
10008.60971  
9945.50143  
9944.724665  
9973.947375  
10017.20248  
10012.50039  
9970.617451  
9955.046696  
9974.011767  
9966.050937  
9970.590723  
9929.349129  
9901.784027  
9882.1102  
9973.264846  
10013.27248  
9963.315768  
9942.248679  
9868.498213  
9866.494631  
9922.465707  
9971.239651  
9984.216815  
9984.947695  
9949.341906  
9949.369286  
9971.833134  
9955.603395  
9915.607454  
9904.515484  
9926.914411  
9951.501986  
9975.676562  
9973.227235  
9968.624409  
9974.3115  
9957.776739  
9938.961859  
9964.216829  
9928.835828  
9919.522267  
9892.362158  
9922.884775  
9909.700104  
9939.143229  
9953.140133  
9961.531843  
9921.208811  
9942.263624  
9919.42151  
9962.337353  
10017.08525  
10053.4779  
9988.105493  
9952.032993  
9947.604364  
9948.582186  
9925.27425  
9944.51352  
9974.282984  
9969.37127  
9979.069529  
9978.360102  
9990.401406  
9987.758979  
9947.763556  
9947.39268  
9944.835364  
9946.267697  
9961.678516  
9954.246313  
9955.824241  
9957.458208  
9938.786924  
9965.632623  
9968.463601  
9969.413128  
9938.537701  
9921.248736  
9937.719671  
9959.57625  
9993.751357  
9968.411438  
9896.319379  
9859.726309  
9829.790662  
9878.608204  
9896.878732  
9906.026792  
9895.085029  
9965.233375  
10003.22231  
9996.144633  
9997.335029  
9993.550056  
9976.400925  
9961.669813  
9971.687374  
9949.463909  
9963.953701  
9986.827204  
10011.21082  
9945.933928  
9958.621143  
9946.282115  
9939.065862  
9951.415591  
9946.718009  
9934.503934  
9921.377515  
9897.109077  
9902.960494  
9913.590103  
9933.341552  
9946.291933  
9933.995632  
9942.180756  
9967.92705  
9972.648266  
9979.894502  
9983.304759  
9980.262263  
10016.1642  
10011.32902  
9949.852834  
9907.075439  
9880.406673  
9898.312661  
9948.030346  
9965.980783  
9963.26354  
9959.15195  
9946.162817  
9864.663284  
9987.435231  
9970.285141  
9958.456671  
9953.350376  
9952.992132  
9981.653923  
10019.54599  
9979.388986  
9965.942071  
9960.172623  
9997.366739  
9973.067636  
9903.617328  
9943.232247  
9959.177902  
9996.38319  
9970.538839  
9987.713292  
9955.051324  
9954.158931  
9906.626657  
9895.982838  
9925.41594  
9929.575433  
9899.679087  
9893.53154  
9890.716488  
9883.986723  
9915.694826  
9960.148555  
9964.368061  
9956.815909  
9936.893585  
9935.542645  
9945.500743  
9925.948469  
9911.246083  
9897.923467  
9903.111538  
9971.485917  
10014.10723  
9976.365895  
9960.257993  
9948.941843  
9928.673117  
9943.672713  
9973.412333  
9943.095941  
9951.911504  
9963.410186  
9983.303352  
9966.838163  
9937.834283  
9927.220932  
9966.406169  
9939.49626  
9900.123618  
9911.623522  
9966.594542  
9964.561117  
10009.09108  
9981.506815  
9984.903614  
9962.688269  
9934.391324  
9894.077304  
9860.051812  
9883.110788  
9899.507154  
9933.877115  
10000.64003  
10011.62426  
9986.175976  
10009.42698  
9987.971873  
9992.003268  
9981.619991  
10001.74886  
9975.263706  
9904.96718  
9954.137762  
9929.564087  
9962.959436  
9965.326196  
9948.130239  
9980.824651  
9965.319971  
9951.259013  
9901.107381  
9898.214057  
9871.281583  
9880.896869  
9891.894199  
9928.001009  
9929.918019  
9872.812834  
9878.282986  
9982.72236  
10068.07832  
10057.76482  
9981.79973  
9891.002168  
9856.419865  
9900.008774  
9930.040644  
9994.778954  
9973.074998  
9969.770649  
9904.614377  
9888.802328  
9989.485855  
10043.90205  
10021.50527  
9994.524672  
9963.872157  
9959.49423  
9965.919845  
9982.176211  
10037.35672  
10025.81934  
10046.86518  
10010.55688  
9984.686465  
9907.013643  
9871.029  
9766.991275  
9916.863849  
9919.125989  
9870.250098  
9856.90929  
9925.963944  
9991.400731  
10051.85305  
10000.90924  
9977.932363  
10013.10939  
9957.676708  
9941.36514  
9922.57026  
9966.430177  
9985.887788  
9931.598338  
9978.330303  
9954.314861  
9987.070321  
9969.072105  
9896.081572  
9870.994455  
9850.126613  
9885.530409  
9986.121354  
9956.301025  
10026.66535  
10009.0562  
10017.95992  
9985.322597  
10020.72081  
10071.84208  
10053.1015  
9974.520901  
9961.700873  
9995.617358  
10012.65765  
9992.462362  
9888.415932  
9839.748297  
9825.004518  
9834.984572  
9898.042717  
9937.498609  
10007.67072  
9993.783104  
9995.705662  
10030.30139  
9990.347934  
9956.149487  
9921.367911  
9959.690275  
9940.360603  
9985.205463  
9977.267371  
9927.303962  
9968.907129  
10039.98736  
10013.49821  
10011.31329  
9973.521638  
9906.721129  
9879.13757  
9902.048977  
9964.836509  
10020.58984  
9983.937396  
9944.590627  
9825.531398  
9812.66285  
9816.394072  
9892.033134  
9864.505115  
9853.026535  
9825.493933  
9855.09538  
9880.472839  
9891.891551  
9931.838012  
9959.041234  
9951.862269  
10001.14801  
9994.202363  
9962.864982  
9950.717876  
9960.610532  
9976.095568  
10017.40385  
10015.04624  
9954.868607  
9974.584921  
9992.113066  
10002.18207  
9982.026165  
9940.991146  
9922.719356  
9950.901593  
9983.103526  
9972.013754  
9971.560656  
9956.384075  
9975.366779  
9935.94293  
9876.356608  
9982.568967  
10055.02767  
10039.16185  
9957.898639  
9944.632919  
9910.192218  
9924.722213  
9965.020031  
9920.989132  
9918.618189  
9824.590303  
9996.350255  
9989.465654  
9970.867423  
9956.732815  
9914.369299  
9874.879859  
9913.969955  
9988.323037  
10026.62058  
10065.89077  
10036.48476  
10027.10373  
10023.88676  
9958.278758  
9966.984531  
9947.406073  
9949.364108  
9996.23828  
10048.77566  
9973.303343  
9957.870612  
9893.769263  
9899.976215  
9883.08813  
9927.352147  
9968.036888  
10001.1339  
9966.535587  
9934.481274  
9909.137667  
9918.866843  
9943.367494  
9942.467056  
9942.75766  
9913.499985  
9920.617754  
9879.450259  
9895.395822  
9893.15874  
9923.079397  
9968.862811  
10002.87917  
9965.282055  
9918.336083  
9920.184311  
9882.457766  
9876.109307  
9952.682758  
9978.996453  
9970.938179  
9925.783221  
9938.750824  
9900.641132  
9918.519674  
9958.808668  
9960.49037  
9970.811077  
9932.8161  
9921.651348  
9892.924743  
9893.698558  
9951.215136  
9950.462777  
9925.88201  
9912.798028  
9903.038058  
9928.588104  
9971.674164  
10044.04249  
10008.40766  
9978.587303  
9942.961625  
9928.177674  
9928.279376  
9932.399087  
9932.007561  
9966.399675  
9994.235981  
9967.754775  
9943.640072  
9925.153401  
9921.430808  
9896.214466  
9893.195365  
9906.958416  
9967.738998  
10004.62882  
9951.883755  
9936.546944  
9946.314048  
10003.7022  
10024.35064  
9992.54764  
9903.8787  
9915.902481  
9919.258535  
9889.529905  
9907.78301  
9923.825488  
9938.786974  
9980.714371  
10000.66365  
9980.625473  
9995.630564  
9979.722683  
9979.270481  
9976.54262  
9957.053405  
9959.493557  
9962.156564  
9945.880763  
9954.948149  
10001.19765  
10031.61934  
10020.1736  
9975.719925  
10002.60351  
9986.712494  
9975.03479  
9957.501325  
9864.908064  
9974.088838  
10023.19199  
10001.89579  
9976.809323  
9888.687887  
9876.097101  
9892.664438  
9882.794131  
9950.344151  
9998.400167  
9967.91729  
9932.220461  
9905.937342  
9872.398074  
9906.125548  
9935.383036  
9960.736798  
9948.460619  
9957.306435  
9969.246668  
9983.437158  
9910.913492  
9926.723691  
9895.878685  
9883.989759  
9946.231484  
10005.61091  
10022.04496  
9994.847525  
9966.931076  
9955.952193  
9951.988643  
9905.459744  
9947.066918  
10013.34839  
10012.60434  
9947.872063  
9940.029929  
9972.899347  
9947.618382  
9949.277649  
9930.272888  
9913.186273  
9984.122684  
9956.704799  
9966.061995  
9954.330253  
9917.240006  
9937.016769  
9982.738849  
9991.512216  
9973.240636  
10000.29059  
9945.549607  
9929.366661  
9951.10442  
9923.657423  
9900.060456  
9925.017958  
9920.236489  
9915.867527  
9969.308307  
9988.485248  
9945.706442  
9930.152058  
9916.991475  
9901.942697  
9933.960575  
9965.560439  
9949.330491  
9950.676781  
9951.967293  
9980.769082  
10002.1777  
9976.791225  
9932.681971  
9917.113858  
9918.086483  
9909.592054  
9935.112642  
9952.507804  
9974.215356  
10011.2955  
9989.700563  
9945.423691  
9952.783816  
9970.262545  
9979.404799  
9952.996256  
9944.318267  
9973.094494  
10012.97587  
10030.09456  
10009.85895  
9972.664859  
9975.936822  
9977.001487  
9974.679885  
9967.794866  
9993.79471  
9963.894906  
9897.767417  
9912.598361  
9966.160855  
10003.87167  
9990.564681  
9946.396441  
9920.677158  
9918.235458  
9920.701819  
9948.015117  
9925.309857  
9733.521654  
9959.406205  
9915.594854  
9929.201067  
9911.158659  
9947.13981  
9974.975463  
10003.28212  
10017.54986  
9995.364929  
9967.821042  
9936.22094  
9966.685593  
9961.74238  
9966.514502  
9960.108929  
9943.705705  
9922.016416  
9912.484689  
9920.958175  
9925.959878  
9948.567141  
10000.33425  
9974.237744  
9988.743668  
9956.653561  
9942.599621  
9937.458473  
9937.85357  
9983.332664  
9966.706977  
9960.871338  
9944.873971  
9964.750518  
9940.479153  
9909.704941  
9910.790264  
9906.178993  
9897.70376  
9950.552491  
9936.654599  
9926.885822  
9911.940662  
9894.722803  
9878.579976  
9904.33482  
9936.642345  
9917.381479  
9939.485342  
9954.812506  
9974.949078  
10031.40655  
10001.71451  
9954.605736  
9920.407951  
9920.446908  
9922.753309  
9962.499021  
10007.22027  
10036.00181  
9991.150478  
9985.550782  
9963.482122  
9981.395929  
9963.653373  
9960.20595  
9963.255616  
10018.61436  
9995.163592  
9941.484158  
9932.262766  
9973.414235  
10016.36207  
9953.85647  
9985.221729  
9976.172486  
9949.499044  
9966.224879  
9952.683606  
9956.016553  
9962.563757  
10049.29342  
10005.87859  
9969.510312  
9961.483916  
9934.101269  
9903.127627  
9916.376711  
9933.539323  
9928.855165  
9941.975898  
9902.990904  
9884.189954  
9920.813591  
9965.395068  
9944.188227  
9937.015839  
9940.283633  
9946.352887  
9916.137888  
9913.100344  
9887.343446  
9894.175836  
9921.454054  
10008.15686  
10003.708  
9974.409132  
9958.712543  
9976.47818  
10008.85744  
9993.62019  
9951.090791  
9943.477033  
9945.998694  
9973.446149  
10004.088  
9955.288038  
9949.023323  
9937.632019  
9926.294023  
9941.404227  
9871.484966  
9877.990182  
9931.044666  
9974.960909  
9986.130518  
9931.08069  
9901.075584  
9918.333437  
9927.329282  
9913.524179  
9939.375643  
10003.36039  
10051.93728  
9999.578088  
9988.84766  
9947.562299  
9930.916453  
9970.250657  
9973.171942  
9972.551033  
9988.470528  
9953.12024  
9952.112573  
9914.434657  
9911.788228  
9928.245534  
9950.498923  
9939.597261  
9952.442434  
9970.854345  
9952.623632  
9973.214848  
9958.778866  
9951.554903  
9958.888041  
9971.394774  
9970.894208  
10000.82613  
9936.387853  
9929.736839  
9941.065266  
9914.522443  
9929.648119  
9962.786456  
9960.708693  
9964.494833  
9917.849162  
9894.041419  
9890.075545  
9909.582844  
9931.330648  
9960.875539  
9889.296771  
9897.39565  
9871.372575  
9870.419349  
9871.986812  
9912.519334  
9935.096627  
9968.134703  
9968.055033  
9984.573015  
9948.94692  
9935.144142  
9901.395854  
9906.815762  
9947.922522  
9956.07862  
9951.282916  
9958.826486  
9937.441501  
9965.091084  
10017.99551  
10029.46079  
9997.320879  
9973.983664  
9937.376614  
9940.595147  
9925.142855  
9922.006297  
9935.449801  
9932.506913  
9954.475636  
9973.164294  
9957.46758  
9968.745719  
9961.667739  
9957.656027  
9938.232933  
9947.44778  
9903.414846  
9937.167303  
9955.489415  
9981.139588  
10053.13274  
10002.43283  
9973.211848  
9957.01648  
9961.529485  
9931.514628  
9925.584828  
9915.636523  
9903.346047  
9923.524064  
9956.356616  
9977.781548  
9943.969344  
9993.155897  
9964.56401  
9975.321553  
9967.437114  
9971.674245  
9968.220278  
9941.137589  
9931.425594  
9937.616549  
10000.20473  
10009.5804  
9985.111506  
9942.573375  
9954.414372  
9928.943166  
9914.184801  
9893.030803  
9876.88017  
9897.358031  
9971.79563  
9965.905614  
9973.494854  
9911.996334  
9891.6112  
9967.997539  
10010.84165  
9993.139248  
9936.38366  
9880.744818  
9859.257281  
9876.685734  
9883.650773  
9964.524922  
9960.059708  
9981.362773  
9997.173521  
9949.35006  
9943.669903  
9908.280778  
9932.260469  
9930.487931  
9991.808034  
10014.13547  
10006.87322  
10009.04305  
10001.49615  
10032.48258  
9963.665024  
9957.598204  
9973.77584  
9970.005063  
9940.788142  
9930.279446  
9912.142893  
9882.061117  
9930.985768  
9962.913258  
9996.348079  
9970.754865  
9954.024707  
9942.534505  
9942.539694  
9932.923357  
9960.52083  
9959.501745  
9966.643709  
9958.344176  
9985.558212  
9965.507191  
9993.799908  
9980.296041  
9966.346157  
9955.479326  
9924.708975  
9909.141913  
9918.783695  
9976.714744  
9969.842345  
9935.395885  
9912.654338  
9932.834543  
9932.802042  
9961.384591  
9967.729426  
9926.370982  
9917.67782  
9919.775451  
9950.259443  
9969.672109  
9926.599803  
9903.048786  
9882.253966  
9896.614295  
9947.585705  
9927.201904  
9929.577376  
9915.142147  
9952.034848  
9964.335416  
10007.35581  
9975.43716  
9938.656867  
9890.848108  
9917.342697  
9992.804482  
9982.30076  
9955.931292  
9954.334842  
9956.363224  
9933.39534  
9941.958873  
9912.859222  
9895.754768  
9882.387923  
9880.399212  
9931.754673  
9980.172528  
9988.621984  
9970.269182  
9955.302764  
9972.030037  
9960.741191  
9999.616847  
10010.31916  
10019.0131  
9976.189897  
9935.786656  
9935.80708  
9899.533831  
9922.46652  
9892.069436  
9915.360291  
9948.461111  
10020.40252  
9995.764269  
9976.186037  
9909.749572  
9925.138568  
9922.01961  
9947.009296  
9932.868588  
9957.951312  
9957.96356  
9978.484228  
9961.274348  
9916.35256  
9953.259051  
9942.98097  
9940.090065  
9927.570412  
9965.243274  
10048.82858  
10069.55607  
10012.41817  
9964.269409  
9933.718633  
9921.224253  
9890.09599  
9928.214343  
9968.343691  
9970.570231  
9949.194376  
9916.186379  
9924.67297  
9908.552127  
9946.507307  
9958.827509  
9952.540843  
9959.206115  
9926.308093  
9935.871579  
9926.127233  
9957.456477  
9960.926241  
9907.650951  
9891.883365  
9882.531098  
9884.3878  
9938.003629  
10000.51165  
9975.571463  
9933.163794  
9891.721216  
9931.914025  
9914.462015  
9931.861993  
9973.972143  
10010.36721  
9979.330756  
9964.322187  
9930.713749  
9935.287496  
9976.672249  
10019.02876  
10004.55866  
10009.97074  
10004.25885  
10053.6669  
10066.80494  
9994.413328  
9971.31919  
10015.45486  
9987.586055  
9980.57891  
9968.362586  
9960.148103  
9932.079008  
9922.819168  
9907.04221  
9940.738472  
9976.347289  
9963.704997  
9964.563068  
9890.885221  
9928.876882  
9930.037928  
9940.708274  
9909.314706  
9958.702198  
9971.732291  
9951.445222  
9911.865795  
9910.873509  
9927.002645  
9951.879472  
9958.405124  
9943.981118  
9986.569317  
9958.496867  
9966.915427  
9963.486032  
9942.762261  
9928.790746  
9867.215174  
9932.286547  
10002.86734  
10027.30313  
9951.830863  
9954.97654  
9959.147035  
10013.17781  
9992.028748  
10013.05931  
9967.027354  
9970.294341  
9945.720607  
9930.89691  
9912.177746  
9939.073665  
9970.818191  
10000.60612  
10055.518  
10015.20908  
9960.710531  
9910.40796  
9912.550928  
9919.600529  
9934.519352  
9953.284727  
9942.697251  
9958.804303  
9921.362562  
9940.139723  
9904.771929  
9935.420589  
9909.36863  
9936.311072  
9968.749689  
9938.149466  
9929.22329  
9949.171311  
9955.568121  
9965.898136  
9947.403402  
9905.303085  
9947.54427  
9976.397828  
10011.55307  
9975.907496  
9944.454259  
9927.23046  
9952.174629  
9974.982555  
10003.68689  
9984.785234  
9956.230382  
9921.658639  
9913.086807  
9937.773143  
9984.748805  
10026.45149  
9978.475043  
9925.629086  
9917.51645  
9941.124426  
9991.019006  
10014.97321  
9961.173117  
9933.980254  
9950.840914  
9944.469752  
9914.965328  
9914.984831  
9942.059371  
9954.177266  
9967.310148  
9989.324678  
9933.579863  
9929.54977  
9933.783354  
9930.586429  
9935.319672  
9879.89281  
9893.556273  
9917.264657  
9924.662449  
9943.444658  
9957.705382  
10013.09708  
10009.54667  
10012.24289  
9968.206149  
9931.466212  
9932.911413  
9962.153757  
9975.95258  
9960.692198  
9997.263649  
9956.221131  
9931.092897  
9932.788213  
9934.012892  
9923.76002  
9939.50934  
9934.82803  
9902.723198  
9889.144  
9889.2871  
9890.903622  
9893.336662  
9945.389706  
10034.48295  
10016.04531  
9991.013722  
9956.069552  
9944.178852  
9959.392901  
9957.92785  
9965.018587  
9968.884491  
9955.100235  
9968.12867  
9915.856416  
9912.277883  
9936.213275  
9911.60276  
9933.62656  
9956.662411  
9960.178069  
9947.973379  
9926.471529  
9903.002316  
9901.090953  
9949.37178  
10004.07556  
10001.76279  
9957.669931  
9959.477582  
9949.571725  
9954.534227  
9937.048998  
9956.366746  
9945.556006  
9945.485516  
9939.32859  
9952.288222  
9951.40126  
9925.19189  
9959.712019  
9780.840788  
10000.77866  
9999.940546  
9979.322236  
9968.089523  
9975.000116  
9947.141511  
9930.34844  
9910.031331  
9879.854136  
9900.510011  
9952.262102  
9948.721975  
9940.812531  
9918.6597  
9937.757508  
9957.596143  
10004.33466  
10036.67732  
10008.772  
9954.073243  
9898.963778  
9890.814958  
9922.37212  
9961.863472  
10039.47515  
10053.26851  
10011.12712  
9941.094239  
9915.640603  
9957.909616  
10043.92537  
9999.041225  
9988.677379  
9902.759303  
9880.877762  
9895.001976  
9925.208984  
9951.732691  
9929.952884  
9894.073301  
9882.927203  
9907.69643  
9973.990517  
9969.129124  
9974.773606  
9985.639236  
9984.611901  
9951.069473  
9948.121426  
9962.062398  
9969.264818  
9985.933519  
10005.97295  
9999.921856  
9956.326037  
9918.326762  
9948.771697  
9942.18493  
9929.054035  
9922.57385  
9924.89119  
9916.844173  
9930.29419  
9930.171211  
9945.22181  
9916.318662  
9928.813841  
9952.221354  
9952.724126  
9971.487591  
9947.981448  
9951.256204  
9986.306063  
9982.722236  
9970.092918  
9908.791925  
9905.721988  
9911.492119  
9889.844395  
9898.307633  
9923.473441  
9923.866423  
9926.219836  
9901.368675  
9881.764353  
9908.990558  
9915.040003  
9970.665002  
9999.384561  
9964.618391  
9961.163036  
9928.647298  
9938.198342  
9914.800388  
9972.008273  
9968.332667  
9947.145056  
9925.174689  
9914.957847  
9928.660433  
9983.873228  
10011.31718  
9953.966622  
9882.219596  
9897.171511  
9904.860564  
9923.970923  
9950.381648  
9959.230399  
9955.088952  
9961.799972  
9968.437731  
10003.64228  
10023.58967  
10008.55006  
9956.929791  
9929.228651  
9920.438386  
9907.827636  
9953.328581  
10007.98566  
10053.12316  
10036.97164  
9958.703256  
9937.9338  
9906.612076  
9933.842656  
9917.566918  
9980.363344  
9934.855433  
9965.648712  
9971.262488  
9952.438213  
9922.867708  
9946.065915  
9916.949685  
9899.147783  
9933.401769  
9955.56511  
9994.67848  
9986.174175  
10007.50259  
9995.491929  
9980.132725  
10004.79089  
10004.35822  
9981.410648  
9933.301201  
9944.302919  
9954.46632  
9969.06957  
9936.180282  
9918.158237  
9909.63748  
9931.020079  
9951.199018  
9974.084308  
9963.359657  
9942.860801  
9913.276477  
9950.478195  
9965.292144  
9976.7219  
9989.388037  
9970.8872  
9936.71147  
9922.706626  
9917.882288  
9927.060837  
9964.344573  
9975.851212  
9999.000376  
9952.710184  
9963.120155  
9950.609815  
9978.76654  
9921.843887  
9877.771558  
9866.098086  
9920.482424  
9999.485967  
9989.296708  
9955.201756  
