10004.71858  
9713.345316  
9810.575069  
9778.801253  
9821.439049  
9802.636862  
9850.199572  
9763.273118  
9732.642957  
9663.117289  
9727.390255  
9557.139884  
9731.211131  
9793.695237  
9821.966342  
9880.335752  
9838.086291  
9874.306186  
9892.883587  
9714.570414  
9674.995749  
9610.308543  
9773.905736  
9785.725148  
9855.088674  
9873.741994  
9837.825431  
9816.211552  
9788.396308  
9809.592597  
9730.291529  
9790.700675  
9760.109695  
9769.497525  
9765.483929  
9841.362852  
9796.951113  
9857.215374  
9830.895348  
9714.929149  
9763.217445  
9849.410687  
9848.952982  
9847.259597  
9831.979745  
9811.722749  
9759.460306  
9774.149692  
9708.443469  
9773.61318  
9873.568907  
9936.029297  
9955.296058  
9864.082865  
9863.724559  
9656.966536  
9556.50623  
9633.666218  
9797.344718  
9791.801994  
9893.414989  
10066.42198  
10052.07119  
9970.005514  
9845.483062  
9790.776157  
9878.164812  
9859.321912  
9699.555075  
9757.633957  
9752.093615  
9549.507964  
9528.084986  
9768.107211  
9820.10259  
9824.095804  
9883.268176  
9793.477539  
9709.391307  
9708.907092  
9809.941507  
9761.011113  
9852.432659  
9975.092218  
9701.512401  
9641.879714  
9650.389337  
9718.235301  
9781.038802  
9905.523168  
9859.704085  
9857.913069  
9843.391408  
9838.763142  
9942.165443  
9749.933341  
9614.008688  
9658.097572  
9734.789694  
9802.593632  
9867.537665  
9766.299022  
9790.549266  
9803.557424  
9804.503426  
9656.484577  
9696.671117  
9777.661326  
9805.668508  
9875.883991  
9863.746473  
9853.382493  
9689.843792  
9758.620462  
9823.238685  
9816.14363  
9756.764354  
9857.416201  
9823.87793  
9699.206972  
9565.462933  
9572.037396  
9597.7155  
9672.608146  
9803.61627  
9825.426396  
9757.337764  
9914.819159  
9901.277941  
9979.024145  
9862.15066  
9851.034415  
9895.348069  
9790.164593  
9883.890995  
9699.06511  
9690.692619  
9745.599113  
9782.515566  
9710.729652  
9658.906561  
9813.775626  
10149.8267  
10020.72645  
10131.86735  
9908.846309  
9743.098911  
9882.986446  
9864.508882  
9863.57959  
9810.081585  
9556.566196  
9472.097555  
9551.21369  
9645.573209  
9823.291756  
9829.381651  
9803.157723  
9785.093514  
9737.005085  
9678.487069  
9597.296976  
9668.378418  
9742.186827  
9840.741809  
9894.250311  
9874.137232  
9913.175259  
9863.93718  
9792.373283  
9745.326163  
9744.773193  
9746.883006  
9776.522537  
9711.405459  
9719.369124  
9785.040603  
9818.704396  
9877.773075  
9799.46614  
9632.896021  
9577.48664  
9654.218944  
9784.001911  
9870.443679  
9873.974449  
9982.492819  
10052.46473  
9916.628889  
9842.63341  
9738.712731  
9762.225409  
9717.119679  
9653.521989  
9754.222185  
9721.187593  
9931.374933  
9785.284028  
9877.466233  
9834.131895  
9792.561557  
9774.101293  
9719.407749  
9665.377189  
9751.832797  
9884.80675  
9805.112044  
9839.201323  
9780.464625  
9630.981024  
9826.765566  
9826.782967  
9838.202561  
9871.102909  
9839.974837  
9838.775281  
9569.94288  
9561.666184  
9758.566061  
9776.978659  
9785.278211  
9903.551396  
9867.857632  
9767.557449  
9831.868812  
9738.113753  
9902.701492  
9838.790064  
9934.723271  
10076.88743  
9604.169206  
9694.607834  
9698.680277  
9728.829211  
9840.597606  
9845.505438  
9944.198545  
9872.351091  
9848.308939  
9862.024002  
9778.646249  
9728.465778  
9829.564209  
9801.746254  
9648.770188  
9628.330617  
9695.005119  
9791.101234  
9821.702258  
9921.081459  
9842.653118  
9850.072434  
9802.328958  
9794.943957  
9924.60807  
9900.393277  
9669.904836  
9691.014219  
9743.39736  
9729.54291  
9708.541016  
9774.435665  
9677.323747  
9767.628873  
9783.983592  
9738.03599  
9666.459986  
9733.103903  
9825.176009  
9944.611522  
9915.10855  
9859.094676  
9775.395272  
9892.940842  
9788.377492  
9920.024279  
9738.439175  
9752.799106  
9630.356235  
9685.143748  
9681.760043  
9652.599727  
9642.537623  
9755.21928  
9783.592041  
9909.605814  
9914.667253  
9847.124453  
9658.2105  
9649.26512  
9741.074707  
9824.20209  
9866.8931  
9916.518437  
9792.527083  
9770.474887  
9676.091309  
9767.481622  
9765.309452  
9884.910173  
9820.757097  
9876.783717  
9862.477724  
9885.225763  
9866.953487  
9796.984148  
9841.988441  
9854.437172  
9822.532807  
9709.125673  
9715.197249  
9671.100771  
9691.318435  
9775.678888  
9721.619393  
9914.632425  
9764.90167  
9683.63277  
9721.199168  
9845.150938  
9877.508158  
9959.985613  
9938.850653  
9742.659853  
9621.326803  
9646.741615  
9721.670141  
9899.41727  
9937.566676  
9905.925234  
9960.609383  
9886.743189  
9828.326778  
9739.212537  
9673.176152  
9729.310311  
9643.402899  
9705.927793  
9810.172414  
9907.17052  
9900.720333  
9793.016088  
9877.775593  
9759.042918  
9698.125168  
9726.116  
9781.169535  
9770.117575  
9792.674973  
9794.226891  
9739.302995  
9802.192181  
9740.104248  
9774.617129  
9735.77529  
9748.962335  
9880.873232  
9885.030762  
9884.547052  
9874.430849  
9720.036596  
9680.154171  
9603.965896  
9736.070094  
9596.739864  
9653.458732  
9725.838345  
9758.994309  
9905.122752  
9796.326744  
9884.132097  
9877.158565  
9807.677793  
9979.567273  
9741.024027  
9848.331804  
9775.694429  
9828.697266  
9776.690674  
9853.582738  
9753.368383  
9790.978617  
9799.32251  
9849.296134  
9829.952915  
9826.964069  
9777.565977  
9739.76166  
9667.964936  
9719.954548  
9624.275222  
9653.807668  
9781.84322  
9834.383638  
9912.397293  
9820.957621  
9836.856824  
9836.037623  
9813.855199  
9801.904684  
9766.271627  
9634.539896  
9614.582898  
9614.397385  
9677.931784  
9788.849929  
9916.924367  
9995.172961  
9915.923853  
9929.804839  
9858.465669  
9752.332292  
9696.849862  
9699.096015  
9723.35317  
9868.150719  
9787.90705  
9761.419998  
9667.273177  
9740.275323  
9767.360133  
9823.312542  
9768.38948  
9727.132248  
9817.828428  
9833.465223  
9842.943334  
9885.586678  
9912.626658  
9926.707587  
9895.325961  
9888.415149  
9796.74409  
9892.721638  
9931.787631  
9793.8158  
9726.54472  
9697.193982  
9645.934806  
9695.811911  
9701.323899  
9641.833286  
9636.788145  
9754.621195  
9770.955289  
9911.424923  
9832.709018  
9722.135439  
9675.613382  
9714.23062  
9917.835458  
9864.522941  
9863.265894  
9899.878578  
9879.68271  
9746.567147  
9702.470594  
9662.844583  
9778.793903  
9693.004285  
9775.326652  
9753.31814  
9741.626751  
9875.545671  
9856.677987  
9853.987077  
9831.319024  
9760.076475  
9718.30079  
9793.65423  
9775.314024  
9879.364384  
9781.778059  
9776.775382  
9751.114291  
9785.224811  
9615.47498  
9617.460348  
9567.302987  
9582.203512  
9715.9934  
9764.964078  
9770.319984  
9702.816684  
9724.903657  
9665.623948  
9783.409828  
9770.219356  
9758.352059  
9747.244612  
9590.425621  
9557.32043  
9544.360975  
9605.201652  
9678.850216  
9714.802204  
9743.407959  
9729.04722  
9721.944193  
9675.188881  
9672.738727  
9580.651561  
9566.252475  
9709.061523  
9914.513032  
9838.84716  
9671.053896  
9929.675908  
9989.051135  
9902.448655  
10032.30254  
9798.245479  
9610.773589  
9618.155896  
9703.433139  
9779.526409  
9755.092176  
9855.253662  
9690.288431  
9630.004041  
9826.59987  
9799.164382  
9858.505531  
9757.030265  
9849.364342  
9835.29445  
9676.15934  
9709.849365  
9879.973751  
9887.966174  
10132.59423  
10121.14651  
10159.15016  
10148.54988  
9923.407025  
10028.82047  
9880.584119  
9736.560917  
9544.901527  
9501.160703  
9561.93058  
9764.547793  
9808.275483  
9959.729324  
10011.39242  
9990.671639  
10001.5359  
10030.33456  
9997.45842  
9990.912396  
9813.12372  
9912.854896  
9861.510986  
10012.18416  
9867.641038  
9996.070161  
9987.66131  
9767.942947  
9734.539677  
9830.240462  
9727.022385  
9851.13634  
9754.93979  
9840.557752  
9706.004933  
9808.877753  
9941.132897  
10014.87315  
10031.67433  
9940.224458  
9914.755691  
9932.951012  
9934.00378  
9900.047515  
9883.57299  
9708.876254  
9561.669703  
9526.322139  
9525.314394  
9567.127046  
9619.452771  
9779.539475  
9765.207999  
9864.954977  
9862.004874  
9748.898143  
9600.945363  
9620.503805  
9743.979324  
9715.385944  
9670.699227  
9709.456425  
9782.789829  
9803.089431  
9820.609771  
9890.855949  
9947.528396  
9898.735453  
9627.445338  
9771.013891  
9811.333429  
9961.175966  
9963.414206  
9931.404869  
9726.935959  
9761.673483  
9871.900921  
9835.906519  
9817.470274  
9865.600064  
9717.969213  
9583.639202  
9680.44889  
9679.191364  
9680.223549  
9668.861808  
9698.922759  
9758.874756  
9893.483407  
9868.305731  
9769.028497  
9720.486766  
9768.098313  
9910.663507  
9859.562828  
9890.278682  
9823.262451  
9845.602741  
9789.749057  
9884.466763  
9740.902386  
9726.183434  
9785.755034  
9710.809133  
9725.857792  
9740.738062  
9749.70757  
9698.583816  
9563.737364  
9597.650264  
9707.903388  
9712.887519  
9794.430647  
9863.562845  
9759.113062  
9734.754521  
9770.312433  
9808.443157  
9813.29115  
9909.605662  
9812.595855  
9857.136567  
9799.668407  
9829.531199  
9659.007316  
9480.845046  
9393.067164  
9405.017654  
9541.185134  
9700.255321  
9821.755337  
9727.783658  
9882.910687  
9899.872037  
9818.599407  
9798.318368  
9828.906974  
9781.558922  
9947.913953  
9909.372028  
9927.398269  
9860.467824  
9900.783068  
9742.175184  
9738.239948  
9804.846772  
9871.685008  
9841.1406  
9846.105225  
9871.351706  
9726.360966  
9738.728878  
9741.814142  
9668.718472  
9708.454245  
9761.833513  
9686.938771  
9681.907159  
9601.245984  
9580.675369  
9673.690505  
9769.535064  
9750.613466  
9834.091014  
9868.356824  
9916.786352  
9747.59577  
9721.651005  
9822.54701  
9863.48552  
9896.210592  
9940.778918  
9875.025062  
9792.51565  
9774.770541  
9847.336889  
9795.317896  
9933.290696  
9891.802835  
9820.625842  
9773.359569  
9798.761525  
9983.2319  
9908.908986  
9823.111008  
9759.40396  
9522.009261  
9534.443991  
9711.939344  
9788.052238  
9846.240655  
9874.056927  
9846.031452  
9974.446146  
9890.312727  
9885.099694  
9801.096697  
9884.891467  
9865.456661  
9936.720055  
9870.770491  
9856.069454  
9736.561431  
9652.901594  
9518.235495  
9710.179898  
9837.856437  
9825.782269  
9891.207924  
9856.963202  
9792.611177  
9862.989132  
9873.815127  
9842.593304  
9826.997382  
9765.015903  
9832.666563  
9826.262249  
9926.732472  
9733.575027  
9736.127483  
9740.543196  
9916.076669  
9857.542321  
9776.424333  
9770.405812  
9826.070447  
9810.849761  
9832.883957  
9791.710146  
9649.963337  
9617.018024  
9694.031789  
9737.367356  
9789.930933  
9735.606487  
9850.910468  
9785.581627  
9792.198604  
9752.911596  
9705.538945  
9752.85328  
9822.264101  
9875.120446  
9873.317703  
9926.751162  
9698.406199  
9578.150475  
9604.088345  
9636.208033  
9681.374916  
9796.796639  
9751.997761  
9784.110798  
9792.711653  
9703.817947  
9721.53285  
9799.972286  
9842.044518  
9716.946432  
9841.236193  
9933.654482  
9869.023496  
9901.498249  
9876.755363  
9817.018967  
9780.500202  
9730.879874  
9734.035013  
9779.288473  
9703.29786  
9688.758175  
9620.745648  
9559.511887  
9539.824631  
9679.66977  
9766.530055  
9887.338362  
9905.803315  
9930.016349  
9910.488037  
9878.021897  
9879.747449  
9826.358188  
9752.683425  
9801.416992  
9874.787412  
9821.396821  
9713.235789  
9647.913355  
9631.400913  
9621.861101  
9686.104139  
9768.309149  
9752.545595  
9839.967672  
9863.894733  
9895.802583  
9816.557247  
9842.604762  
9759.692745  
9728.958521  
9668.092664  
9698.503662  
9805.979652  
9730.450549  
9782.968649  
9749.943545  
9708.501128  
9790.867272  
9745.030577  
9787.453891  
9788.986682  
9763.302751  
9792.333277  
9880.203074  
9759.005464  
9879.350552  
9798.726461  
9760.770356  
9702.768167  
9722.343043  
9811.025079  
9846.622163  
9835.688788  
9809.590307  
9679.438384  
9823.305672  
9804.510877  
9768.762384  
9719.797506  
9668.012055  
9714.48222  
9766.27635  
9846.409567  
9821.430656  
9819.377265  
9778.371414  
9708.077586  
9768.867836  
9841.394169  
9846.567736  
9874.861236  
9748.425226  
9723.25165  
9773.080423  
9851.923188  
9850.391391  
9797.712899  
9735.533691  
9837.100754  
9979.755632  
10031.22843  
9890.28434  
9920.799325  
9926.387005  
9905.609089  
9774.476327  
9714.33475  
9650.887586  
9722.449227  
9806.435943  
9870.147175  
9844.564546  
9798.391517  
9768.451677  
9774.264497  
9737.119612  
9801.824606  
9854.182331  
9846.888478  
9747.147882  
9740.116994  
9774.634825  
9754.412547  
9732.320582  
9835.922245  
9935.704337  
9911.263731  
9896.646308  
9766.102236  
9779.035308  
9828.249966  
9832.818662  
9928.065463  
9832.432356  
9898.590425  
9744.150963  
9832.875084  
9758.87777  
9728.922818  
9606.163894  
9594.36483  
9564.881045  
9655.913844  
9759.109678  
9745.791942  
9663.863256  
9708.879395  
9752.056893  
9844.627138  
9835.230519  
9817.338867  
9813.791655  
9863.465778  
9823.212537  
9801.028101  
9851.516054  
9727.835533  
9631.038541  
9705.061894  
9758.857616  
9877.679166  
9858.731479  
9871.763908  
9905.498973  
9838.418095  
9794.992448  
9598.721831  
9689.282058  
9739.400357  
9731.282951  
9764.223338  
9754.66567  
9868.857355  
9845.996995  
9898.180992  
9831.076458  
9877.195851  
9809.199783  
9860.296202  
9808.133006  
9718.952586  
9682.489561  
9779.424165  
9752.996464  
9876.905374  
9844.006482  
9812.777613  
9675.648909  
9555.407311  
9575.662774  
9612.449598  
9704.183097  
9775.203201  
9728.114561  
9697.248695  
9840.76762  
9783.139918  
9921.166866  
9827.468531  
9881.480393  
9845.59886  
9860.31048  
9900.884799  
9751.359754  
9754.115689  
9743.598911  
9724.8117  
9900.474475  
9790.219221  
9821.25016  
9812.96518  
9875.07091  
9864.639286  
9763.874882  
9606.365765  
9576.213758  
9774.642957  
9839.194058  
9856.295107  
9914.257248  
9849.248459  
9927.339111  
9722.129294  
9662.72695  
9694.39917  
9735.440051  
9847.171412  
9851.692349  
9867.158506  
9894.079489  
9819.13091  
9698.282083  
9586.140777  
9634.595467  
9730.774633  
9769.432971  
9840.843396  
9913.159862  
9936.772301  
9867.02241  
9915.393934  
9885.010658  
9903.157715  
9856.51842  
9824.928475  
9807.609367  
9758.169821  
9641.461889  
9665.805933  
9709.02726  
9710.434158  
9817.575675  
9830.976318  
9746.684023  
9764.790704  
9821.797565  
9830.02236  
9867.05856  
9873.352893  
9876.186422  
9896.481058  
9785.657807  
9820.294939  
9713.702746  
9719.757358  
9730.525332  
9819.769169  
9841.511643  
9876.487852  
9891.603053  
9725.56937  
9632.32565  
9586.83715  
9612.687012  
9674.111522  
9785.802962  
9798.572594  
9894.994503  
9771.605056  
9855.066642  
9833.859594  
9851.505161  
9817.15604  
9849.048104  
9811.16312  
9889.195506  
9757.94272  
9741.148438  
9813.196769  
9794.226941  
9746.154617  
9675.092075  
9616.111185  
9608.809941  
9615.612919  
9709.223734  
9778.601866  
9797.414357  
9876.67387  
9771.183004  
9758.32778  
9726.383604  
9775.32043  
9763.617364  
9759.995454  
9760.094365  
9720.227758  
9826.168945  
9776.814403  
9854.434941  
9826.041167  
9806.785064  
9870.59114  
9749.249428  
9686.96337  
9770.965484  
9848.574311  
9845.777462  
9941.152512  
9872.32272  
9911.871582  
9915.48259  
9918.579497  
9850.196558  
9775.275601  
9756.235326  
9795.607792  
9832.63112  
9800.85807  
9812.570725  
9809.308863  
9804.401224  
9778.450717  
9799.916866  
9767.076542  
9743.999082  
9720.476992  
9784.449067  
9839.606841  
9832.994258  
9901.574657  
9855.497971  
9872.493888  
9799.564563  
9879.743812  
9813.804772  
9678.37468  
9715.591401  
9764.095383  
9880.269228  
9784.806893  
10022.91653  
9732.538069  
9623.787732  
9735.933518  
9865.288372  
9860.425369  
9909.001515  
9919.590559  
9756.35983  
9704.711763  
9634.275677  
9711.782807  
9784.131945  
9847.500278  
9815.657285  
9836.351495  
9792.61797  
9624.495875  
9685.165569  
9672.879336  
9770.438283  
9750.289121  
9727.282765  
9744.529735  
9777.566911  
9732.277563  
9749.7541  
9723.922969  
9798.816743  
9753.131853  
9860.859964  
9917.18894  
9800.786579  
9684.611084  
9697.704531  
9774.38469  
9753.398067  
9875.410569  
9792.554645  
9766.137081  
9780.321104  
9796.856748  
9758.361985  
9714.059756  
9647.741253  
9707.676724  
9632.483904  
9755.804629  
9779.67685  
9926.537791  
9874.790064  
9834.13373  
9796.018007  
9705.895222  
9760.046319  
9809.353112  
9837.446373  
9821.554974  
9779.370589  
9825.803551  
9857.699135  
9793.472648  
9871.109442  
9844.729602  
9725.289728  
9768.077982  
9815.888941  
9898.13623  
9861.39688  
9822.768841  
9815.023059  
9866.805327  
9899.645693  
9771.29541  
9675.969314  
9656.614872  
9713.593001  
9795.026712  
9797.690716  
9845.56756  
9632.523  
9647.72008  
9753.109636  
9705.98754  
9927.594508  
9934.545435  
9916.616565  
9848.317029  
9797.648  
9894.349197  
9927.885574  
9785.712705  
9713.195363  
9675.739569  
9693.749579  
9766.654996  
9863.659188  
9797.936919  
9759.984055  
9727.851967  
9656.982919  
9831.879832  
9841.921345  
9845.180504  
9862.975392  
9893.852909  
9891.983407  
9858.857026  
9776.694412  
9670.41599  
9622.551505  
9721.083572  
9782.798525  
9859.215063  
9844.007156  
9778.099475  
9809.394893  
9806.590854  
9810.695733  
9797.84157  
9795.623889  
9820.260448  
9804.099037  
9718.480452  
9776.89539  
9832.483188  
9788.032496  
9695.81969  
9674.836106  
9776.435909  
9785.739788  
9819.861867  
9873.841165  
9773.960458  
9898.891442  
9797.6151  
9709.582208  
9823.590509  
9839.770398  
9897.499882  
9870.415797  
9743.917438  
9671.630994  
9688.398362  
9664.310513  
9758.023269  
9771.070195  
9764.540948  
9719.332696  
9707.112801  
9746.624832  
9773.734055  
9778.484392  
9792.162042  
9658.239906  
9669.774439  
9720.678484  
9808.304831  
9845.656721  
9885.195136  
9857.486749  
9812.235427  
9806.810168  
9789.488441  
9793.148134  
9855.46928  
9864.648917  
9798.532344  
9623.757678  
9644.828041  
9716.125194  
9825.395146  
9812.382097  
9704.55233  
9679.062399  
9818.430757  
9788.887678  
9872.217226  
9841.006912  
9788.215778  
9774.29131  
9845.620572  
9781.042624  
9885.916782  
9874.045587  
9738.567164  
9556.739376  
9594.079733  
9676.995142  
9817.214263  
9847.59604  
9893.023042  
9845.110714  
9762.688805  
9850.29983  
9742.176497  
9778.194748  
9807.267822  
9936.232413  
9854.274077  
9752.792093  
9671.321483  
9715.770196  
9738.534626  
9786.912269  
9766.422372  
9788.885431  
9855.663743  
9911.178787  
9878.435437  
9959.666108  
9745.431237  
9845.464111  
9839.426935  
9781.521914  
9795.359998  
9720.860798  
9766.420419  
9801.00793  
9726.536874  
9736.358946  
9760.332587  
9730.00048  
9769.283388  
9771.883048  
9805.517949  
9878.916866  
9732.017528  
9756.664037  
9812.351125  
9865.003544  
9827.759016  
9872.835054  
9842.199109  
9875.551126  
9776.224441  
9845.943907  
9777.5609  
9851.072922  
9779.45991  
9811.401241  
9825.729947  
9814.897949  
9722.338059  
9644.997693  
9689.815918  
9746.632223  
9832.329127  
9789.724854  
9754.87335  
9731.687399  
9797.074497  
9679.484181  
9610.09093  
9604.518176  
9776.190093  
9747.327763  
9915.877652  
9909.798811  
9810.483264  
9645.806607  
9738.321811  
9728.930799  
9744.050158  
9710.762948  
9692.264876  
9647.08598  
9670.223574  
9767.574438  
9804.997281  
9918.658809  
9789.501751  
9762.82602  
9805.301758  
9882.568435  
9950.901839  
9945.938586  
9978.643243  
9935.887779  
9853.774557  
9712.451307  
9711.363753  
9798.419349  
9774.988677  
9908.50985  
9936.270036  
9839.893841  
9937.605704  
9933.131668  
9919.697905  
9953.523185  
9897.004344  
9892.399044  
9725.786082  
9571.698107  
9546.959953  
9460.072013  
9615.496809  
9756.010927  
9722.961325  
9815.112431  
9765.094264  
9846.866809  
9764.264463  
9853.127037  
9908.024431  
9816.145306  
9789.469541  
9929.851849  
9860.640448  
9749.372037  
9781.551716  
9789.297717  
9806.694041  
9835.158809  
9724.322476  
9641.861808  
9523.740899  
9494.480225  
9672.692408  
9844.150635  
9855.994225  
9873.033986  
9885.396956  
9936.436246  
9945.324025  
9906.725409  
9921.381617  
9876.930706  
9865.841645  
9769.570397  
9800.230991  
9732.143487  
9698.241337  
9649.296589  
9716.630868  
9700.016517  
9759.190219  
9833.04557  
9719.783498  
9536.244368  
9543.418718  
9649.688224  
9727.287438  
9745.026266  
9759.148513  
9792.362641  
9808.099079  
9795.204876  
9820.115958  
9724.375497  
9785.025694  
9729.934191  
9788.004824  
9858.249545  
9811.305765  
10014.76255  
9726.138057  
9838.624672  
9862.629984  
9975.995799  
9958.670116  
9868.031789  
9771.071129  
9827.10887  
9765.160156  
9641.854113  
9620.974601  
9667.372921  
9716.860394  
9774.288869  
9798.197619  
9786.163532  
9702.273724  
9601.279381  
9793.745967  
9785.526249  
9878.367465  
9853.958353  
9833.941297  
9722.139514  
9656.578512  
9655.358988  
9738.678239  
9896.594019  
9902.826871  
9819.836662  
9826.510616  
9795.284508  
9965.046774  
9967.686347  
9934.792346  
9948.708824  
9938.308939  
9842.48573  
9908.264312  
9848.047178  
9804.126667  
9828.38389  
9747.985596  
9598.995993  
9633.886677  
9627.495774  
9672.193376  
9730.640398  
9761.0699  
9744.674123  
9809.909575  
9744.286621  
9795.728263  
9795.431977  
9751.979467  
9854.991556  
9817.844659  
9859.381617  
9775.128157  
9727.850872  
9800.673853  
9754.086855  
9751.246279  
9697.73845  
9676.274279  
9757.910872  
9815.514943  
9832.960559  
9803.610486  
9848.41136  
9792.525913  
9754.494141  
9705.316448  
9654.348372  
9747.668019  
9760.289526  
9799.100603  
9807.872828  
9876.483432  
9899.300832  
9875.358407  
9824.992794  
9892.872382  
9804.738736  
9866.826635  
9729.065893  
9562.925436  
9644.973936  
9655.254773  
9832.156292  
9831.095451  
9879.100603  
9855.940051  
9797.339322  
9708.893605  
9866.014009  
9854.971865  
9853.026746  
9910.48813  
9807.747256  
9704.026073  
9775.525525  
9943.643125  
9848.394178  
9991.171614  
9829.997727  
9727.068982  
9735.597623  
9718.466612  
9754.686751  
9728.409382  
9722.866438  
9854.56378  
9785.309225  
9894.242827  
9811.183619  
9930.761736  
9769.083218  
9736.685193  
9573.69107  
9656.644077  
9678.824875  
9742.706055  
9732.401797  
9762.12484  
9880.687786  
9841.045469  
9724.024608  
9715.946154  
9728.279288  
9810.447628  
9758.589574  
9896.248131  
9790.88442  
9886.423525  
9803.091957  
9819.661655  
9817.561507  
9711.292127  
9693.336653  
9612.97892  
9721.782336  
9743.105991  
9848.230822  
9874.168667  
9874.817981  
9869.500572  
9858.176918  
9918.839162  
9858.849256  
9834.863618  
9798.996414  
9750.546606  
9728.646535  
9735.637148  
9647.861926  
9655.511887  
9764.969036  
9806.549005  
9905.587739  
9790.606302  
9846.871473  
9756.853676  
9777.591107  
9880.722176  
9829.579287  
9991.207991  
9869.753906  
9665.814419  
9669.181287  
9581.903649  
9624.142056  
9760.61451  
9805.723178  
9860.994856  
9821.688519  
9859.057979  
9927.659146  
9841.738828  
9721.316389  
9692.292043  
9723.34503  
9841.78849  
