8584.31  
8892.885254  
8927.407188  
8964.274551  
8885.741289  
8779.202129  
8789.979355  
8778.188359  
8839.165703  
8944.862168  
8972.770078  
9045.543164  
8895.649141  
8823.660801  
8853.998809  
8835.886055  
8789.917891  
8763.124355  
8755.140781  
8899.165312  
8839.325332  
8871.510918  
8872.106348  
8778.156602  
8661.050938  
8711.929648  
8808.56043  
8827.235156  
8800.999668  
8777.287305  
8920.983965  
8898.816797  
8825.454102  
8817.008535  
8804.567715  
8852.819258  
8852.866992  
8906.258262  
8950.924844  
8920.982832  
8998.466191  
8994.459902  
8974.44375  
8787.984785  
8800.523418  
8884.212383  
8927.157773  
8951.867266  
8894.479336  
8951.82457  
8866.074609  
8796.348457  
8783.961133  
8762.470684  
8785.879453  
8762.463066  
8870.692324  
8884.705527  
8869.161602  
8782.030918  
8911.049082  
8599.263711  
8636.076426  
8779.26584  
8819.39623  
8727.936777  
8714.690488  
8654.260371  
8667.948477  
8828.18373  
8860.89207  
8889.327617  
9066.701797  
9117.646348  
8901.211934  
8894.233223  
8873.700742  
8789.09875  
8908.359883  
8997.378516  
8950.809121  
8816.919043  
8772.788789  
8857.325937  
8862.835156  
8854.301699  
8957.152402  
8937.957832  
8853.478047  
8801.006641  
8899.588477  
8939.772227  
8879.123164  
8848.51582  
8787.611328  
8793.68543  
8902.22248  
9044.703984  
8996.30543  
8822.746152  
8758.199336  
8787.43  
8892.307793  
8830.36623  
8820.067812  
8892.264141  
8861.45877  
8899.047852  
8842.115996  
8821.557266  
8807.855  
8684.292227  
8958.209785  
8998.953086  
8897.84582  
8836.935645  
8887.920547  
8867.418887  
8867.181855  
8845.966445  
8908.559473  
8848.441211  
9059.996523  
8790.5725  
8789.217754  
8693.044844  
9005.257891  
8963.189434  
8847.613027  
8845.029902  
8847.2175  
8847.770234  
8826.887617  
8640.148652  
8729.980645  
8794.789238  
8802.376094  
8832.871504  
8757.192012  
8894.677598  
8985.57377  
8845.1325  
8661.142559  
8694.553301  
8714.712227  
8746.470996  
8862.546309  
8680.584473  
8754.483809  
8582.307754  
8600.306602  
8755.927734  
8880.184883  
9072.05666  
8927.700742  
8987.58  
8928.54623  
8886.214941  
8835.523418  
8749.377715  
8822.384297  
8801.345352  
9037.645977  
8980.643828  
8956.081895  
8827.450332  
8799.00793  
8782.030957  
8805.810879  
8728.37377  
8897.022695  
8904.261016  
8823.655137  
8833.916523  
8885.440684  
8871.546562  
8829.88582  
8931.735234  
8950.713633  
8975.642207  
9022.979141  
9098.74125  
9232.729297  
9107.058906  
8995.378398  
8914.379004  
8796.933711  
8739.736738  
8776.038301  
8853.793008  
8830.216016  
8844.061992  
8856.681191  
8893.349102  
8893.061992  
8860.886699  
8828.525449  
8780.072363  
8722.670781  
8765.308437  
8789.970547  
8838.035898  
8838.23959  
8904.865605  
8793.703594  
8789.273242  
8778.136348  
8674.42207  
8747.658613  
8741.764434  
8984.925371  
8926.698379  
8867.138906  
8815.500332  
8718.235703  
8635.438359  
8751.802363  
8944.249687  
8954.216875  
8841.109922  
8751.281758  
8746.62791  
8639.372656  
8697.948633  
8779.972187  
8811.944824  
8805.432324  
8814.539434  
8780.382227  
8633.253887  
8746.614414  
9033.275234  
8892.605098  
8893.873438  
8902.092246  
8766.075664  
8823.626504  
8797.482285  
8778.040977  
8768.705176  
8876.02248  
8885.914805  
8784.820664  
8831.47832  
8773.449121  
8960.585703  
8851.156836  
8845.244609  
8742.319766  
8787.285098  
8791.878652  
8928.049238  
8904.373184  
8906.295117  
8769.735176  
8754.536582  
8823.852168  
8889.471875  
8818.278105  
8858.137012  
8863.064551  
8877.965937  
8904.835273  
8903.84125  
8824.03498  
8843.35457  
8947.436211  
8913.484805  
8925.550664  
8822.925762  
8775.374043  
8782.172402  
8681.798984  
8855.712598  
8774.677871  
8673.977754  
8670.236582  
8870.159355  
8972.963359  
8915.780078  
8908.409355  
8862.35584  
8965.416074  
8893.959941  
8924.971211  
8866.546953  
8782.179883  
8719.344512  
8906.792441  
9093.698242  
8981.550918  
8893.071973  
8668.446504  
8791.901289  
8739.602012  
8932.473711  
8945.977207  
8970.250859  
8908.27709  
8814.844082  
8892.966367  
8899.950078  
8894.431836  
8852.194121  
8833.681055  
8852.901465  
8893.777754  
8827.402891  
8744.809551  
8861.13752  
8889.477773  
8829.192656  
8904.804492  
8825.342207  
8795.558027  
8752.436855  
8787.74791  
8824.754941  
9014.61168  
8883.095234  
8961.549707  
8772.793398  
8781.105742  
8762.556016  
8918.622891  
8972.977129  
9104.880117  
8913.996641  
8904.532891  
8838.665547  
8807.942617  
8750.256309  
8773.062324  
8888.726992  
8865.028984  
8950.446582  
8986.883125  
8972.315078  
8904.574824  
8911.380996  
8877.968535  
8851.035215  
8801.510293  
8842.241191  
8796.539336  
8842.16666  
8836.425195  
8725.954004  
8773.36666  
8783.987383  
8835.654219  
8838.030898  
8814.774844  
8834.215176  
8781.886289  
8920.846055  
8883.892246  
8860.523516  
8708.234883  
8711.798203  
8795.882598  
8769.422422  
8858.930566  
8876.28084  
8843.27791  
8991.261992  
8914.187559  
8969.580957  
8965.781953  
8843.492578  
8847.911484  
8866.425098  
8858.820449  
8788.16873  
8809.059863  
9007.148105  
8890.347441  
8847.989551  
8792.858652  
8745.683359  
8769.20209  
8887.097949  
8779.75582  
8681.245234  
8674.391992  
8677.62457  
8758.083535  
8687.110723  
8802.316543  
8763.443613  
8858.509258  
8907.621016  
8910.856875  
8877.579336  
8842.058906  
8837.200645  
8886.000957  
8859.994375  
8761.068242  
8735.061152  
8695.163066  
8805.958477  
8897.510684  
8873.350215  
8794.293359  
8749.669238  
8794.555273  
8626.710391  
8897.762969  
8822.517617  
8918.868457  
8708.421172  
8790.898965  
9043.119277  
9098.439453  
9032.872246  
8936.42748  
8975.243555  
9032.593984  
8946.841328  
8972.833008  
8871.917988  
8893.543809  
8996.840918  
8928.53918  
8840.340879  
8778.781855  
8808.792168  
8697.334434  
8686.148691  
8762.73209  
8820.597637  
8808.303574  
8751.253691  
8744.261289  
8698.892148  
8750.221777  
8808.487324  
8898.740078  
8915.489687  
8904.546797  
8850.670879  
8914.756875  
8837.220117  
8840.323359  
8794.699277  
8806.694707  
8871.913379  
8978.348945  
8965.099863  
8849.911875  
8779.449648  
8736.278574  
8777.325293  
8849.593047  
8851.454082  
8890.900684  
8901.991191  
8889.879141  
8946.676641  
8821.49041  
8857.182793  
8941.948887  
8943.645352  
8847.341016  
8841.720293  
8884.180937  
8881.951035  
8967.383203  
8922.463652  
8933.173496  
8791.565801  
8837.648965  
8784.2775  
8745.853359  
8778.88498  
8831.440371  
8869.265098  
8977.87373  
8952.66877  
8906.676758  
8823.405527  
8845.536191  
8883.170137  
8985.027363  
8973.956875  
8884.480586  
8903.387188  
8894.781484  
8894.069336  
8925.891113  
8957.606816  
9024.49418  
8993.10291  
8883.963047  
8850.48041  
8779.606152  
8764.18668  
8737.760391  
8836.225  
8812.658008  
8931.553203  
8932.080547  
8738.776211  
8627.718633  
8846.52875  
9038.847832  
8924.538926  
8900.979863  
8659.422051  
8533.677852  
8932.540449  
8777.024746  
8892.221934  
8994.01166  
8820.733262  
8689.944297  
8766.878926  
8914.205469  
8940.906621  
8899.867656  
8897.916484  
8780.2625  
8847.077988  
8863.11125  
8837.559297  
8953.892734  
8977.472813  
9018.325215  
8936.999219  
9005.902168  
8754.72543  
8554.445938  
8547.518359  
8693.57541  
8727.970625  
8704.038672  
8603.219219  
8735.760723  
8913.29457  
9220.809746  
9124.46959  
8929.757715  
8942.499648  
8797.784844  
8840.774863  
8746.538242  
8793.564473  
8870.586855  
8774.398965  
8801.701484  
8769.493437  
8841.870371  
8803.413574  
8760.226152  
8703.658691  
8405.166543  
8645.621152  
8681.367441  
8771.855977  
8962.093867  
8921.137168  
8984.767617  
8853.434395  
8936.692305  
9131.976191  
9057.825645  
8654.811484  
8680.967031  
8850.671875  
8845.568145  
8859.071523  
8642.400742  
8571.506543  
8597.288125  
8570.471934  
8678.688848  
8844.445234  
9073.838086  
9102.484434  
9017.936875  
9063.230586  
8962.287227  
8896.688066  
8830.933398  
8873.525898  
8856.456465  
8952.946289  
8961.419473  
8871.075137  
8918.066094  
9053.30541  
8965.792461  
8915.006602  
8929.808477  
8789.354316  
8748.050156  
8577.349219  
8680.324551  
9064.819687  
8832.750391  
8771.354277  
8612.485703  
8418.78998  
8483.71373  
8733.38002  
8637.899512  
8589.782832  
8591.255801  
8653.443809  
8717.671836  
8687.436113  
8831.543027  
8906.841113  
8964.809219  
8958.441211  
8998.316133  
8892.614258  
8913.000918  
8883.17168  
8964.194512  
8877.625098  
9045.06957  
8898.516992  
8883.520332  
8888.850781  
8941.814727  
8943.258984  
8805.122773  
8856.475937  
8807.723379  
8888.061855  
8911.599766  
8871.762832  
8880.896406  
8883.377148  
8934.112656  
8790.985547  
8832.926465  
9062.005059  
9181.97918  
9005.326328  
8799.26125  
8747.26125  
8737.569297  
8859.074258  
8804.50582  
8800.926895  
8678.445957  
8835.049707  
8908.390586  
8832.990391  
8734.487188  
8769.20793  
8863.730918  
8778.169102  
8975.508516  
9079.229258  
9103.778145  
9039.136738  
9057.252949  
9110.510684  
8949.371641  
8984.557988  
8882.575117  
8979.978496  
8935.076465  
9092.920742  
8886.236914  
8786.201289  
8740.14459  
8752.445898  
8685.449668  
8858.830293  
8860.365879  
9009.844551  
8882.045879  
8790.089629  
8723.432793  
8670.338711  
8666.884121  
8811.083711  
8835.276914  
8733.704551  
8816.949375  
8706.164531  
8774.304473  
8751.621855  
8861.721445  
8957.941934  
9020.900586  
8936.20748  
8921.284922  
8833.000508  
8777.145703  
8687.259902  
8966.74209  
8984.929668  
8994.473711  
8859.633457  
8821.680957  
8764.431855  
8737.049004  
8843.815879  
8802.364414  
8848.220371  
8736.290742  
8760.165684  
8687.828223  
8673.836797  
8877.876465  
8819.415352  
8774.608965  
8692.592305  
8667.822129  
8750.718594  
8879.534219  
9102.582285  
9040.701211  
8935.489609  
8894.546367  
8790.494512  
8735.998496  
8768.087949  
8718.196172  
8833.763105  
8894.078027  
8822.724043  
8723.352168  
8681.985586  
8672.368086  
8682.286543  
8771.889922  
8814.698496  
8920.502598  
9037.80748  
8901.184746  
8730.009004  
8878.469141  
8818.990938  
8863.737207  
8822.965859  
8704.73543  
8786.796758  
8724.488809  
8767.774863  
8772.287441  
8754.930137  
8717.590508  
8768.428496  
8913.746348  
8854.357051  
8902.694746  
8784.877598  
8885.176777  
8882.775  
8849.683906  
8869.283359  
8836.575371  
8833.351211  
8889.552187  
8980.65752  
9071.462402  
9028.069824  
9076.769453  
8903.260801  
8919.412539  
8953.884687  
8906.890371  
8929.584785  
8898.177383  
8897.78209  
8872.287871  
8777.456309  
8706.758477  
8601.469492  
8634.219375  
8687.911719  
8755.447598  
8981.865684  
9011.356543  
8951.479824  
8867.871563  
8812.780391  
8812.871738  
8881.222715  
8993.97457  
8960.472285  
8901.909863  
8933.776992  
8972.28627  
8867.247949  
8867.079766  
8759.460195  
8820.040625  
8834.463262  
8917.511797  
8885.749121  
8898.446953  
8888.496777  
8736.266035  
8861.157402  
8756.420293  
8847.242188  
8980.459297  
9081.836465  
8970.77668  
8896.68123  
8902.947598  
8794.31168  
8793.526172  
8733.621113  
8765.494863  
8790.729941  
8752.702852  
8813.071094  
8779.667598  
8731.218105  
8632.125098  
8866.556602  
8917.787129  
9080.000469  
9011.250293  
8896.413691  
8828.108867  
8854.917148  
8803.532637  
8793.920137  
8754.365215  
8733.541094  
8759.606367  
8899.041191  
8946.883613  
8850.344492  
8783.971426  
8736.03498  
8752.052109  
8786.443789  
8867.171348  
8751.18252  
8893.34373  
8877.949121  
8835.190781  
8829.513066  
8910.135293  
8854.934219  
8784.588906  
8795.108184  
8774.858555  
8775.529043  
8866.530566  
8839.05959  
8867.642969  
8876.816621  
8798.278359  
8877.077539  
8853.818613  
8881.558437  
8925.398281  
8886.547871  
8939.864707  
9032.906191  
8992.261816  
9019.938223  
8842.874785  
8970.790684  
8872.574473  
8909.122539  
8893.165879  
9020.74709  
8855.967129  
8801.610762  
8766.012871  
8859.863145  
8954.677969  
8917.430547  
8888.793555  
8877.977676  
8879.446367  
8859.127148  
8803.354023  
8834.579766  
8474.340625  
8696.333086  
8720.984883  
8721.832754  
8680.962012  
8784.770586  
8821.70998  
9012.640586  
9018.977676  
8854.086719  
8819.225547  
8714.968262  
8774.555937  
8888.493125  
8921.544551  
8859.163008  
8835.413164  
8837.65084  
8848.861797  
8897.401113  
8810.046582  
8851.001035  
8975.870039  
8943.538125  
9012.394434  
8821.263359  
8827.047129  
8706.623574  
8764.872441  
8916.037676  
8896.843691  
8854.091387  
8766.681445  
8762.092871  
8837.195312  
8801.99668  
8704.465664  
8648.276016  
8611.442207  
8746.687676  
8781.817109  
8878.450137  
8807.224551  
8805.027148  
8720.967031  
8823.747305  
8852.722617  
8828.888047  
8840.167676  
8902.672734  
8842.028184  
8990.172598  
8935.356953  
8922.77666  
8817.251562  
8843.633496  
8829.946348  
8972.947031  
8882.697129  
9019.897031  
8869.991973  
8834.616367  
8824.502383  
8770.445781  
8784.546035  
8929.685312  
8883.013789  
8998.545215  
9022.725469  
8976.074355  
8904.505117  
8914.953066  
9009.830977  
8901.68002  
8903.634609  
8900.757656  
8785.22416  
8822.84127  
8725.817734  
8790.891738  
8679.49791  
8977.709805  
8944.705  
8822.088691  
8767.287324  
8719.56084  
8697.839336  
8782.507402  
8807.974336  
8896.275293  
8869.158164  
8687.739355  
8906.766875  
8877.407188  
8996.353691  
8952.276719  
8928.58207  
8991.954102  
8919.301367  
8880.053145  
8883.187187  
8862.038477  
8836.882832  
8702.95416  
8909.962695  
8909.11252  
8841.461387  
8750.271855  
8746.681445  
8832.447012  
8780.589316  
8721.453184  
8725.094219  
8762.075293  
8878.329668  
9012.704727  
8977.790781  
8806.627168  
8765.303145  
8780.542734  
8822.353594  
8743.84373  
8785.558418  
8848.452539  
8942.111914  
9007.84375  
8925.484473  
8856.772383  
8788.342363  
8749.947969  
8689.817227  
8782.363203  
8926.683984  
9046.431758  
8923.988613  
8862.728477  
8845.409336  
8797.252754  
8899.852793  
8873.233457  
8901.372051  
8837.860371  
8749.946816  
8806.912285  
8693.427871  
8728.434707  
8813.915547  
8817.001992  
8833.187012  
8792.962988  
8871.183418  
8779.172891  
8842.025684  
8834.566563  
8844.016133  
8942.31332  
8851.508301  
8846.499297  
8942.737891  
8814.560449  
8808.912559  
8807.012207  
8801.109336  
8770.216309  
8921.906367  
8966.330547  
8990.205156  
8912.855195  
8889.77332  
8844.56873  
8864.653887  
8790.84123  
8905.382168  
8903.499473  
8914.320996  
8830.247266  
8770.160039  
8789.285332  
8805.011621  
8869.454121  
8844.062891  
8760.999414  
8793.248281  
8695.354004  
8708.279434  
8710.324941  
8667.955605  
8719.080137  
8825.073574  
8777.350723  
8840.91291  
8859.460996  
8898.354375  
8944.659805  
8975.135215  
8984.24041  
8874.16916  
8812.620547  
8746.41793  
8834.803887  
8780.097813  
8882.123965  
8861.513887  
8975.161094  
8940.484258  
8913.922637  
8975.558926  
8880.994941  
8942.83168  
8846.258789  
8837.712988  
8822.688945  
8877.766953  
8822.720625  
8874.335273  
8969.321211  
8953.570449  
8882.732695  
8862.635215  
8829.796797  
8807.508574  
8770.222207  
8749.765332  
8737.17584  
8725.354844  
8797.726719  
8845.88334  
8814.896348  
8847.081719  
8782.374746  
8843.163008  
8846.175273  
8896.459414  
8891.657969  
8940.384473  
8907.084785  
8960.809121  
9008.954785  
8975.319629  
8945.314766  
8819.37791  
8846.290449  
8818.860527  
8850.069648  
8788.820488  
8748.312871  
8731.512793  
8937.636484  
8986.71832  
8838.80877  
8759.217305  
8464.277871  
8716.214277  
8932.594121  
9080.64291  
8918.859199  
8798.501562  
8684.817168  
8654.801582  
8663.385586  
8839.382812  
8874.490293  
8951.274277  
8923.327832  
8803.44377  
8781.716797  
8704.44252  
8844.499102  
8934.92416  
8738.443105  
8923.902813  
8900.666309  
8828.359473  
8855.020723  
8898.59334  
8816.426895  
8859.234395  
8862.869375  
8994.937129  
8903.831289  
8823.715566  
8769.192676  
8698.641387  
8791.573203  
8812.199434  
8975.053262  
8839.725957  
8804.707266  
8802.693945  
8805.508223  
8851.106309  
8822.027129  
8832.080488  
8931.55084  
8874.751914  
8864.324961  
8920.064141  
8944.200098  
8926.880254  
8897.979492  
8819.705039  
8833.174902  
8767.705918  
8853.916777  
8888.821367  
8953.839238  
8884.720898  
8879.180332  
8705.464395  
8747.200898  
8888.893672  
8860.212168  
8772.407832  
8791.348418  
8817.125508  
8797.59416  
8955.536016  
8856.938301  
8818.564004  
8724.581113  
8737.802891  
8860.48416  
8799.450488  
8806.419727  
8756.025  
8878.437637  
8889.823574  
8957.359336  
8915.761465  
8865.231836  
8721.797578  
8800.464687  
9032.269668  
8981.315879  
8932.294492  
8816.713418  
8846.90291  
8832.085215  
8876.574531  
8775.140742  
8802.396074  
8796.010918  
8769.305898  
8853.049219  
8856.612656  
8976.634551  
8858.100859  
8838.894824  
8864.669609  
8792.984648  
8782.460801  
8823.620723  
8863.902852  
8848.534785  
8825.689766  
8750.709551  
8712.268555  
8850.10084  
8762.396699  
8861.302441  
8839.13373  
9064.339258  
8919.758066  
8722.12332  
8788.517285  
8766.085723  
8717.206719  
8836.691563  
8833.418672  
8836.77582  
8820.449316  
8845.28959  
8846.350527  
8799.245039  
8803.033184  
8852.692891  
8848.238633  
8795.227129  
8796.240059  
9035.195977  
9035.974785  
9026.75209  
8908.693457  
8828.324121  
8772.011523  
8697.845352  
8782.706621  
8784.335391  
8778.206738  
8818.78543  
8762.305059  
8727.87375  
8741.227344  
8957.672227  
8912.834355  
8959.791797  
8897.743711  
8908.783906  
8793.213164  
8745.378477  
8824.596738  
8839.550605  
8846.006406  
8820.061367  
8793.085859  
8728.644082  
8915.123535  
8944.015547  
8966.301895  
8856.099238  
8801.509648  
8733.516563  
8720.705527  
8759.840684  
8868.088008  
8856.527598  
8770.36873  
8833.856855  
8719.304336  
8752.557637  
8829.48125  
8910.126094  
8802.035508  
8852.283613  
8891.801074  
9008.851113  
9021.481035  
8884.423027  
8908.228945  
8932.063027  
8871.119316  
8961.636816  
8914.280215  
8790.06293  
8800.168457  
8825.036875  
8831.452832  
8942.091191  
9031.623281  
8983.023301  
8946.275469  
8787.584727  
8852.482227  
8845.665645  
8870.139727  
8813.426055  
8950.219434  
8935.121484  
8786.353633  
8764.46125  
8785.085898  
8804.279355  
8855.650957  
9030.02418  
8861.764141  
8915.351523  
8988.187266  
8927.687051  
8846.949062  
8870.68543  
8723.443887  
8634.390391  
8751.126855  
8918.278008  
8900.418594  
8754.441973  
8825.573906  
8793.772539  
8924.984961  
8932.015664  
8909.127285  
8886.493047  
8903.189727  
8942.534375  
8901.949199  
8908.45291  
8888.879688  
8802.482324  
8854.973457  
9022.512051  
9097.120977  
8876.546641  
8777.556074  
8740.637734  
8662.855957  
8802.258848  
8823.184902  
8775.061738  
8726.342871  
8740.51709  
8785.265938  
8787.889629  
8783.372656  
8755.702207  
8747.584336  
8904.891895  
8853.419668  
8759.104336  
8761.275059  
8750.262109  
8758.888027  
8775.490098  
8757.548848  
8848.703926  
8933.120762  
8983.371211  
9011.463047  
8866.862305  
8832.900977  
8787.028437  
8771.679316  
8906.562246  
8881.159648  
8879.344297  
8740.51582  
8843.447988  
8855.530566  
8926.454102  
8885.529531  
8894.633125  
8715.719766  
8764.616992  
8895.638789  
8903.383398  
8955.996387  
8839.508262  
8833.530312  
8872.928574  
8818.725996  
8814.517285  
8712.848398  
8924.175059  
8938.512383  
8933.128145  
8993.309785  
8819.336797  
8867.873965  
8837.245703  
8873.652656  
8773.337812  
8797.084121  
8819.95334  
8792.317129  
8768.815156  
8872.101191  
8755.480215  
8935.808027  
8939.593691  
9012.517363  
8878.685234  
8860.033242  
8917.760918  
8928.069004  
8816.318379  
8910.156504  
8906.789648  
8773.517793  
8846.895723  
8804.984785  
8802.651621  
8746.898574  
8739.661191  
8900.743711  
8815.486836  
8791.347168  
8806.6775  
8848.13666  
8808.103848  
8956.215098  
9066.559297  
8999.998867  
8942.585449  
8866.864414  
8852.421445  
8788.124082  
8813.55793  
8852.682441  
8864.619863  
8833.388242  
8796.676523  
8701.081992  
8826.850625  
8778.014258  
8721.879785  
8888.288437  
8926.966172  
8926.917422  
8874.378613  
8849.671055  
8739.881699  
8748.840254  
8804.358809  
8961.421133  
8997.890605  
8965.261836  
8865.939414  
8871.007598  
8866.146172  
8822.484121  
8848.751211  
8784.080254  
8897.392207  
8893.131797  
8868.758809  
8894.654004  
8858.532578  
8817.526328  
8617.993867  
8852.676035  
8807.291348  
8817.903027  
8798.470508  
8726.043945  
8848.246875  
8791.002207  
8764.033242  
8704.756387  
8732.720703  
8958.000039  
8886.178066  
8882.009414  
8715.225859  
8762.608496  
8840.644277  
8813.065723  
9052.588242  
8932.022852  
8905.93875  
8687.254434  
8655.233086  
8671.258867  
8764.177773  
8979.364687  
8974.707852  
9000.584453  
8742.319004  
8731.139453  
8725.399395  
8989.610059  
8995.622715  
8911.314492  
8763.526309  
8835.716699  
8852.250684  
8768.647812  
8810.738711  
8774.818379  
8800.968984  
8711.514102  
8721.853027  
8832.215898  
8910.996934  
8835.839551  
8912.235977  
8865.706641  
8837.459043  
8850.446016  
8910.274063  
8857.542598  
8892.117773  
8903.630508  
9037.116172  
8939.16541  
8875.581602  
8886.583887  
8878.024863  
8779.867305  
8891.785527  
8820.926758  
8815.255938  
8850.875293  
8843.914414  
9016.543867  
8894.092422  
8773.374746  
8832.275098  
8815.498555  
8873.014609  
8727.455859  
8862.851641  
8900.95582  
8893.921406  
8919.807754  
8818.205586  
8795.309609  
8806.434766  
8748.701055  
8739.4825  
8811.746914  
8782.053398  
8832.139258  
8762.889199  
8731.075977  
8699.14584  
8845.666191  
8889.706934  
8907.68459  
8907.133359  
8720.884746  
8782.659355  
8677.541484  
8648.909453  
8850.13916  
8839.684922  
8843.040547  
8800.422793  
8768.578828  
8698.192852  
8863.689414  
9029.315449  
9025.01623  
8837.203809  
8805.056035  
8790.372402  
8844.190098  
8945.864102  
8931.323164  
8977.037402  
8918.067246  
8878.160273  
8987.791328  
8909.511758  
8916.724805  
8831.952988  
8803.160859  
8689.156172  
8851.9225  
8960.260488  
8982.899023  
9070.788184  
9009.694102  
8917.173262  
8819.261719  
8826.393594  
8828.13543  
8775.011953  
8895.672383  
8852.381309  
8887.011309  
8828.841152  
8890.587734  
8821.979687  
8837.616719  
8775.466113  
8812.729316  
8791.223066  
8935.844551  
8984.654785  
8893.896113  
8965.079258  
8874.533906  
8874.472305  
8958.282539  
8906.463379  
8906.52375  
8823.858906  
8762.053965  
8799.575312  
8871.446816  
8886.359668  
8865.855488  
8815.284648  
8726.490703  
8881.641309  
8933.215801  
8864.481953  
8803.222305  
8741.235801  
8755.012852  
8630.595137  
8818.611094  
8976.60248  
8826.399922  
8728.038574  
8659.067305  
8660.767461  
8713.734688  
8929.083047  
8959.25248  
9010.014785  
8953.058613  
8825.011992  
8830.28998  
8902.445723  
8822.78832  
8777.997676  
8729.430156  
8928.097246  
8921.271426  
9034.171523  
8855.915312  
