12983.02788  
12950.43526  
12925.0079  
12898.42232  
12811.21839  
12841.22763  
12841.40751  
12918.52933  
12898.62829  
13037.3167  
13080.80496  
13104.30795  
13091.77606  
13002.63793  
12955.49086  
12914.3178  
12876.33458  
12766.70876  
12785.16325  
12888.50018  
12961.88171  
12999.36159  
13065.75609  
13027.6408  
12983.25589  
12842.86424  
12872.20839  
12930.25337  
12909.4601  
12920.48694  
12961.06875  
13004.88089  
12949.52252  
12932.85044  
12963.55258  
12983.48036  
12899.44379  
12880.60132  
12864.41097  
12947.95283  
13008.36882  
13007.39856  
12983.3063  
12980.94968  
13026.37237  
13057.92513  
13036.3156  
12994.3358  
12961.4415  
12950.79043  
12895.71694  
12823.98214  
12839.67186  
12836.9113  
12825.10852  
12856.22826  
12968.95008  
12893.53413  
12876.0764  
12810.70537  
12868.08467  
12993.61883  
13040.97532  
12904.36011  
12886.88537  
12885.6083  
12829.55203  
12780.64368  
12819.64815  
12864.38076  
12879.80812  
12961.86172  
13052.18918  
13029.76891  
13041.73706  
12962.86054  
12916.83134  
12913.36391  
13044.47281  
13066.96062  
13034.31074  
12963.05407  
12898.80764  
12910.37541  
12963.23511  
13054.63187  
12949.72493  
12924.17694  
12866.16492  
12870.58663  
12948.54185  
12981.25789  
12977.5056  
12899.78443  
12869.68602  
12877.23624  
12967.49042  
12966.28086  
12949.43971  
12903.36527  
12857.16283  
12906.0307  
12955.15899  
12926.34365  
12933.63888  
12981.53651  
13034.02599  
12999.48834  
12933.74354  
12919.84528  
12917.2333  
12876.57501  
12969.50207  
13025.64933  
12987.44653  
12902.33392  
12937.04453  
12947.81661  
12927.3788  
12922.85301  
12996.61395  
12971.51664  
13041.19745  
12936.05315  
12922.66191  
12937.10632  
12955.08547  
12962.80053  
12962.26416  
12957.21024  
12953.96164  
12917.21707  
12930.34372  
12824.7353  
12868.31571  
12898.54555  
12903.18172  
12923.71768  
12906.71149  
12967.84509  
12993.64013  
12970.51665  
12984.73155  
13020.59077  
13011.6709  
12988.61278  
13041.30273  
12814.27456  
12745.39666  
12671.31128  
12685.40007  
12804.93152  
12962.12857  
13004.36359  
12982.10275  
12923.72685  
12940.81627  
12934.25494  
12925.56959  
12977.70228  
12964.52768  
12920.99242  
13000.30881  
13002.48832  
12953.26151  
12936.26819  
12901.25213  
12957.58433  
12958.0505  
12902.12065  
12952.75226  
12944.01639  
12889.056  
12923.14794  
12932.68533  
12988.83182  
13038.46487  
13111.87327  
13040.25578  
12990.33029  
13054.90943  
13132.95071  
13207.60196  
13141.58942  
13066.37053  
12971.86756  
12892.4492  
12864.86465  
12876.90931  
12904.59024  
12890.88142  
12905.23479  
12923.40462  
13009.2246  
13026.7637  
12971.9485  
12902.38024  
12913.50071  
12928.4399  
12946.31642  
12937.85938  
12946.86023  
12949.25056  
13009.68803  
12996.70722  
12958.95747  
12916.47181  
12873.96669  
12926.319  
12898.42115  
12931.91164  
12937.19432  
12887.73329  
12808.72978  
12742.42388  
12764.45843  
12904.11056  
12976.18141  
12920.47801  
12922.03311  
12861.04457  
12903.76425  
12893.02663  
12906.38432  
12932.10393  
12897.48275  
12926.51632  
12925.61366  
12881.42444  
12900.17055  
12956.28274  
13057.40491  
13008.54369  
13043.69957  
13044.2277  
12949.38233  
12914.29495  
12917.81495  
12910.33768  
12931.54847  
12911.28427  
12951.43542  
12952.52888  
13014.07031  
13038.10106  
13064.19097  
12979.16739  
12939.48065  
12837.51886  
12879.32748  
12909.10315  
12914.72223  
12916.77364  
12976.83578  
12970.33801  
12967.85956  
12981.73762  
12946.67724  
12854.85524  
12855.40682  
12935.43692  
12945.98442  
12832.00459  
12884.03201  
12920.97517  
12983.93919  
13041.90781  
12970.50897  
12897.5707  
12841.66055  
12819.39524  
12793.29554  
12844.40261  
12949.57525  
12991.43044  
12924.23961  
12983.4695  
13050.37011  
13096.65689  
13098.1134  
13038.3784  
13003.81903  
13004.50999  
12997.56904  
12987.03825  
12905.77055  
12954.93817  
12861.39361  
12982.17005  
13021.45534  
12949.86608  
12888.73208  
12828.90717  
12843.95727  
12906.28839  
12974.63415  
13032.88952  
13012.48645  
12921.89483  
12877.76313  
12899.72047  
12923.91175  
12843.84575  
12786.88984  
12777.10188  
12804.24189  
12859.14162  
12910.16854  
12938.07674  
12996.10494  
12985.81707  
12946.37618  
12975.42664  
12922.99251  
12905.76767  
12862.30598  
12899.25072  
12948.30796  
12958.07061  
12947.32487  
12959.11421  
12972.63261  
12962.18956  
12982.94529  
12999.43915  
13085.94068  
13049.32848  
12967.40904  
12936.86281  
12935.51779  
12913.37471  
12889.23665  
12950.71094  
13014.48045  
12993.73402  
12982.28492  
12955.99355  
12950.1433  
12936.62822  
12889.98886  
12919.85241  
12924.14139  
12937.43753  
12973.88524  
12950.11294  
12979.50013  
12976.56131  
12932.37739  
12965.77619  
12974.53974  
13028.71659  
12968.19126  
12945.31889  
12947.01238  
12990.89858  
13040.46329  
12967.89439  
12857.30142  
12793.34343  
12747.31845  
12793.11884  
12830.02932  
12847.31171  
12791.12285  
12925.43137  
13019.75411  
13025.08585  
13017.84358  
12970.31317  
12940.5063  
12881.93739  
12890.87661  
12870.61171  
12826.88376  
12921.37912  
12984.89623  
12943.23766  
12965.92768  
12961.94397  
12937.87  
12990.07111  
12989.01029  
12943.68734  
12921.93494  
12904.09706  
12904.92143  
12914.41561  
12970.0505  
12964.36851  
12909.35722  
12932.12346  
12981.43286  
12985.56187  
12957.47905  
12998.18335  
13026.35228  
13034.49131  
13038.72688  
12994.81163  
12952.04044  
12883.18006  
12923.93112  
12945.39242  
12947.40585  
12963.85251  
12970.3938  
12982.82886  
12830.09723  
13026.84851  
13031.60551  
12982.79179  
12995.46497  
13024.07823  
13044.93047  
13048.91303  
12968.08713  
12891.32533  
12876.9315  
12886.14035  
12899.64827  
12811.11571  
12902.64405  
12904.87285  
12990.59126  
12960.18856  
12939.93013  
12922.35242  
12942.81616  
12906.32925  
12867.29899  
12873.18315  
12897.15144  
12893.08126  
12835.86642  
12792.71952  
12807.09183  
12851.71183  
12924.42271  
12985.84504  
12935.85482  
12935.3348  
12923.59251  
12935.60842  
12868.629  
12843.71791  
12819.41784  
12851.06983  
12974.3677  
13061.54322  
13041.49402  
12956.16061  
12961.09601  
12958.99784  
12972.57918  
12988.67773  
12952.97807  
13002.44661  
12987.85666  
12986.35303  
12985.46142  
12916.29842  
12896.1529  
12938.3785  
12883.60244  
12883.45744  
12858.34167  
12925.45415  
12883.06821  
13000.81266  
13013.2913  
13000.98061  
12905.77294  
12857.00077  
12794.16182  
12730.38454  
12739.96151  
12819.57773  
12860.76158  
12954.79363  
13015.24594  
13022.45966  
13013.30232  
13017.00721  
12993.70102  
12989.94858  
12946.09769  
12954.40536  
12851.58484  
12901.26054  
12873.35085  
12956.73838  
12962.73498  
12918.15392  
12925.24242  
12879.07002  
12862.98586  
12869.35927  
12847.51749  
12825.31032  
12828.3525  
12822.07197  
12880.36248  
12916.60675  
12902.38203  
12856.87773  
13055.60792  
13188.57007  
13145.27593  
13012.80374  
12892.87083  
12870.05763  
12791.80421  
12829.14906  
12966.73882  
12924.17418  
12849.5128  
12842.54279  
12830.21755  
12944.00233  
13056.42814  
13022.55188  
13026.89879  
12939.34211  
12975.26404  
12948.95005  
13003.16983  
13077.7608  
13053.46328  
13114.96534  
13166.37481  
13124.68341  
12953.78138  
12855.83502  
12802.40238  
12879.00938  
12882.09315  
12833.91656  
12824.71942  
12926.39451  
13060.01649  
13103.85918  
13023.60255  
12980.45748  
12997.71777  
12935.76177  
12896.21285  
12930.4861  
12974.27459  
12991.27845  
12970.60543  
13007.23732  
12977.51166  
13034.30905  
12969.13737  
12955.31498  
12802.70136  
12744.45688  
12973.19745  
13037.28687  
13016.90388  
13092.48964  
13037.10297  
13096.45332  
13038.02174  
13072.0905  
13109.57389  
13108.98229  
13040.70751  
13042.01892  
13068.33142  
12992.00551  
12963.02992  
12826.47612  
12731.50537  
12715.17563  
12791.80407  
12840.13139  
12852.71742  
12966.08769  
12917.3034  
12975.24496  
12991.74081  
12966.22453  
12916.14805  
12874.58985  
12944.28058  
12947.69446  
12965.5814  
12941.65351  
12857.86959  
12943.29789  
13058.22647  
13060.98023  
13033.32096  
12985.28568  
12850.67408  
12839.07751  
12901.47677  
13107.14407  
13064.11919  
13018.35771  
12936.7001  
12772.51472  
12703.59509  
12821.20291  
12898.05517  
12824.9813  
12852.61021  
12816.88553  
12804.65062  
12865.52401  
12872.22563  
12921.00579  
12962.6945  
13005.21879  
13025.84998  
13005.37305  
12997.5872  
12956.18889  
12969.78103  
13007.27386  
13039.94343  
13081.37824  
13013.02983  
13008.53856  
12954.1383  
13003.82268  
12975.6166  
12876.58773  
12852.46747  
12907.29913  
12959.70728  
12948.26003  
12940.00092  
12915.33769  
12930.14401  
12917.1081  
12877.63456  
12938.22684  
13054.25878  
13045.71379  
12961.51412  
12897.72911  
12863.5524  
12865.61309  
12904.2269  
12845.69273  
12821.98755  
12761.99605  
12896.9199  
12922.59262  
12968.77617  
12951.59538  
12897.55493  
12891.95786  
12889.4777  
13012.68295  
13108.82658  
13099.27961  
13069.2743  
13026.04331  
13029.51018  
12957.20694  
12896.69307  
12942.42377  
12946.45733  
13023.32467  
13068.83072  
12983.862  
12955.10034  
12898.57129  
12866.25815  
12857.22675  
12919.79516  
13003.16099  
12969.31067  
12912.54209  
12888.69515  
12842.23982  
12875.45288  
12948.43585  
12972.33535  
12964.27644  
12893.86448  
12876.79405  
12810.28402  
12887.29512  
12883.6363  
12934.36981  
13008.99831  
13042.22062  
13008.4885  
12940.74678  
12922.47055  
12891.34753  
12883.93684  
12967.10899  
12994.56838  
12982.81762  
12886.54146  
12876.33009  
12848.20485  
12870.89101  
12928.66979  
12940.3058  
12935.33112  
12894.88016  
12886.23396  
12847.61127  
12840.01894  
12934.53317  
12941.55665  
12904.15208  
12944.31891  
12916.56813  
12976.87891  
13018.10901  
13063.5427  
12998.73844  
12970.95083  
12926.49352  
12908.90841  
12910.95216  
12866.4852  
12898.5953  
12960.22748  
12993.76773  
12946.23339  
12941.6662  
12904.14231  
12892.04392  
12877.20982  
12877.67082  
12887.83756  
12963.93208  
12982.75384  
12915.83044  
12795.23323  
13002.31357  
13036.13855  
13070.07295  
13018.69106  
12967.85245  
12904.75221  
12878.54151  
12916.69636  
12866.13863  
12846.72513  
12872.18127  
12982.70721  
13021.39087  
12995.05707  
12956.85185  
12946.2642  
12963.68558  
12973.96354  
12923.45852  
12938.65634  
12951.21037  
12910.7971  
12902.76808  
12936.86458  
13020.72008  
13019.53465  
12994.42921  
12998.15865  
12968.0927  
12985.62164  
12904.68964  
12804.15921  
13023.45494  
13040.84693  
12991.34863  
12962.83614  
12856.11558  
12797.46653  
12916.38335  
12938.76765  
12975.96192  
13020.02658  
12919.03049  
12876.25837  
12834.66578  
12775.39683  
12823.75422  
12821.88636  
12839.46788  
12849.9732  
12861.60916  
12888.70833  
12928.82984  
12857.9533  
12884.86778  
12855.97796  
12831.50501  
12935.82963  
13007.66936  
13079.41218  
13024.00591  
12968.11629  
12961.66458  
13011.20057  
12934.759  
12970.19774  
13032.90851  
13055.56821  
12943.77086  
12919.85354  
12939.4392  
12959.35811  
12961.94862  
12969.37889  
12899.48895  
13001.88566  
12993.40477  
13015.08783  
12980.10535  
12925.87656  
12975.8399  
13028.41596  
13082.63228  
13033.01705  
13030.61166  
12957.57538  
12936.74343  
12942.47205  
12940.58747  
12853.02026  
12896.51272  
12844.84849  
12887.69839  
12960.97918  
13022.79374  
12968.29676  
12912.00752  
12918.09649  
12853.92074  
12939.28804  
12971.83313  
12975.53488  
12990.10458  
13008.01523  
13023.87433  
13039.78644  
13042.18643  
12934.80874  
12908.8853  
12881.24697  
12895.35806  
12919.97052  
12929.58568  
12955.66758  
13020.24032  
13004.96813  
12960.09317  
12859.79111  
12929.83226  
12907.55745  
12852.58319  
12844.14062  
12904.14874  
12886.57169  
12954.53606  
12909.21534  
12913.52016  
12929.11125  
12969.74712  
12995.12894  
13010.74307  
12988.78308  
12907.39135  
12868.28335  
12877.54557  
12969.07043  
13060.01151  
13027.6712  
12942.95289  
12913.85073  
12896.12135  
12868.2717  
12869.82621  
12860.50221  
12712.54507  
12906.77193  
12902.36805  
12882.96327  
12919.50163  
12935.92771  
13019.1896  
13040.79571  
13095.62902  
13006.96038  
12970.04564  
12947.63475  
12981.52959  
13019.94045  
12968.55729  
12976.2035  
12932.8547  
12996.96941  
12989.71114  
12994.35426  
12888.01737  
12878.96749  
12920.58762  
12875.16238  
12893.90516  
12837.18235  
12835.51044  
12811.83953  
12823.78937  
12895.42729  
12881.85178  
12877.93472  
12849.54419  
12886.90903  
12950.48107  
12975.59323  
12956.57786  
12955.10219  
12944.58825  
12974.68794  
12976.67511  
12966.28405  
12923.61  
12900.32116  
12907.39073  
12932.14972  
12965.29198  
12906.56567  
12947.09477  
12966.41532  
12975.41321  
13033.56064  
13045.13786  
12980.59769  
12937.27667  
12908.22311  
12919.30208  
12944.02675  
13018.66565  
13016.16244  
12921.50039  
12977.07016  
12964.07783  
13008.71056  
13006.76047  
12998.43989  
12993.42443  
13030.98542  
12993.85377  
12966.40906  
12917.65809  
12958.12412  
12987.32749  
12946.76179  
12972.85508  
12959.93763  
12933.87856  
12934.18482  
12889.77556  
12858.39818  
12853.07615  
13006.49045  
13006.39243  
12997.18679  
12982.85848  
13001.83743  
12967.17847  
12979.34981  
12984.03487  
12983.67833  
12920.77794  
12893.14043  
12880.64258  
12943.04426  
12982.1458  
12961.03461  
12934.78061  
12941.54829  
12939.69294  
12898.67611  
12875.6663  
12832.07808  
12810.63635  
12863.6774  
12983.18426  
12980.3612  
12958.78505  
12913.75773  
12979.79184  
13020.487  
12981.99992  
12934.61225  
12915.11817  
12925.53742  
12980.86241  
13020.30518  
12936.92421  
12870.98386  
12877.19766  
12860.6926  
12871.41317  
12802.16141  
12840.52018  
12898.0796  
12986.50298  
12971.20029  
12901.90846  
12849.56136  
12879.1395  
12899.19616  
12952.88244  
12953.03649  
12994.32683  
13041.4735  
12952.76935  
12922.82472  
12824.84701  
12861.03581  
12907.01877  
12896.22235  
12974.0046  
12976.17932  
12947.64398  
12940.65371  
12918.27702  
12904.31693  
12942.69336  
12953.71911  
12939.26763  
12933.57704  
12979.25884  
12997.62521  
13030.61512  
13004.0571  
12993.03028  
12970.93474  
12919.02037  
13005.43076  
13066.9224  
13000.77688  
12958.07463  
12984.15366  
12919.00192  
12926.70416  
12979.6474  
12918.75189  
12917.97983  
12862.02654  
12828.65721  
12830.40219  
12843.04659  
12867.57324  
12917.39728  
12802.08854  
12788.32895  
12756.05421  
12813.13217  
12810.16268  
12853.13647  
12906.47423  
12973.05985  
13013.12967  
13012.54914  
12975.28856  
12981.80116  
12931.41221  
12941.02939  
12993.1737  
12937.77589  
12973.60004  
12987.34639  
12929.8366  
12988.76674  
13047.05384  
13080.03772  
13024.29759  
12978.37962  
12933.79439  
12915.15678  
12920.56188  
12916.25908  
12965.79962  
12958.13944  
12956.96323  
12971.87184  
12966.02136  
12972.69949  
12983.04318  
13007.45011  
12947.73366  
12961.69166  
12897.09593  
12956.84413  
12928.33708  
12970.57637  
13032.1247  
13034.82457  
13023.63178  
12954.01871  
12989.60946  
12940.70755  
12931.01548  
12951.4113  
12944.78326  
12937.58806  
12975.41926  
12964.64725  
12905.82903  
12932.88233  
12902.80327  
12931.48416  
12919.01688  
12910.88957  
12887.80184  
12865.82584  
12846.46389  
12870.14562  
12916.57036  
12942.48841  
12937.95645  
12901.62168  
12909.5357  
12881.79219  
12842.60385  
12837.67089  
12786.30587  
12834.41894  
12878.73129  
12865.4189  
12921.07175  
12921.92202  
12834.17745  
12940.54099  
13049.12772  
12996.56089  
12881.65925  
12836.29268  
12833.0464  
12891.81051  
12892.37161  
12969.96051  
12946.05357  
12996.14826  
13002.25315  
12934.90988  
12904.85287  
12862.24685  
12941.0944  
12921.44658  
13013.13326  
13037.0241  
13024.22938  
13044.13177  
13047.43591  
13081.23254  
13002.8549  
12969.82031  
13026.25127  
13039.72399  
12982.56077  
12917.09298  
12890.01775  
12845.13477  
12910.68996  
12971.25723  
13007.83071  
12956.5173  
12961.31647  
12935.70871  
12959.63808  
12936.12099  
12948.57604  
12955.95132  
12964.95595  
12998.37612  
13014.69063  
13003.01494  
12999.29825  
12953.3662  
12934.72251  
12927.09271  
12906.33316  
12899.44039  
12911.84753  
12945.05916  
12997.52464  
12965.56507  
12916.6344  
12927.55148  
12939.44396  
12948.87624  
12960.63284  
12889.11026  
12887.25985  
12892.65531  
12934.64329  
12993.43558  
12871.44948  
12828.41716  
12837.66875  
12878.61304  
12923.4963  
12897.06954  
12893.71971  
12875.49033  
12960.52766  
12996.8959  
13014.41886  
12931.98886  
12892.49062  
12883.60865  
12942.40152  
13013.86311  
13001.41064  
12931.34836  
12922.73481  
12955.32926  
12944.04725  
12949.30128  
12935.26084  
12874.63594  
12858.31241  
12848.95507  
12910.38148  
12977.06447  
13016.89903  
13009.21108  
12970.10306  
12977.51329  
12961.9428  
13023.35371  
13028.32955  
13019.90466  
12941.25648  
12920.51226  
12896.98372  
12857.87264  
12870.00311  
12861.54955  
12895.84724  
12923.6147  
13009.60767  
12955.31913  
12918.34109  
12874.40502  
12910.14054  
12885.58872  
12963.08399  
12936.58826  
13009.0298  
12996.70355  
13024.09543  
12990.93665  
12937.80929  
12980.72171  
12956.58128  
12902.39401  
12903.68661  
12937.0672  
13086.79371  
13104.5886  
13038.17433  
12963.71683  
12944.74768  
12917.03822  
12864.96636  
12876.64449  
12943.82895  
12950.83134  
12912.7517  
12907.57975  
12893.12781  
12827.46501  
12840.49322  
12825.84967  
12882.8696  
12911.46772  
12935.65465  
12903.47025  
12886.06753  
12915.52923  
12949.73944  
12934.54289  
12915.37118  
12868.20328  
12863.34613  
12888.03352  
12893.53712  
12884.69011  
12846.22666  
12810.45031  
12850.0526  
12885.40311  
12890.03183  
12968.05626  
13010.41564  
12972.35146  
12963.95278  
12914.22437  
12943.43616  
13006.96243  
13044.56096  
12993.01894  
13019.57702  
12990.24619  
13098.43008  
13068.28561  
13055.32971  
12987.08218  
13001.80326  
13002.739  
13006.70096  
12980.22636  
12963.84391  
12946.12595  
12928.85602  
12878.72456  
12939.11399  
13006.91209  
12965.22437  
12946.27923  
12875.39747  
12948.17798  
12932.92686  
12968.26237  
12928.9715  
13005.26747  
13011.58425  
12940.48036  
12892.36933  
12897.74439  
12943.56113  
12980.51183  
12996.46117  
12929.92559  
13015.96461  
12988.38695  
12981.3394  
12935.08952  
12918.26451  
12878.98768  
12789.55897  
12918.01154  
13007.66532  
12992.10455  
12939.60498  
12932.63801  
12917.12743  
12955.54202  
12930.89762  
12977.71422  
12930.71166  
12951.05716  
12939.21744  
12926.63025  
12884.76901  
12906.99764  
12936.23074  
12985.72823  
13078.19756  
13030.13379  
12914.06255  
12858.95508  
12836.19695  
12934.72199  
12972.69061  
12978.08253  
12924.45692  
12923.95432  
12869.8889  
12905.75135  
12849.0687  
12943.81143  
12915.255  
12960.43048  
13007.79278  
12952.77104  
12967.18176  
12938.84773  
12942.27209  
12982.14584  
12997.3246  
12928.40414  
12946.50883  
12945.49333  
12968.63512  
12897.35181  
12851.68911  
12803.99876  
12889.13459  
12987.89971  
13055.87001  
13021.27667  
12961.44498  
12914.53669  
12908.48081  
12919.06486  
12961.63062  
13052.03552  
13019.15909  
12945.71207  
12884.22034  
12905.55365  
13011.70715  
13026.31987  
12909.39036  
12874.35143  
12870.69799  
12856.12168  
12814.86709  
12784.24352  
12872.48411  
12888.35703  
12858.73586  
12989.68507  
12944.84106  
12895.68834  
12960.10609  
12893.11587  
12902.14156  
12840.1255  
12842.24292  
12897.38817  
12956.5548  
13030.5292  
13054.27557  
13086.42864  
13057.4248  
13051.50654  
12977.77148  
12977.93775  
12973.08979  
13003.43718  
12938.94077  
12991.95808  
12976.39899  
12931.01085  
12942.28187  
12923.63817  
12897.82016  
12899.6325  
12971.22883  
12994.28538  
12938.65036  
12865.83931  
12843.31922  
12856.03175  
12883.41994  
12990.63701  
13078.09742  
12992.29474  
12923.00544  
12837.8755  
12869.906  
12860.63713  
12843.27952  
12862.57693  
12879.4609  
12897.26173  
12947.44237  
12926.68542  
12963.14109  
13005.63408  
12944.48179  
12953.94489  
12927.2138  
12982.54971  
12947.39639  
12931.29722  
12924.7441  
12892.70559  
13008.84299  
13069.04728  
13017.12951  
12941.97322  
12957.86541  
12977.57511  
12986.37094  
12976.32315  
12989.57894  
12973.1364  
12950.04849  
13004.81688  
12975.56452  
12953.51646  
12923.83679  
12968.15603  
12814.38095  
13001.68495  
12990.82243  
12995.09683  
12969.22523  
12995.4149  
12962.50203  
12952.02258  
12900.26273  
12864.43794  
12870.31543  
12923.6368  
12909.52277  
12891.6003  
12832.13238  
12864.38284  
12902.40004  
12967.16596  
13101.88672  
13046.94926  
12945.37948  
12841.74661  
12874.35097  
12878.19386  
13003.33337  
13087.70445  
13076.25098  
13009.55872  
12870.55492  
12880.44323  
12920.54152  
13011.72469  
12942.17377  
12877.19001  
12833.78633  
12748.29709  
12772.00363  
12811.43129  
12842.89729  
12865.53314  
12815.1637  
12804.71733  
12842.41921  
12940.14031  
12989.70734  
12985.4765  
12968.99865  
12986.2218  
12923.69152  
12939.32124  
12938.32465  
12948.23462  
12947.78123  
13045.78439  
13002.85034  
13007.3335  
12942.89104  
12987.49335  
12995.08366  
12993.28359  
12935.64564  
12936.40574  
12918.1083  
12932.99793  
12945.08369  
12965.27088  
12934.69622  
12877.18555  
12959.62129  
12980.55832  
13005.54037  
12971.82373  
12945.2305  
13011.08354  
13006.09206  
13005.39754  
12920.80991  
12885.49513  
12893.5656  
12844.38153  
12860.25986  
12894.37516  
12925.58051  
12903.81423  
12902.68309  
12855.69517  
12940.49752  
12908.42907  
12965.85843  
12987.86711  
12944.5427  
12929.67111  
12883.87446  
12932.90103  
12906.78596  
13011.95718  
12983.5629  
12951.13922  
12930.13743  
12917.79931  
12926.11337  
13037.98279  
13033.26943  
12929.89755  
12815.94012  
12782.35658  
12823.36714  
12848.21256  
12896.92402  
12899.19757  
12904.16899  
12889.16782  
12903.37465  
12902.98707  
12939.58683  
12952.40553  
12903.54693  
12867.07551  
12907.19813  
12892.27869  
12987.44813  
13007.76628  
13022.39657  
13083.79582  
12978.44777  
12941.43293  
12882.73628  
12924.26413  
12936.13827  
13029.14656  
12988.30145  
12993.80807  
12999.10662  
12983.1508  
12976.34138  
12964.06615  
12953.63461  
12909.41674  
12959.55423  
13011.80843  
13077.63777  
13042.62214  
13018.07294  
12980.33749  
13013.1896  
13044.52508  
12986.79414  
12980.92128  
12912.76484  
12883.14862  
12939.00003  
12946.06257  
12895.55097  
12859.26459  
12823.98031  
12862.70784  
12920.60585  
12975.24166  
12912.77875  
12877.07696  
12840.33652  
12874.44958  
12933.36414  
12936.93222  
12980.35935  
12976.96332  
12923.69309  
12940.31193  
12940.86767  
12945.59763  
13025.7083  
13010.15367  
13025.61501  
12948.01201  
12954.19606  
12937.10672  
12975.55482  
12905.87132  
12875.91941  
12892.52931  
12904.53898  
12996.2201  
12971.1561  
12850.94769  
