11852.23957  
11457.40674  
11729.6792  
11564.979  
11624.9074  
11508.98553  
11528.37797  
11527.92707  
11427.34339  
11346.53334  
11315.70406  
11140.18999  
11403.14444  
11563.9434  
11414.97621  
11610.13153  
11621.58469  
11601.04434  
11633.76958  
11410.94513  
11398.68461  
11292.82852  
11448.07528  
11528.32613  
11625.66167  
11618.34544  
11624.80238  
11645.40385  
11552.42356  
11494.9909  
11472.92742  
11488.59406  
11545.87065  
11582.69562  
11521.61515  
11548.28604  
11628.04865  
11656.18297  
11653.99938  
11422.16295  
11522.41144  
11563.4395  
11633.72829  
11646.60005  
11639.37354  
11492.9648  
11497.77069  
11520.23597  
11448.55913  
11562.84007  
11636.83176  
11773.92551  
11728.25226  
11566.7041  
11651.78897  
11361.01381  
11332.36515  
11352.05229  
11532.79186  
11602.93888  
11628.9118  
11732.71635  
11814.85076  
11540.16375  
11680.52601  
11460.14342  
11621.00426  
11541.86617  
11385.75155  
11403.3414  
11427.16322  
11058.5554  
11172.46884  
11745.35636  
11617.54532  
11566.82679  
11722.81135  
11524.91704  
11406.00653  
11491.65758  
11480.30105  
11519.61816  
11611.31077  
11780.15203  
11219.61519  
11154.08922  
11293.80331  
11403.73477  
11623.62527  
11623.75453  
11546.83714  
11518.89817  
11513.90523  
11644.36843  
11670.25036  
11538.55828  
11333.47896  
11367.50697  
11436.67765  
11504.4217  
11587.35582  
11546.05753  
11567.54874  
11687.65594  
11612.92907  
11466.68026  
11396.04448  
11569.16482  
11542.6171  
11655.45477  
11645.99969  
11609.18883  
11465.73788  
11528.87016  
11585.34801  
11634.58221  
11626.82031  
11574.46964  
11570.48819  
11480.25657  
11221.02153  
11268.65541  
11380.65439  
11488.11337  
11613.82937  
11570.51389  
11407.94136  
11650.53906  
11674.10343  
11776.81445  
11640.67964  
11612.42041  
11633.04523  
11638.27956  
11712.57884  
11479.35418  
11363.00848  
11476.15811  
11494.91966  
11420.67853  
11502.83319  
11504.41016  
11663.2065  
11684.8125  
11816.26776  
11691.18311  
11385.61723  
11691.57253  
11571.67738  
11506.07417  
11443.09641  
11325.49077  
11032.77583  
11324.36954  
11443.71555  
11538.27131  
11553.28516  
11544.99041  
11573.72892  
11522.35454  
11298.356  
11191.46471  
11341.48442  
11430.35835  
11580.11093  
11613.42103  
11641.42649  
11651.46786  
11582.24689  
11529.09149  
11510.98322  
11572.56423  
11591.60645  
11554.62473  
11384.09193  
11377.03715  
11453.50626  
11407.9573  
11603.22563  
11374.23975  
11196.43657  
11151.30513  
11349.66721  
11578.37425  
11613.39746  
11645.83869  
11787.32431  
11809.97332  
11679.91855  
11613.69917  
11486.41974  
11505.75271  
11417.71178  
11337.16664  
11434.15843  
11451.86159  
11708.84894  
11494.52313  
11647.88885  
11614.15225  
11547.92001  
11491.74618  
11504.48118  
11395.4007  
11626.62935  
11693.05216  
11613.75724  
11664.82386  
11525.80997  
11312.33651  
11556.94669  
11575.71276  
11577.1452  
11581.63361  
11597.6424  
11681.24485  
11066.64351  
11290.76771  
11673.69691  
11382.61776  
11520.63343  
11582.74441  
11687.02797  
11445.51598  
11654.46444  
11606.69145  
11743.94957  
11617.51953  
11658.93626  
11753.44043  
11379.60933  
11449.04403  
11409.98216  
11394.38548  
11557.2302  
11623.88676  
11672.67449  
11628.44181  
11688.90057  
11584.25559  
11563.58021  
11478.23002  
11594.5898  
11449.56521  
11273.04754  
11251.11257  
11366.33039  
11549.15558  
11542.37078  
11643.94198  
11553.00613  
11629.77765  
11579.78751  
11514.913  
11780.01571  
11695.36546  
11383.92893  
11412.10329  
11429.8568  
11440.60684  
11567.1606  
11527.69407  
11420.97181  
11543.36297  
11514.21635  
11414.80957  
11350.2559  
11456.52273  
11561.81716  
11648.08811  
11741.02526  
11600.15589  
11464.22297  
11613.52441  
11562.19993  
11798.74055  
11519.32453  
11431.12464  
11334.81747  
11318.63037  
11433.76456  
11273.26496  
11359.08998  
11452.54004  
11551.13809  
11670.23628  
11628.31223  
11607.752  
11354.41104  
11403.34335  
11454.70654  
11620.85076  
11574.84761  
11669.50781  
11621.45783  
11404.20202  
11280.35205  
11438.62837  
11490.09681  
11578.73011  
11500.27069  
11574.4755  
11564.64506  
11541.28382  
11649.37509  
11521.74956  
11688.7777  
11631.65643  
11546.60809  
11420.54195  
11428.50222  
11403.06792  
11486.7271  
11486.30713  
11479.49911  
11743.42876  
11548.12877  
11310.96294  
11403.22812  
11662.82058  
11594.06871  
11736.53209  
11643.01847  
11514.27481  
11289.7077  
11361.51216  
11565.73513  
11552.22359  
11666.21689  
11642.75852  
11738.16384  
11641.88477  
11580.36026  
11453.62926  
11435.18488  
11395.55415  
11319.33962  
11469.68026  
11502.82138  
11587.91326  
11628.05376  
11541.94616  
11688.22434  
11556.42325  
11531.71045  
11418.25848  
11486.80393  
11542.42134  
11585.73593  
11593.92951  
11474.79616  
11540.5989  
11460.21995  
11441.36919  
11430.1788  
11524.93497  
11683.19722  
11574.17796  
11652.06854  
11695.25919  
11466.68959  
11369.29483  
11328.22616  
11446.26256  
11194.32338  
11271.42161  
11418.36381  
11540.53369  
11585.4351  
11525.5736  
11606.16113  
11642.94975  
11564.63006  
11797.788  
11526.42662  
11620.60942  
11518.33523  
11612.51398  
11578.26025  
11657.23904  
11459.9031  
11575.84659  
11539.12362  
11592.42805  
11546.41535  
11590.89302  
11511.0459  
11397.30016  
11434.65243  
11455.83856  
11346.87256  
11396.64023  
11488.86173  
11640.28054  
11679.85498  
11550.08829  
11612.45956  
11573.58882  
11546.01163  
11576.83372  
11571.03511  
11330.24485  
11228.36723  
11273.43799  
11362.94704  
11496.24658  
11551.76966  
11778.86834  
11655.05034  
11727.33061  
11650.57662  
11408.00999  
11375.04781  
11465.27801  
11417.2765  
11617.44846  
11474.98358  
11535.37993  
11401.91451  
11472.91588  
11522.19487  
11663.36967  
11466.94931  
11469.56223  
11549.99512  
11540.11861  
11619.05531  
11620.00874  
11625.31716  
11615.61377  
11643.78098  
11655.00661  
11584.20659  
11697.14777  
11631.24565  
11582.27144  
11490.59619  
11394.20663  
11295.92898  
11448.45441  
11361.89586  
11292.87154  
11314.11235  
11430.32036  
11538.26261  
11626.73948  
11601.49006  
11381.26283  
11353.12518  
11439.08634  
11698.96702  
11622.81206  
11675.04497  
11634.11026  
11664.36386  
11413.58931  
11442.62118  
11428.31392  
11621.9494  
11372.22488  
11537.42227  
11484.44909  
11569.31907  
11583.41859  
11568.05704  
11650.15319  
11646.0285  
11489.73353  
11426.87265  
11467.52703  
11492.63215  
11657.12522  
11549.39444  
11594.38996  
11532.36417  
11548.57515  
11262.30762  
11253.49925  
11351.27384  
11269.44749  
11439.81388  
11603.6139  
11457.37012  
11410.54261  
11465.73202  
11511.56392  
11534.15501  
11533.2737  
11588.36772  
11453.68306  
11213.08847  
11196.58421  
11263.70854  
11347.79763  
11488.76008  
11459.60542  
11569.64608  
11511.57391  
11470.69087  
11491.74561  
11427.80083  
11355.62172  
11257.44394  
11321.09868  
11578.34637  
11426.76705  
11377.04506  
11696.64835  
11540.23606  
11625.94065  
11637.51554  
11667.39968  
11304.19917  
11377.55695  
11476.70801  
11579.23699  
11398.23793  
11626.65021  
11284.03991  
11355.06357  
11520.7951  
11544.43155  
11649.05873  
11551.13277  
11627.28485  
11615.32972  
11519.52299  
11413.97186  
11691.35942  
11586.72536  
11866.18741  
11778.22132  
11884.83931  
11897.90181  
11527.95348  
11777.87975  
11652.48349  
11386.64098  
11298.26416  
11077.34619  
11547.75226  
11688.7259  
11631.31929  
11749.78924  
11844.28436  
11686.35498  
11703.00515  
11757.68049  
11797.72368  
11750.59575  
11500.24272  
11669.35249  
11646.47572  
11842.44176  
11587.12611  
11822.54066  
11735.12203  
11416.24876  
11430.39844  
11580.49969  
11472.36945  
11591.20801  
11536.78609  
11654.46924  
11356.62464  
11555.36555  
11664.17778  
11658.87993  
11722.74987  
11649.76088  
11663.36874  
11646.12908  
11685.56578  
11632.81343  
11607.54142  
11444.41522  
11221.6048  
11255.89227  
11349.17902  
11359.23398  
11303.6428  
11448.67112  
11531.71635  
11712.16983  
11699.34748  
11507.15851  
11384.62096  
11348.56965  
11518.8699  
11521.46032  
11357.85582  
11473.92325  
11606.87815  
11606.73464  
11633.14759  
11691.41775  
11683.78356  
11651.40678  
11128.08434  
11454.33944  
11569.99165  
11649.28928  
11779.75115  
11624.10227  
11349.3956  
11429.59015  
11585.02464  
11498.11173  
11511.22834  
11606.8153  
11410.25253  
11235.99876  
11265.12274  
11271.46178  
11373.09788  
11456.69877  
11455.00289  
11508.99893  
11679.06188  
11613.06752  
11448.77823  
11385.84237  
11504.28054  
11697.74676  
11673.50009  
11600.00972  
11614.35676  
11614.98375  
11665.7757  
11753.5229  
11504.55815  
11514.37749  
11461.68612  
11455.75879  
11433.34952  
11458.74516  
11479.7314  
11524.47443  
11178.57364  
11246.18626  
11357.00901  
11415.77654  
11537.54275  
11611.38033  
11524.18235  
11539.79381  
11544.18053  
11560.59428  
11597.87695  
11718.79821  
11574.2017  
11612.24183  
11513.20938  
11661.2536  
11243.16966  
11053.9826  
11010.12691  
11130.14395  
11419.76682  
11489.34819  
11649.9945  
11520.0146  
11639.92392  
11626.13277  
11499.21857  
11553.93404  
11511.5158  
11631.60631  
11676.71547  
11629.60121  
11686.73699  
11647.14382  
11710.22683  
11476.79075  
11439.05691  
11675.63636  
11667.45233  
11567.07599  
11595.53702  
11576.75417  
11498.6697  
11408.85463  
11445.70015  
11370.47474  
11488.53232  
11443.23833  
11385.32302  
11346.36426  
11254.50067  
11252.39648  
11340.39839  
11461.56809  
11468.35192  
11610.9917  
11615.68714  
11641.0835  
11504.57879  
11415.17982  
11582.05154  
11584.13929  
11700.14653  
11639.48668  
11612.33358  
11513.52211  
11508.35463  
11589.60502  
11570.4039  
11694.82799  
11663.95552  
11583.52246  
11442.48322  
11620.74032  
11673.92241  
11589.93253  
11616.09113  
11359.88308  
11066.42627  
11253.18581  
11553.21586  
11610.27299  
11626.28684  
11571.52242  
11584.50768  
11752.52717  
11646.13472  
11640.42982  
11501.95481  
11662.88752  
11564.93963  
11666.74956  
11629.00923  
11629.29004  
11586.50475  
11424.9624  
11164.03635  
11349.78822  
11467.02832  
11625.74126  
11639.14466  
11654.82053  
11668.71591  
11596.5965  
11613.85178  
11597.19078  
11586.53125  
11536.44891  
11594.8556  
11604.52095  
11608.95255  
11417.90616  
11386.00004  
11450.96103  
11658.95708  
11539.45397  
11496.3117  
11488.63006  
11582.65141  
11579.48624  
11656.06055  
11488.21733  
11351.47141  
11307.28245  
11288.43453  
11363.56286  
11526.55096  
11535.80278  
11611.98065  
11558.52064  
11521.13188  
11600.46294  
11577.11053  
11486.80336  
11553.1725  
11714.88268  
11629.97501  
11683.735  
11420.00337  
11231.51292  
11212.37496  
11287.46027  
11410.97181  
11550.34215  
11526.70996  
11558.76536  
11537.24055  
11442.18497  
11503.32542  
11564.712  
11538.03662  
11395.41819  
11588.32755  
11691.0538  
11658.08736  
11693.58194  
11645.23979  
11583.73651  
11549.0609  
11534.41713  
11500.75169  
11536.76958  
11446.97976  
11418.34308  
11340.07027  
11186.94549  
11131.60946  
11341.80926  
11476.49822  
11617.59335  
11694.98242  
11686.55886  
11687.77765  
11613.72399  
11640.14644  
11628.02916  
11497.43883  
11566.0858  
11654.85773  
11559.72621  
11468.40745  
11235.04252  
11285.98904  
11346.69043  
11394.52024  
11527.53782  
11466.49192  
11604.86998  
11605.94429  
11712.51727  
11532.03298  
11634.88881  
11542.87331  
11433.93488  
11370.15243  
11372.76323  
11571.23779  
11529.63707  
11540.13681  
11475.63064  
11393.36186  
11452.34846  
11457.49325  
11569.39586  
11530.47368  
11476.33239  
11554.92472  
11684.72834  
11545.84934  
11670.47461  
11607.63889  
11548.94886  
11452.37243  
11526.9814  
11565.82968  
11561.02273  
11530.55784  
11587.61688  
11456.06894  
11597.09979  
11540.74787  
11550.99538  
11399.72021  
11421.9577  
11336.79821  
11517.07555  
11566.61146  
11583.38197  
11556.06197  
11482.85662  
11389.59135  
11520.85906  
11505.2326  
11642.58239  
11588.95605  
11443.27153  
11425.80384  
11427.47106  
11556.12149  
11621.12709  
11591.8667  
11516.30908  
11626.29621  
11629.42498  
11758.97918  
11529.66562  
11570.82653  
11720.5265  
11610.07826  
11486.07666  
11429.39422  
11458.03107  
11443.82071  
11516.53888  
11642.68306  
11552.39919  
11567.33208  
11536.74787  
11448.09797  
11397.07187  
11627.02783  
11665.89866  
11589.57373  
11472.75231  
11497.87509  
11517.73766  
11551.13539  
11493.76944  
11530.05779  
11652.26278  
11707.63703  
11641.42827  
11480.89169  
11541.82511  
11530.73153  
11653.54856  
11701.10316  
11515.8002  
11579.6341  
11463.37243  
11533.09335  
11453.78986  
11481.48384  
11290.02823  
11235.78343  
11261.14054  
11445.18288  
11493.05877  
11448.0518  
11412.22523  
11410.05642  
11484.74401  
11528.447  
11586.36293  
11493.6673  
11571.31037  
11560.00284  
11604.03462  
11552.41548  
11635.15962  
11457.06126  
11319.10436  
11324.3101  
11554.96515  
11666.29315  
11601.07653  
11666.12349  
11625.22661  
11704.6001  
11550.02322  
11221.56472  
11381.57151  
11505.29927  
11448.99245  
11439.24862  
11445.62731  
11671.70619  
11530.66451  
11612.6076  
11565.25724  
11666.53729  
11550.98717  
11642.40323  
11586.50311  
11444.49316  
11472.16819  
11563.7706  
11514.97976  
11632.95344  
11668.34695  
11515.85485  
11300.55673  
11184.0637  
11255.82852  
11425.68501  
11433.24276  
11499.36985  
11443.0099  
11528.40727  
11519.35023  
11513.35596  
11648.26935  
11629.67955  
11683.26483  
11608.31499  
11707.69296  
11666.66016  
11470.38583  
11432.87189  
11472.38881  
11488.9248  
11730.24023  
11596.06281  
11656.23153  
11577.80393  
11666.77113  
11634.21555  
11486.0783  
11190.58279  
11283.38938  
11501.21134  
11613.75146  
11584.78955  
11649.39293  
11567.36044  
11647.42316  
11438.19331  
11359.77535  
11355.97132  
11435.4842  
11524.91397  
11531.35578  
11690.74521  
11587.5364  
11526.50435  
11408.02828  
11225.87904  
11316.78897  
11440.54563  
11550.50453  
11605.01025  
11572.9917  
11705.68066  
11686.49862  
11685.18053  
11642.10822  
11717.38947  
11623.26629  
11612.62416  
11588.47536  
11484.99081  
11316.54914  
11359.89875  
11367.94411  
11423.25475  
11487.44722  
11539.65514  
11446.02601  
11451.92654  
11541.11981  
11565.32204  
11620.04492  
11628.26452  
11635.61506  
11634.14981  
11624.66238  
11584.63521  
11449.11537  
11467.1282  
11472.66544  
11555.54639  
11469.05908  
11599.31414  
11654.7623  
11461.2931  
11233.23082  
11270.80984  
11238.53573  
11408.74458  
11492.16553  
11521.1135  
11727.62571  
11517.55247  
11566.41326  
11579.76145  
11621.74321  
11598.53529  
11664.9893  
11640.38228  
11715.52379  
11644.17969  
11581.96298  
11575.6665  
11517.87349  
11449.35165  
11390.85138  
11330.09894  
11256.8327  
11280.78729  
11439.77073  
11528.37269  
11518.99836  
11657.18808  
11521.77717  
11515.1456  
11464.0546  
11470.1274  
11485.48202  
11472.30877  
11469.68541  
11439.33789  
11617.88166  
11580.05926  
11566.71622  
11634.08216  
11649.3651  
11588.06112  
11511.56907  
11425.40621  
11442.6895  
11544.57386  
11519.30997  
11749.07679  
11616.85467  
11691.08709  
11653.66983  
11664.80624  
11570.99197  
11494.9074  
11499.42094  
11545.72856  
11599.97621  
11521.96689  
11546.72412  
11604.71893  
11556.79723  
11560.07169  
11531.47936  
11532.02517  
11517.05056  
11351.41184  
11492.98153  
11578.3592  
11613.50675  
11589.24152  
11535.2915  
11546.55979  
11520.50941  
11631.28138  
11626.07737  
11291.65518  
11508.89666  
11489.00191  
11694.54421  
11588.60911  
11652.25053  
11377.86639  
11101.27051  
11418.76221  
11620.07258  
11560.50892  
11690.10414  
11636.35756  
11390.83572  
11415.45175  
11369.33847  
11403.32129  
11492.84344  
11587.82795  
11521.03165  
11529.77677  
11545.2793  
11467.34251  
11459.75954  
11451.86697  
11496.58168  
11508.00391  
11436.70494  
11504.38681  
11585.96032  
11564.75524  
11390.99689  
11478.18848  
11554.26491  
11600.58833  
11565.6855  
11707.49676  
11589.6163  
11365.35267  
11436.05864  
11504.35631  
11452.45468  
11684.51682  
11538.18213  
11447.47519  
11484.99472  
11529.68018  
11541.69345  
11364.90381  
11309.29137  
11379.29852  
11310.20752  
11447.38876  
11555.09002  
11693.50382  
11587.38534  
11635.12922  
11561.26904  
11465.91859  
11463.907  
11561.49512  
11617.3022  
11584.80877  
11536.70978  
11609.35969  
11692.71746  
11554.83687  
11724.63499  
11643.17596  
11461.24152  
11443.52681  
11667.04989  
11711.54954  
11580.13259  
11543.56419  
11542.47403  
11674.30273  
11630.44305  
11519.02504  
11337.76944  
11297.89888  
11420.82391  
11557.60596  
11513.731  
11588.72101  
11273.58128  
11291.69669  
11417.66215  
11476.80988  
11676.08074  
11692.95858  
11634.42578  
11628.85938  
11603.14591  
11705.11284  
11638.51545  
11565.41388  
11474.22101  
11430.2935  
11449.10085  
11500.45113  
11639.18843  
11543.20779  
11451.77588  
11424.70446  
11378.91566  
11647.28209  
11556.22301  
11641.6946  
11588.6464  
11649.80899  
11581.86328  
11635.87971  
11507.39449  
11256.88827  
11265.02308  
11379.41206  
11505.62083  
11624.76514  
11585.01172  
11477.90678  
11576.03982  
11577.70552  
11625.2524  
11566.24494  
11553.02322  
11579.29514  
11537.15159  
11468.79683  
11523.55708  
11671.7421  
11520.84655  
11367.42387  
11299.01922  
11478.41038  
11586.27566  
11599.84832  
11586.31152  
11593.98167  
11688.45694  
11645.83416  
11554.2975  
11599.99219  
11557.31015  
11664.66158  
11651.6479  
11416.77996  
11358.38028  
11384.02464  
11330.57946  
11415.44429  
11482.80078  
11513.56223  
11446.57613  
11487.07133  
11484.4383  
11541.0843  
11534.95086  
11522.60387  
11384.30464  
11290.15789  
11430.86071  
11547.34535  
11527.50439  
11619.11839  
11628.3335  
11582.13414  
11524.31024  
11502.19656  
11535.8224  
11679.65479  
11627.88299  
11596.76869  
11376.97199  
11315.1325  
11509.52712  
11594.93484  
11534.80167  
11420.24312  
11393.29727  
11557.81423  
11535.55806  
11663.73544  
11582.36381  
11484.19917  
11547.44078  
11590.7045  
11583.38037  
11698.13707  
11600.49268  
11413.75826  
11138.11386  
11202.10733  
11400.26465  
11541.65554  
11538.40225  
11558.0463  
11583.66198  
11510.7773  
11562.13827  
11475.16135  
11564.62584  
11552.67813  
11728.61452  
11599.83248  
11508.64253  
11411.41162  
11417.47479  
11483.06143  
11440.32417  
11483.00133  
11546.13414  
11629.5902  
11651.30988  
11598.51625  
11665.74201  
11404.67232  
11515.15771  
11620.04901  
11532.61608  
11454.23966  
11448.40638  
11534.09002  
11600.92907  
11511.88317  
11535.51292  
11509.47705  
11493.48633  
11491.99498  
11528.31339  
11482.69935  
11591.8991  
11446.82293  
11468.73074  
11568.96711  
11602.95912  
11628.95752  
11683.92307  
11548.92259  
11654.16926  
11529.92955  
11619.40048  
11552.17436  
11687.00466  
11543.8853  
11514.74436  
11578.05593  
11501.98628  
11354.28027  
11401.11612  
11418.54044  
11365.08589  
11596.25866  
11567.10977  
11577.47221  
11518.45845  
11587.15554  
11348.483  
11288.39426  
11310.86217  
11478.73145  
11479.62491  
11734.2508  
11676.40847  
11431.31081  
11427.95188  
11511.92831  
11465.80642  
11501.26407  
11436.12722  
11412.33199  
11339.25462  
11435.20521  
11547.47701  
11574.56454  
11693.08101  
11509.42272  
11363.36199  
11541.17947  
11606.1017  
11695.68506  
11683.39129  
11750.49663  
11651.98109  
11666.49627  
11358.34331  
11349.84868  
11473.14715  
11523.17662  
11535.33301  
11698.13912  
11636.84823  
11684.54883  
11684.96165  
11582.47936  
11751.11621  
11644.76012  
11702.98562  
11458.29523  
11078.75235  
11206.36967  
11114.51505  
11339.7219  
11579.74782  
11550.4747  
11524.23841  
11614.03356  
11674.67853  
11495.59166  
11571.87291  
11684.55487  
11583.59473  
11493.7306  
11700.14613  
11643.0791  
11525.24028  
11482.86839  
11492.97266  
11605.51079  
11583.48113  
11475.95765  
11368.15789  
10987.65865  
11248.98065  
11430.54417  
11597.31561  
11617.44056  
11564.86381  
11545.39537  
11675.34384  
11714.45872  
11680.80895  
11653.85738  
11630.42702  
11661.52224  
11440.11239  
11530.66326  
11478.02899  
11444.19154  
11414.81876  
11468.03533  
11485.62562  
11537.2358  
11628.34326  
11474.37558  
11156.12789  
11176.88432  
11425.60019  
11558.92441  
11513.35622  
11576.41486  
11512.61355  
11529.13787  
11530.69602  
11588.90816  
11414.67569  
11477.71911  
11539.30349  
11514.07369  
11630.16175  
11511.54883  
11762.78742  
11413.07151  
11650.1048  
11589.6867  
11741.9561  
11722.10933  
11658.70943  
11544.08651  
11675.30291  
11499.48868  
11229.33163  
11247.38117  
11306.05535  
11517.48313  
11595.11692  
11605.71924  
11572.6871  
11372.43439  
11198.74569  
11533.43444  
11548.03223  
11665.31534  
11566.14267  
11616.37429  
11334.87114  
11239.11568  
11326.24334  
11488.84517  
11634.39422  
11722.95645  
11574.78209  
11513.19025  
11574.35498  
11749.16353  
11665.55322  
11634.0301  
11688.8592  
11665.07311  
11621.28915  
11647.13752  
11592.14937  
11592.66908  
11594.30535  
11425.76478  
11246.53675  
11147.3639  
11336.76176  
11386.35871  
11456.77859  
11474.7302  
11491.34251  
11592.03334  
11529.43306  
11488.2714  
11568.10556  
11482.74969  
11608.58758  
11522.72026  
11602.43817  
11487.66579  
11471.6191  
11550.1701  
11501.59371  
11490.38108  
11386.27015  
11432.69531  
11470.44576  
11593.36612  
11626.07688  
11618.80558  
11588.01882  
11513.73184  
11472.83918  
11347.40847  
11340.4055  
11450.16948  
11534.57235  
11631.38028  
11561.92494  
11664.74774  
11651.26065  
11616.73868  
11595.43506  
11659.99805  
11542.54119  
11596.84912  
11355.93599  
11160.88454  
11309.49037  
11411.47195  
11563.28067  
11583.10121  
11662.86475  
11622.37407  
11608.46151  
11526.44358  
11679.84806  
11642.12438  
11643.78387  
11667.07249  
11569.48509  
11472.63499  
11507.96129  
11666.83212  
11577.7025  
11753.00386  
11645.05353  
11460.6824  
11450.59109  
11481.98322  
11491.93834  
11470.80899  
11460.10418  
11618.05731  
11580.80402  
11666.85431  
11593.06911  
11687.75999  
11513.53764  
11509.23149  
11201.92649  
11290.31152  
11440.057  
11501.84881  
11524.42938  
11456.19087  
11502.00355  
11525.30398  
11364.0218  
11385.79661  
11474.95446  
11570.34868  
11556.517  
11761.01354  
11524.2595  
11599.22638  
11590.01607  
11620.32653  
11590.97115  
11416.46249  
11347.37842  
11434.33975  
11498.90847  
11513.0004  
11599.76811  
11617.88414  
11652.3188  
11651.18177  
11640.24822  
11683.6021  
11591.73557  
11638.1851  
11460.58696  
11524.22603  
11453.74569  
11477.10174  
11303.78773  
11301.6254  
11451.51372  
11528.69687  
11635.17325  
11555.35911  
11526.19789  
11552.37718  
11420.83181  
11669.37664  
11689.35605  
11788.34118  
11580.33896  
11284.39622  
11318.08168  
11237.8042  
11356.49645  
11475.77601  
11534.68022  
11606.0265  
11635.81228  
11615.85467  
11695.90283  
11630.63499  
11470.58021  
11321.30083  
11480.04852  
11665.13805  
