6055.875951  
6071.346161  
6107.023715  
6070.131775  
6090.381042  
6079.748  
6053.997431  
6069.264299  
6066.110455  
6092.320822  
6121.411372  
6113.989208  
6095.773265  
6123.411536  
6088.903576  
6106.331795  
6098.188268  
6088.645741  
6091.660682  
6083.794329  
6088.799369  
6107.848393  
6075.795283  
6060.214535  
6087.605787  
6059.869216  
6106.306503  
6105.334494  
6076.867854  
6077.455067  
6075.510043  
6096.035412  
6088.950345  
6083.614928  
6082.690551  
6085.293526  
6077.541545  
6088.20139  
6110.23462  
6097.12236  
6100.240062  
6129.476255  
6085.731611  
6100.817523  
6091.682487  
6087.646812  
6110.524618  
6104.973658  
6095.861307  
6097.883296  
6110.553746  
6124.12883  
6106.223491  
6068.975127  
6065.15284  
6096.195451  
6081.299354  
6085.969647  
6096.489515  
6055.993489  
6109.087704  
6076.630763  
6086.70805  
6040.731356  
6099.479862  
6052.306047  
6038.959773  
6047.422877  
6060.717496  
6050.453876  
6090.685763  
6063.572991  
6091.569631  
6146.507617  
6094.368205  
6078.222445  
6093.301153  
6103.168091  
6101.136203  
6125.792659  
6120.078026  
6069.70399  
6090.701691  
6121.736943  
6093.42272  
6094.683533  
6082.934562  
6119.613119  
6126.811312  
6074.298924  
6090.270213  
6088.034877  
6106.309324  
6112.73603  
6095.76599  
6071.060616  
6077.16003  
6110.217204  
6072.921413  
6050.630486  
6057.902458  
6089.702331  
6107.12298  
6110.877362  
6103.980542  
6072.747059  
6089.308422  
6073.503302  
6065.677856  
6077.043129  
6088.783587  
6087.199713  
6084.324171  
6104.324466  
6106.662857  
6110.331094  
6088.106982  
6090.327026  
6090.113811  
6085.218674  
6114.958354  
6080.032361  
6090.44436  
6080.146478  
6063.510028  
6089.456531  
6076.499114  
6114.929075  
6116.451613  
6095.626838  
6120.810931  
6078.191108  
6076.234695  
6087.33933  
6094.220089  
6088.37254  
6055.901202  
6078.012158  
6077.178669  
6095.300237  
6117.738703  
6083.419827  
6067.043604  
6069.982214  
6109.959789  
6073.707032  
6055.058473  
6104.871245  
6066.919902  
6052.259133  
6041.566024  
6098.041299  
6063.206889  
6119.229201  
6078.488334  
6099.429846  
6089.05977  
6074.663377  
6078.974269  
6088.69804  
6088.307115  
6085.702708  
6111.234052  
6126.612306  
6106.69719  
6103.378649  
6071.375162  
6080.013758  
6084.29691  
6105.025009  
6089.19625  
6102.312838  
6080.130956  
6105.607421  
6081.103141  
6089.623931  
6106.586797  
6116.626929  
6146.340987  
6102.295235  
6137.079577  
6113.186474  
6127.312876  
6110.843587  
6100.040765  
6094.503675  
6121.166332  
6083.519353  
6106.212206  
6100.945797  
6090.564141  
6076.220035  
6061.967622  
6054.800175  
6061.368831  
6078.786066  
6079.310659  
6056.039397  
6070.299852  
6072.673343  
6070.975429  
6084.276668  
6084.871014  
6097.591604  
6093.435741  
6090.381923  
6073.130445  
6065.301091  
6071.139827  
6043.879439  
6126.320175  
6087.357902  
6076.200531  
6074.276879  
6077.650729  
6086.95177  
6068.224341  
6102.439443  
6090.25684  
6074.21808  
6054.375313  
6071.339751  
6080.802734  
6074.56171  
6087.838253  
6088.982032  
6102.948225  
6084.922185  
6066.68526  
6060.383647  
6093.355368  
6142.997628  
6099.548383  
6116.331627  
6101.09257  
6096.272802  
6082.378121  
6080.950443  
6080.820243  
6080.377616  
6097.335268  
6070.282628  
6080.869141  
6085.212008  
6080.238084  
6111.43029  
6054.847205  
6084.441094  
6065.440403  
6076.419067  
6089.791065  
6093.052522  
6087.519214  
6115.101666  
6119.946598  
6066.93011  
6095.382064  
6093.084759  
6051.353704  
6067.94887  
6108.358022  
6109.315871  
6083.386464  
6092.679561  
6071.00111  
6062.556882  
6096.220973  
6120.964502  
6094.181878  
6107.621698  
6087.298522  
6096.692858  
6048.602104  
6080.902253  
6108.448455  
6110.015321  
6071.175143  
6085.479746  
6086.324189  
6082.792025  
6072.627714  
6082.654209  
6107.819455  
6103.684569  
6119.494332  
6069.307648  
6059.893225  
6056.790617  
6108.264833  
6108.657534  
6088.286897  
6103.991772  
6059.003037  
6097.133996  
6079.822096  
6078.917175  
6101.051635  
6101.723763  
6097.261608  
6094.232424  
6105.666447  
6104.511153  
6076.028617  
6052.205602  
6082.606183  
6086.408777  
6113.781641  
6086.588849  
6097.228059  
6085.491495  
6080.12755  
6076.097657  
6089.246052  
6087.979942  
6075.146124  
6090.96577  
6088.916726  
6087.015645  
6121.464056  
6113.02992  
6104.517318  
6074.079271  
6077.729022  
6079.309029  
6113.334168  
6120.904505  
6126.701633  
6089.488623  
6087.737358  
6071.741603  
6089.830471  
6065.29011  
6080.709804  
6091.529735  
6112.113462  
6078.192567  
6091.562577  
6110.816422  
6108.321056  
6126.394423  
6106.351329  
6069.487877  
6103.126324  
6091.022207  
6066.999126  
6078.397051  
6081.225119  
6065.692069  
6090.137332  
6078.600163  
6090.000723  
6070.549185  
6066.57096  
6085.005949  
6085.366872  
6116.072072  
6129.401097  
6059.922657  
6077.404865  
6057.837764  
6081.110239  
6059.595547  
6072.833624  
6048.966434  
6070.477995  
6083.961703  
6096.753448  
6108.80906  
6098.091749  
6083.883371  
6094.668373  
6107.826441  
6088.376888  
6098.270773  
6119.798968  
6105.875762  
6099.41308  
6079.748041  
6072.801851  
6079.147503  
6080.713558  
6103.580266  
6090.081828  
6090.975312  
6087.506857  
6066.580609  
6079.622275  
6048.17159  
6074.975926  
6062.114485  
6077.838686  
6076.704956  
6087.808077  
6091.338741  
6112.227223  
6115.539135  
6108.850297  
6102.701736  
6087.082269  
6073.28054  
6076.92391  
6092.155922  
6107.837233  
6083.784902  
6067.659254  
6089.217866  
6064.186692  
6105.1149  
6086.624767  
6072.133764  
6083.316255  
6040.591884  
6091.032473  
6100.210996  
6114.286105  
6115.057924  
6074.893542  
6086.509899  
6113.12812  
6086.572035  
6072.092085  
6094.489255  
6097.634227  
6101.129292  
6081.889525  
6086.013111  
6100.025961  
6087.08379  
6062.03466  
6079.183337  
6093.116036  
6098.531075  
6088.395671  
6094.275952  
6059.117965  
6064.738952  
6072.980417  
6076.795047  
6074.588951  
6075.056366  
6068.711934  
6045.984431  
6070.034697  
6070.18584  
6069.961196  
6094.681611  
6086.404846  
6094.48691  
6102.820927  
6097.92377  
6128.547371  
6081.20943  
6081.517209  
6101.093931  
6127.253051  
6081.041765  
6101.361339  
6080.540287  
6116.414316  
6119.915112  
6059.152982  
6077.573172  
6104.967338  
6071.525103  
6092.776177  
6071.816693  
6139.435045  
6085.518765  
6089.634865  
6095.762654  
6100.782351  
6089.989549  
6078.219482  
6076.49713  
6078.182526  
6071.133749  
6059.086695  
6054.846863  
6096.906522  
6074.937816  
6082.502573  
6093.916155  
6064.199325  
6102.694445  
6106.220802  
6095.513907  
6090.384283  
6066.549477  
6090.914091  
6076.737447  
6092.867115  
6086.104774  
6090.191715  
6092.250011  
6104.337438  
6055.641382  
6046.1375  
6081.112138  
6045.73934  
6072.275872  
6067.620593  
6060.831291  
6049.062175  
6037.910114  
6004.250451  
6079.671213  
6098.146706  
6130.10556  
6092.783438  
6047.512809  
6015.862134  
6094.804597  
6120.609188  
6086.567262  
6115.26621  
6113.306058  
6075.93143  
6070.849143  
6080.588328  
6123.010542  
6112.933371  
6081.749989  
6100.395509  
6109.8341  
6104.90458  
6086.603032  
6127.748446  
6118.525941  
6108.941482  
6128.447199  
6131.032915  
6078.684103  
6050.34021  
6067.56594  
6038.50299  
6133.145112  
6082.696135  
6020.496754  
6100.06027  
6078.631864  
6103.876972  
6120.627288  
6118.129055  
6109.984526  
6112.87313  
6086.629682  
6073.627925  
6119.838219  
6147.951924  
6087.511652  
6086.199398  
6107.139221  
6111.022635  
6115.580805  
6062.423586  
6063.073982  
6054.837369  
6068.33558  
6106.356686  
6100.733715  
6136.280181  
6085.810746  
6096.660057  
6094.21535  
6121.526389  
6159.953335  
6124.846637  
6071.386881  
6077.636086  
6114.282002  
6107.545345  
6114.419667  
6075.983863  
6053.932466  
6059.469749  
6042.545972  
6076.681603  
6063.658258  
6096.817161  
6117.801019  
6106.902912  
6099.496388  
6091.328315  
6094.693152  
6090.479999  
6104.032913  
6074.629756  
6090.274216  
6079.010757  
6081.040303  
6102.152097  
6121.829856  
6114.185292  
6107.753129  
6118.0611  
6080.642641  
6063.385134  
6088.798744  
6091.736594  
6113.825888  
6083.132361  
6098.042676  
6073.929676  
6048.869148  
6048.402693  
6073.633821  
6035.396818  
6055.204505  
6058.935503  
6083.337249  
6071.318982  
6061.644585  
6073.979551  
6079.653121  
6081.613338  
6087.979199  
6103.779302  
6070.421111  
6088.37082  
6090.723912  
6071.235504  
6122.83962  
6119.889137  
6101.722993  
6091.033683  
6110.870344  
6112.374895  
6097.191991  
6078.967583  
6108.853582  
6109.846578  
6099.574604  
6076.363254  
6084.85496  
6075.167453  
6089.177154  
6058.596515  
6068.171261  
6084.268517  
6095.203263  
6115.894514  
6095.157346  
6079.892894  
6066.401697  
6094.238196  
6101.280637  
6086.009383  
6076.084353  
6064.203793  
6094.916584  
6107.18968  
6084.466073  
6081.219388  
6060.209197  
6048.654831  
6070.842277  
6081.439237  
6077.693269  
6118.820326  
6096.302802  
6122.512377  
6100.341785  
6096.894465  
6089.574753  
6085.870626  
6099.733866  
6104.129373  
6142.624662  
6095.759862  
6091.971646  
6073.978512  
6068.80729  
6077.63117  
6093.253637  
6091.750826  
6130.641649  
6088.116562  
6071.437478  
6087.782489  
6062.36668  
6072.701431  
6055.400195  
6072.978781  
6062.995641  
6055.822389  
6051.229356  
6076.051242  
6076.025557  
6105.535856  
6099.121946  
6112.300831  
6093.630554  
6089.303784  
6096.464636  
6074.17004  
6076.044529  
6110.706234  
6107.155241  
6105.547356  
6081.884151  
6108.879002  
6069.428126  
6072.933657  
6081.946569  
6090.086297  
6090.221734  
6081.068009  
6076.685403  
6085.798314  
6083.97798  
6086.749058  
6120.024754  
6091.303365  
6085.889196  
6059.24616  
6059.096694  
6071.39546  
6093.921906  
6091.81768  
6085.996765  
6053.850658  
6058.426657  
6072.749405  
6088.582245  
6092.308984  
6113.53642  
6123.479705  
6079.246147  
6077.1878  
6061.517946  
6077.355171  
6082.658056  
6096.687461  
6112.563844  
6097.954797  
6123.243577  
6058.434592  
6080.139371  
6084.395131  
6107.734577  
6113.267267  
6082.503049  
6094.362068  
6083.062072  
6079.817558  
6068.845396  
6087.917228  
6095.345037  
6068.916664  
6091.558378  
6103.71402  
6079.985548  
6090.187589  
6081.611336  
6082.556697  
6107.622024  
6073.1511  
6085.988861  
6093.418543  
6063.516326  
6067.777517  
6071.511281  
6081.355658  
6088.749641  
6097.735159  
6111.006511  
6104.667923  
6112.848494  
6123.617887  
6109.406498  
6103.218138  
6093.273722  
6097.623561  
6097.781502  
6064.1459  
6058.336879  
6054.13251  
6048.721284  
6066.681311  
6086.062763  
6114.702333  
6089.365504  
6107.045866  
6079.431033  
6075.693614  
6085.410212  
6101.349839  
6120.221697  
6096.968566  
6099.618042  
6112.328541  
6097.599945  
6107.428936  
6081.987529  
6080.261187  
6089.986072  
6093.955553  
6090.682482  
6082.311278  
6086.512105  
6063.665223  
6053.35719  
6046.338944  
6068.028581  
6077.554618  
6095.093464  
6078.807747  
6090.960853  
6109.014277  
6070.731373  
6091.000346  
6071.85833  
6074.104472  
6099.294571  
6066.976794  
6083.431833  
6084.709389  
6074.421409  
6052.352434  
6076.241644  
6106.654076  
6079.116246  
6090.638797  
6092.680291  
6077.511511  
6092.873598  
6099.134584  
6077.164405  
6080.716952  
6076.3456  
6100.240231  
6101.065523  
6090.421929  
6059.657403  
6087.072779  
6092.713163  
6077.007107  
6086.105185  
6084.704502  
6088.882388  
6074.084904  
6100.409484  
6093.026088  
6095.128704  
6096.710721  
6076.704831  
6071.095843  
6082.312221  
6081.569179  
6108.918116  
6097.81277  
6092.517953  
6099.897948  
6087.733975  
6050.050044  
6068.562465  
6095.41867  
6091.499557  
6080.125547  
6099.444462  
6104.54187  
6127.10905  
6098.228739  
6097.785101  
6084.483667  
6101.216145  
6099.969399  
6100.660324  
6081.072895  
6128.560851  
6084.613489  
6113.724145  
6085.766468  
6085.191206  
6099.808721  
6112.305805  
6101.793509  
6084.000171  
6104.48632  
6107.856204  
6098.311466  
6098.191016  
6099.067725  
6077.393808  
6075.041011  
6074.183751  
6071.005875  
6060.06259  
6087.631181  
6100.661129  
6088.255232  
6122.20639  
6094.850399  
6053.75685  
6079.064465  
6094.771249  
6078.062423  
6080.667102  
6086.229556  
6107.743325  
6095.922866  
6095.89899  
6075.302846  
6087.912404  
6115.851571  
6103.351227  
6113.178967  
6113.628311  
6096.563849  
6093.109222  
6080.323555  
6125.517965  
6104.926291  
6112.314726  
6100.248552  
6081.769507  
6093.269054  
6094.978956  
6069.684371  
6062.852253  
6068.978495  
6075.082465  
6043.209244  
6057.824125  
6068.342691  
6068.770776  
6047.812601  
6063.292211  
6079.344708  
6064.362573  
6081.953993  
6097.826168  
6074.212451  
6101.913064  
6102.81387  
6093.990166  
6074.005652  
6092.142094  
6082.063305  
6090.009741  
6098.580762  
6113.339578  
6097.626323  
6099.827924  
6091.099312  
6116.288645  
6115.62145  
6099.705476  
6080.13769  
6097.640548  
6094.215173  
6079.990458  
6085.542216  
6079.105542  
6112.560166  
6091.085119  
6099.033217  
6100.896002  
6088.031072  
6073.172583  
6082.69698  
6076.969373  
6074.441432  
6116.083219  
6092.785332  
6115.960937  
6081.560866  
6082.647697  
6062.129505  
6077.51797  
6086.536687  
6082.151035  
6076.119401  
6047.901806  
6064.799316  
6073.472431  
6105.473618  
6090.325346  
6083.115576  
6084.281046  
6089.625603  
6094.140149  
6091.854479  
6104.119665  
6093.362315  
6074.079705  
6092.576962  
6085.058211  
6089.955782  
6093.89692  
6086.700302  
6101.241715  
6064.116998  
6077.819518  
6088.537435  
6069.707145  
6081.074168  
6118.45305  
6116.402146  
6109.221778  
6069.565754  
6070.348088  
6097.309245  
6083.552192  
6076.817822  
6071.398588  
6086.704287  
6088.651469  
6091.185391  
6068.376797  
6090.219812  
6050.243257  
6069.53196  
6076.701948  
6094.861653  
6135.120498  
6113.168254  
6113.699161  
6102.506101  
6069.932394  
6123.689506  
6132.899561  
6133.401736  
6092.517176  
6071.997614  
6082.209905  
6061.228979  
6079.614722  
6059.711294  
6086.967556  
6054.963489  
6061.086017  
6064.49258  
6075.183875  
6100.227148  
6082.474117  
6082.855608  
6081.734983  
6086.523889  
6105.153939  
6102.563559  
6102.883022  
6086.423208  
6105.700516  
6069.454902  
6078.495891  
6115.583314  
6105.216011  
6119.859597  
6079.605726  
6083.272493  
6069.930164  
6065.128425  
6057.742783  
6090.694488  
6053.897071  
6072.477653  
6065.379572  
6063.171795  
6068.412843  
6088.037993  
6080.125193  
6071.827641  
6057.431457  
6066.29524  
6069.758345  
6098.65595  
6071.696087  
6085.395482  
6075.164955  
6099.290097  
6067.994092  
6063.732379  
6066.613671  
6053.623923  
6102.844126  
6092.426272  
6104.224252  
6098.824446  
6078.824634  
6088.150664  
6093.770563  
6097.560865  
6105.241216  
6087.806093  
6088.895402  
6091.973801  
6099.911111  
6109.979354  
6102.245524  
6080.416579  
6094.070688  
6118.883322  
6076.184405  
6092.898657  
6090.182493  
6088.074658  
6117.59169  
6109.835759  
6099.825807  
6114.195238  
6083.855217  
6099.89134  
6088.484116  
6093.836089  
6081.385622  
6086.79905  
6082.543469  
6101.448907  
6106.165589  
6081.048946  
6084.896079  
6091.040239  
6093.749747  
6096.358796  
6109.838626  
6104.314965  
6118.537193  
6078.32489  
6101.451471  
6126.560307  
6095.217972  
6085.933098  
6096.253173  
6092.422655  
6095.747911  
6103.515854  
6089.477213  
6080.336216  
6143.042499  
6115.621218  
6116.167888  
6085.509513  
6007.602474  
6094.244979  
6082.258409  
6110.428165  
6115.437335  
6100.575836  
6058.609859  
6045.532915  
6043.461491  
6097.349454  
6077.010134  
6085.356129  
6101.945994  
6069.843708  
6059.562518  
6053.512636  
6073.714093  
6069.589188  
6089.709882  
6084.725089  
6069.357585  
6074.461874  
6097.669618  
6104.113116  
6102.924402  
6077.567206  
6082.958685  
6098.872489  
6115.810084  
6099.888187  
6068.071681  
6080.758596  
6081.884913  
6066.21204  
6099.048727  
6072.644426  
6068.265706  
6081.237988  
6070.873918  
6068.790953  
6066.842071  
6089.746857  
6084.28597  
6067.648754  
6091.939917  
6091.521804  
6105.735621  
6096.11359  
6091.387368  
6101.106267  
6056.890945  
6055.787173  
6074.037257  
6090.960061  
6096.790023  
6085.287933  
6074.195321  
6080.531117  
6081.477249  
6108.504121  
6108.933668  
6089.297525  
6080.328333  
6097.520431  
6096.262574  
6085.575409  
6092.365446  
6092.257282  
6080.310159  
6064.314064  
6092.880491  
6080.887084  
6104.869197  
6095.959721  
6101.462481  
6089.220404  
6083.557142  
6091.01611  
6075.372493  
6087.107932  
6094.308949  
6126.295219  
6117.538002  
6101.595088  
6102.951474  
6089.658098  
6087.44486  
6077.793453  
6077.890074  
6063.984134  
6091.236118  
6075.904404  
6091.935521  
6084.642156  
6087.570147  
6076.169593  
6073.748563  
6098.661612  
6086.081472  
6086.176445  
6112.962744  
6116.593053  
6106.829951  
6088.540344  
6103.442937  
6086.024812  
6072.047532  
6058.123887  
6084.382149  
6085.721949  
6097.5054  
6093.680343  
6079.966406  
6082.286761  
6073.519087  
6066.792648  
6079.851434  
6084.79161  
6092.754018  
6073.831309  
6083.043964  
6071.610153  
6059.788457  
6084.254636  
6066.423687  
6087.536709  
6073.78093  
6065.619932  
6109.526365  
6130.758561  
6112.135231  
6112.725172  
6085.764716  
6069.888899  
6067.81548  
6058.119643  
6095.778234  
6095.322027  
6075.882304  
6082.805001  
6054.841294  
6066.346605  
6085.279879  
6124.015854  
6109.515782  
6084.847904  
6096.627801  
6103.075296  
6069.268669  
6086.002494  
6096.091461  
6063.516099  
6066.277269  
6057.198866  
6041.372179  
6081.065537  
6108.104441  
6089.620391  
6086.417774  
6084.661833  
6098.64809  
6082.875598  
6068.12147  
6117.572461  
6108.507447  
6101.713037  
6079.711626  
6087.719672  
6078.378462  
6074.316778  
6104.412387  
6120.183143  
6097.405855  
6115.969405  
6121.370984  
6109.483847  
6107.328557  
6085.324278  
6095.934013  
6107.384236  
6092.546105  
6094.997915  
6097.577729  
6106.122666  
6083.090525  
6091.708672  
6078.123678  
6103.526101  
6073.150291  
6072.868093  
6052.022047  
6075.094583  
6083.132755  
6084.468241  
6074.894853  
6085.464051  
6086.597507  
6097.764241  
6086.290916  
6074.840313  
6085.931589  
6094.408419  
6093.378537  
6071.377762  
6089.254234  
6116.995095  
6092.737512  
6098.606349  
6102.179655  
6085.066683  
6106.283626  
6095.887583  
6080.734908  
6112.262316  
6083.240967  
6075.19397  
6080.478977  
6100.23044  
6124.412184  
6096.307148  
6098.391614  
6085.324549  
6085.025067  
6072.911715  
6069.527003  
6073.282598  
6074.105704  
6077.618409  
6115.664365  
6136.240769  
6110.034806  
6085.084211  
6085.400555  
6073.172079  
6093.283496  
6087.256077  
6068.748866  
6086.555101  
6069.938247  
6086.609792  
6059.775037  
6082.030894  
6062.680437  
6048.162164  
6076.057648  
6063.384813  
6055.624101  
6086.684945  
6069.704432  
6061.412269  
6065.703637  
6070.952298  
6101.485057  
6104.816135  
6113.057934  
6088.788769  
6095.332377  
6123.007866  
6101.872046  
6091.789104  
6095.369922  
6094.418214  
6065.541563  
6069.335031  
6074.278664  
6054.564849  
6099.561714  
6097.843796  
6088.917285  
6068.726368  
6079.95919  
6092.668048  
6107.668155  
6126.01192  
6110.909089  
6089.758551  
6116.012953  
6114.983391  
6101.789754  
6104.826571  
6102.173304  
6105.566209  
6114.233566  
6109.161754  
6098.015437  
6114.755203  
6088.747211  
6087.709864  
6105.829443  
6054.284829  
6083.950064  
6105.920982  
6080.134685  
6081.052324  
6028.721999  
6089.887632  
6046.087177  
6093.324362  
6090.19411  
6102.039446  
6062.983015  
6092.010604  
6092.649061  
6071.710809  
6091.99768  
6122.186614  
6077.382226  
6057.196967  
6085.499799  
6098.630403  
6096.707494  
6069.936178  
6069.004442  
6070.59464  
6067.329063  
6087.902406  
6080.86408  
6064.025459  
6101.419314  
6114.323029  
6099.199262  
6084.687516  
6079.970729  
6071.699625  
6108.347911  
6107.390037  
6105.462172  
6117.465314  
6113.117089  
6091.165465  
6073.820405  
6058.166228  
6066.21745  
6085.334915  
6110.137466  
6108.718791  
6100.834239  
6092.671975  
6125.814658  
6082.32484  
6055.849147  
6097.416988  
6081.560282  
6091.332982  
6089.466189  
6105.684601  
6082.903455  
6090.508089  
6080.486158  
6074.134489  
6101.316922  
6099.501999  
6096.425784  
6102.191372  
6089.444744  
6109.224181  
6106.01134  
6077.193296  
6119.872072  
6099.655986  
6078.083819  
6103.285032  
6106.717212  
6076.683892  
6077.876749  
6062.981048  
6038.579081  
6053.973817  
6063.312609  
6058.850926  
6054.991529  
6103.318597  
6095.769837  
6105.949726  
6089.405688  
6105.738492  
6095.606413  
6078.806077  
6037.37454  
6068.722348  
6100.494173  
6115.091745  
6103.140386  
6114.330411  
6078.727362  
6094.201595  
6093.657725  
6123.157922  
6129.051804  
6125.254334  
6091.775636  
6085.797566  
6085.420333  
6091.37744  
6082.867822  
6093.759831  
6078.269713  
6068.395723  
6086.107973  
6092.838991  
6082.836676  
6037.454848  
6065.386341  
6076.698876  
6065.303279  
6072.949283  
6047.860636  
6074.854136  
6061.463708  
6069.43461  
6089.90536  
6103.972888  
6078.264063  
6052.052169  
6077.479009  
6070.910596  
6101.152984  
6062.16328  
6052.457338  
6074.668761  
6066.434665  
6105.302191  
6098.949538  
6056.804549  
6095.260591  
6086.071142  
6075.522599  
6069.194133  
6086.215656  
6089.706133  
6068.07056  
6095.585184  
6080.309203  
6075.970043  
6069.722164  
6061.639474  
6076.613171  
6091.541125  
6076.708497  
6087.391191  
6071.773451  
6052.96898  
6054.888604  
6061.189652  
6104.112816  
6093.696585  
6091.928593  
6091.997479  
6096.8563  
6090.843657  
6080.572434  
6123.62711  
6116.65514  
6111.638118  
6093.210113  
6110.831207  
6083.249954  
6121.993906  
6114.101897  
6088.55142  
6090.299546  
6094.274981  
6097.321796  
6087.541183  
6094.361873  
6077.183216  
6084.593557  
6097.405029  
6108.049804  
6122.162218  
6101.816518  
6125.528887  
6102.969369  
6110.574236  
6081.692316  
6109.990704  
6064.208752  
6100.607312  
6110.115338  
6122.642001  
6077.86852  
6079.941546  
6063.258401  
6093.661292  
6075.205928  
6110.333758  
6083.598564  
6098.32929  
6100.867999  
6105.843673  
6096.455129  
6082.320798  
6069.220456  
6070.454833  
6084.871492  
6078.10573  
6110.147721  
6114.001267  
6101.768583  
6083.648838  
6103.55267  
6082.882301  
6092.604847  
6111.778932  
6078.764916  
6079.610218  
6083.961706  
6108.217939  
6079.748152  
6050.32354  
6055.563049  
6078.456702  
6072.163217  
6059.656376  
6056.236432  
6069.459581  
6073.588966  
6075.957778  
6125.831069  
6126.718555  
6089.43302  
6109.294391  
6103.668556  
6092.79413  
6077.507461  
6066.694243  
6101.677279  
6075.910629  
6076.919344  
6063.426842  
6070.720078  
6070.613827  
6084.840033  
6077.680838  
6085.233651  
6085.659428  
6098.261673  
6119.940652  
6112.23668  
6118.014796  
