7213.702542  
7268.276462  
7289.486532  
7231.529283  
7253.176975  
7319.079658  
7262.386597  
7259.408637  
7289.101264  
7355.884657  
7315.095513  
7332.432454  
7305.177951  
7299.3632  
7252.811822  
7280.695448  
7285.809367  
7287.072415  
7337.133314  
7233.095757  
7286.062649  
7288.959079  
7295.990126  
7237.441935  
7246.375  
7252.242906  
7263.918986  
7324.274387  
7268.574246  
7295.91413  
7326.70006  
7288.002903  
7264.572835  
7225.809109  
7275.147217  
7274.827976  
7276.978149  
7295.205811  
7314.655097  
7316.911825  
7325.019775  
7323.238241  
7244.990967  
7270.715251  
7282.493815  
7271.376261  
7265.654894  
7317.795939  
7343.256456  
7309.233303  
7289.314697  
7286.625122  
7259.534003  
7295.029039  
7271.892483  
7334.255317  
7248.002903  
7296.241306  
7324.80245  
7235.229221  
7302.208672  
7206.787774  
7257.671848  
7149.676609  
7296.236627  
7296.397556  
7217.923475  
7255.95482  
7265.987522  
7255.748549  
7302.887967  
7302.620321  
7260.17475  
7346.450073  
7280.516561  
7277.430542  
7273.996189  
7309.098402  
7393.668159  
7329.382501  
7327.099637  
7259.831272  
7314.281006  
7295.461317  
7294.740926  
7264.010471  
7320.610487  
7323.394057  
7285.653442  
7277.822578  
7280.53304  
7271.185276  
7298.273722  
7257.8479  
7290.469604  
7273.484551  
7232.444594  
7272.174506  
7264.822442  
7285.542887  
7249.430854  
7289.411648  
7301.790473  
7289.338175  
7267.688219  
7294.695828  
7304.46384  
7264.010661  
7236.036174  
7274.439073  
7281.327406  
7272.506443  
7258.66196  
7326.208754  
7325.526096  
7263.386719  
7287.106405  
7290.300808  
7301.137139  
7293.229329  
7332.316271  
7261.191528  
7299.71719  
7301.105889  
7272.255534  
7287.411784  
7301.156331  
7315.044623  
7320.735053  
7289.242947  
7326.76766  
7309.703356  
7272.182916  
7272.384087  
7290.916612  
7296.748196  
7268.427355  
7344.998345  
7286.796007  
7272.204956  
7325.004218  
7306.997816  
7209.876126  
7183.159817  
7190.89761  
7216.188354  
7289.451714  
7203.422526  
7261.701782  
7185.602132  
7178.051161  
7336.155748  
7309.548679  
7315.449164  
7254.200372  
7298.541829  
7254.675836  
7303.416083  
7299.677409  
7277.524224  
7312.335707  
7305.390232  
7329.198174  
7272.052734  
7319.428928  
7278.345608  
7282.379951  
7225.447076  
7237.095798  
7312.547607  
7293.000949  
7255.65762  
7307.385376  
7303.753567  
7281.480754  
7306.109185  
7294.075182  
7344.828003  
7335.246677  
7283.032769  
7369.821316  
7315.492649  
7344.964912  
7323.047716  
7306.051202  
7270.64681  
7323.178928  
7269.743625  
7250.005276  
7277.384535  
7290.191895  
7272.418484  
7235.077582  
7296.518758  
7247.412001  
7265.239516  
7260.436076  
7223.27577  
7232.318441  
7253.161472  
7234.578451  
7277.027981  
7290.88246  
7275.676771  
7276.345785  
7299.990438  
7259.633952  
7242.431519  
7246.685615  
7224.285699  
7297.199585  
7293.96483  
7281.861369  
7257.633274  
7277.45147  
7270.619737  
7351.216783  
7338.030545  
7320.848985  
7260.557346  
7279.280694  
7286.302341  
7273.572333  
7271.485921  
7280.650594  
7308.936537  
7252.847127  
7317.825304  
7281.07822  
7203.680298  
7287.528849  
7338.152968  
7311.840183  
7305.379951  
7244.412476  
7254.080065  
7262.720717  
7224.34691  
7262.72663  
7269.473294  
7268.462226  
7233.850355  
7265.006985  
7289.538398  
7306.515856  
7341.270955  
7273.582194  
7261.182292  
7272.563965  
7265.639323  
7254.861925  
7246.841404  
7266.117459  
7283.42612  
7300.6942  
7289.216336  
7299.409424  
7294.705811  
7260.071669  
7269.731201  
7330.162326  
7296.568224  
7271.266249  
7290.590766  
7256.944065  
7287.382419  
7277.79423  
7320.245483  
7343.386122  
7302.395291  
7288.996094  
7291.951063  
7253.85258  
7246.703247  
7289.966946  
7264.323066  
7271.6596  
7288.207886  
7304.780924  
7260.524509  
7279.436564  
7231.422065  
7288.882175  
7262.084744  
7279.62127  
7225.659804  
7279.191379  
7259.377631  
7272.295329  
7329.447903  
7277.886258  
7270.410346  
7259.980672  
7289.424127  
7254.928847  
7320.337077  
7300.947225  
7300.548489  
7328.498725  
7295.34451  
7288.54385  
7313.040961  
7291.814236  
7284.585503  
7246.617716  
7300.113349  
7291.769314  
7262.090196  
7309.871514  
7273.420871  
7263.007528  
7266.841159  
7313.226223  
7286.258016  
7256.273166  
7279.632243  
7263.740207  
7290.407823  
7332.094699  
7264.319987  
7283.449287  
7249.080526  
7273.761692  
7269.177707  
7349.269816  
7319.791287  
7303.318929  
7306.308377  
7279.333849  
7279.513238  
7282.457926  
7256.50921  
7318.429484  
7293.982083  
7332.537231  
7243.025825  
7344.017971  
7307.434285  
7301.799615  
7278.32388  
7311.872396  
7267.450141  
7248.814928  
7268.333632  
7247.259861  
7255.652547  
7253.997911  
7256.078993  
7280.416165  
7317.35159  
7303.69458  
7263.177517  
7248.129272  
7276.178928  
7268.223782  
7289.403144  
7306.900241  
7257.163113  
7291.869331  
7203.71323  
7254.625176  
7235.470269  
7250.393202  
7258.987996  
7306.318943  
7271.718357  
7315.536825  
7306.992744  
7295.121867  
7272.005249  
7276.986437  
7331.090983  
7266.475342  
7293.284573  
7320.671889  
7285.013048  
7270.142212  
7265.596124  
7281.921916  
7276.700575  
7309.232069  
7301.781209  
7259.816081  
7257.827026  
7277.336426  
7295.322971  
7315.24429  
7277.442641  
7248.797553  
7233.825873  
7287.188599  
7294.52105  
7262.594238  
7261.594238  
7278.691745  
7291.050022  
7276.13288  
7290.750637  
7251.737752  
7270.469998  
7271.912977  
7276.157444  
7318.080458  
7266.526544  
7301.168511  
7265.00807  
7246.767442  
7280.808011  
7269.086602  
7250.084866  
7234.610012  
7234.408854  
7254.060018  
7271.594076  
7313.207614  
7306.387533  
7279.061008  
7273.849786  
7299.317925  
7296.663235  
7287.713664  
7283.241564  
7279.122762  
7304.889499  
7313.675334  
7304.971856  
7319.408095  
7257.615248  
7274.38128  
7280.237752  
7296.737617  
7307.206272  
7317.200317  
7278.776923  
7226.48131  
7263.287096  
7237.522108  
7263.764174  
7291.520589  
7264.928616  
7280.111125  
7311.525092  
7255.738932  
7226.591621  
7243.303725  
7234.956841  
7297.979302  
7289.799805  
7292.912747  
7289.064019  
7298.781548  
7263.590427  
7283.855523  
7287.855754  
7308.605116  
7267.90564  
7318.471978  
7293.128445  
7314.893134  
7305.723782  
7283.181939  
7300.345513  
7303.369317  
7255.939467  
7295.036214  
7274.38859  
7334.255805  
7302.372233  
7302.674425  
7301.357354  
7290.828125  
7227.833577  
7257.961358  
7283.887614  
7292.928643  
7295.799737  
7252.744412  
7279.032945  
7293.078152  
7320.056546  
7249.057617  
7255.72054  
7276.648546  
7312.255575  
7325.343357  
7305.748535  
7291.768745  
7291.085843  
7251.783081  
7281.604913  
7303.41333  
7332.819567  
7299.164971  
7262.137112  
7262.422431  
7236.55032  
7297.677938  
7265.873508  
7249.860541  
7301.094645  
7253.765516  
7300.046699  
7277.935262  
7225.304308  
7200.959622  
7227.416016  
7261.283434  
7237.053562  
7223.549561  
7199.239041  
7188.742649  
7265.865601  
7326.213081  
7330.269816  
7322.444648  
7302.086643  
7277.405558  
7289.594157  
7285.177382  
7336.6773  
7326.673191  
7251.504408  
7343.157918  
7313.861179  
7311.831651  
7289.281264  
7304.838786  
7318.808662  
7284.85399  
7347.818183  
7329.137044  
7239.599175  
7220.650621  
7254.571615  
7249.344428  
7313.679945  
7274.181708  
7213.967502  
7276.279622  
7292.795776  
7319.381741  
7323.344849  
7304.84904  
7269.361355  
7287.025201  
7278.140625  
7291.259467  
7272.14955  
7290.308065  
7347.710639  
7296.03182  
7260.546509  
7277.616604  
7281.394979  
7283.78635  
7233.820407  
7186.250515  
7263.207004  
7340.07114  
7315.045098  
7314.69401  
7297.422499  
7267.297594  
7300.069051  
7306.322957  
7306.872572  
7297.907498  
7224.843994  
7265.336005  
7295.519341  
7330.154758  
7297.438341  
7274.732992  
7250.665609  
7256.733805  
7238.159288  
7267.894111  
7251.001099  
7345.674004  
7347.191935  
7333.81288  
7309.309516  
7273.675808  
7304.122776  
7232.452257  
7302.320421  
7289.961277  
7290.982585  
7264.852458  
7280.364502  
7372.517171  
7311.628472  
7311.962823  
7328.667833  
7253.992622  
7265.47073  
7231.227593  
7229.041056  
7291.506592  
7303.099881  
7293.798855  
7269.249213  
7225.067708  
7246.024807  
7290.137044  
7233.76218  
7236.612766  
7244.843831  
7235.512845  
7306.97168  
7232.226291  
7237.094971  
7281.20478  
7245.238173  
7296.374159  
7307.32742  
7351.874837  
7298.130914  
7282.226264  
7286.763062  
7253.533854  
7306.425076  
7300.336751  
7254.215291  
7273.566121  
7292.449042  
7260.10376  
7298.823676  
7244.010159  
7271.365126  
7289.817505  
7324.921916  
7293.76256  
7285.532905  
7263.372871  
7283.054457  
7268.246867  
7262.485284  
7288.824843  
7277.410292  
7279.031955  
7290.427924  
7292.040975  
7226.708727  
7298.216417  
7258.950304  
7262.066474  
7273.086141  
7287.233792  
7260.980726  
7283.245226  
7312.919596  
7257.820923  
7266.70478  
7283.693983  
7312.769694  
7332.299113  
7303.261705  
7324.368802  
7289.706163  
7330.212131  
7311.999566  
7273.694878  
7268.023817  
7251.128052  
7287.73782  
7335.673109  
7311.488702  
7269.040771  
7309.170017  
7290.088406  
7290.058268  
7268.18141  
7292.305488  
7296.183268  
7312.114  
7264.675347  
7269.5405  
7283.435086  
7287.052043  
7274.539578  
7276.855659  
7259.359511  
7270.911485  
7263.476752  
7277.787354  
7290.838175  
7291.720554  
7300.766968  
7323.926337  
7339.629503  
7286.314494  
7297.830878  
7308.884386  
7268.727743  
7315.457655  
7292.254734  
7304.552355  
7327.59653  
7299.022217  
7263.956963  
7262.555583  
7246.151761  
7275.678073  
7253.523655  
7284.573324  
7307.253025  
7242.101291  
7299.017958  
7254.91291  
7281.721341  
7278.414117  
7290.788601  
7255.273329  
7234.624607  
7283.325127  
7306.593424  
7319.870131  
7300.532457  
7260.098497  
7254.968845  
7215.124756  
7243.251885  
7284.445733  
7291.288005  
7292.54796  
7271.49372  
7290.697686  
7279.817166  
7242.262139  
7238.774414  
7269.76671  
7312.376261  
7274.114149  
7333.446845  
7324.628472  
7246.613959  
7246.313341  
7275.695421  
7296.934733  
7306.133192  
7288.555257  
7284.244466  
7279.434136  
7288.941867  
7194.851739  
7234.826619  
7270.595147  
7266.569906  
7269.382216  
7319.346056  
7226.831977  
7263.121379  
7241.548421  
7275.821601  
7276.214288  
7263.109768  
7278.902344  
7284.75788  
7250.184082  
7259.208266  
7252.550673  
7293.139947  
7279.957425  
7266.415256  
7264.671346  
7296.745104  
7304.997464  
7304.966756  
7284.459975  
7324.895983  
7334.166626  
7297.749946  
7312.376912  
7274.687826  
7280.465563  
7243.957696  
7288.509847  
7293.751316  
7328.928155  
7308.514106  
7328.395087  
7330.894287  
7289.93217  
7306.057834  
7254.732883  
7323.071669  
7335.046794  
7328.05957  
7292.131795  
7310.375149  
7293.205648  
7326.462728  
7266.606567  
7297.24821  
7268.529663  
7246.767809  
7278.493937  
7263.299398  
7270.325724  
7219.095567  
7252.866916  
7279.142632  
7287.449558  
7260.497057  
7297.059231  
7283.914307  
7317.03772  
7250.323541  
7253.516439  
7261.277656  
7244.197984  
7275.843424  
7304.611789  
7217.474433  
7271.786933  
7273.786567  
7280.138102  
7274.857625  
7291.63052  
7283.844781  
7306.691189  
7302.988322  
7286.5515  
7265.529568  
7244.214586  
7313.659058  
7241.428738  
7244.189521  
7272.172512  
7272.294189  
7313.921156  
7279.311537  
7288.825439  
7273.314263  
7300.358982  
7259.288086  
7283.766764  
7280.019952  
7291.217434  
7286.343682  
7267.742215  
7285.000841  
7300.76005  
7250.400553  
7258.548082  
7275.663954  
7261.755181  
7272.864516  
7300.78635  
7296.576402  
7310.405423  
7285.397434  
7271.03791  
7217.128228  
7279.754367  
7311.387953  
7261.798299  
7253.990384  
7280.772203  
7297.657552  
7308.571696  
7306.088447  
7293.735541  
7302.432861  
7288.708062  
7287.976223  
7280.595323  
7302.690186  
7323.823052  
7236.570014  
7282.671143  
7252.441366  
7254.191176  
7274.553196  
7296.209134  
7322.608792  
7265.890462  
7308.828098  
7319.931613  
7314.16078  
7260.778429  
7252.355998  
7245.368585  
7245.9823  
7207.393921  
7235.657037  
7253.199056  
7277.181152  
7307.053494  
7274.045356  
7291.934299  
7246.613444  
7252.305922  
7243.023899  
7313.025594  
7262.079061  
7262.188653  
7268.548381  
7317.95048  
7333.780002  
7284.1199  
7273.961331  
7340.452867  
7339.091336  
7302.925713  
7309.449612  
7345.849297  
7319.230103  
7304.106472  
7290.550822  
7351.929986  
7308.800808  
7305.096259  
7299.283569  
7251.783434  
7346.958808  
7340.001912  
7222.897298  
7274.966892  
7226.151801  
7270.823866  
7258.58766  
7252.03559  
7289.636176  
7269.27322  
7232.351386  
7255.901381  
7244.409465  
7254.915324  
7295.592624  
7313.014404  
7297.348253  
7294.842217  
7221.377319  
7215.739977  
7278.349718  
7267.999091  
7274.748169  
7271.62363  
7329.128309  
7301.882894  
7299.791762  
7293.811605  
7290.979017  
7336.550184  
7307.452053  
7297.871121  
7296.571479  
7299.471341  
7297.336846  
7314.339274  
7287.752713  
7284.667874  
7337.062012  
7285.80976  
7294.143772  
7321.815104  
7292.899943  
7242.11438  
7225.182346  
7263.96955  
7296.46011  
7313.49901  
7277.819906  
7302.623155  
7265.696764  
7282.018094  
7263.947116  
7287.625732  
7298.246677  
7287.796577  
7247.150675  
7225.396932  
7243.424778  
7269.384427  
7287.475057  
7285.72248  
7299.182604  
7247.926758  
7290.098497  
7326.752048  
7266.797119  
7264.877414  
7253.026489  
7272.568875  
7290.949924  
7297.661431  
7297.079902  
7257.337565  
7269.185506  
7332.508409  
7265.042413  
7244.584364  
7274.247192  
7256.474772  
7279.290785  
7319.960069  
7303.968031  
7255.602987  
7270.198351  
7228.838121  
7324.499973  
7261.375149  
7264.061306  
7274.441488  
7287.625244  
7303.948473  
7308.689426  
7272.482286  
7245.414917  
7249.118747  
7278.169054  
7273.569567  
7269.792155  
7311.413276  
7323.755263  
7299.677897  
7277.533678  
7295.47796  
7306.6985  
7279.161187  
7265.895047  
7301.578708  
7257.563707  
7251.805718  
7251.336521  
7280.986084  
7243.978204  
7249.931207  
7270.710192  
7255.350572  
7253.731011  
7287.149455  
7302.619859  
7284.382039  
7266.163751  
7248.73603  
7273.414483  
7294.390557  
7290.182576  
7384.122002  
7267.617364  
7307.578356  
7258.54031  
7264.4257  
7331.839125  
7305.468818  
7318.806125  
7271.193264  
7301.382731  
7264.856527  
7302.241143  
7293.381782  
7348.922431  
7338.041273  
7291.91866  
7260.20048  
7288.935303  
7233.069607  
7265.820326  
7280.869263  
7262.537381  
7283.515883  
7247.409153  
7243.615044  
7264.608086  
7262.193075  
7261.05306  
7260.859958  
7267.285265  
7264.239163  
7305.315579  
7245.66664  
7259.331177  
7324.815416  
7298.471096  
7330.012885  
7293.370958  
7265.810994  
7289.499729  
7290.59333  
7279.636814  
7301.950331  
7279.150024  
7318.947157  
7262.263455  
7310.687948  
7277.824843  
7300.230225  
7321.520603  
7283.625244  
7296.566881  
7259.432644  
7284.0338  
7251.20364  
7321.987223  
7301.151367  
7337.313029  
7288.519396  
7278.148627  
7283.875109  
7305.164619  
7291.619697  
7277.712009  
7248.780138  
7257.180908  
7279.389581  
7330.723172  
7279.800049  
7271.57251  
7288.49806  
7253.387736  
7269.36849  
7273.16664  
7317.408759  
7304.897759  
7322.253391  
7302.389269  
7316.119412  
7308.452189  
7316.504639  
7323.574192  
7333.967299  
7322.93887  
7290.101834  
7307.925279  
7243.594252  
7317.269084  
7317.082289  
7321.115153  
7264.968886  
7274.813287  
7168.836114  
7264.99882  
7267.314575  
7293.848768  
7239.075236  
7244.83568  
7242.441678  
7253.677612  
7245.340115  
7231.824002  
7309.422065  
7295.894572  
7289.852797  
7265.324449  
7315.686863  
7263.478312  
7229.313327  
7255.542128  
7274.241428  
7248.412245  
7250.38425  
7263.27832  
7312.474338  
7280.183051  
7311.369602  
7287.404012  
7302.541395  
7323.267592  
7305.573663  
7266.984226  
7260.247965  
7280.856472  
7287.079264  
7264.420437  
7280.632392  
7289.892754  
7255.821153  
7256.251465  
7253.631117  
7294.042535  
7265.537679  
7266.821967  
7290.089261  
7259.520494  
7300.806668  
7341.149577  
7320.523126  
7266.97229  
7295.884494  
7240.13893  
7201.451484  
7235.743585  
7276.375366  
7283.555569  
7306.629286  
7311.097588  
7287.323459  
7282.13874  
7261.849501  
7330.403809  
7259.155992  
7254.769952  
7272.029365  
7311.280667  
7297.584351  
7269.400757  
7256.929009  
7256.946316  
7239.897732  
7294.292616  
7276.978814  
7280.845161  
7271.725355  
7270.919773  
7298.234565  
7314.591159  
7237.652574  
7292.827989  
7225.059408  
7297.116211  
7274.774523  
7328.793213  
7303.426961  
7265.137668  
7301.659953  
7306.081882  
7314.426256  
7269.696994  
7247.768026  
7253.132826  
7262.641276  
7271.491197  
7270.465712  
7278.934001  
7298.753825  
7266.770657  
7256.463433  
7288.554376  
7304.284871  
7282.32567  
7299.409844  
7318.818604  
7267.569987  
7249.620361  
7306.263943  
7286.387939  
7268.342909  
7288.00274  
7300.820516  
7289.520657  
7296.270264  
7270.576782  
7291.914714  
7281.476251  
7242.671427  
7279.415025  
7275.024631  
7265.194702  
7285.466851  
7266.640177  
7266.772515  
7305.254937  
7272.484253  
7300.994548  
7261.383409  
7262.184326  
7263.618476  
7292.234646  
7357.076457  
7334.675374  
7324.622559  
7313.532118  
7302.996107  
7255.496528  
7224.121772  
7248.044515  
7277.970879  
7281.761407  
7219.541857  
7240.164442  
7262.782281  
7263.899414  
7303.257758  
7310.163818  
7291.83119  
7301.16036  
7288.093764  
7290.318224  
7290.023858  
7259.53182  
7294.773627  
7274.275133  
7252.094618  
7241.662896  
7253.574395  
7272.917074  
7320.146878  
7306.225545  
7277.602756  
7243.430393  
7332.261149  
7275.17117  
7251.680976  
7310.131198  
7311.24627  
7261.820516  
7251.420478  
7295.333537  
7287.852715  
7272.122776  
7301.326497  
7260.421292  
7278.325602  
7273.846463  
7331.216092  
7288.774645  
7301.68613  
7282.31292  
7335.222995  
7289.584568  
7247.284288  
7307.426948  
7252.707465  
7286.17612  
7296.662923  
7282.903158  
7293.788113  
7328.948988  
7288.128445  
7294.779921  
7251.765883  
7314.831258  
7239.488702  
7255.43339  
7287.290487  
7278.214762  
7281.78064  
7265.522488  
7279.074314  
7280.625217  
7265.232463  
7290.569404  
7284.176039  
7277.546441  
7314.015028  
7313.9611  
7280.984321  
7309.544393  
7297.566406  
7255.772352  
7175.871541  
7283.474284  
7243.426649  
7292.800903  
7240.306844  
7294.004734  
7244.236925  
7262.511447  
7315.858765  
7316.781562  
7264.207831  
7287.682671  
7305.234931  
7240.254422  
7262.454875  
7281.662462  
7309.442641  
7265.771593  
7303.416192  
7340.487807  
7299.695557  
7290.485324  
7251.066406  
7308.212565  
7253.965685  
7279.442925  
7248.002319  
7278.60376  
7288.559977  
7283.996948  
7282.707275  
7320.565755  
7267.355035  
7239.830499  
7292.316922  
7263.575358  
7311.447333  
7252.457859  
7265.727295  
7260.18807  
7261.600898  
7266.258789  
7292.689792  
7302.395671  
7313.430976  
7288.263536  
7298.842733  
7289.292236  
7288.851481  
7320.347304  
7252.771077  
7279.679104  
7276.089884  
7275.885512  
7249.715101  
7238.072008  
7295.270155  
7311.828654  
7272.853638  
7241.8133  
7278.297106  
7311.681939  
7330.765666  
7307.389811  
7292.112291  
7289.893663  
7296.62089  
7276.32643  
7291.176066  
7295.611803  
7316.936768  
7301.758653  
7297.559285  
7273.877414  
7255.725979  
7278.949164  
7272.618896  
7262.094293  
7313.00921  
7282.640096  
7254.608656  
7278.661309  
7267.434231  
7280.949626  
7255.880371  
7288.061768  
7292.102417  
7301.516086  
7343.738363  
7328.094415  
7256.289497  
7320.808187  
7288.975545  
7307.663534  
7306.17391  
7291.888835  
7271.571221  
7250.4198  
7254.646172  
7284.501804  
7282.921902  
7259.129937  
7243.137804  
7245.292521  
7300.239448  
7290.688666  
7277.629096  
7280.092868  
7272.648573  
7321.113932  
7312.830268  
7275.565742  
7284.357639  
7286.044623  
7292.123508  
7287.220893  
7274.73348  
7293.660834  
7293.379178  
7306.8361  
7235.590427  
7210.231947  
7238.743123  
7269.410048  
7302.107558  
7289.063341  
7280.731418  
7306.332587  
7287.550469  
7247.087036  
7311.192179  
7330.649685  
7313.026096  
7271.169298  
7309.532511  
7300.228339  
7275.093669  
7260.309625  
7271.652954  
7275.070841  
7269.694729  
7291.262722  
7270.675212  
7306.793959  
7250.615533  
7300.203518  
7223.266778  
7268.297214  
7264.080254  
7246.761922  
7253.509779  
7277.196832  
7295.717244  
7272.039808  
7225.419352  
7239.526557  
7223.676893  
7248.47423  
7274.960802  
7279.537476  
7295.627794  
7282.390516  
7292.90663  
7316.451877  
7333.2567  
7278.999376  
7272.728746  
7298.00803  
7226.015313  
7296.003323  
7333.166273  
7349.745321  
7301.19534  
7295.715237  
7269.161146  
7247.07685  
7260.072998  
7313.73938  
7307.584676  
7323.142253  
7249.913344  
7277.202406  
7263.691854  
7266.681383  
7256.060384  
7290.07624  
7281.950127  
7292.270725  
7266.488729  
7274.580214  
7266.370605  
7261.034478  
7262.085883  
7250.500041  
7292.693034  
7314.779256  
7260.917955  
7296.628269  
7295.51747  
7285.692044  
7305.425686  
7288.436686  
7262.010729  
7253.665636  
7268.190782  
7261.359904  
7305.757867  
7264.718099  
7293.142551  
7281.163344  
7273.518894  
7289.880222  
7301.307983  
7270.079373  
7293.54282  
7264.406955  
7239.369887  
7269.826891  
7287.325887  
7282.884237  
7278.806247  
7292.385905  
7269.820692  
7297.652208  
7245.319282  
7265.861057  
7276.968099  
7278.19888  
7243.941867  
7264.588704  
7276.67513  
7267.605957  
7237.587538  
7213.297268  
7273.400852  
7297.68948  
7267.680773  
7311.902344  
7242.34455  
7276.778497  
7275.279297  
7314.525757  
7295.313124  
7319.675618  
7306.876668  
7291.977837  
7248.977946  
7294.118354  
7316.730903  
7302.901869  
7305.487237  
7292.09432  
7271.921075  
7294.016764  
7329.691515  
7332.511909  
7306.869887  
7301.518175  
7302.985989  
7271.316474  
7280.211643  
7314.81798  
7299.351888  
7286.058051  
7261.608887  
7338.219496  
7292.360067  
7305.037082  
7276.463447  
7305.384372  
7286.678073  
7288.949748  
7259.414497  
7303.266995  
7273.822252  
7289.068861  
7304.911458  
7277.661635  
7291.625773  
7288.947496  
7274.394396  
7265.027574  
7267.200087  
7279.608385  
7282.431858  
7281.13208  
7296.736952  
7267.906779  
7306.457967  
7272.634725  
7257.198351  
7279.328722  
7289.947428  
7316.589179  
7299.553196  
7279.689372  
7253.643623  
7257.221368  
7266.748793  
7314.211995  
7283.602634  
7306.049072  
7320.263957  
7283.13916  
7283.709242  
7278.405368  
7277.926514  
7280.78673  
7216.157593  
7291.350966  
7239.333957  
7262.83157  
7224.543321  
7244.312052  
7239.463108  
7281.994236  
7289.762438  
7298.271539  
7274.948391  
7257.867947  
7278.450901  
7255.63798  
7299.606188  
7256.202365  
7327.699978  
7289.975355  
7308.4713  
7330.258179  
7311.582099  
7315.135145  
