10720.55496  
10648.48088  
10634.25682  
10576.74019  
10554.96248  
10592.15242  
10515.0849  
10456.94162  
10546.75912  
10538.33281  
10491.50879  
10504.09303  
10469.16688  
10508.71882  
10592.6296  
10527.34105  
10485.5686  
10540.88688  
10497.05032  
10506.46326  
10558.72678  
10581.34439  
10600.76681  
10581.60832  
10473.96054  
10519.04414  
10534.9078  
10477.87648  
10470.50608  
10538.34632  
10499.54557  
10594.45005  
10553.45675  
10542.90011  
10585.74316  
10608.92989  
10599.90618  
10589.66501  
10604.46964  
10485.41964  
10462.06123  
10475.19303  
10500.66912  
10519.84468  
10545.44455  
10555.24191  
10570.34424  
10514.73585  
10490.69904  
10528.13402  
10523.4804  
10472.57829  
10530.29168  
10596.03352  
10630.76551  
10623.06552  
10596.06938  
10630.91702  
10560.36738  
10524.79441  
10505.53032  
10481.69643  
10564.41326  
10459.64159  
10514.45863  
10535.42651  
10606.73775  
10583.46972  
10546.37429  
10557.82626  
10479.45146  
10450.14782  
10498.645  
10487.6605  
10551.52982  
10521.14708  
10522.08084  
10560.51224  
10552.93059  
10560.92779  
10578.66175  
10587.92003  
10487.97939  
10507.62074  
10499.84107  
10471.12333  
10570.44655  
10585.98322  
10597.32884  
10634.68437  
10641.37613  
10601.74812  
10584.65056  
10621.5914  
10608.62114  
10587.09506  
10569.9754  
10522.48963  
10553.376  
10541.22704  
10447.08085  
10420.05948  
10443.14564  
10475.33927  
10563.05771  
10544.40604  
10556.80682  
10572.69548  
10527.32732  
10550.45548  
10592.7386  
10609.6774  
10585.3699  
10538.97394  
10538.52582  
10495.49584  
10560.08043  
10527.64043  
10535.81823  
10493.2414  
10507.10138  
10549.61166  
10534.90828  
10533.37034  
10566.72401  
10534.40504  
10590.16237  
10654.72927  
10633.32941  
10609.39148  
10662.97954  
10612.20811  
10606.13719  
10606.15962  
10583.62842  
10564.4573  
10508.6311  
10508.5889  
10509.72258  
10461.97531  
10509.0801  
10562.87434  
10560.22421  
10552.97034  
10508.04128  
10534.33987  
10501.38577  
10457.42361  
10466.70934  
10452.2883  
10414.94524  
10404.38407  
10450.48199  
10537.70762  
10527.59612  
10511.36066  
10484.2188  
10537.6308  
10575.79788  
10580.16545  
10580.49432  
10604.85431  
10636.05878  
10653.64413  
10640.71512  
10613.73054  
10683.90209  
10609.46974  
10624.53377  
10556.38519  
10588.88974  
10570.36831  
10526.71076  
10591.50229  
10473.71499  
10523.52976  
10531.82213  
10475.00707  
10479.42011  
10573.76769  
10547.98385  
10500.17177  
10518.20749  
10543.44766  
10520.58394  
10558.48209  
10594.60291  
10619.20789  
10580.18544  
10620.47869  
10627.60176  
10580.13565  
10565.03704  
10582.90637  
10585.98483  
10570.7027  
10534.24721  
10533.77395  
10584.12293  
10635.5083  
10553.39967  
10516.90365  
10516.55169  
10540.0258  
10452.84724  
10450.31152  
10549.50217  
10542.3687  
10494.62171  
10491.51032  
10569.42233  
10525.25844  
10521.38631  
10504.52864  
10615.24762  
10600.03707  
10590.30683  
10635.79461  
10545.71323  
10521.59455  
10569.66327  
10544.70821  
10505.36488  
10506.3164  
10538.72857  
10507.97055  
10484.63221  
10512.94629  
10465.78122  
10466.61933  
10530.4998  
10551.88787  
10516.85233  
10566.28893  
10573.99911  
10520.53312  
10484.19959  
10499.91922  
10513.34091  
10560.8459  
10590.16716  
10619.62167  
10577.26158  
10614.07315  
10615.26531  
10563.38569  
10576.14362  
10522.75543  
10630.48806  
10664.81171  
10648.60488  
10633.24512  
10573.62385  
10556.84603  
10546.64581  
10545.32341  
10492.64258  
10531.89734  
10573.01176  
10661.71837  
10576.82399  
10598.27489  
10624.53814  
10621.28472  
10647.47668  
10580.25896  
10529.68709  
10500.55342  
10533.28601  
10457.21033  
10455.77342  
10432.7855  
10479.57265  
10475.25149  
10460.1775  
10472.21388  
10463.41907  
10476.48966  
10597.19858  
10634.34569  
10610.66367  
10575.61712  
10575.98738  
10603.91796  
10604.80543  
10630.47038  
10623.70485  
10692.66956  
10642.43161  
10633.76094  
10572.02581  
10591.24555  
10599.43105  
10507.68501  
10507.66385  
10532.21388  
10581.75166  
10451.33026  
10581.03319  
10528.54772  
10577.00873  
10486.67587  
10482.06472  
10483.48557  
10479.18812  
10514.14631  
10501.08464  
10450.90568  
10429.61432  
10466.66038  
10484.69527  
10435.36619  
10461.44159  
10480.15948  
10428.29327  
10523.12634  
10528.86299  
10528.54792  
10548.31609  
10523.87676  
10514.63498  
10567.80414  
10546.22662  
10540.00699  
10570.90322  
10598.9232  
10579.49756  
10582.9372  
10621.86903  
10638.95345  
10638.73181  
10627.67071  
10675.35303  
10658.47697  
10604.05175  
10717.90472  
10660.91704  
10597.60612  
10522.03543  
10558.68761  
10563.31462  
10528.74677  
10519.03084  
10514.76703  
10411.51681  
10414.73229  
10416.51933  
10411.82479  
10485.10449  
10424.61838  
10415.5696  
10498.76908  
10546.68876  
10516.55087  
10463.22669  
10524.82132  
10551.66056  
10486.62608  
10532.47549  
10542.12134  
10571.23116  
10591.47973  
10515.4991  
10510.67227  
10536.33917  
10627.28897  
10612.08789  
10645.32776  
10670.96932  
10678.71981  
10679.36141  
10603.54088  
10593.39007  
10605.39348  
10600.99393  
10608.53671  
10610.52804  
10583.98106  
10561.23587  
10587.4081  
10586.33861  
10579.57214  
10558.2794  
10554.01908  
10555.20868  
10554.2195  
10527.30848  
10487.2658  
10472.12925  
10478.73175  
10451.5959  
10494.28159  
10512.55203  
10573.54473  
10557.99869  
10513.30849  
10523.65401  
10565.16296  
10541.56535  
10577.50965  
10584.04595  
10585.81596  
10575.73689  
10593.29549  
10560.31684  
10542.86618  
10520.11426  
10597.82184  
10616.01549  
10568.33801  
10571.14783  
10599.57312  
10610.91284  
10575.48189  
10527.20332  
10542.60493  
10499.34814  
10477.44207  
10461.72541  
10418.88762  
10475.62354  
10513.17316  
10545.313  
10559.07909  
10594.0213  
10513.34824  
10523.76057  
10509.94258  
10458.34849  
10501.82585  
10509.12587  
10535.68962  
10572.75541  
10524.15155  
10559.18712  
10610.3446  
10607.81313  
10628.32348  
10600.70431  
10652.64076  
10595.51748  
10538.42395  
10558.9656  
10587.91155  
10593.3618  
10551.34375  
10553.8469  
10564.61056  
10642.09027  
10600.92054  
10556.48227  
10569.78822  
10523.4085  
10539.11026  
10586.9737  
10603.04167  
10563.04709  
10515.00584  
10506.95189  
10532.65178  
10517.1196  
10569.94737  
10585.22638  
10568.08999  
10584.5809  
10563.69275  
10581.14958  
10544.95796  
10474.62003  
10495.97427  
10521.03943  
10632.79705  
10569.88851  
10484.69277  
10483.77114  
10571.92235  
10610.5453  
10582.77359  
10520.94264  
10492.6655  
10520.92375  
10526.81467  
10476.21789  
10507.28984  
10549.6985  
10600.53793  
10562.70787  
10466.55776  
10461.88361  
10500.83858  
10559.11227  
10564.22901  
10541.22117  
10528.40762  
10478.17082  
10522.12752  
10550.53401  
10600.28584  
10572.38852  
10582.66368  
10589.90078  
10516.74539  
10513.2015  
10513.31562  
10443.01226  
10464.28471  
10458.05136  
10515.85592  
10498.0754  
10524.04407  
10610.00938  
10681.98865  
10700.02865  
10723.46801  
10635.39098  
10604.49986  
10495.28213  
10464.7261  
10473.04428  
10465.80358  
10451.09261  
10475.04738  
10528.51509  
10411.70769  
10412.34757  
10443.87857  
10426.56562  
10440.8594  
10415.29531  
10489.18238  
10537.67549  
10613.52637  
10614.61339  
10546.97987  
10571.09186  
10576.12106  
10604.97321  
10576.76443  
10494.35485  
10493.03087  
10510.00198  
10551.01269  
10575.96107  
10631.32098  
10625.9323  
10605.64019  
10606.20379  
10583.2644  
10595.40439  
10616.47401  
10567.83494  
10554.17322  
10526.02307  
10541.34122  
10540.12412  
10569.92563  
10630.9868  
10705.87713  
10634.04678  
10743.56319  
10655.57064  
10567.46909  
10551.14082  
10605.86876  
10525.08939  
10467.32293  
10541.6958  
10533.41031  
10513.15914  
10474.85038  
10465.25034  
10438.63643  
10504.6668  
10535.72488  
10522.14804  
10553.97227  
10585.42009  
10633.63148  
10592.96181  
10696.36652  
10629.1326  
10546.6826  
10437.14564  
10421.06899  
10391.00916  
10324.40732  
10381.41705  
10409.70789  
10415.97173  
10392.45257  
10390.22908  
10499.67545  
10554.25199  
10530.25451  
10444.16098  
10518.96432  
10558.94163  
10552.891  
10580.80557  
10581.73345  
10604.63357  
10625.51932  
10657.0142  
10678.77747  
10657.81283  
10594.04096  
10613.22318  
10639.60366  
10628.87522  
10688.95831  
10601.07254  
10577.20816  
10617.67884  
10609.49906  
10620.23097  
10593.00556  
10631.75984  
10581.59381  
10548.20313  
10529.898  
10599.23915  
10603.85618  
10603.39009  
10532.32858  
10510.48771  
10527.6261  
10531.02589  
10539.29247  
10549.17664  
10555.51675  
10556.08171  
10568.47382  
10637.4742  
10606.61363  
10574.10542  
10547.6627  
10509.06476  
10520.45722  
10535.78385  
10607.31611  
10632.58119  
10595.39755  
10523.12774  
10569.03545  
10646.64002  
10648.12651  
10573.4715  
10555.60242  
10491.64996  
10520.52513  
10495.3843  
10543.96507  
10561.29916  
10585.55774  
10576.81506  
10609.42298  
10621.45512  
10558.62991  
10580.49622  
10627.74639  
10597.71275  
10651.20312  
10516.0577  
10487.5424  
10527.09814  
10579.68699  
10531.06556  
10483.05879  
10461.39328  
10538.44742  
10565.8338  
10514.99247  
10480.34337  
10551.69215  
10522.6505  
10525.88426  
10666.5296  
10637.30943  
10549.35089  
10466.15506  
10430.07148  
10390.85762  
10333.69348  
10320.22804  
10322.53784  
10396.48354  
10387.10526  
10457.47255  
10459.00226  
10478.96116  
10510.87648  
10565.06614  
10565.92704  
10540.81819  
10626.33275  
10618.05112  
10605.94299  
10632.11753  
10603.51104  
10615.18242  
10560.91637  
10450.9259  
10432.39724  
10488.01893  
10539.44446  
10516.48717  
10537.99776  
10597.14886  
10540.0032  
10555.76983  
10573.76409  
10625.66923  
10666.75547  
10692.0263  
10669.8636  
10667.08007  
10565.82817  
10654.611  
10601.9774  
10545.97704  
10523.29193  
10503.51128  
10559.56467  
10571.41426  
10607.10619  
10581.58837  
10551.47161  
10489.91254  
10436.07998  
10489.45588  
10573.90518  
10639.89394  
10630.18027  
10560.91552  
10553.78844  
10663.22133  
10647.73235  
10559.6848  
10552.15311  
10618.55098  
10656.29795  
10637.49654  
10652.78202  
10617.22722  
10588.78959  
10544.58207  
10403.50346  
10428.9393  
10437.82698  
10494.50735  
10536.29984  
10556.34448  
10583.4556  
10589.00627  
10591.6857  
10519.56872  
10434.17172  
10456.03474  
10393.83689  
10392.26478  
10450.30796  
10566.42016  
10554.78155  
10489.85511  
10509.73327  
10523.23937  
10595.72108  
10619.68202  
10541.32607  
10517.3728  
10571.39081  
10566.53297  
10569.51858  
10611.82754  
10582.5518  
10545.34134  
10574.53457  
10591.3325  
10608.82296  
10541.07453  
10475.63615  
10489.50303  
10511.3281  
10510.75501  
10423.60232  
10457.9078  
10578.03611  
10608.49904  
10561.07391  
10443.10445  
10478.69593  
10486.42297  
10509.82232  
10480.17993  
10566.49583  
10604.9824  
10478.0009  
10555.84814  
10564.91569  
10611.27903  
10543.5607  
10532.93744  
10490.08298  
10520.81635  
10650.99568  
10609.60972  
10508.73617  
10591.35994  
10654.84896  
10610.40734  
10492.18518  
10425.27017  
10425.26943  
10438.35662  
10464.69503  
10501.80011  
10558.56015  
10586.15034  
10529.6103  
10491.28289  
10512.66071  
10555.79891  
10662.59859  
10609.58116  
10641.40556  
10660.92455  
10627.04744  
10604.7672  
10591.82189  
10523.51809  
10525.78194  
10600.59823  
10580.79108  
10559.94974  
10500.60507  
10488.49206  
10493.61951  
10560.33756  
10598.8145  
10545.27401  
10515.27667  
10554.4964  
10553.16751  
10514.1957  
10545.32411  
10502.65519  
10565.11026  
10517.19531  
10601.02848  
10635.31382  
10656.38383  
10596.23841  
10595.66569  
10611.38569  
10594.25953  
10542.51102  
10620.52348  
10571.37888  
10482.69509  
10520.37359  
10606.10643  
10534.40307  
10445.33494  
10459.60212  
10529.11695  
10539.47985  
10430.1034  
10462.29833  
10496.18811  
10513.52435  
10476.13338  
10495.64878  
10546.22076  
10570.57882  
10578.87163  
10556.87438  
10577.13401  
10616.60091  
10640.69767  
10656.61289  
10676.98342  
10634.1525  
10565.76402  
10615.747  
10645.83644  
10621.74221  
10502.28404  
10430.31437  
10435.40337  
10418.01703  
10471.56284  
10494.99199  
10501.74675  
10463.05794  
10451.32058  
10555.01045  
10579.78504  
10532.59938  
10654.58956  
10588.66697  
10564.97974  
10606.64755  
10560.81194  
10539.55531  
10442.08647  
10456.64229  
10479.00975  
10534.26708  
10548.54534  
10734.06151  
10665.15207  
10674.72108  
10572.01025  
10544.16528  
10527.62599  
10467.30348  
10504.48205  
10487.40082  
10477.27409  
10456.17381  
10463.9356  
10478.31803  
10476.35707  
10488.58778  
10466.20732  
10481.0936  
10543.40731  
10515.76245  
10564.61079  
10535.39645  
10537.96568  
10517.88076  
10565.35103  
10607.95737  
10681.64019  
10702.58746  
10627.6652  
10664.84026  
10726.99194  
10657.56569  
10600.76879  
10541.19711  
10606.04695  
10621.32847  
10664.38307  
10672.51007  
10603.76702  
10515.78689  
10530.62125  
10551.30252  
10512.6344  
10533.24526  
10463.16229  
10452.17038  
10509.60337  
10462.76171  
10518.71342  
10536.36259  
10542.73276  
10575.02847  
10573.21847  
10548.75517  
10559.94083  
10525.84323  
10475.81234  
10410.85024  
10453.55676  
10523.96415  
10467.53331  
10456.94744  
10483.98556  
10527.90155  
10566.27488  
10664.91424  
10596.23583  
10503.86956  
10443.34984  
10439.03303  
10516.19279  
10555.64477  
10641.16631  
10649.27479  
10590.55997  
10485.29476  
10500.26437  
10485.03517  
10567.7744  
10616.36716  
10692.05163  
10647.11914  
10551.07589  
10645.68508  
10630.46013  
10593.78335  
10540.99375  
10574.81862  
10582.77025  
10543.14249  
10511.27594  
10435.94957  
10440.44237  
10577.25512  
10564.50379  
10574.35606  
10559.1053  
10558.29516  
10583.78082  
10592.79145  
10620.63678  
10586.16808  
10603.70798  
10574.5198  
10510.16045  
10504.68168  
10574.34787  
10533.75758  
10494.86894  
10429.72495  
10404.2987  
10353.35254  
10490.35363  
10465.90115  
10427.76716  
10457.31038  
10498.8943  
10476.93756  
10482.85062  
10537.06762  
10465.3  
10531.574  
10572.70371  
10591.26633  
10624.15385  
10596.55641  
10599.85824  
10559.26123  
10609.46287  
10595.84756  
10632.82842  
10680.69911  
10652.04499  
10635.03717  
10586.76178  
10541.82716  
10543.88506  
10582.61953  
10621.03327  
10614.82592  
10569.4941  
10525.27367  
10527.63895  
10602.92038  
10550.89313  
10656.50365  
10637.69238  
10594.80253  
10595.86941  
10593.24054  
10532.40975  
10580.54268  
10601.76792  
10534.04382  
10523.5521  
10512.00839  
10465.19376  
10417.35232  
10467.37483  
10450.03043  
10523.58005  
10538.41116  
10566.36674  
10534.48977  
10502.64587  
10494.24855  
10557.83626  
10566.00815  
10539.82932  
10537.06424  
10535.48155  
10575.04064  
10579.1332  
10555.30766  
10543.3135  
10561.5509  
10529.97181  
10499.06787  
10449.43936  
10450.3108  
10457.34897  
10551.21249  
10562.80343  
10495.09246  
10505.44386  
10645.92508  
10611.81095  
10575.36318  
10493.71904  
10512.10734  
10495.30661  
10517.54953  
10543.95892  
10603.99624  
10593.87316  
10575.54842  
10612.91395  
10643.85979  
10657.81984  
10701.09729  
10613.03519  
10556.50398  
10554.5325  
10556.96456  
10548.63197  
10522.71874  
10583.56603  
10616.90227  
10612.52223  
10660.90747  
10506.76089  
10509.91487  
10492.94156  
10525.10738  
10461.82486  
10481.63312  
10444.01022  
10449.4104  
10394.24668  
10486.73673  
10472.06534  
10479.26718  
10466.21967  
10465.04291  
10536.19879  
10622.58565  
10703.36721  
10346.5811  
10683.62701  
10546.11956  
10579.11028  
10596.94731  
10590.04957  
10643.66811  
10736.26339  
10653.24141  
10608.76466  
10447.95868  
10441.24552  
10466.96934  
10628.35068  
10632.7481  
10613.20494  
10509.01244  
10531.76147  
10519.99276  
10454.3348  
10470.43988  
10500.75266  
10463.70453  
10458.58725  
10458.40615  
10523.71038  
10545.2676  
10567.52362  
10615.98073  
10577.99466  
10570.4735  
10536.24063  
10432.6096  
10524.65482  
10561.0281  
10539.66938  
10575.38159  
10536.39787  
10542.84749  
10495.13351  
10425.53204  
10605.14762  
10519.73148  
10494.14634  
10481.68923  
10500.09917  
10490.60642  
10491.58581  
10464.11095  
10542.38541  
10611.59212  
10681.48525  
10635.28217  
10613.8799  
10498.44191  
10570.86293  
10617.56099  
10653.27006  
10552.8379  
10517.89502  
10521.49752  
10542.09978  
10550.54048  
10541.4973  
10578.00066  
10569.32412  
10611.1315  
10572.90777  
10573.37666  
10577.39101  
10616.77445  
10604.87432  
10534.08839  
10489.95155  
10507.83604  
10558.07618  
10662.9458  
10542.21608  
10487.47086  
10496.24359  
10522.98309  
10573.65  
10600.96473  
10671.76876  
10632.6352  
10592.03471  
10549.75445  
10588.3883  
10618.00946  
10608.5754  
10480.22047  
10538.36292  
10547.4551  
10603.15208  
10566.53796  
10579.53243  
10496.72225  
10561.56723  
10570.9684  
10463.89558  
10547.92044  
10531.52522  
10593.88134  
10566.31575  
10470.32962  
10496.47286  
10545.36159  
10580.42744  
10547.66342  
10516.6414  
10575.89019  
10521.65575  
10506.65388  
10594.6339  
10558.01982  
10522.00905  
10468.0432  
10454.44038  
10480.33004  
10534.68587  
10560.89212  
10549.06389  
10549.42944  
10601.17474  
10495.57339  
10521.81485  
10540.87529  
10587.58781  
10664.70527  
10746.29692  
10656.87747  
10602.21412  
10536.79805  
10477.00077  
10541.41647  
10438.49094  
10321.10797  
10427.40485  
10438.59458  
10460.94418  
10406.31272  
10389.95894  
10441.72  
10523.94468  
10600.94287  
10600.74505  
10637.44054  
10701.83999  
10732.7888  
10771.63419  
10633.93535  
10543.49394  
10532.05805  
10571.47068  
10623.76573  
10680.10264  
10743.46926  
10683.31101  
10555.73041  
10415.88155  
10419.02441  
10473.07784  
10449.60661  
10457.25879  
10477.73704  
10452.89422  
10461.29562  
10501.6181  
10565.68273  
10651.97406  
10660.94678  
10651.23701  
10704.21831  
10760.8303  
10814.11062  
10753.42898  
10734.47686  
10551.70511  
10561.5078  
10641.70535  
10641.7257  
10518.79575  
10525.24921  
10541.47372  
10427.81676  
10412.93147  
10454.49225  
10415.71324  
10389.59367  
10357.35433  
10381.01321  
10418.13331  
10476.84545  
10508.3384  
10555.32347  
10541.15624  
10576.88742  
10631.59066  
10651.46126  
10610.09109  
10527.89981  
10502.89213  
10528.16496  
10487.86899  
10461.24682  
10464.02021  
10502.21131  
10541.25092  
10505.39297  
10514.30726  
10510.62044  
10548.2461  
10523.40522  
10523.35465  
10556.27803  
10623.71182  
10669.99789  
10592.15682  
10701.93472  
10723.58399  
10608.57039  
10564.74658  
10575.07629  
10504.67281  
10506.10229  
10490.0815  
10467.712  
10476.33997  
10454.49341  
10494.20872  
10573.01494  
10613.16643  
10650.96187  
10655.3156  
10512.42587  
10555.4191  
10596.5043  
10605.65033  
10504.09019  
10503.97301  
10547.17714  
10513.47824  
10527.53646  
10601.70492  
10624.62011  
10616.84617  
10600.6138  
10533.69318  
10609.43195  
10463.32079  
10525.89846  
10536.38779  
10533.83335  
10476.96323  
10436.43522  
10435.88625  
10523.82626  
10646.54536  
10592.81746  
10636.34755  
10575.83099  
10530.50895  
10446.74376  
10444.20959  
10387.43424  
10403.83778  
10468.51119  
10445.55337  
10478.68251  
10572.9598  
10587.93038  
10561.31614  
10574.09788  
10537.5927  
10517.10082  
10536.03481  
10546.32519  
10566.44804  
10538.73434  
10541.15131  
10507.97123  
10535.11807  
10566.63949  
10544.54721  
10547.0851  
10530.11341  
10572.72686  
10495.43704  
10534.85989  
10557.34351  
10608.59477  
10636.93268  
10669.67165  
10668.46914  
10690.92606  
10629.25653  
10660.45933  
10586.30837  
10535.26671  
10521.09487  
10517.55184  
10570.6861  
10566.45571  
10493.04951  
10467.62875  
10428.67118  
10414.14255  
10431.38922  
10469.41775  
10464.07306  
10454.65831  
10528.87292  
10558.47767  
10572.31331  
10688.87452  
10726.32729  
10699.1884  
10576.66984  
10442.13194  
10539.42274  
10630.84279  
10623.86173  
10567.29422  
10450.56301  
10480.8567  
10464.19269  
10476.47485  
10434.73467  
10484.21476  
10505.90582  
10477.13209  
10483.0852  
10517.07673  
10573.29154  
10566.75177  
10568.09692  
10558.74041  
10533.7847  
10560.26232  
10635.58775  
10533.9864  
10507.85654  
10551.02  
10622.66474  
10578.40675  
10588.95608  
10548.95254  
10554.03687  
10542.6501  
10581.66795  
10621.52551  
10602.53296  
10640.39295  
10616.8103  
10673.86332  
10666.2844  
10599.7714  
10454.73938  
10482.4926  
10477.08871  
10500.94868  
10515.70168  
10497.64892  
10448.42019  
10446.29422  
10526.79702  
10553.09723  
10546.32954  
10538.61486  
10541.01398  
10558.75413  
10633.33454  
10632.70411  
10665.62592  
10590.77137  
10513.79703  
10528.24426  
10678.45914  
10567.95842  
10508.52177  
10623.50671  
10513.78469  
10399.47236  
10424.23114  
10502.3184  
10545.4455  
10556.49513  
10522.17108  
10540.43645  
10563.21843  
10527.01254  
10516.48571  
10444.7102  
10445.09267  
10438.67637  
10510.3031  
10524.13752  
10561.72801  
10541.36925  
10588.32165  
10650.83986  
10610.89051  
10573.80252  
10569.00391  
10588.60634  
10590.16716  
10591.58732  
10541.89293  
10559.53341  
10551.21696  
10583.28581  
10610.40845  
10602.60089  
10629.02631  
10607.59304  
10415.69218  
10490.91226  
10545.45658  
10521.88545  
10429.47794  
10537.54869  
10467.72259  
10520.18505  
10530.02918  
10494.00952  
10544.33836  
10533.40058  
10671.24766  
10603.72415  
10588.6446  
10580.60714  
10587.95899  
10549.23098  
10548.26848  
10564.91604  
10559.32011  
10552.10052  
10675.14921  
10613.89127  
10605.12799  
10514.58272  
10564.48451  
10592.48731  
10584.72393  
10501.97265  
10471.21393  
10478.6117  
10468.54436  
10473.5543  
10503.44848  
10538.62345  
10500.24845  
10564.5325  
10617.31759  
10596.29235  
10559.31884  
10570.64089  
10549.9924  
10554.86196  
10613.21901  
10537.44406  
10449.36075  
10386.42049  
10392.54901  
10454.38315  
10470.17939  
10530.23511  
10569.36564  
10594.17296  
10552.41957  
10562.05556  
10541.9007  
10530.60393  
10570.48298  
10565.9487  
10583.65335  
10619.84571  
10686.93206  
10659.50026  
10659.25547  
10668.69062  
10669.79862  
10608.92176  
10535.4426  
10532.08836  
10468.0204  
10448.99532  
10493.79543  
10562.98699  
10585.34932  
10615.30795  
10630.86771  
10581.66111  
10541.58786  
10572.46241  
10579.01947  
10596.48998  
10612.24368  
10552.14882  
10556.0951  
10523.06975  
10495.01587  
10560.67007  
10534.48075  
10568.32317  
10587.84765  
10603.68952  
10588.95937  
10533.59593  
10574.38732  
10550.68368  
10547.83835  
10558.29335  
10487.4282  
10517.09067  
10509.25904  
10508.44023  
10474.11924  
10442.1529  
10465.35379  
10517.72157  
10572.16862  
10612.82517  
10592.45958  
10508.49039  
10577.48069  
10559.73019  
10588.93158  
