9869.752894  
9777.011475  
9722.772783  
9751.632695  
9766.600904  
9772.587  
9766.760035  
9708.913801  
9668.023443  
9680.338891  
9654.737016  
9652.759353  
9703.144637  
9723.48543  
9721.813584  
9711.839997  
9703.462075  
9672.967072  
9694.619544  
9709.151709  
9715.807231  
9721.253469  
9718.763647  
9700.591957  
9673.996504  
9731.215805  
9718.281912  
9690.793039  
9685.798431  
9687.646369  
9708.061959  
9754.643959  
9683.147774  
9706.925946  
9690.036034  
9727.58147  
9751.146273  
9758.668893  
9700.374488  
9689.666214  
9699.785402  
9661.837701  
9689.718185  
9693.000714  
9710.185984  
9723.314021  
9727.335838  
9718.358252  
9679.888261  
9686.950026  
9680.854102  
9710.143249  
9700.371804  
9759.866652  
9731.333838  
9739.933829  
9751.89273  
9722.656349  
9723.992962  
9740.214963  
9703.257814  
9704.281108  
9678.884715  
9706.356253  
9717.993382  
9723.502943  
9742.907853  
9737.162881  
9719.321978  
9736.009647  
9771.058871  
9755.020381  
9767.02709  
9670.286551  
9724.535214  
9727.674525  
9669.732622  
9703.415207  
9682.798068  
9677.845951  
9734.315774  
9754.64244  
9718.288253  
9708.08213  
9720.938309  
9715.669225  
9684.966481  
9694.482857  
9708.052399  
9719.62594  
9706.912182  
9684.198018  
9744.702897  
9750.783211  
9734.977892  
9698.077906  
9696.272568  
9737.556128  
9717.200567  
9708.062274  
9689.285971  
9703.392292  
9699.206043  
9739.953639  
9713.079337  
9671.952069  
9731.773153  
9710.764652  
9694.448747  
9697.958486  
9776.882084  
9746.366493  
9729.035451  
9762.842943  
9725.346477  
9737.783005  
9783.22175  
9703.286876  
9721.249194  
9697.708463  
9730.657169  
9714.781583  
9709.990532  
9698.56418  
9691.216545  
9697.810928  
9717.445279  
9744.638105  
9698.965703  
9708.991934  
9779.392487  
9693.270945  
9702.885652  
9738.238454  
9727.20407  
9765.910292  
9761.219549  
9779.428655  
9747.708911  
9734.445239  
9710.622401  
9705.138698  
9699.32474  
9761.74688  
9738.17204  
9732.369146  
9694.270693  
9675.27638  
9696.731139  
9679.892505  
9691.397366  
9692.868193  
9678.241254  
9708.765198  
9745.188851  
9753.56979  
9731.781947  
9741.374935  
9712.787199  
9695.075469  
9701.192789  
9702.113728  
9732.810954  
9726.001812  
9714.246506  
9719.23056  
9794.632674  
9757.436304  
9702.669345  
9743.658509  
9754.253491  
9685.478137  
9670.158815  
9690.641117  
9669.621954  
9731.427533  
9715.014348  
9661.832296  
9736.102644  
9687.089469  
9731.049409  
9721.930066  
9700.939791  
9685.239089  
9727.023242  
9702.067235  
9696.15602  
9718.031599  
9759.135001  
9734.21611  
9696.705521  
9739.199694  
9710.322318  
9746.031819  
9698.13851  
9736.993278  
9707.620271  
9660.591367  
9694.949194  
9731.691842  
9700.972017  
9750.420956  
9725.399092  
9725.404692  
9759.768177  
9732.028845  
9742.742173  
9716.341042  
9715.087913  
9740.702117  
9741.991861  
9740.360859  
9699.904655  
9743.301724  
9766.268578  
9713.687106  
9713.03707  
9701.421032  
9671.633128  
9672.189743  
9685.373805  
9722.098466  
9725.675725  
9697.224774  
9752.813112  
9756.118571  
9678.035859  
9684.304741  
9717.112281  
9693.339515  
9718.178228  
9686.962325  
9692.169799  
9723.508672  
9710.031437  
9695.618526  
9703.467108  
9696.803469  
9701.197221  
9690.161353  
9721.892143  
9715.430364  
9701.858748  
9726.593437  
9748.051256  
9778.6311  
9715.078351  
9669.216121  
9699.651423  
9716.060147  
9721.438495  
9759.479855  
9786.692263  
9734.621215  
9702.367233  
9688.214273  
9716.701646  
9658.845057  
9689.436561  
9704.605756  
9726.962391  
9714.681728  
9654.477231  
9777.798987  
9777.607978  
9756.957107  
9729.250108  
9739.448146  
9731.331251  
9719.312201  
9697.74941  
9671.026405  
9698.554084  
9759.648249  
9735.50233  
9724.129579  
9725.458124  
9723.531733  
9708.494535  
9682.193756  
9697.075992  
9710.101304  
9770.247029  
9730.20513  
9722.459991  
9725.217149  
9734.730478  
9726.051238  
9751.263737  
9743.600207  
9744.811786  
9713.679137  
9762.830237  
9697.594947  
9669.32622  
9689.067508  
9729.579914  
9571.15724  
9693.01174  
9787.693401  
9834.30452  
9738.721468  
9668.905866  
9781.109825  
9733.210635  
9706.558672  
9720.431861  
9685.175858  
9636.182236  
9651.650409  
9686.132575  
9678.32225  
9702.01548  
9636.519168  
9704.036581  
9706.847876  
9723.553627  
9705.419293  
9742.836281  
9725.690307  
9725.694143  
9735.373311  
9732.110435  
9725.88534  
9751.643021  
9689.421697  
9732.301364  
9730.982767  
9746.53217  
9734.505306  
9725.004718  
9709.896619  
9706.558226  
9675.948289  
9724.536669  
9792.40014  
9775.916389  
9770.662728  
9749.903213  
9764.883126  
9720.568378  
9712.956463  
9717.889453  
9722.715446  
9754.456843  
9734.199734  
9696.777383  
9632.602378  
9722.776025  
9737.187681  
9714.210112  
9723.266347  
9705.268301  
9724.8525  
9695.514739  
9723.023663  
9703.004348  
9695.950895  
9742.433795  
9707.977331  
9697.717636  
9712.481772  
9707.799613  
9681.410143  
9697.650914  
9733.154017  
9711.089691  
9685.72139  
9692.096943  
9754.465938  
9735.525618  
9730.212885  
9712.311231  
9693.38551  
9694.29885  
9698.287895  
9706.099047  
9702.026844  
9660.9084  
9724.075627  
9728.677841  
9769.406676  
9762.733814  
9770.195963  
9763.812087  
9754.915744  
9750.350351  
9735.913686  
9700.899106  
9665.552289  
9701.443158  
9736.57016  
9702.274449  
9736.775316  
9702.223139  
9694.050054  
9673.112651  
9714.349256  
9731.308756  
9703.629182  
9728.064012  
9704.342386  
9678.914829  
9726.769581  
9711.43902  
9722.019897  
9738.975183  
9721.853689  
9749.988862  
9767.889993  
9745.151076  
9738.581305  
9762.485472  
9788.522205  
9754.566955  
9754.920003  
9712.522384  
9700.890445  
9704.738159  
9838.244639  
9861.916914  
9727.211972  
9705.202216  
9716.820319  
9724.023038  
9750.044407  
9750.762392  
9751.841371  
9730.442985  
9719.930745  
9677.379039  
9687.927498  
9666.344486  
9672.191261  
9684.754657  
9686.590349  
9724.618103  
9709.048875  
9728.222818  
9731.69713  
9750.215131  
9805.264319  
9687.554778  
9696.236788  
9745.065265  
9744.053242  
9734.18491  
9720.097757  
9650.330578  
9711.759074  
9706.79109  
9717.460913  
9711.752994  
9686.610405  
9690.509681  
9693.50996  
9721.087103  
9722.50468  
9697.847355  
9645.725327  
9728.252637  
9673.941948  
9693.58682  
9733.313567  
9742.549092  
9693.237511  
9691.702302  
9742.681985  
9708.863914  
9715.28469  
9638.369647  
9680.290714  
9744.281456  
9758.365407  
9734.310227  
9737.348538  
9722.432771  
9740.927327  
9751.92306  
9720.939465  
9681.729069  
9717.279174  
9730.557602  
9688.532552  
9702.385075  
9725.87081  
9732.702626  
9709.74242  
9775.147782  
9737.022577  
9721.567991  
9749.82907  
9717.054358  
9710.237487  
9681.993178  
9636.594362  
9699.635711  
9703.752342  
9664.757553  
9703.828662  
9710.861631  
9761.056641  
9730.95943  
9690.733776  
9722.697353  
9700.366472  
9730.256523  
9755.323433  
9745.353815  
9681.636443  
9749.732516  
9803.203143  
9802.807353  
9859.189816  
9705.286506  
9800.347745  
9754.31256  
9702.398862  
9738.487324  
9644.678125  
9591.243959  
9617.911618  
9736.836394  
9724.287049  
9738.265972  
9752.958949  
9731.610574  
9753.187488  
9701.002907  
9673.894892  
9691.029534  
9731.858693  
9739.521208  
9675.603918  
9722.784473  
9765.295661  
9716.46094  
9675.847293  
9711.793995  
9675.450137  
9683.191844  
9734.366826  
9672.940939  
9684.740365  
9666.326346  
9728.043103  
9798.489871  
9737.488866  
9730.720466  
9748.580952  
9700.988302  
9714.521051  
9731.846793  
9689.315646  
9692.871155  
9713.46808  
9764.37875  
9782.551489  
9714.783832  
9803.816552  
9875.040854  
9654.620937  
9818.543749  
9751.202543  
9718.410094  
9744.014014  
9664.917428  
9716.882901  
9723.599784  
9749.944812  
9733.292753  
9716.318449  
9720.613588  
9695.873976  
9688.143723  
9692.177766  
9753.683901  
9650.292641  
9658.592734  
9862.140716  
9810.330948  
9809.216826  
9736.067983  
9683.157952  
9673.991001  
9642.272721  
9602.732293  
9620.857752  
9612.19036  
9652.210606  
9649.297455  
9662.036095  
9710.239473  
9749.569117  
9710.792635  
9749.726783  
9660.511677  
9701.159297  
9738.15561  
9742.919149  
9740.651068  
9749.452387  
9726.542599  
9713.115997  
9702.439863  
9756.478085  
9743.663848  
9681.635946  
9721.005137  
9727.915035  
9726.319769  
9727.044982  
9723.860239  
9689.177405  
9718.741058  
9733.685496  
9706.278789  
9731.314539  
9704.455873  
9730.575775  
9694.467251  
9692.974792  
9729.138154  
9751.357225  
9754.122338  
9680.151503  
9687.311847  
9690.953485  
9701.056853  
9721.621228  
9713.475267  
9700.703621  
9733.202523  
9718.461593  
9778.639168  
9643.615106  
9752.616886  
9708.118635  
9677.360288  
9705.975673  
9708.687111  
9717.451814  
9708.83041  
9697.1902  
9674.669516  
9755.711024  
9769.153555  
9720.007967  
9731.376618  
9734.08725  
9689.10721  
9733.182592  
9706.167674  
9740.409359  
9748.763885  
9727.441166  
9761.302191  
9782.465805  
9790.541757  
9851.99366  
9797.358566  
9779.083493  
9761.696999  
9719.581976  
9705.328032  
9700.120444  
9735.453532  
9749.305678  
9756.398802  
9718.031749  
9705.353266  
9708.564372  
9780.087603  
9781.937368  
9788.581992  
9742.259149  
9806.342309  
9780.200621  
9729.465087  
9695.242917  
9691.107918  
9653.255938  
9678.45322  
9652.941082  
9644.355825  
9654.820587  
9666.230503  
9627.343964  
9630.123341  
9698.152179  
9714.518055  
9663.058545  
9633.239202  
9663.018518  
9636.060858  
9666.841109  
9740.40143  
9706.722455  
9754.121175  
9789.689213  
9772.560064  
9749.97824  
9684.707828  
9675.302404  
9692.753032  
9745.60488  
9683.07757  
9683.508243  
9714.047132  
9734.567631  
9741.239529  
9772.488864  
9711.719653  
9717.284245  
9712.91974  
9737.90884  
9720.504786  
9827.705924  
9755.313986  
9744.57108  
9718.027874  
9741.845877  
9698.873078  
9708.716643  
9711.24577  
9708.641117  
9743.847369  
9755.882645  
9767.985555  
9751.879039  
9735.97921  
9681.2959  
9698.59246  
9721.118852  
9726.949381  
9723.835299  
9670.959526  
9695.805062  
9723.048371  
9666.169885  
9704.427801  
9693.579179  
9695.534447  
9707.506352  
9709.381453  
9764.420112  
9786.956916  
9751.585034  
9712.323885  
9657.226587  
9690.553613  
9699.904993  
9668.372482  
9705.980817  
9750.953484  
9756.900788  
9720.430953  
9729.173703  
9741.584739  
9771.285207  
9690.083932  
9678.712538  
9748.53396  
9770.795599  
9766.184753  
9680.581505  
9674.116618  
9700.363182  
9675.213961  
9696.081476  
9725.228433  
9691.846475  
9732.170991  
9701.324207  
9747.702996  
9784.109041  
9760.92334  
9718.406723  
9786.41605  
9734.925739  
9736.105924  
9726.982321  
9701.90576  
9740.782772  
9741.311083  
9780.156528  
9693.313041  
9673.67569  
9717.673087  
9693.218886  
9702.837101  
9704.692201  
9671.580355  
9730.894668  
9733.183918  
9740.318299  
9737.694311  
9734.831566  
9707.74776  
9672.880927  
9732.680665  
9749.210747  
9747.343587  
9702.34937  
9651.423786  
9707.041098  
9644.986208  
9776.407076  
9749.193524  
9732.039128  
9692.442563  
9704.606995  
9712.216608  
9679.028856  
9690.52243  
9657.736737  
9631.167999  
9649.915957  
9701.936265  
9735.358043  
9760.502551  
9655.970106  
9659.301877  
9721.659376  
9752.782678  
9840.986122  
9770.131209  
9804.517056  
9776.455885  
9783.50118  
9687.459543  
9751.51822  
9737.154476  
9722.416106  
9725.543558  
9730.363119  
9660.19105  
9704.866744  
9697.40675  
9772.609628  
9751.977762  
9715.252434  
9701.96777  
9703.555356  
9671.176546  
9663.364016  
9643.721665  
9704.610656  
9698.113926  
9706.874681  
9740.737775  
9728.031871  
9796.216038  
9699.001029  
9628.592724  
9696.286105  
9714.412596  
9730.597032  
9717.649367  
9715.362907  
9730.500743  
9706.778452  
9780.440461  
9754.681806  
9717.380714  
9671.298534  
9697.977958  
9729.646386  
9721.228931  
9728.158997  
9754.108038  
9768.0269  
9700.346704  
9691.921106  
9699.922711  
9709.972548  
9734.106803  
9732.142842  
9703.536115  
9711.97547  
9737.748185  
9794.736028  
9778.013588  
9776.077725  
9775.320297  
9754.728009  
9699.744741  
9694.449125  
9725.76581  
9688.575267  
9739.809623  
9676.568743  
9646.715957  
9660.792375  
9707.615242  
9676.858294  
9646.559031  
9648.603826  
9702.842471  
9711.470596  
9753.776728  
9762.277328  
9732.326556  
9738.952953  
9739.958903  
9696.079125  
9692.086956  
9699.149233  
9657.839258  
9687.738412  
9722.591276  
9838.899338  
9730.049473  
9783.515539  
9793.14674  
9725.334755  
9761.894098  
9756.428152  
9747.424789  
9716.888848  
9743.995004  
9757.436106  
9727.121245  
9744.358643  
9704.702838  
9720.76077  
9713.642256  
9740.575883  
9713.179681  
9704.065426  
9725.248872  
9678.491548  
9743.366818  
9676.84022  
9722.709585  
9742.223474  
9750.579125  
9769.256925  
9733.154208  
9705.117067  
9740.767019  
9711.285224  
9687.093945  
9695.932574  
9656.450242  
9731.641889  
9692.068092  
9652.683245  
9681.129071  
9721.352295  
9679.431207  
9725.188558  
9748.563868  
9717.30622  
9733.262996  
9683.816704  
9739.64861  
9735.45962  
9700.444626  
9715.061577  
9718.408485  
9698.813059  
9722.258465  
9730.442445  
9781.980795  
9785.691816  
9692.843136  
9700.434069  
9723.710333  
9710.787103  
9671.740693  
9714.584276  
9652.54658  
9668.164132  
9734.310004  
9782.742765  
9781.881113  
9703.347443  
9741.635956  
9708.977804  
9696.130162  
9727.856777  
9756.045439  
9739.51545  
9702.914267  
9703.819802  
9723.144576  
9689.29948  
9652.52538  
9698.491498  
9713.2917  
9799.938709  
9778.978858  
9763.879982  
9735.562153  
9765.072331  
9717.011804  
9742.10306  
9749.201386  
9715.776508  
9737.641654  
9702.909082  
9689.312249  
9686.923262  
9700.904498  
9653.797286  
9719.176561  
9757.919201  
9745.734628  
9763.541312  
9776.808103  
9757.705373  
9714.513165  
9647.707876  
9771.020616  
9729.577598  
9689.682021  
9696.041111  
9702.284357  
9605.947632  
9663.869259  
9633.351217  
9662.071318  
9707.487388  
9733.10446  
9726.619261  
9692.237122  
9637.041664  
9654.530174  
9679.442512  
9688.109062  
9746.548589  
9744.552411  
9770.284527  
9771.310568  
9760.495049  
9684.044303  
9745.219019  
9723.783037  
9721.348778  
9707.638665  
9702.565015  
9771.776268  
9782.395868  
9764.304169  
9728.965576  
9691.988696  
9720.949283  
9760.419222  
9790.050097  
9784.093766  
9757.42575  
9730.980884  
9715.011091  
9856.404023  
9754.943626  
9731.723278  
9717.105672  
9710.792084  
9711.922208  
9687.892416  
9714.198813  
9703.793223  
9715.14614  
9692.36358  
9697.54799  
9660.012062  
9683.756157  
9606.389953  
9603.043274  
9679.984285  
9685.156895  
9771.861869  
9706.122993  
9622.156177  
9712.746249  
9675.555787  
9674.970381  
9665.260482  
9623.689541  
9771.643847  
9787.990561  
9781.831172  
9758.355662  
9747.499692  
9721.717087  
9747.650361  
9699.005153  
9698.815504  
9691.867257  
9660.996278  
9672.334497  
9687.743282  
9718.179417  
9712.126667  
9734.411626  
9702.96555  
9725.416396  
9755.614059  
9734.622856  
9730.059653  
9713.015438  
9645.874405  
9795.529412  
9791.085005  
9812.269254  
9761.717097  
9757.277587  
9705.163338  
9725.834282  
9761.549883  
9720.091578  
9728.467653  
9706.269082  
9720.622155  
9739.975291  
9719.95498  
9707.464792  
9722.858563  
9763.726374  
9763.714187  
9703.618904  
9724.997294  
9745.534968  
9695.343862  
9682.879212  
9753.396264  
9753.169817  
9683.986732  
9669.182769  
9728.847893  
9708.320289  
9730.448546  
9731.522618  
9761.293161  
9549.033561  
9680.641769  
9739.180064  
9797.832483  
9731.764195  
9735.373556  
9738.948751  
9700.975052  
9720.410278  
9760.154328  
9784.437769  
9763.139839  
9741.174735  
9705.871961  
9730.952872  
9787.396482  
9711.508382  
9754.953363  
9703.952459  
9709.601305  
9695.919315  
9710.929438  
9719.321647  
9710.337306  
9674.724  
9696.497814  
9681.803473  
9669.194775  
9749.328574  
9788.039903  
9793.562534  
9785.285062  
9677.879316  
9640.887466  
9703.013501  
9679.604044  
9698.934775  
9732.881536  
9658.759926  
9765.527845  
9608.248081  
9762.728828  
9658.769822  
9745.503427  
9757.106676  
9701.063413  
9693.788428  
9690.596373  
9676.586742  
9695.901434  
9660.92628  
9673.885331  
9684.192832  
9705.701404  
9758.126457  
9745.36784  
9726.884074  
9717.762409  
9733.862169  
9752.374285  
9753.280221  
9730.007812  
9672.524018  
9712.842306  
9665.399011  
9704.701574  
9793.088901  
9694.906506  
9651.419593  
9774.798376  
9741.812728  
9761.313184  
9796.115232  
9797.445153  
9730.678373  
9738.022041  
9706.115253  
9736.613597  
9769.422314  
9754.431681  
9729.526173  
9707.715401  
9709.292436  
9707.798623  
9669.657716  
9719.80142  
9790.492261  
9785.987512  
9764.612114  
9776.205467  
9779.665929  
9768.142186  
9671.937483  
9687.590046  
9681.13461  
9705.52703  
9741.59614  
9693.92905  
9751.17818  
9660.453835  
9735.244347  
9663.089733  
9716.342976  
9657.359538  
9720.521342  
9816.051559  
9748.382042  
9715.087932  
9672.559217  
9627.963998  
9757.544661  
9715.915264  
9666.93024  
9655.672165  
9694.920239  
9715.212966  
9730.847646  
9694.751665  
9665.590088  
9684.5802  
9687.09183  
9696.562427  
9664.970488  
9678.713397  
9744.692038  
9772.254207  
9745.346066  
9667.627701  
9639.960988  
9771.796878  
9748.805024  
9732.816607  
9723.163423  
9762.85774  
9843.226283  
9774.706399  
9784.629013  
9738.069995  
9687.176763  
9690.357508  
9696.12547  
9736.996047  
9710.731535  
9703.371406  
9687.658479  
9684.786998  
9688.803407  
9697.464301  
9692.106213  
9749.856633  
9769.580828  
9735.987369  
9805.908422  
9720.786663  
9750.521189  
9730.146902  
9704.504197  
9700.600552  
9729.919867  
9780.200992  
9784.267173  
9711.370959  
9732.349514  
9720.439614  
9696.424786  
9673.242164  
9696.000473  
9691.018795  
9754.243459  
9696.169303  
9746.134031  
9677.566417  
9705.48261  
9654.429665  
9731.36217  
9739.872681  
9748.799427  
9621.651502  
9712.9345  
9773.602414  
9816.198561  
9768.301995  
9805.988566  
9775.678411  
9773.530305  
9726.935436  
9693.726579  
9719.919048  
9711.946878  
9611.348531  
9651.916328  
9659.680271  
9642.090037  
9645.697622  
9666.747628  
9700.529226  
9675.280802  
9692.356025  
9785.460669  
9779.145393  
9794.354445  
9754.118365  
9754.969238  
9709.81164  
9737.408975  
9733.677012  
9688.949334  
9680.661578  
9702.310957  
9761.758698  
9727.294844  
9706.496822  
9717.951669  
9693.004791  
9695.856966  
9704.148296  
9702.268009  
9709.237289  
9672.262066  
9773.018249  
9777.32326  
9738.257849  
9753.743681  
9736.890218  
9741.2036  
9727.67865  
9707.708919  
9690.720528  
9688.712025  
9706.427492  
9719.959368  
9685.839775  
9752.552775  
9732.307974  
9589.593089  
9737.769066  
9773.05337  
9756.061978  
9741.952864  
9747.590818  
9751.064806  
9683.205723  
9652.69778  
9706.706506  
9677.528829  
9701.866332  
9750.793663  
9758.838572  
9786.808899  
9730.710548  
9746.892529  
9692.938317  
9734.333587  
9777.759969  
9721.314828  
9671.678667  
9648.158617  
9648.423604  
9709.819584  
9742.032394  
9774.801027  
9771.295797  
9731.317563  
9773.179593  
9699.645119  
9745.203667  
9669.61499  
9680.751157  
9689.739539  
9695.74142  
9707.553174  
9708.339179  
9722.91291  
9704.039519  
9768.247736  
9708.120743  
9698.066863  
9715.243755  
9760.951514  
9724.836465  
9769.113407  
9685.91388  
9677.221313  
9789.201235  
9745.504323  
9766.826292  
9730.782746  
9703.040778  
9710.514562  
9672.928279  
9712.197108  
9756.281055  
9758.022568  
9720.14195  
9735.395796  
9716.857894  
9704.79308  
9754.4462  
9768.981787  
9769.574806  
9742.886603  
9758.342781  
9704.871258  
9751.200929  
9720.395104  
9694.899116  
9695.12091  
9656.268539  
9620.689021  
9743.900953  
9719.150341  
9682.022699  
9680.193299  
9664.718693  
9714.092999  
9691.2607  
9694.606817  
9687.863384  
9463.060125  
9754.928291  
9822.656676  
9772.993454  
9738.903602  
9732.490276  
9755.809103  
9677.344208  
9730.630474  
9770.283232  
9772.791883  
9698.647411  
9668.608568  
9645.464134  
9657.992232  
9724.675553  
9759.056377  
9750.380543  
9745.459615  
9733.930116  
9777.01045  
9737.05216  
9744.738098  
9683.791174  
9747.281332  
9677.834995  
9655.300698  
9669.452746  
9761.125313  
9701.632918  
9736.903961  
9672.748454  
9731.903327  
9687.957899  
9745.531159  
9712.237972  
9691.830941  
9720.922691  
9821.4032  
9796.684273  
9770.835702  
9732.227247  
9713.190407  
9709.179699  
9658.839872  
9719.131051  
9667.98729  
9640.82088  
9639.091286  
9645.414796  
9639.036318  
9691.825856  
9731.237869  
9677.923447  
9691.350072  
9706.196045  
9703.410527  
9682.30299  
9743.499091  
9898.421444  
9841.984788  
9827.183941  
9765.15708  
9689.938714  
9773.140628  
9700.467473  
9767.594012  
9638.610054  
9676.760612  
9703.271663  
9714.595452  
9711.317472  
9633.530403  
9704.123815  
9742.183933  
9753.7769  
9692.234687  
9711.068866  
9742.704918  
9694.108804  
9694.480521  
9728.128126  
9723.297767  
9711.552566  
9709.224868  
9704.965544  
9772.574167  
9686.569148  
9704.623862  
9723.902085  
9736.256498  
9691.687401  
9602.868992  
9751.619032  
9636.803746  
9740.648265  
9752.426771  
9786.138586  
9762.592262  
9742.055565  
9673.316253  
9705.859798  
9746.788498  
9719.046371  
9757.808446  
9724.215897  
9757.942184  
9743.652187  
9831.701577  
9744.230898  
9699.653867  
9705.209419  
9710.556672  
9776.220652  
9717.792615  
9738.242951  
9735.103993  
9708.189418  
9666.024291  
9684.310043  
9734.129327  
9717.586643  
9747.126371  
9749.124449  
9790.857427  
9773.712395  
9719.487716  
9730.925874  
9745.241989  
9710.556756  
9734.208598  
9706.13345  
9789.513198  
9685.109165  
9679.416274  
9703.084793  
9751.515743  
9767.71315  
9764.877277  
9788.045938  
9665.486138  
9743.057312  
9703.394053  
9773.573626  
9759.508836  
9743.779715  
9740.21678  
9722.028305  
9677.503733  
9698.921191  
9726.075684  
9740.72201  
9720.33794  
9710.65411  
9679.711394  
9670.585708  
9660.928191  
9661.244467  
9605.074219  
9670.940597  
9738.506456  
9709.252554  
9775.742754  
9716.154532  
9762.531375  
9720.086478  
9712.575112  
9718.541128  
9708.898703  
9695.223991  
9620.931519  
9643.325745  
9731.163106  
9787.384518  
9746.54098  
9739.601895  
9767.162143  
9720.702356  
9745.169368  
9738.534571  
9711.57323  
9711.518416  
9778.31797  
9743.782195  
9719.393226  
9687.547455  
9675.683156  
9687.427553  
9750.364054  
9775.043  
9788.918434  
9695.054591  
9726.402158  
9693.140877  
9760.501504  
9734.538655  
9726.026884  
9727.940894  
9672.113948  
9713.696106  
9740.268634  
9704.3654  
9707.20037  
9699.440461  
9685.660419  
9697.328664  
9697.443225  
9708.761271  
9731.317952  
9753.943714  
