8071.184727  
8101.377425  
7999.60699  
8121.758677  
8128.39241  
8136.891209  
8166.685249  
8100.26787  
8157.098015  
8110.557404  
8144.594715  
8091.125516  
8129.518847  
8177.129288  
8104.089305  
8097.163933  
8099.557915  
8116.465366  
8103.679716  
8098.368462  
8058.057466  
8073.516658  
8124.627099  
8164.793856  
8126.338407  
8077.920696  
8121.466449  
8112.08188  
8066.628906  
8120.329988  
8067.835567  
8120.115094  
8075.401962  
8109.965068  
8107.04532  
8143.30109  
8099.699438  
8161.377666  
8089.825291  
8084.905644  
8119.790583  
8112.739398  
8068.925658  
8123.122996  
8081.108006  
8111.659853  
8097.177358  
8080.25985  
8110.848167  
8100.78345  
8105.332099  
8110.703394  
8154.386842  
8143.627239  
8169.851461  
8124.737411  
8033.91876  
8079.828209  
8054.31855  
8049.810367  
8035.826514  
8045.467874  
8040.666049  
8087.97251  
8093.940009  
8053.325723  
8053.241127  
8042.011837  
8089.786369  
8036.015861  
8095.993534  
8169.773365  
8098.397568  
8122.567978  
8082.679065  
8101.556613  
8109.921959  
8106.407513  
8102.213946  
8105.706981  
8121.806972  
8118.060362  
8098.017718  
8129.676354  
8107.413961  
8050.503895  
8121.330073  
8114.281508  
8118.325201  
8097.046381  
8146.320621  
8196.491677  
8150.578782  
8156.559795  
8168.240167  
8161.821716  
8045.989241  
8116.095204  
8125.98914  
8168.333401  
8064.124248  
8110.94291  
8138.993299  
8092.344872  
8103.754664  
8079.400009  
8087.771254  
8121.941777  
8135.905032  
8201.404925  
8105.290005  
8148.365251  
8152.888515  
8122.152557  
8131.241379  
8159.16803  
8145.660364  
8097.500202  
8118.436866  
8146.909382  
8095.245106  
8098.405279  
8155.77726  
8124.112013  
8084.185682  
8074.178644  
8133.966533  
8151.058425  
8081.846837  
8115.815744  
8185.933543  
8118.852388  
8098.536767  
8090.210679  
8111.341067  
8123.613629  
8131.429003  
8139.139345  
8147.871301  
8108.876863  
8132.369404  
8151.884676  
8137.768499  
8132.836308  
8174.144935  
8115.971921  
8108.191395  
8005.386988  
8097.853695  
8136.803621  
8119.602494  
8016.270603  
8056.985997  
8117.633379  
8151.469614  
8085.291532  
8086.397691  
8085.371604  
8049.712868  
8037.973128  
8077.735071  
8093.774139  
8053.069415  
8053.377615  
8084.19767  
8196.454522  
8107.583782  
8133.844923  
8201.060951  
8106.152041  
8121.444942  
8117.026468  
8125.72869  
8095.581678  
8116.439913  
8157.809003  
8099.107422  
8081.253598  
8081.736025  
8113.936989  
8052.309166  
8114.195548  
8105.728257  
8139.314773  
8066.200336  
8058.699449  
8134.81044  
8101.625707  
8027.849542  
8073.292486  
8177.125803  
8095.644172  
8114.972123  
8123.789141  
8113.466353  
8058.12005  
8066.675209  
8063.380102  
8029.218105  
8090.940396  
8071.119287  
8046.767516  
8055.844508  
8088.068859  
8104.542969  
8041.266966  
8087.535095  
8017.469031  
8073.539781  
8127.510231  
8047.138133  
8068.585674  
8370.210938  
8126.253867  
8129.876257  
8162.935137  
8124.779392  
8063.421538  
8171.758772  
8200.048637  
8126.124938  
8178.804227  
8119.907148  
8111.74643  
8115.507796  
8155.588188  
8120.504501  
8117.430019  
8077.534152  
8085.028057  
8090.209967  
8137.208232  
8107.144144  
8090.894739  
8191.373748  
8058.449275  
8089.02346  
8035.266349  
8086.09146  
8025.601669  
8094.360279  
8058.235189  
8104.532558  
8104.100586  
8181.411385  
8116.072804  
8075.610324  
8156.110621  
8172.418777  
8148.167621  
8084.954292  
8128.229756  
8122.977988  
8112.074224  
8061.967712  
8087.628098  
7976.284135  
8058.270828  
8097.038799  
8115.897377  
8125.155234  
8173.613057  
8161.124293  
8150.356485  
8133.079349  
8051.010905  
8132.661593  
8185.103448  
8162.452081  
8080.194437  
8115.838766  
8121.347763  
8169.990661  
8061.100036  
8038.063291  
8090.68915  
8066.573119  
8130.489348  
8121.164882  
8097.60855  
8124.668283  
8150.21728  
8099.733314  
8167.275065  
8096.342869  
8091.017662  
8123.696025  
8131.434963  
8102.807387  
8127.87404  
8127.790875  
8134.231877  
8146.56713  
8111.704607  
8103.557056  
8110.332419  
8100.967066  
8056.597286  
8214.331874  
8231.710281  
8185.433953  
8081.852741  
8130.803559  
8033.684452  
8152.080903  
8092.591309  
8174.246694  
8058.798076  
8104.366082  
8127.853791  
8131.120336  
8055.6491  
8091.414635  
8127.010377  
8078.349671  
8057.350597  
8106.46004  
8118.317175  
8147.908568  
8069.534303  
8090.334736  
8119.260321  
8088.373255  
8060.465197  
8036.312567  
8063.491233  
8070.210129  
8070.066019  
8106.902753  
8094.897422  
8099.490251  
8085.526771  
7967.367249  
8100.543412  
8087.32762  
8173.68842  
8173.502694  
8173.729503  
8124.823613  
8129.672189  
8067.879013  
8138.662396  
8154.715809  
8121.454798  
8086.302746  
8098.801129  
8132.076116  
8030.256611  
8149.680395  
8154.927706  
8107.158849  
8112.905683  
8150.401923  
8082.596596  
8047.009687  
8078.883941  
8103.114785  
8119.143128  
8091.769296  
8036.256712  
8072.97457  
8083.0049  
8112.963446  
8079.860615  
8069.656497  
8048.069229  
8020.901564  
8077.148078  
8129.514087  
8113.125937  
8174.009075  
8103.015855  
8112.048581  
8137.288597  
8109.912109  
8088.459467  
8111.907395  
8079.003642  
8093.161268  
8117.918749  
8248.108275  
8149.728869  
8136.117395  
8216.153202  
8225.680406  
8198.384378  
8156.667149  
8136.320346  
8139.613158  
8153.770008  
8148.348302  
8150.57006  
8163.820599  
8095.666487  
8062.456251  
8051.780807  
8092.518785  
8100.549591  
8145.507122  
8115.364746  
8179.197877  
8093.262875  
8120.985267  
8171.763195  
8118.501633  
8123.302768  
8085.687882  
8053.636545  
8109.530447  
8107.433521  
8091.981855  
8081.853544  
8111.920062  
8033.047913  
8069.43823  
8103.657081  
8069.923076  
8073.810216  
8133.983337  
8435.907159  
8134.002402  
8126.419276  
8135.880584  
8100.351248  
8071.117569  
8128.03157  
8165.441535  
8119.570509  
8064.355362  
8065.162805  
8050.700487  
8040.31378  
8126.722774  
8102.852011  
8091.828366  
8114.535426  
8086.388206  
8043.654875  
8144.326784  
8179.252688  
8214.002077  
8076.238113  
8119.036273  
8134.399206  
8123.124169  
8131.220961  
8067.217858  
8024.048744  
8152.217364  
8073.539354  
8015.775514  
8172.757678  
8130.700678  
8083.239718  
8064.787165  
8135.042632  
8219.016231  
8106.703782  
8103.26228  
8153.037755  
8049.112142  
8153.082834  
8126.572266  
8103.772091  
8154.079017  
8095.172627  
8095.865431  
8094.240055  
8096.632947  
8032.633037  
8022.561529  
8138.730087  
8093.007526  
8002.637342  
8074.242541  
8089.549996  
8130.865644  
8202.577558  
8103.64919  
8062.485071  
8065.071497  
8067.043541  
8129.968363  
8116.790965  
8120.284735  
8060.36872  
8107.789904  
8084.925405  
8151.810884  
8156.299339  
8117.703798  
8172.561181  
8080.076666  
8134.268072  
8121.081363  
8090.459495  
8046.378603  
8183.951767  
8107.925214  
8123.939262  
8105.754002  
8117.55141  
8011.376224  
8082.124461  
8087.539568  
8109.77103  
8038.341101  
8080.872413  
8098.760742  
8101.418317  
8171.013414  
8205.011146  
8193.270553  
8233.277164  
8111.793334  
8132.443657  
8117.174227  
8096.792267  
8081.013537  
7987.630012  
8041.245706  
8146.489179  
8124.379204  
8201.448815  
8139.670618  
8155.342055  
8141.516349  
8028.041476  
8076.650441  
8158.294709  
8142.975013  
8108.412614  
8057.874731  
8087.944864  
8268.381449  
8166.180513  
8113.110604  
8133.10076  
8170.528494  
8121.22145  
8149.61437  
8062.714468  
8106.35947  
8092.011994  
8092.355592  
8088.478521  
8070.379075  
8118.484201  
8125.104554  
8145.696053  
8087.359701  
8096.463154  
8117.825313  
8119.941165  
8089.659758  
8196.194628  
8095.930428  
8028.149246  
8114.918732  
8264.741043  
8197.519419  
8122.38458  
8188.607018  
8090.859106  
8073.929278  
8126.717016  
8070.703002  
8130.023819  
8166.572692  
8091.087172  
8079.663271  
8097.563667  
8029.538686  
8108.865234  
8040.17375  
8039.96632  
8050.768639  
7901.369186  
7808.505803  
8428.886573  
8244.332738  
8194.682555  
8163.431169  
8132.003738  
8123.086555  
8067.619045  
8060.402927  
8038.518891  
8132.866767  
8074.746414  
8001.039478  
8105.356698  
8150.616435  
8140.676286  
8166.335096  
8046.520266  
8028.814245  
8123.181293  
8115.743355  
8152.576149  
8071.609959  
8072.136073  
8083.384277  
8127.839642  
8146.552106  
8063.991587  
8089.835286  
8021.985582  
8081.801589  
8221.646821  
8129.640569  
8049.910588  
8095.395816  
8092.887044  
8144.088542  
8105.047683  
8114.075639  
8112.55416  
8072.539321  
8085.410493  
8105.975597  
8139.465781  
8131.388964  
8149.359195  
8070.232096  
8129.151165  
8055.305215  
8088.908035  
8082.722157  
8104.951688  
8080.233208  
8076.050271  
8104.313505  
8116.942989  
8058.688067  
8124.345069  
8099.966376  
8066.29165  
8063.710966  
8118.307819  
8102.00857  
8121.202676  
8021.108202  
8055.954562  
8138.381886  
8145.86978  
8060.520137  
8159.626459  
8124.678481  
8085.086134  
8149.444779  
8112.226209  
8126.59535  
8123.606249  
8058.880775  
8235.176359  
8105.200762  
8098.944762  
8165.492395  
8081.288035  
8133.508649  
8096.374321  
8168.41349  
8106.288266  
8152.2127  
8131.435827  
8088.474233  
8107.953018  
8158.348835  
8122.067602  
8126.963626  
8059.160437  
8086.699185  
8106.568595  
8146.18044  
8153.228095  
8166.734005  
8154.889766  
8143.224997  
8126.200139  
8156.534213  
8109.122267  
8088.842886  
8085.998182  
8080.344311  
8061.950027  
8040.046482  
8032.453451  
8026.080044  
8039.626689  
8078.394357  
8029.663872  
8113.995634  
8032.690183  
8090.285398  
8160.36148  
8080.124416  
8200.176511  
8112.508834  
8093.707115  
8136.05288  
8071.973509  
8184.837947  
8107.328681  
8115.123513  
8095.088929  
8133.047492  
8081.69181  
8067.41019  
8132.063505  
8076.339939  
8085.96119  
8110.166936  
8062.089973  
8130.59792  
8091.284051  
8180.743697  
8174.537979  
8154.947945  
8156.423379  
8146.665252  
8119.349043  
8091.555473  
8133.409544  
8128.839462  
8082.220046  
8116.725592  
8140.925658  
8067.327687  
8093.209366  
8075.303857  
8136.784107  
8094.393504  
8009.528017  
8093.478168  
8072.480379  
8091.229374  
8166.497951  
8130.754226  
8108.572513  
8148.89672  
8067.740493  
8102.522489  
8081.600563  
8192.886186  
8149.782389  
8058.846281  
8131.191569  
8059.286778  
8087.694229  
8077.151945  
7989.15428  
8158.471068  
8104.49991  
8134.322765  
8275.119971  
8190.926309  
8158.32249  
8137.580022  
8111.77694  
8063.443399  
8142.159225  
8113.392617  
8071.42009  
7991.422969  
8065.205628  
8070.137572  
8135.618097  
8163.046185  
8059.042873  
8071.086611  
8041.565564  
8110.938095  
8077.98515  
8180.691378  
8188.841623  
8089.046162  
8267.369724  
8193.858887  
8139.463974  
8076.073405  
8117.214703  
8132.646468  
8085.617951  
8044.870325  
8035.25133  
8050.903545  
8083.627834  
8135.297779  
8100.049367  
8086.538821  
8062.010697  
8067.249018  
8036.870819  
8142.748114  
8147.15987  
7952.956318  
8146.949039  
8039.324331  
8182.645525  
8147.90914  
8162.937674  
8017.283899  
8052.697389  
8040.676488  
8100.458867  
8109.162311  
8084.858163  
8173.831352  
8163.465775  
8029.650121  
8053.529072  
8066.047498  
8148.89681  
8062.287199  
8064.33958  
8069.089389  
8132.119629  
8029.03006  
8153.309166  
8057.498726  
8081.031469  
8150.191294  
8055.189638  
8209.555597  
8372.663456  
8318.617648  
8323.94048  
8315.214675  
8200.8766  
8198.023488  
8114.646613  
8087.6612  
8118.85617  
8083.17536  
8187.541061  
8112.435126  
8079.405902  
8071.738287  
8153.707289  
8070.103953  
8062.531665  
8103.058336  
8114.774762  
8070.736974  
8083.875718  
8133.949348  
8209.409724  
8162.033534  
8157.377138  
8198.285027  
8158.14915  
8109.443657  
8073.384608  
7847.003087  
7902.123384  
8050.591825  
8124.462032  
8055.495852  
8091.534567  
8078.718873  
8045.810221  
8121.477371  
8039.831633  
8056.104846  
8047.952727  
8020.444538  
8088.440306  
8104.462705  
8167.699084  
8092.922739  
8030.805513  
8048.815475  
8063.34971  
8211.087038  
8068.042621  
8067.132049  
8136.424429  
8053.462509  
8238.291313  
8179.411655  
8146.777001  
8099.659601  
8164.285381  
8140.367732  
8187.388565  
8112.318034  
8168.274981  
8092.935856  
8030.646451  
8055.610295  
8055.138251  
8067.992698  
8012.934009  
8040.279392  
8116.017797  
8049.72118  
8208.312253  
8070.812393  
8178.014738  
8084.536963  
8103.198265  
8075.954938  
8129.221494  
8080.759491  
8062.000629  
8071.075027  
8029.308801  
8109.223403  
8039.238444  
8314.33614  
8208.749776  
8285.62628  
8205.072041  
8226.259058  
8195.953546  
8214.753137  
8150.478802  
8141.757206  
8222.936972  
8155.662671  
8126.207581  
8149.765249  
8087.013532  
8169.584338  
8160.883093  
8131.614437  
8079.757869  
8120.485739  
8124.444482  
8143.697451  
8143.342874  
8048.474806  
8014.079837  
8030.914186  
8137.091634  
8045.544131  
8126.826307  
8081.506842  
8115.27346  
8027.164006  
8135.170837  
8089.918491  
8071.103796  
8075.915264  
8084.289467  
8085.665819  
8089.75692  
8100.885411  
8037.15717  
8100.391181  
8119.706593  
8030.126695  
8188.353763  
8135.22452  
8188.31658  
8223.909578  
8151.358965  
8169.565609  
8166.196514  
8163.74102  
8104.700757  
8187.545068  
8112.299799  
8163.013992  
8025.679968  
8102.967874  
8070.725446  
8029.667093  
8184.142208  
7977.868697  
7973.469861  
8036.606142  
8060.422504  
8064.741318  
8043.014407  
8132.649268  
8156.305047  
8087.452839  
8046.03088  
8046.789455  
8080.770289  
8151.08129  
8114.782468  
8108.198989  
8015.131376  
8037.353605  
8080.006679  
8054.675383  
8119.428795  
8095.746986  
8220.150492  
8201.683077  
8173.070442  
8140.392606  
8164.674232  
8196.663804  
8170.426326  
8151.502391  
8057.658551  
8081.675214  
8136.798598  
8106.86959  
8138.509855  
8134.946379  
8149.196514  
8080.137841  
8094.677465  
8098.161593  
8147.217274  
8196.339384  
8059.917189  
8067.065649  
8112.650946  
8092.939262  
8092.778309  
8071.575981  
8121.741531  
7986.724312  
7936.132796  
8168.211718  
8038.697978  
8028.030358  
8044.249921  
8052.971691  
8016.384799  
8038.805412  
8096.600749  
8041.044636  
7990.695582  
8060.521653  
8057.59916  
8169.384681  
8102.321283  
8098.127711  
8125.871863  
8155.246397  
8136.658697  
8111.557791  
8086.630175  
8079.557612  
8174.627947  
8160.618299  
8137.378592  
8141.465136  
8116.828894  
8088.149779  
8097.68351  
8142.441878  
8031.658506  
8280.725013  
8192.321362  
8085.271265  
8133.720389  
8238.578394  
8276.098897  
8086.247446  
8147.438314  
8043.765872  
8093.13064  
8076.868428  
8082.90199  
8103.306422  
8073.76443  
7999.256219  
8056.051354  
8059.031974  
8042.419692  
7971.198607  
8031.93104  
8052.450279  
8063.701149  
8065.734858  
8069.339384  
8113.809469  
8160.975951  
8179.095091  
8142.748092  
8109.101215  
8059.181618  
8066.924036  
8156.507885  
8118.778101  
8138.633817  
8221.328147  
8160.798424  
8131.987265  
8097.112905  
8051.700959  
8123.215629  
8121.791998  
7989.915931  
8081.969872  
8130.515569  
8112.069819  
8118.184582  
8233.024319  
8194.928234  
8181.920393  
8117.577491  
8123.221466  
8128.539927  
8143.357646  
8006.711027  
8068.760619  
8112.173228  
8104.473173  
8075.887325  
8113.637162  
8158.329826  
8168.390193  
8075.012791  
8101.881381  
8093.725861  
8228.624809  
8091.662603  
8084.512566  
8087.41619  
8235.520536  
8026.100844  
8075.887953  
8073.405986  
8046.020373  
8143.541302  
8099.396484  
8122.719261  
8006.580948  
8017.276367  
8105.773572  
8180.749203  
8084.637213  
8090.041706  
8172.334821  
8138.554648  
8088.213665  
8085.142522  
8164.218902  
8103.876061  
8204.447877  
8246.220063  
8105.128934  
8129.074  
8085.148348  
8150.129754  
8181.957924  
8085.201335  
8123.233135  
8154.027972  
8162.920949  
8204.310132  
8224.73369  
8235.145233  
8200.870903  
8151.662087  
8049.756959  
8083.240627  
8035.946239  
8093.840136  
8055.439549  
8099.600165  
8121.358354  
8080.467959  
8083.441485  
8119.173441  
8024.248709  
8151.294507  
8156.850143  
8104.689998  
7952.288148  
8029.363612  
8086.878266  
8008.543339  
7864.910313  
8062.419271  
8177.304093  
7951.415898  
8259.243821  
8185.453625  
8087.445127  
8118.676915  
8090.20409  
8091.465023  
8098.979273  
8024.360391  
7997.180933  
8095.705909  
8154.216163  
8052.816664  
8195.360969  
8104.705869  
8087.395558  
8119.866811  
8170.958575  
8170.956173  
8085.616666  
8110.237423  
8102.966022  
8101.985907  
8084.918777  
8099.412553  
8202.740481  
8138.652608  
8152.043541  
8168.037923  
8113.821446  
8144.499063  
8128.448107  
8219.149599  
8124.002346  
8089.719233  
8110.099014  
8207.469244  
8052.885288  
8171.370257  
8151.633716  
8117.851226  
8076.969665  
8011.503979  
8106.752312  
8095.563471  
8166.172358  
8118.590467  
8063.27108  
8204.790881  
8210.200296  
8095.00151  
8064.355575  
8030.203187  
8035.850592  
8056.204848  
8025.238713  
8096.306265  
8117.389755  
8225.756101  
8039.664882  
8182.489774  
8098.517471  
8056.208333  
8094.615004  
8105.723391  
8001.104554  
8175.697243  
8085.018055  
8072.920433  
8130.381606  
8039.234235  
8219.109678  
8099.547936  
8048.872289  
8160.947956  
8088.550085  
8185.922403  
8115.458081  
8067.268162  
8029.604335  
8041.351939  
8031.798772  
8045.262415  
8188.778607  
8219.575571  
8032.889671  
8191.982798  
8137.43851  
8251.01975  
8168.07574  
8170.590809  
8155.307825  
8167.349424  
8137.675905  
8175.439661  
8149.089086  
8023.228678  
8148.698702  
8127.275132  
8151.150929  
8089.390704  
8024.031508  
8035.035757  
8038.748019  
8043.674041  
8083.832615  
8101.101781  
8200.918653  
8118.486749  
8112.877138  
8165.02461  
8120.688628  
8036.82785  
8060.148387  
8138.688269  
8145.994281  
8123.876863  
8129.839333  
8178.438353  
7979.611783  
8203.314066  
8135.937551  
8060.732029  
8082.417396  
8178.283899  
8040.406166  
8061.032625  
8060.440014  
8231.945475  
8089.847999  
8134.380079  
8122.982152  
8080.679093  
8128.049838  
8110.026036  
8144.226675  
8149.171134  
8183.4254  
8145.833945  
8206.082783  
8193.898701  
8143.341275  
8119.926247  
8115.03835  
8044.091673  
8070.322013  
8062.446413  
8111.36542  
8023.667424  
8107.97984  
8019.76668  
8069.284219  
8056.031329  
8051.465158  
8076.048531  
8077.427033  
8063.542593  
8103.691159  
8157.763223  
8201.44075  
8178.398572  
8112.931309  
8131.128856  
8104.203366  
8096.597987  
8086.220327  
8098.927656  
8177.599435  
8055.353196  
8086.464563  
8095.963671  
8139.065755  
8215.896518  
8076.684009  
8114.130596  
8230.665269  
8173.546185  
8176.203187  
8170.30059  
8215.305266  
8178.192658  
8148.91784  
8180.83862  
8149.266181  
8101.007083  
8053.244752  
8103.118422  
8071.244764  
8111.251538  
8155.395463  
8037.826643  
8011.647955  
8010.583305  
7980.640406  
8108.995836  
8046.487647  
8069.403376  
8132.185575  
8127.312607  
8101.439212  
8108.62912  
8108.753968  
8122.231445  
8137.609195  
8117.979245  
8148.670949  
8090.682348  
8106.207132  
8172.675944  
8123.841859  
8154.646956  
8105.78331  
8103.419052  
8148.191923  
8143.535835  
8040.06204  
8071.619028  
8034.683566  
8083.212082  
8167.505242  
8163.181854  
8096.374697  
8094.929727  
8115.362159  
8180.363669  
8087.330673  
8090.04248  
8101.23754  
8017.05705  
8070.921841  
8103.328355  
8056.197108  
8065.835539  
8048.075891  
8122.220479  
8080.680305  
8017.473066  
8087.267898  
8093.552521  
8111.322153  
8104.622951  
8076.086067  
8061.55874  
8127.670421  
8073.267528  
8145.275638  
8121.156912  
8174.219575  
8156.862322  
8064.644217  
8011.086746  
8097.05737  
8111.762852  
8106.974452  
8113.639441  
8152.19469  
8145.983679  
8028.092437  
8227.222611  
8198.511752  
8109.704573  
8106.568988  
8196.005377  
8105.649313  
8053.0389  
8109.486221  
8042.348936  
8071.562943  
8143.531895  
8171.571239  
8061.157103  
8024.231984  
8067.398819  
8188.014491  
8110.34865  
8124.291235  
8021.645637  
8081.995336  
8105.143089  
8094.626122  
8114.061899  
8189.282479  
8136.407154  
8132.828669  
8086.643151  
8119.869202  
8188.48126  
8107.180114  
8107.72054  
8087.843402  
8083.376257  
8070.043092  
8059.857029  
8043.069308  
8108.993596  
8144.076351  
8175.32707  
8097.155722  
8084.769363  
8105.794956  
8119.97196  
8030.577014  
8059.538058  
8075.489118  
8079.556691  
8100.188763  
8244.722454  
8114.340035  
8020.205707  
8096.378598  
8108.391501  
8127.511141  
8117.233157  
8172.524801  
8170.632571  
8149.442327  
8195.358499  
8061.464776  
8185.879434  
8169.467566  
8084.98305  
8124.01022  
8035.513576  
8000.977853  
8157.254894  
8101.676999  
8101.28872  
8054.014547  
8054.308717  
8029.584602  
8056.414629  
8063.261028  
8064.04555  
8115.50527  
8196.237439  
8074.068472  
8022.05224  
8219.48795  
8334.962268  
8239.467358  
8196.294181  
8145.498271  
7991.829466  
8083.699589  
8100.183908  
8051.767584  
8042.741862  
7963.625662  
7973.808459  
8046.926853  
8087.743759  
7984.863955  
7956.480368  
8128.694201  
8070.899964  
8074.440688  
8087.16079  
8118.283186  
8033.413473  
8068.09045  
8148.258104  
8077.552712  
8205.499029  
8194.934385  
8124.178576  
8040.132358  
8053.443859  
8059.252806  
8048.749411  
7999.258783  
8081.552224  
8123.767326  
8172.592106  
8133.234274  
8176.638745  
8139.219861  
8034.731552  
8131.72851  
8105.387196  
8063.175495  
8101.502385  
8175.381168  
8113.597538  
8133.9956  
8144.610632  
8121.948478  
8205.257493  
8067.071957  
8127.231142  
8111.542273  
8134.384058  
8059.831532  
8122.818303  
8083.155599  
8064.990891  
8157.236867  
8069.127733  
8284.913804  
8182.336819  
8179.707076  
8336.410774  
8237.986974  
8248.58367  
8263.410594  
8189.840916  
8267.851209  
8194.5285  
8122.97081  
8200.015232  
8155.564689  
8003.748406  
8081.032591  
8060.154836  
8126.59467  
8186.23515  
8099.889463  
8151.495359  
8146.668811  
8071.331807  
8135.021866  
8141.496992  
8166.294355  
8114.446901  
8174.327979  
8186.802504  
8024.95542  
8087.318859  
8115.421493  
8120.583418  
8128.932393  
8160.095378  
8094.797694  
8066.564464  
8140.512336  
8105.682219  
8001.140429  
7969.18182  
8093.651923  
8062.252514  
8050.811276  
8058.928531  
8146.221231  
8107.719654  
8052.118231  
8059.667419  
8122.430108  
8101.114471  
8040.829416  
8002.592021  
8124.961218  
8139.303947  
8076.331448  
8094.584675  
8116.412648  
8063.542262  
8103.518673  
8137.548402  
8096.223723  
8039.419916  
8102.025991  
8061.005893  
7998.548424  
8002.27369  
8027.512246  
8037.298553  
8145.978302  
8175.69465  
8107.919568  
8177.535291  
8073.633452  
8141.658905  
8144.193954  
8169.409949  
8180.629939  
8153.263414  
8109.165527  
8134.638391  
8053.897068  
8066.841539  
8068.407401  
8111.944847  
8066.519531  
8075.963407  
8117.428082  
8142.543311  
8014.241413  
8242.214726  
8268.199718  
