8295.635868  
8295.789443  
8312.613246  
8335.674037  
8344.273896  
8381.894794  
8315.730706  
8188.908622  
8229.399274  
8208.657029  
8175.587783  
8194.840851  
8190.692979  
8234.976051  
8296.840969  
8253.238278  
8245.7577  
8292.041771  
8260.396989  
8286.31855  
8267.267189  
8298.767553  
8300.970859  
8237.11057  
8174.43062  
8239.127993  
8246.73964  
8197.817507  
8233.807022  
8302.11671  
8234.33568  
8280.355838  
8265.881363  
8258.148577  
8290.446647  
8316.590968  
8281.031218  
8263.050118  
8239.9217  
8227.570663  
8221.921068  
8214.483947  
8236.923603  
8240.923416  
8274.538646  
8286.347769  
8291.222037  
8276.41064  
8274.312052  
8278.43658  
8282.213785  
8248.836474  
8263.747423  
8312.440185  
8307.468087  
8319.874393  
8312.476826  
8308.356277  
8262.603485  
8245.762293  
8224.959062  
8193.472285  
8253.770519  
8241.349141  
8250.624641  
8231.296948  
8267.474046  
8269.139699  
8239.433938  
8262.572862  
8252.927878  
8231.392608  
8255.001803  
8236.828608  
8270.298476  
8268.918012  
8248.43542  
8287.058534  
8288.57314  
8274.81501  
8300.616608  
8315.715133  
8240.766581  
8238.725314  
8219.577895  
8227.779888  
8247.421078  
8242.265138  
8274.950902  
8300.097155  
8295.172798  
8293.129557  
8273.902393  
8311.221656  
8312.845423  
8264.818438  
8269.675116  
8220.107016  
8230.383707  
8231.610592  
8200.664071  
8246.476543  
8221.165784  
8212.379844  
8264.833066  
8253.419748  
8298.346668  
8309.071586  
8284.393559  
8313.780335  
8333.364876  
8320.068636  
8286.675582  
8266.257477  
8268.860657  
8251.89687  
8271.69343  
8253.608187  
8253.314824  
8228.477343  
8214.32997  
8252.844366  
8251.796756  
8227.055932  
8242.312457  
8257.950179  
8277.267207  
8310.513202  
8288.459993  
8264.159559  
8281.403246  
8254.036594  
8282.702883  
8305.598702  
8325.225021  
8299.555281  
8225.567273  
8220.701143  
8231.510032  
8239.802008  
8241.329679  
8282.056403  
8290.773123  
8298.945675  
8274.025903  
8229.764159  
8212.835827  
8218.041451  
8220.164865  
8232.750008  
8219.592307  
8229.44386  
8226.544889  
8286.510993  
8264.55998  
8272.41021  
8252.76553  
8250.865574  
8239.684588  
8236.501227  
8265.213071  
8279.708038  
8284.194815  
8308.082845  
8308.737299  
8309.318505  
8374.594817  
8344.888963  
8346.460173  
8317.566281  
8325.419509  
8263.910328  
8237.355355  
8295.791626  
8242.530802  
8249.315307  
8238.101516  
8189.059299  
8212.553721  
8254.299688  
8265.910537  
8242.52336  
8244.880049  
8256.805913  
8257.769254  
8248.189852  
8252.183726  
8276.635626  
8296.118109  
8295.699204  
8304.994382  
8308.589557  
8310.187744  
8306.378622  
8268.921329  
8261.129788  
8223.983367  
8215.756663  
8242.770435  
8253.615361  
8254.198908  
8241.092997  
8228.436077  
8262.472019  
8256.907934  
8221.216427  
8244.193087  
8272.377868  
8244.553745  
8269.450692  
8276.834784  
8300.76583  
8333.618377  
8308.589046  
8373.007399  
8298.192818  
8269.222264  
8292.050828  
8245.097763  
8230.423762  
8294.393378  
8269.614195  
8227.460769  
8221.255831  
8247.275637  
8268.639697  
8207.480788  
8223.8686  
8214.469006  
8220.808914  
8240.260189  
8237.883756  
8242.46524  
8277.847293  
8282.116855  
8245.146877  
8218.663795  
8217.234734  
8234.860919  
8264.879562  
8273.056536  
8292.283743  
8249.894542  
8297.552481  
8302.044454  
8283.335926  
8258.464793  
8197.868155  
8295.06763  
8321.232041  
8304.922903  
8330.669188  
8292.441251  
8247.006112  
8251.136646  
8239.013931  
8234.714633  
8223.855633  
8264.530307  
8329.955773  
8249.960872  
8286.253719  
8311.95974  
8330.845778  
8349.199689  
8312.655229  
8248.142659  
8255.794539  
8268.016314  
8211.242013  
8220.489837  
8211.562297  
8227.982503  
8243.696118  
8234.02665  
8229.080241  
8207.836203  
8233.533794  
8269.832891  
8297.089025  
8323.220412  
8326.328395  
8340.342975  
8328.832348  
8324.757741  
8329.982496  
8322.758991  
8350.906868  
8326.200925  
8304.19161  
8278.619205  
8268.532461  
8257.945423  
8224.587402  
8201.635458  
8262.797563  
8275.66371  
8151.663323  
8295.65725  
8293.381519  
8328.429845  
8234.939127  
8238.946987  
8216.005698  
8204.965081  
8224.889255  
8212.976502  
8206.872179  
8175.830809  
8205.679227  
8217.768605  
8205.813169  
8219.359912  
8196.041618  
8203.769619  
8237.432089  
8237.935959  
8236.27383  
8276.565232  
8278.386216  
8260.873935  
8281.664507  
8279.043436  
8285.22367  
8298.059073  
8310.130877  
8318.695625  
8293.917865  
8302.295614  
8280.405653  
8284.130892  
8262.989175  
8341.487101  
8337.905758  
8311.504221  
8394.124288  
8341.030027  
8291.569937  
8236.692629  
8264.533245  
8251.481051  
8253.874371  
8269.063196  
8211.665621  
8201.380531  
8215.864813  
8216.644223  
8183.17585  
8246.039845  
8253.930581  
8190.457191  
8211.311099  
8222.038187  
8237.786029  
8221.842321  
8250.306897  
8252.794988  
8222.324214  
8259.639207  
8236.662673  
8238.180932  
8255.57759  
8209.915579  
8233.069886  
8253.707905  
8308.076361  
8314.557475  
8319.746169  
8343.72259  
8329.389544  
8319.20721  
8246.783797  
8234.095337  
8286.938194  
8284.481279  
8253.719625  
8252.4267  
8244.822461  
8259.685732  
8276.750873  
8290.865767  
8300.209666  
8296.165004  
8313.648197  
8295.685853  
8301.823746  
8249.441943  
8237.293064  
8248.270221  
8243.600481  
8257.749633  
8272.509012  
8283.14905  
8287.666105  
8298.471539  
8266.385174  
8268.091776  
8294.412967  
8274.022924  
8267.830494  
8282.597774  
8281.99478  
8289.564025  
8318.378059  
8273.693129  
8286.117266  
8276.274413  
8310.507696  
8347.740749  
8308.001781  
8317.092033  
8310.001516  
8315.199923  
8322.748376  
8285.803468  
8280.21418  
8233.618018  
8193.461621  
8209.982119  
8288.441559  
8289.858476  
8282.413208  
8276.947281  
8258.784828  
8292.90617  
8255.989015  
8237.043787  
8230.311139  
8177.386952  
8181.610782  
8240.286632  
8232.872637  
8227.341141  
8229.892204  
8241.760418  
8262.398256  
8295.833482  
8296.547682  
8303.558131  
8346.915964  
8321.214775  
8276.155875  
8273.102506  
8311.069172  
8312.802405  
8251.785319  
8246.157837  
8260.16441  
8297.680531  
8289.871625  
8253.66597  
8271.140047  
8238.466788  
8265.991191  
8258.519998  
8259.501529  
8263.316498  
8254.184993  
8241.039997  
8219.746667  
8271.058668  
8286.484218  
8286.882018  
8264.453087  
8249.96458  
8233.586173  
8259.861321  
8262.493663  
8240.855368  
8218.996493  
8188.846221  
8283.171441  
8287.254154  
8250.56719  
8254.530493  
8327.654736  
8326.934409  
8277.303227  
8256.102673  
8219.485432  
8287.858542  
8286.070343  
8219.781329  
8172.8453  
8192.300099  
8298.977357  
8289.429409  
8228.592584  
8240.723233  
8264.243199  
8304.454941  
8279.992478  
8224.083496  
8231.366291  
8226.007234  
8225.240916  
8258.945917  
8276.754668  
8253.723235  
8290.930093  
8288.722832  
8301.101452  
8278.513534  
8249.25341  
8242.358418  
8265.928759  
8246.186984  
8262.015578  
8241.718199  
8255.689162  
8326.700158  
8349.599089  
8362.810164  
8371.741596  
8322.367776  
8295.945736  
8206.458255  
8165.8518  
8205.490671  
8189.035808  
8212.391501  
8229.715971  
8260.552833  
8157.158354  
8170.372729  
8205.926881  
8215.227935  
8250.218033  
8241.865324  
8273.596022  
8281.138836  
8344.991782  
8335.394875  
8277.932196  
8286.894403  
8281.781181  
8302.180562  
8239.27436  
8195.289884  
8219.609591  
8213.654021  
8184.101836  
8200.803267  
8256.01178  
8309.846243  
8328.877305  
8343.683083  
8322.872843  
8318.129347  
8306.640433  
8285.937866  
8290.6491  
8268.687058  
8247.527112  
8239.618567  
8249.70873  
8303.345381  
8337.157446  
8308.983135  
8411.718837  
8396.207112  
8291.434403  
8313.608459  
8302.34217  
8252.094257  
8244.282407  
8241.451061  
8297.144039  
8295.854155  
8207.320645  
8193.991505  
8194.559146  
8210.884908  
8232.332635  
8237.095634  
8229.105821  
8251.193876  
8268.501709  
8268.671507  
8405.637898  
8371.166028  
8270.268863  
8133.236356  
8123.445914  
8151.821699  
8128.760733  
8151.165576  
8169.332587  
8219.840926  
8211.464354  
8194.914477  
8238.822226  
8243.717236  
8280.912336  
8232.074971  
8244.973861  
8265.790119  
8290.77145  
8311.18242  
8295.704168  
8291.68188  
8280.017393  
8298.076917  
8310.365022  
8326.476567  
8314.888799  
8304.022438  
8310.208489  
8347.385423  
8359.814824  
8335.371009  
8293.480706  
8310.267738  
8299.478669  
8309.741829  
8307.247162  
8317.403768  
8298.583431  
8252.467476  
8239.26273  
8235.219585  
8236.057075  
8236.196351  
8212.130699  
8205.597495  
8176.20248  
8227.051796  
8253.497464  
8239.367627  
8239.024179  
8271.101201  
8300.415193  
8317.04099  
8282.761028  
8280.481377  
8258.728313  
8322.016359  
8298.012938  
8261.243073  
8261.408114  
8283.278521  
8273.222274  
8261.557492  
8250.611644  
8282.286959  
8300.683973  
8251.420027  
8234.285602  
8258.642646  
8228.96462  
8223.882211  
8243.491966  
8269.867321  
8288.113847  
8266.55707  
8310.473603  
8336.477639  
8335.613846  
8335.112705  
8380.786188  
8328.532372  
8318.687802  
8259.682298  
8210.33451  
8232.119035  
8277.614249  
8281.343985  
8256.078189  
8267.280331  
8289.100147  
8250.46954  
8190.880505  
8235.184866  
8307.744591  
8307.504382  
8256.13781  
8368.694745  
8341.206423  
8255.759048  
8190.330568  
8189.005793  
8208.169755  
8172.386413  
8165.017933  
8152.098109  
8182.622164  
8181.312139  
8164.761105  
8178.213964  
8232.731727  
8196.714297  
8214.446262  
8233.471008  
8265.916934  
8315.118125  
8290.24709  
8297.240768  
8295.821028  
8300.669343  
8320.423089  
8272.225161  
8188.884171  
8193.367449  
8201.563718  
8273.18169  
8272.383801  
8235.78813  
8279.931043  
8307.543046  
8335.401057  
8320.334616  
8319.718629  
8320.327665  
8311.422354  
8301.969574  
8315.838942  
8319.272869  
8373.15374  
8309.527676  
8293.916441  
8248.396402  
8246.674431  
8246.218494  
8282.908635  
8298.015814  
8297.09016  
8295.842375  
8257.861742  
8228.224483  
8240.807072  
8277.42163  
8256.164442  
8243.012382  
8232.33572  
8272.74547  
8316.35762  
8304.862977  
8249.574202  
8264.934387  
8292.525213  
8296.882371  
8281.508238  
8304.071103  
8302.910175  
8308.651452  
8338.735079  
8254.558915  
8203.140407  
8177.003665  
8209.151506  
8232.193884  
8220.895857  
8218.478474  
8248.168758  
8301.914703  
8265.971406  
8231.072672  
8269.927416  
8254.678899  
8211.342023  
8213.870331  
8245.259056  
8246.221463  
8272.558062  
8217.149479  
8221.744331  
8296.033226  
8310.676605  
8250.209175  
8275.769286  
8276.78316  
8256.042355  
8259.843894  
8288.334103  
8295.038524  
8255.290522  
8294.273259  
8312.600874  
8324.933779  
8285.81201  
8222.38229  
8231.342261  
8257.735407  
8288.115317  
8249.130304  
8180.550366  
8185.018587  
8210.476692  
8229.265099  
8252.230459  
8264.337382  
8257.150867  
8285.689895  
8279.188294  
8303.388598  
8341.019344  
8250.049209  
8266.376756  
8238.738723  
8288.763225  
8277.98016  
8284.425434  
8241.61147  
8229.006157  
8263.49584  
8294.213218  
8263.108233  
8264.289736  
8301.380454  
8304.203176  
8208.093311  
8184.427911  
8216.980816  
8190.293005  
8181.355637  
8189.221983  
8189.071353  
8233.411662  
8226.361243  
8256.511416  
8280.89384  
8269.822665  
8311.400532  
8291.13578  
8328.510916  
8398.898344  
8351.48879  
8328.480991  
8351.89826  
8292.045491  
8305.878952  
8348.577305  
8261.907333  
8206.717026  
8216.837532  
8197.220656  
8196.22694  
8263.670029  
8302.795821  
8223.389554  
8218.488828  
8236.233131  
8235.946646  
8271.379247  
8276.070407  
8242.236947  
8246.598082  
8244.082166  
8283.564246  
8276.600179  
8300.674858  
8307.000229  
8294.64951  
8287.298089  
8280.446355  
8260.728  
8276.792724  
8257.377514  
8258.058268  
8260.276264  
8257.270223  
8271.844588  
8237.807441  
8214.193863  
8249.886906  
8249.171905  
8225.198539  
8215.664511  
8223.361812  
8249.723849  
8270.253468  
8271.652566  
8260.061067  
8316.241908  
8297.490611  
8279.71228  
8256.384869  
8277.573836  
8280.322234  
8311.646892  
8356.263749  
8349.698369  
8290.562524  
8335.436325  
8358.161581  
8355.991307  
8266.164686  
8206.5326  
8223.505649  
8213.033797  
8216.963537  
8183.492506  
8168.327715  
8188.716753  
8206.932605  
8190.124062  
8245.34139  
8232.481614  
8322.517197  
8316.242819  
8281.105438  
8305.361751  
8304.809282  
8302.17267  
8242.566743  
8208.444378  
8216.417602  
8241.192326  
8248.017676  
8313.474441  
8283.945999  
8346.355546  
8301.28551  
8316.535009  
8294.907061  
8238.275563  
8261.884699  
8254.922569  
8246.903376  
8253.303423  
8247.076144  
8244.689185  
8225.968863  
8240.754443  
8262.517359  
8253.489068  
8258.9964  
8246.472581  
8258.105733  
8260.307614  
8254.465354  
8239.662106  
8288.08177  
8300.588569  
8323.026485  
8361.013745  
8330.931602  
8347.624395  
8348.482198  
8287.715903  
8276.504284  
8224.701484  
8247.627408  
8257.97029  
8294.525808  
8251.291468  
8223.17334  
8220.275011  
8248.105289  
8292.602686  
8269.417849  
8297.024998  
8270.943835  
8245.633634  
8274.70765  
8285.834118  
8259.902576  
8253.226555  
8212.644795  
8226.097252  
8254.022259  
8266.107514  
8314.41876  
8291.09114  
8269.393474  
8253.816397  
8241.984218  
8288.336924  
8222.885009  
8203.070586  
8273.930288  
8245.695503  
8225.12478  
8290.491708  
8298.832794  
8267.889178  
8253.470591  
8234.554613  
8235.552792  
8237.935515  
8293.438921  
8294.662078  
8235.496829  
8220.53053  
8238.627577  
8250.617272  
8249.425583  
8244.390565  
8299.347645  
8305.440436  
8288.216436  
8356.674319  
8354.553468  
8314.542311  
8292.616445  
8308.382651  
8304.548983  
8264.253549  
8270.719688  
8240.06159  
8182.013866  
8211.645454  
8270.265995  
8286.200898  
8239.637692  
8228.153324  
8272.422355  
8290.192601  
8307.1365  
8309.159216  
8318.604079  
8286.877328  
8262.318502  
8280.336605  
8312.0312  
8265.005246  
8219.981046  
8175.810922  
8187.03775  
8150.248893  
8188.418809  
8195.368326  
8177.473243  
8186.467367  
8229.338843  
8215.114764  
8178.723885  
8193.540942  
8172.116426  
8261.180699  
8278.051041  
8304.673729  
8332.248184  
8324.917394  
8342.071842  
8296.752296  
8282.593799  
8288.489661  
8263.024684  
8263.485303  
8279.608712  
8297.197154  
8322.116419  
8307.027374  
8293.456786  
8305.967598  
8313.265805  
8312.246635  
8295.399649  
8292.682611  
8324.562266  
8314.526361  
8291.362731  
8325.193026  
8318.770094  
8301.015151  
8303.540681  
8271.278432  
8241.3344  
8277.725077  
8287.098105  
8243.560851  
8239.020547  
8220.105238  
8208.250568  
8200.821337  
8194.356407  
8124.218546  
8148.748636  
8223.574963  
8258.901845  
8237.470581  
8239.518094  
8207.799121  
8254.009681  
8266.337852  
8243.589025  
8250.480114  
8262.466282  
8277.268636  
8329.417845  
8320.423446  
8294.509615  
8303.398404  
8274.202799  
8286.283893  
8221.390317  
8205.471926  
8213.994053  
8241.981987  
8225.763484  
8214.747365  
8239.736958  
8304.935483  
8302.915978  
8289.181375  
8265.925971  
8303.273512  
8300.383401  
8250.373455  
8215.076807  
8264.468511  
8295.854943  
8328.56237  
8340.620392  
8351.407642  
8366.425045  
8355.805474  
8267.110643  
8238.176047  
8250.838539  
8264.685005  
8291.941186  
8247.063812  
8274.429192  
8306.455486  
8276.157358  
8242.655175  
8213.949992  
8254.617823  
8220.97767  
8281.575982  
8285.146691  
8235.612253  
8229.868505  
8270.945545  
8224.909773  
8214.174373  
8217.696497  
8256.27077  
8271.863275  
8238.509252  
8235.597461  
8273.485921  
8303.59389  
8081.259123  
8311.593652  
8267.7445  
8279.688373  
8327.652181  
8331.182152  
8305.525799  
8291.43229  
8297.620546  
8300.716372  
8247.58516  
8209.839476  
8221.088565  
8305.302323  
8316.4962  
8284.301282  
8255.51018  
8283.68181  
8285.247256  
8243.735192  
8210.545083  
8221.591077  
8201.035777  
8200.28752  
8243.717764  
8321.994292  
8321.43302  
8309.746107  
8330.330681  
8289.362757  
8296.404214  
8283.551566  
8205.785842  
8182.175768  
8262.700238  
8290.179676  
8305.938042  
8238.126208  
8243.193514  
8237.828701  
8240.723727  
8317.523289  
8292.311664  
8251.368223  
8198.93831  
8184.975266  
8186.503165  
8195.790155  
8160.094654  
8160.992752  
8183.691501  
8260.945636  
8265.681014  
8274.255585  
8299.831759  
8283.985656  
8319.709936  
8336.845426  
8290.266699  
8311.846048  
8292.470414  
8268.059753  
8259.256295  
8235.485899  
8225.16419  
8242.74798  
8296.84851  
8270.61386  
8276.592023  
8303.792211  
8314.822877  
8354.18819  
8299.379026  
8279.84853  
8249.280562  
8254.764046  
8324.51402  
8283.813705  
8262.986856  
8254.767453  
8244.265788  
8223.450757  
8270.577106  
8313.182299  
8278.228866  
8313.216451  
8305.412347  
8315.40267  
8335.415709  
8356.030338  
8294.799304  
8280.60202  
8292.872954  
8313.034198  
8272.303643  
8249.634457  
8211.71779  
8245.047674  
8281.539857  
8194.47943  
8246.652739  
8250.461241  
8271.06258  
8256.09788  
8256.87914  
8243.047653  
8196.077763  
8239.725361  
8248.882972  
8246.449487  
8266.430733  
8240.466423  
8232.544488  
8284.844234  
8292.079387  
8278.4  
8266.737915  
8246.504696  
8242.13198  
8232.815669  
8244.516227  
8217.877607  
8220.060833  
8282.737549  
8274.830374  
8259.82479  
8234.173425  
8270.163307  
8321.431399  
8385.228645  
8350.525304  
8308.48958  
8315.037278  
8321.619994  
8384.302047  
8263.523372  
8213.712388  
8204.545278  
8189.481098  
8194.731054  
8216.048658  
8177.528221  
8220.591546  
8240.874811  
8266.234475  
8243.991257  
8282.592281  
8320.404055  
8309.606824  
8308.159691  
8244.345167  
8295.636271  
8279.779142  
8286.12785  
8301.613536  
8329.735499  
8317.668561  
8235.861003  
8225.810699  
8220.028373  
8225.610324  
8244.552005  
8249.616179  
8284.232296  
8229.207665  
8209.256283  
8201.271007  
8258.153212  
8256.414652  
8296.819205  
8279.128925  
8246.680476  
8284.230846  
8320.69393  
8312.707885  
8330.841222  
8296.286117  
8233.101142  
8257.292072  
8313.779152  
8330.385803  
8283.970353  
8318.537894  
8325.894893  
8250.872113  
8255.903839  
8276.294062  
8270.55559  
8226.140699  
8185.251976  
8204.012575  
8158.537501  
8177.736838  
8206.078468  
8201.481028  
8176.71007  
8209.131139  
8294.430648  
8332.236452  
8325.072755  
8284.686789  
8271.271442  
8301.363416  
8277.687505  
8275.71682  
8232.10764  
8229.1063  
8260.610469  
8285.743186  
8258.385217  
8243.742709  
8290.538981  
8280.776483  
8260.415383  
8270.44166  
8293.280644  
8309.994115  
8270.3531  
8302.689457  
8349.078116  
8300.007304  
8306.779858  
8348.999686  
8295.06655  
8281.7528  
8273.915074  
8257.408752  
8233.098869  
8224.546926  
8238.32893  
8226.22514  
8234.87459  
8248.408389  
8234.568425  
8143.461244  
8244.858387  
8284.449919  
8302.668399  
8300.827229  
8289.831728  
8221.427631  
8185.979734  
8231.006733  
8286.766478  
8290.327286  
8281.827803  
8314.522311  
8278.205702  
8320.716532  
8294.382546  
8295.819128  
8275.233695  
8317.778577  
8250.537525  
8210.899994  
8192.998584  
8202.260197  
8256.012046  
8238.043632  
8263.226254  
8282.224472  
8296.167713  
8296.073427  
8309.734315  
8260.172793  
8245.993709  
8218.629487  
8223.975477  
8235.726094  
8242.399363  
8267.300393  
8242.718812  
8297.072976  
8292.428748  
8284.50456  
8241.483422  
8219.818286  
8268.897549  
8282.397228  
8245.365425  
8240.398538  
8241.752894  
8280.751769  
8275.543321  
8296.703115  
8317.260552  
8302.77435  
8249.635572  
8226.476748  
8238.250992  
8282.583468  
8318.955207  
8304.915334  
8288.575658  
8303.603801  
8280.604348  
8298.602734  
8293.033899  
8262.284848  
8283.046694  
8290.928788  
8329.995795  
8325.763226  
8286.724556  
8267.447796  
8271.240328  
8218.723006  
8149.82131  
8185.000164  
8202.215912  
8184.227782  
8197.603112  
8240.263641  
8246.079249  
8272.858874  
8275.959387  
8266.002906  
8240.875617  
8172.222828  
8234.286475  
8318.67883  
8339.622574  
8339.645726  
8290.742375  
8279.631115  
8244.203341  
8253.502439  
8253.61558  
8224.190787  
8205.278808  
8206.793495  
8256.94853  
8263.676445  
8267.087988  
8261.481156  
8247.892161  
8256.562323  
8291.252256  
8369.205272  
8364.789292  
8262.856674  
8246.15118  
8192.723679  
8205.032927  
8230.746357  
8272.844822  
8271.119002  
8266.08833  
8236.468753  
8260.442983  
8287.75668  
8300.46648  
8315.821389  
8288.893072  
8311.030351  
8333.366943  
8323.885531  
8252.129458  
8257.96839  
8284.23714  
8262.343605  
8216.746668  
8191.89394  
8179.590319  
8179.398308  
8198.279555  
8227.390875  
8214.44734  
8256.029571  
8271.561892  
8255.978602  
8261.92273  
8316.105823  
8346.474734  
8306.608766  
8273.995473  
8288.18393  
8415.380415  
8341.297527  
8306.888155  
8339.648091  
8298.865119  
8305.189135  
8237.39688  
8259.43714  
8226.419456  
8244.873261  
8214.634938  
8227.80237  
8241.574421  
8212.033659  
8265.221878  
8223.515006  
8229.861594  
8204.200422  
8228.7547  
8203.116955  
8219.854344  
8223.476343  
8275.346569  
8306.7957  
8303.345169  
8308.773757  
8273.098855  
8254.457778  
8250.359968  
8265.46647  
8254.019123  
8186.46262  
8221.769648  
8227.361502  
8290.805519  
8302.983982  
8342.372167  
8264.873671  
8158.899617  
8190.499661  
8251.323933  
8248.646777  
8212.297373  
8282.834558  
8276.91536  
8305.023664  
8290.238683  
8278.708761  
8325.207564  
8292.209527  
8347.491627  
8283.896515  
8287.608535  
8260.743862  
8284.850331  
8263.728538  
8236.140128  
8263.126251  
8229.221693  
8261.204692  
8342.384729  
8310.295051  
8325.120211  
8280.559282  
8341.600187  
8337.35321  
8264.904188  
8213.360696  
8216.546863  
8239.422774  
8227.78466  
8241.542644  
8261.20946  
8263.175793  
8183.694586  
8246.300981  
8324.191622  
8338.825263  
8321.53555  
8314.910169  
8298.372351  
8282.150352  
8328.20043  
8294.586822  
8274.58755  
8245.698419  
8236.947705  
8212.353148  
8224.695537  
8206.248294  
8241.4208  
8299.780417  
8265.360573  
8289.578246  
8293.984034  
8304.021624  
8284.441036  
8229.452733  
8206.427354  
8210.455267  
8301.950847  
8298.994235  
8304.025757  
8299.87598  
8322.377286  
8311.31805  
8281.358251  
8260.305709  
8245.086492  
8222.065278  
8185.146312  
8193.476738  
8230.657696  
8277.719035  
8304.125414  
8260.989821  
8266.578648  
8311.516581  
8291.2495  
8305.066121  
8308.68719  
8239.639594  
8265.872025  
8256.968657  
8258.30349  
8261.766226  
8203.312916  
8245.021251  
8313.673481  
8333.955277  
8315.541263  
8272.437185  
8271.525689  
8281.778745  
8286.014929  
8303.53412  
8263.241099  
8309.061178  
8259.567753  
8220.284276  
8234.509537  
8247.886883  
8201.060584  
8213.145309  
8238.313947  
8231.434563  
8268.734938  
8208.1372  
8273.886466  
8287.887807  
8353.097372  
