10138.36507  
10033.81272  
9964.891927  
9866.101135  
9929.412923  
10034.77205  
10074.9434  
10022.52291  
10086.85433  
10056.68009  
9989.239827  
9995.046224  
10058.96584  
10108.98934  
10070.72835  
9988.471313  
10008.01031  
9988.395264  
9994.381429  
10029.9847  
10014.02576  
10035.04663  
10019.98022  
10033.93663  
10014.70414  
9979.923991  
10030.12097  
10019.94975  
10033.77804  
9952.580037  
10019.39937  
9991.046021  
10020.10433  
9972.341268  
10001.3372  
10069.48173  
10032.85335  
10133.32568  
9969.069295  
9925.02002  
10025.02891  
10065.93803  
9990.337382  
9964.699646  
10090.03479  
10029.97319  
10003.81234  
10003.95353  
10042.5673  
9971.181112  
9990.901489  
10071.68046  
10073.53019  
10020.96289  
10098.29415  
10044.95984  
9863.631714  
9890.462972  
9961.90332  
9930.728312  
9940.292847  
9975.525411  
9923.567708  
9979.080811  
9997.49058  
10010.23018  
9995.340495  
9873.62972  
9981.563761  
9990.518188  
9927.752238  
10045.07198  
10100.59253  
10044.53591  
9996.149109  
9980.945882  
10066.07475  
10126.3092  
9942.417542  
9986.933228  
10080.084  
10032.04504  
9987.544474  
10041.60111  
10090.31205  
9974.43689  
9990.661051  
10022.57125  
10062.98031  
10004.87374  
10061.0767  
10069.53605  
10070.38857  
10046.74772  
9998.840942  
10091.5186  
9956.002625  
10057.5849  
10067.59709  
10115.3739  
10018.42281  
9997.69165  
10018.2758  
10053.42501  
9971.10022  
10018.25134  
10035.99365  
9998.836589  
10024.87545  
10129.89884  
10054.53984  
10025.56112  
10069.10706  
10082.69722  
9961.672729  
10046.92887  
10054.96867  
10055.03178  
10009.36165  
10066.02795  
10029.13953  
10027.34924  
10062.52405  
10020.54193  
10022.03048  
9973.879679  
10003.98096  
10059.69373  
10027.31071  
9941.652425  
10044.01603  
10060.90914  
9967.067688  
9977.092367  
10070.88188  
9939.237834  
10009.35579  
10103.17281  
10059.63497  
10061.21383  
10006.46806  
10123.35453  
10126.77201  
10055.57959  
10098.73641  
10043.41884  
10042.67076  
9969.070943  
10002.49654  
10077.02425  
10026.57699  
9837.093119  
9917.9163  
10024.2098  
10047.64526  
9994.134033  
10000.70247  
9998.793579  
9993.964844  
9936.702067  
9889.436544  
10015.68551  
9977.687988  
9897  
9985.983927  
10090.6534  
10063.53951  
9995.391398  
10057.25362  
10061.0151  
9981.43516  
10032.74125  
10083.55562  
9890.659993  
10002.03198  
10076.38175  
10035.68591  
9993.16154  
9977.974833  
10042.15491  
9984.287394  
9988.713216  
10095.27226  
10063.80591  
10030.07253  
9956.767985  
10059.59526  
10024.78251  
9939.881348  
10012.25655  
10042.36056  
10063.35177  
9989.969523  
10040.23161  
10006.36316  
10014.92655  
9973.595215  
9948.780436  
9924.257507  
10054.70321  
9981.602498  
9982.145345  
9984.635986  
10016.41093  
9985.695109  
9965.889872  
10059.73442  
9915.8986  
9982.813375  
10030.85832  
9971.042358  
10020.44499  
10297.42566  
10124.14221  
9951.365072  
10091.80839  
10049.73657  
9850.510193  
10016.48612  
10081.09851  
10096.62423  
9986.033447  
10098.41764  
10043.03202  
10061.25793  
10011.22272  
9990.256551  
10048.15774  
10102.14229  
9977.694214  
10026.63729  
10071.01143  
9935.114726  
9933.118937  
10025.08329  
10008.12732  
10006.41374  
9950.23468  
9934.394267  
10000.39872  
10031.86389  
9979.521647  
9984.574341  
10005.58691  
10105.84167  
10014.24508  
9927.230835  
10047.43469  
10016.32442  
10037.83305  
9971.362467  
9993.386841  
10111.73446  
10007.69019  
10044.92924  
10045.50496  
9948.231323  
9987.64091  
9996.060506  
10082.1604  
10062.48047  
10065.92493  
9982.329915  
10053.9397  
10084.44836  
9946.065226  
10057.61133  
10133.17411  
10099.57031  
10028.32361  
10021.45317  
10042.32222  
10144.17301  
10084.5835  
9962.63503  
10023.40495  
10034.2605  
10068.4021  
10039.88497  
9996.461548  
10005.07369  
10049.32992  
10061.07389  
10067.73201  
9990.582621  
9987.128052  
10004.72119  
10033.27454  
10060.20882  
9974.055623  
10047.40112  
10050.96863  
10073.92607  
10108.66203  
10004.52214  
10024.6639  
10074.2019  
9916.990133  
9996.166219  
10044.25753  
10190.14498  
9987.588949  
10022.42008  
10010.85087  
10044.57245  
9965.839478  
10103.12142  
9922.886027  
9938.314412  
10024.6401  
10094.82849  
9946.19928  
9976.17452  
10032.49255  
9987.180278  
9925.89266  
9967.741638  
10002.62297  
10077.64673  
9984.815043  
9956.622172  
9977.521932  
10024.09395  
9986.628601  
9978.880981  
9977.919963  
9945.393656  
10000.27494  
10022.23869  
9985.878906  
9953.979045  
9999.809001  
9784.797038  
9935.035441  
9945.925537  
9996.976237  
10113.96566  
10128.57166  
10030.30676  
10084.91187  
9955.990397  
10056.68014  
10089.26485  
10033.89602  
10088.01892  
10028.88302  
10071.46529  
9956.094564  
10083.73885  
10017.25488  
9947.379801  
9965.276978  
10041.65987  
10002.17106  
9942.492106  
10012.71484  
10114.51656  
10087.03658  
9974.705933  
9911.096252  
9959.665344  
10063.71322  
10069.07642  
10035.06038  
10087.47135  
10070.61576  
9927.282023  
9940.40741  
10073.40092  
10100.68994  
10149.23751  
10081.62679  
10048.67761  
10001.74902  
10097.5721  
10021.28011  
10036.83077  
10011.79826  
10007.6936  
9962.236104  
10084.20943  
10073.76831  
10033.48405  
10051.65885  
10042.34941  
10111.3114  
10059.82971  
10028.0426  
10018.7192  
10052.90922  
10019.78516  
10025.83586  
10028.7771  
10002.89319  
9992.455729  
9912.999247  
9960.651021  
10021.3114  
10049.86035  
10010.61418  
10097.51139  
10002.40723  
9982.923421  
10045.98735  
9989.697835  
10062.9375  
10007.38253  
10056.86206  
9928.337646  
9997.250122  
10024.02474  
9988.363729  
10066.25891  
9972.115641  
9983.933431  
10028.50448  
9997.139242  
10005.37109  
10042.69604  
10336.04989  
10036.24935  
10055.25366  
10034.76709  
9998.494588  
9948.865479  
10049.52958  
10043.9646  
10057.51208  
9981.11967  
9997.956156  
9970.301636  
9933.743083  
9985.401855  
10017.30339  
10003.94881  
10064.60551  
9954.587321  
9962.684285  
10054.58443  
10105.73751  
10108.47729  
9936.275146  
9973.874552  
10053.52026  
10012.98401  
9990.62146  
9966.182861  
9967.953939  
10050.26567  
9941.708374  
9976.079264  
10167.3772  
10111.80758  
10078.10537  
10013.00639  
10080.38831  
10149.66622  
10004.25208  
9972.711914  
9948.591715  
9920.007039  
10042.94507  
10070.97709  
9998.365682  
10040.61243  
9984.064738  
9992.40686  
10016.91732  
9956.651204  
9931.36792  
9872.467102  
9996.073486  
9930.760376  
9924.723877  
10100.15015  
9954.85376  
9983.888102  
10166.74792  
9987.932536  
10061.22504  
10074.44141  
10042.91939  
10041.26388  
9997.86145  
10043.19893  
10046.73149  
10087.22013  
10094.92468  
10152.24597  
10162.54285  
10110.53003  
10049.13778  
9977.234131  
10016.80924  
9956.16272  
9966.97762  
9969.681966  
10044.52649  
9955.206095  
9970.79187  
9999.71462  
9991.166728  
9917.405396  
9964.48468  
9943.04952  
9988.841634  
9963.579753  
9972.514323  
10064.81775  
10059.86922  
10036.08614  
10121.78255  
10136.41125  
10059.40605  
9946.589844  
10068.08724  
10081.96033  
9970.339437  
9985.157064  
9901.705485  
9876.012512  
10045.56795  
10040.2771  
10152.62085  
9976.815877  
10086.70911  
10129.8682  
9998.443075  
9935.603719  
9991.331502  
10025.38143  
10091.56217  
9964.401937  
9965.234131  
10117.93335  
10099.87378  
9909.607503  
10057.13835  
10042.18583  
10092.04989  
10117.70772  
10008.0178  
10003.70756  
9947.55009  
9960.505859  
9992.493774  
9936.730428  
10007.02197  
10032.23633  
10039.56244  
10012.72156  
10004.5717  
9981.941854  
10044.94922  
10001.90735  
10064.40426  
10019.14551  
9853.124797  
10004.90108  
10130.44686  
10082.55058  
9991.965129  
10145.2404  
10107.24646  
9969.889119  
10139.55912  
9986.888794  
10032.96696  
10052.84778  
10055.35563  
10012.73397  
9962.126322  
9993.907918  
10025.46305  
9994.225545  
9986.298665  
9958.196126  
9825.105591  
9766.287354  
10330.61377  
10261.98197  
10095.6604  
10173.97697  
10131.8669  
10048.95028  
10020.52283  
9970.393738  
9997.079854  
10038.34843  
10036.37362  
9960.756632  
10012.52014  
10018.54293  
10045.81616  
10081.08771  
9980.112386  
9910.609212  
9992.407633  
10009.87541  
10027.57495  
10046.48584  
9994.507975  
9900.664185  
10082.08309  
10032.29179  
9978.939616  
10008.16699  
9866.976074  
9954.438599  
10032.40975  
9956.27653  
9910.338847  
9976.639994  
9997.248515  
10061.61348  
10017.58215  
10021.26139  
9983.554036  
9925.696676  
9985.236755  
10028.99963  
10034.70475  
10100.07336  
10032.00745  
9957.739583  
10023.80986  
9963.193237  
9993.850749  
9965.044189  
10049.23027  
10040.46574  
9966.109701  
9980.974609  
10001.95699  
9940.087687  
10033.18628  
10001.51306  
9986.676961  
9940.088664  
9969.422648  
9997.718465  
10014.14429  
9999.555542  
9858.41508  
10073.30648  
10024.14571  
10126.94942  
10148.34302  
10119.31038  
10071.43384  
10063.72807  
10014.63029  
9997.103719  
10043.79692  
10001.83655  
10170.50114  
9999.716064  
10057.81165  
10094.41248  
9984.963542  
10098.74402  
10020.86707  
10076.54439  
10086.02791  
10057.3811  
10063.99874  
9975.863159  
10100.11751  
10145.70231  
10031.55184  
10098.00203  
9963.800334  
10013.2889  
9966.015869  
9918.151123  
9983.230855  
10013.28353  
10055.96354  
10094.20231  
10077.02454  
10140.29921  
9962.007996  
10019.96018  
10041.39233  
10053.34631  
9940.272217  
9866.35789  
9954.144714  
9968.575073  
9947.015991  
10001.55001  
9956.918518  
10031.09939  
9921.668762  
9938.213135  
10009.64587  
9926.220581  
10100.27189  
10112.68315  
10030.31763  
10058.62964  
10123.81816  
10032.7356  
10020.53699  
10018.94507  
10025.88277  
9992.165527  
9955.235718  
9946.470703  
9954.777588  
9974.405436  
9990.42806  
9968.301188  
9951.770833  
10074.3315  
10009.70862  
10078.93608  
10195.65328  
10162.27625  
10051.99666  
10035.3481  
10050.61532  
10028.60376  
10080.42745  
10018.32623  
10028.18636  
9993.074341  
10055.4672  
10028.90564  
10011.37864  
9941.510356  
10021.42053  
10017.26925  
9864.634115  
10096.83797  
10018.25859  
10029.9307  
10059.04171  
10029.66484  
9966.179504  
10016.15731  
9857.12203  
9983.501953  
9978.792603  
10036.23853  
10102.81417  
10101.23181  
10009.93591  
9941.039653  
9969.746216  
9942.984782  
9910.039815  
9994.257446  
9974.529907  
10029.59298  
10194.5894  
10100.13936  
10083.48531  
10033.44185  
10038.26038  
9880.320577  
10069.16597  
9992.257528  
9996.479899  
9994.146362  
9960.271749  
10030.57581  
10092.54175  
10094.48201  
9960.094767  
9935.579122  
10033.40881  
10038.4235  
10067.87614  
10170.44674  
10102.20402  
10031.89453  
10166.78231  
10135.09245  
10013.10148  
9983.062764  
10022.78564  
10034.85449  
10060.51876  
9957.728394  
10063.16056  
10003.49353  
9965.26414  
10025.56085  
9985.130229  
9991.200073  
9961.187744  
9965.572266  
9865.03479  
10101.11117  
10104.26729  
9808.899821  
10029.32597  
9907.734517  
10034.3044  
10073.13033  
10065.0942  
9949.801107  
9876.045817  
9950.851298  
10114.74703  
9908.00529  
10028.29671  
10106.15837  
10065.34395  
9949.347656  
10008.91154  
10087.78035  
10012.95243  
9957.888  
9936.533468  
9934.167358  
10042.65312  
9903.648926  
10013.74312  
9960.990316  
9924.954061  
9984.843994  
9879.203817  
10043.0946  
10303.14237  
10260.63863  
10212.04346  
10306.69572  
10015.53839  
10136.04867  
10042.40751  
10037.24996  
10040.16528  
9978.134216  
10162.83586  
9994.097799  
9995.024089  
9934.044474  
9878.607808  
10065.64852  
9930.772624  
10037.81112  
9997.410238  
10093.93119  
10022.42936  
10070.05754  
10146.39327  
10114.61601  
10044.26819  
10057.84196  
10044.71187  
10001.2061  
9941.423625  
9772.128886  
9856.878927  
9997.318319  
10057.9552  
9995.431396  
9955.287638  
9895.80603  
10041.41321  
10066.98234  
9984.303243  
9927.722148  
9987.734741  
9987.448446  
10054.87427  
10058.4388  
10075.74443  
9955.443502  
10034.10071  
10016.19008  
9992.425944  
10063.70089  
9987.84257  
10114.07878  
10106.72734  
9971.203512  
9988.595093  
9976.975789  
10024.29228  
10098.33525  
10059.04366  
10115.99019  
10070.86674  
10164.125  
10108.93209  
10009.33891  
9991.106893  
9895.93398  
9943.162069  
9956.741821  
9895.223389  
10028.49276  
10019.61938  
9960.210083  
10008.70079  
9897.03186  
10052.55827  
10014.4622  
9982.883219  
10022.94556  
10007.53723  
9966.159058  
10057.89543  
10066.2002  
9934.606974  
9936.656982  
9880.974772  
10167.88086  
10144.72831  
10167.25004  
10049.12408  
10104.64469  
10138.06132  
10123.40157  
10108.52893  
10013.47046  
10137.51945  
10074.8807  
10055.99186  
10084.09534  
9953.208374  
10037.9082  
10028.52291  
10053.27348  
10030.23006  
9965.530884  
10022.2358  
10048.82141  
10076.15226  
10034.64986  
9873.463257  
9955.690511  
10034.96086  
10030.03062  
9988.446493  
9918.227824  
10088.56364  
10062.7548  
10106.84633  
10035.8693  
9975.686564  
9994.094808  
9950.650635  
10024.20229  
9944.115153  
10002.61381  
9969.544881  
10030.4235  
10053.83085  
9943.601115  
10101.11194  
10085.35876  
10017.63464  
10035.76599  
9986.277344  
10011.40946  
10024.76176  
10106.11141  
10058.66756  
10077.24028  
10083.84619  
10085.21578  
10003.46472  
9934.135457  
10033.92554  
9988.741984  
10141.6993  
9739.333639  
9927.397461  
9917.961711  
9939.732829  
9960.521851  
9923.500529  
10036.07338  
10057.62911  
9951.690755  
9914.98818  
9950.200317  
9997.039307  
10058.82243  
9949.911011  
10011.64514  
9889.04012  
9965.950297  
9983.197754  
9898.478882  
9977.686279  
9952.781535  
10101.53182  
10111.40145  
10136.12386  
10146.26648  
10035.2666  
10042.87964  
10084.99052  
10098.26225  
9966.725667  
10125.71012  
10111.0824  
10010.09355  
10018.07623  
10034.23718  
10036.76746  
9930.402262  
10083.36226  
10055.61218  
10048.25175  
10098.10136  
9991.719523  
10035.5061  
9976.349426  
9956.470256  
10036.9139  
9983.139893  
10022.87008  
9886.866618  
9936.369344  
10032.27409  
9982.508464  
9961.860616  
9999.777629  
10059.84941  
10015.9561  
9959.963053  
10015.65385  
9974.201904  
9991.616211  
9921.163534  
10003.62305  
10079.72371  
10135.25977  
10005.64768  
10028.97697  
10063.76742  
10038.29118  
10012.76945  
10034.9962  
9851.380636  
10085.00057  
10057.19832  
10062.46488  
10045.45699  
10064.22636  
9937.369181  
10020.56449  
10058.5922  
10068.50037  
10109.86479  
10110.57666  
10043.229  
9911.726034  
10028.43498  
10135.92932  
9953.121745  
10068.16996  
10069.82109  
9978.831848  
10008.03805  
9994.276733  
10001.45553  
10029.8151  
10012.1661  
9944.968567  
9998.233195  
10055.86568  
9892.412842  
9881.857198  
9976.40682  
9914.408773  
10052.70595  
10010.62329  
10050.18563  
10198.74674  
10040.51884  
9979.421997  
9938.64738  
9861.056091  
10048.21171  
10167.39563  
10021.14046  
10146.46635  
10150.58346  
10021.50525  
10007.58997  
9955.208171  
9935.756063  
9991.101725  
9977.130412  
9905.500488  
10150.14111  
9958.804504  
10037.73775  
10110.73747  
10129.31136  
10103.09241  
10034.13995  
9995.006816  
9983.952209  
9917.812012  
9959.101237  
9868.556315  
10023.20959  
10010.45369  
9982.653483  
9919.493245  
9977.225016  
10121.36918  
10051.95105  
10013.71716  
9983.417969  
10122.60046  
10185.77999  
10093.62081  
10013.88672  
10066.21293  
10053.86202  
10056.52002  
9947.766296  
9976.509644  
10071.12842  
10018.95349  
10047.36375  
9980.309489  
9941.122965  
10011.36959  
10048.93011  
9940.881897  
10016.26265  
10047.54594  
10049.21208  
10030.41992  
9956.274902  
9866.165039  
10100.56392  
9983.149536  
10162.33838  
10061.04594  
10035.93982  
9974.506266  
10029.14372  
10012.87439  
10078.33659  
10046.96623  
10177.40373  
10025.802  
10109.23751  
10048.39616  
10207.95312  
10091.57646  
10100.56437  
10039.3525  
9976.181783  
9948.788208  
9909.457377  
9953.691264  
9991.394938  
9951.384054  
10034.50549  
9937.45105  
9920.755819  
10000.02702  
9923.660604  
10105.08984  
10105.7078  
10055.06777  
9920.111898  
9979.220093  
10028.18709  
9886.685384  
9823.447021  
10040.03031  
10130.42627  
9876.829956  
10277.87866  
10176.74382  
10176.7513  
10016.09322  
9999.248088  
10040.94356  
10045.35734  
9939.881429  
9897.144674  
9888.715108  
9963.232524  
9927.411418  
9999.490194  
9984.106974  
9978.914408  
9995.513224  
10077.27645  
10027.86007  
10008.14709  
10021.13293  
10029.44145  
10073.47746  
9965.319865  
10031.6064  
10128.63737  
10001.24638  
10075.71265  
9972.81429  
9919.99174  
10034.77897  
10061.06433  
10095.09839  
10011.13411  
10068.25028  
9989.540812  
10145.34888  
10072.85986  
10245.34172  
10112.53955  
9911.557251  
10012.96716  
9898.089132  
10006.60868  
9921.670207  
9978.333476  
10078.21965  
9990.710856  
10048.6201  
10136.57743  
9947.680379  
9933.065287  
9961.147583  
9914.481506  
9946.678345  
10019.32088  
10043.67448  
10051.49618  
10142.36654  
10034.90316  
10088.48633  
10053.16838  
10007.29146  
9949.656291  
10039.75631  
10021.00724  
10046.49066  
9938.993327  
9949.039591  
9866.894491  
9903.574666  
10012.5247  
10038.3501  
9923.127767  
10091.86348  
10136.39058  
10105.4189  
9958.3986  
10001.13171  
9996.665243  
9930.908976  
10049.97253  
9899.415853  
9972.142497  
10095.92627  
9979.034302  
10079.62081  
9995.331136  
10035.31681  
10053.31514  
10022.28951  
10031.52161  
10017.34216  
10034.00236  
10115.05969  
10131.80863  
10005.13367  
10128.83899  
10064.06681  
10068.1709  
10025.43372  
9960.736735  
10045.66199  
10011.86314  
10022.24559  
10001.90812  
9933.85144  
10019.45483  
9991.722656  
9976.315104  
10072.91264  
9981.795288  
10025.07166  
10095.50326  
10140.55554  
10075.94316  
9950.116577  
9996.610148  
10095.91178  
9919.442891  
10110.83093  
10016.53178  
10005.89547  
10077.96464  
10099.78503  
9986.196126  
9970.165039  
9976.192342  
10180.26591  
9983.621582  
9981.839437  
9986.04659  
9934.085409  
9884.090149  
9962.880127  
9983.213318  
10042.46952  
10111.11365  
10107.37248  
10104.21818  
10160.3033  
10043.34009  
10160.16825  
9942.045532  
10001.38493  
10103.79281  
10010.54891  
10092.22717  
10049.64655  
9961.324382  
9949.995321  
9952.4788  
9945.645813  
9892.060059  
9900.764669  
9888.848429  
9896.562032  
9979.643107  
10062.20951  
10037.89091  
10089.34839  
10086.07296  
10063.58101  
9973.715983  
10079.20235  
10040.87492  
9965.945923  
10172.00252  
9981.633179  
10103.00655  
9980.428487  
10117.72526  
10066.78174  
9992.538757  
9946.844727  
10059.00818  
9999.035156  
10069.7983  
9936.921509  
10026.47074  
10013.65491  
10018.51835  
10053.9484  
10159.88098  
10074.7747  
10056.86027  
10119.68123  
10122.96977  
10152.51957  
10033.03092  
9960.508911  
9885.098775  
9959.952393  
9844.846049  
10016.15228  
9914.392253  
9922.149984  
9981.001709  
9996.296509  
9921.574056  
10016.28959  
10065.15967  
10023.70439  
10041.02848  
9966.93042  
10067.5116  
9911.630575  
10136.95003  
10078.31209  
10071.02751  
10090.79895  
10060.71615  
10064.97148  
10033.06095  
10087.28499  
9893.147705  
9940.90096  
9919.220703  
10093.0367  
10054.34135  
10035.02006  
10064.85136  
10054.22445  
10077.14319  
10027.90755  
10043.63448  
10023.27698  
10015.90763  
9928.7889  
9939.245687  
9901.61674  
9903.119548  
9952.35734  
10025.83553  
10101.46187  
10013.39921  
9884.580444  
9936.473145  
9996.067993  
10065.07471  
9992.937826  
9924.600423  
9997.818583  
10144.44324  
10094.91166  
10093.68929  
10104.34298  
10175.86283  
10128.8127  
10070.19434  
9977.423543  
10057.04435  
10056.87732  
10052.62467  
10018.23138  
9904.513346  
9968.214681  
10001.76969  
10126.53158  
10073.46537  
10075.47815  
10010.05318  
10121.32365  
9988.58667  
9941.468831  
9960.192424  
10057.257  
9928.539164  
9935.233053  
10051.59617  
9939.909444  
9996.086995  
10042.65405  
10085.64246  
10001.67354  
9958.902751  
9883.484334  
9973.072469  
10145.62565  
10027.90792  
10063.11568  
10073.01021  
10060.27271  
10062.06063  
10079.99304  
9980.291097  
10109.16553  
10053.59981  
10068.96639  
9976.36733  
9940.757161  
9916.758993  
9898.161499  
9903.922038  
10010.28707  
10035.02051  
10027.18018  
10074.99833  
9950.457947  
9919.299927  
10075.09009  
9994.04244  
10063.16764  
10048.15751  
9935.650228  
9979.562622  
10214.05131  
10055.73273  
9931.092448  
9946.922567  
10055.66003  
9942.267334  
10012.44584  
10035.13826  
10036.48055  
10074.84021  
10061.44507  
10042.89278  
10135.13599  
10058.13916  
9991.298584  
10061.48417  
10060.26762  
9999.955892  
10071.48409  
10022.23258  
9997.426107  
9989.105265  
9964.995036  
9980.845337  
10060.23031  
9985.824137  
9985.906169  
9968.930135  
10104.80168  
9985.977702  
9896.573161  
10093.60791  
10157.86617  
10138.22453  
10135.0437  
10164.6958  
9846.785319  
9998.452067  
10045.95437  
9940.504679  
9972.086019  
9984.888265  
9888.62557  
9974.65564  
10054.16532  
9863.502543  
9891.678792  
10112.8311  
9970.712748  
10046.68538  
10013.10128  
10015.53141  
9955.799825  
10017.28882  
10025.67627  
10022.97799  
10029.24487  
10080.58683  
10033.09717  
9979.051758  
9945.651489  
9998.303935  
9957.771016  
9865.779928  
10012.68099  
9944.878276  
10022.79167  
10085.24182  
10106.16663  
10147.578  
9980.046346  
10037.22835  
10099.46476  
10035.48442  
10003.44206  
10135.41498  
9949.049072  
10029.74166  
10112.35266  
9943.609172  
10012.18925  
9914.180054  
10059.18628  
9967.54305  
9959.878499  
9982.232096  
9987.552246  
10033.7179  
9935.393107  
10006.96899  
9928.11674  
10084.17997  
10102.6342  
10084.85014  
10217.51282  
10092.13039  
10146.6512  
10206.69836  
10069.52047  
10062.49434  
10188.86943  
9973.684631  
10103.95095  
10106.42912  
9892.42981  
9986.726868  
9945.694438  
9959.220418  
10089.31856  
9987.443604  
10040.60319  
10065.3763  
9891.550334  
10046.98657  
9969.038981  
10131.06222  
9989.724589  
10046.85819  
10097.81921  
9910.860087  
9982.689697  
10073.86487  
9993.261271  
10014.11654  
10127.95443  
10012.03076  
10027.58447  
10094.00085  
10002.78485  
9971.992513  
9755.84611  
10002.94633  
9941.229289  
9980.986654  
9951.056234  
10018.6342  
10084.76139  
10001.36886  
9991.23112  
10088.11788  
10006.598  
10056.18046  
9841.278951  
9987.394165  
10014.6814  
10003.75122  
10078.67843  
10017.16032  
9993.368245  
9974.866903  
10094.03202  
9965.094035  
9959.673218  
10068.06083  
10045.94027  
9953.162109  
9931.36672  
9935.929321  
9935.891886  
10074.24345  
10021.69157  
10062.87105  
10026.07385  
9965.713542  
10169.54834  
10058.06307  
10118.54704  
10028.03044  
10081.64103  
10056.67391  
10034.76477  
10089.97408  
9920.234945  
9989.492432  
10030.71627  
10025.0603  
9891.176046  
10013.41528  
10013.54604  
9862.95109  
10126.34041  
10127.84615  
