6509.659807  
6509.375498  
6483.502571  
6536.592953  
6582.251774  
6536.619579  
6503.555335  
6502.245695  
6536.307388  
6519.753029  
6571.092265  
6514.189722  
6474.932528  
6514.558494  
6503.050721  
6482.481047  
6480.367925  
6530.706493  
6483.600068  
6505.697256  
6478.838887  
6508.85226  
6540.006188  
6516.67885  
6510.592833  
6506.756318  
6510.946478  
6468.760672  
6516.410834  
6550.427824  
6475.870476  
6514.824458  
6510.12492  
6538.071319  
6517.621403  
6544.631587  
6514.050891  
6520.056581  
6505.820093  
6503.596749  
6463.235461  
6512.460429  
6455.201391  
6509.132244  
6506.821359  
6501.88636  
6551.744619  
6516.409877  
6475.347766  
6480.332061  
6511.815719  
6475.43196  
6522.55695  
6494.10511  
6538.112325  
6533.093282  
6525.342046  
6496.34941  
6498.34943  
6467.611976  
6466.702995  
6467.339585  
6519.726523  
6507.262357  
6514.844906  
6510.501545  
6535.92894  
6541.69606  
6479.98877  
6505.67884  
6531.083048  
6543.47432  
6500.623166  
6460.985222  
6539.84943  
6530.715202  
6530.272122  
6527.600676  
6487.863381  
6496.173091  
6493.088917  
6545.489985  
6491.581413  
6474.337861  
6512.643196  
6479.955776  
6499.529416  
6494.019093  
6519.779446  
6544.679797  
6511.502681  
6551.637177  
6546.724679  
6547.734335  
6530.041524  
6496.368752  
6510.494838  
6525.499572  
6511.023856  
6484.08249  
6487.817961  
6500.810138  
6480.456334  
6511.36944  
6463.705128  
6513.058255  
6502.017289  
6519.102071  
6534.117935  
6551.433434  
6559.53688  
6540.056242  
6515.118413  
6534.406469  
6548.677645  
6556.197176  
6490.23024  
6557.738281  
6488.555505  
6528.30674  
6529.16464  
6442.587143  
6509.752312  
6515.131985  
6471.701331  
6501.993901  
6513.625349  
6523.200624  
6506.696269  
6514.717166  
6548.475028  
6502.380182  
6537.779895  
6510.588887  
6527.261519  
6581.692512  
6510.204959  
6463.053103  
6511.129953  
6506.736288  
6503.700434  
6534.532436  
6545.519531  
6483.900102  
6553.635005  
6505.725536  
6497.089993  
6485.923071  
6498.617955  
6505.849689  
6506.193878  
6490.885463  
6520.982492  
6473.907366  
6537.290418  
6514.029596  
6526.620755  
6483.103835  
6477.005082  
6521.915557  
6497.173081  
6543.706463  
6499.341887  
6560.342435  
6513.361896  
6552.750279  
6563.738241  
6521.310477  
6576.563855  
6500.500967  
6507.404267  
6476.295101  
6512.805086  
6549.146175  
6518.053243  
6490.44324  
6502.359435  
6457.178581  
6502.375169  
6536.726054  
6487.381447  
6488.627631  
6470.563327  
6483.513443  
6474.894701  
6477.805883  
6500.332918  
6506.308494  
6490.350656  
6509.678591  
6550.928432  
6491.4234  
6519.604691  
6508.093192  
6486.370506  
6525.731296  
6465.59083  
6491.454261  
6518.434202  
6530.02266  
6528.638981  
6505.573342  
6497.954231  
6540.976064  
6498.201481  
6491.328833  
6515.6876  
6539.818788  
6482.624043  
6471.211765  
6476.80682  
6541.717066  
6664.917261  
6499.786013  
6544.295171  
6534.063586  
6506.944296  
6484.990962  
6557.859584  
6525.873754  
6561.185497  
6529.828025  
6485.814443  
6533.308723  
6542.465551  
6520.21874  
6511.342793  
6486.638034  
6537.735401  
6510.338768  
6546.796885  
6475.685756  
6498.102011  
6511.543278  
6516.26704  
6465.914621  
6481.326959  
6492.682637  
6484.913843  
6509.323342  
6543.311175  
6551.676329  
6499.560358  
6499.807338  
6509.700773  
6465.971261  
6483.283432  
6474.229562  
6517.107023  
6532.51986  
6523.245426  
6537.781948  
6510.507992  
6503.189832  
6448.312669  
6492.40906  
6442.525769  
6465.739128  
6535.338369  
6591.002013  
6506.363431  
6550.081164  
6550.10794  
6528.561035  
6569.253388  
6534.309321  
6535.959114  
6502.398358  
6536.444764  
6524.185587  
6515.029108  
6496.186992  
6492.531519  
6453.204809  
6494.98583  
6503.041155  
6447.178512  
6491.873067  
6546.492815  
6537.326202  
6571.403191  
6516.010563  
6524.359435  
6532.055963  
6533.091189  
6505.398467  
6502.391602  
6561.979891  
6549.617506  
6515.062101  
6515.041504  
6512.068808  
6509.200923  
6491.608269  
6507.046167  
6547.756846  
6517.383899  
6447.773896  
6550.177236  
6596.19894  
6608.328932  
6502.408074  
6534.360959  
6510.409389  
6471.959941  
6524.881517  
6516.985491  
6492.23308  
6481.384885  
6511.013612  
6539.448252  
6509.058494  
6472.572156  
6491.7757  
6511.435088  
6522.358658  
6543.325454  
6525.554598  
6522.158741  
6496.136629  
6529.16471  
6551.464246  
6518.881597  
6472.136888  
6486.427435  
6503.837781  
6481.719996  
6469.453663  
6523.385872  
6491.715302  
6499.749581  
6481.940569  
6514.428701  
6504.348055  
6495.643884  
6557.716568  
6573.686643  
6496.029606  
6516.699338  
6507.265625  
6522.963718  
6498.701451  
6534.680574  
6488.166763  
6491.188965  
6485.197644  
6503.177615  
6436.937161  
6483.896355  
6482.946737  
6488.301778  
6478.795291  
6512.785754  
6501.779974  
6487.492277  
6518.199428  
6518.05675  
6494.754863  
6456.314692  
6503.368652  
6512.335888  
6526.444914  
6504.220942  
6478.196957  
6487.611278  
6471.53139  
6507.260224  
6483.152593  
6538.947156  
6585.988112  
6571.951521  
6549.79833  
6483.061175  
6494.065489  
6577.418367  
6530.171078  
6536.352679  
6529.301997  
6521.648637  
6529.448561  
6590.242606  
6572.879285  
6561.632643  
6505.045251  
6546.064294  
6518.797383  
6519.813656  
6526.341837  
6505.341897  
6516.279616  
6488.459283  
6509.740872  
6525.675213  
6503.777952  
6523.471789  
6494.584333  
6511.366749  
6525.593441  
6495.271883  
6527.138841  
6544.805066  
6529.285166  
6516.536751  
6523.896086  
6563.446728  
6520.834104  
6497.650979  
6549.815629  
6529.492058  
6494.527613  
6493.335788  
6498.232183  
6549.12217  
6535.628697  
6514.32961  
6462.036033  
6481.54545  
6441.813526  
6519.208008  
6683.063217  
6534.189822  
6549.067732  
6523.309839  
6520.766133  
6532.510712  
6538.769412  
6486.703334  
6492.27561  
6475.795261  
6498.316018  
6483.385373  
6500.920629  
6489.224769  
6458.91762  
6493.372309  
6546.409957  
6526.315589  
6523.912926  
6565.880361  
6536.258849  
6549.047433  
6499.627093  
6539.943021  
6548.128966  
6512.654028  
6510.692333  
6514.53984  
6503.274265  
6526.309022  
6521.100417  
6499.652643  
6509.517917  
6510.208865  
6480.367975  
6525.398776  
6542.286193  
6494.445083  
6519.08812  
6479.635712  
6486.984315  
6494.0767  
6549.313626  
6507.885154  
6478.660156  
6496.185627  
6504.839814  
6532.79534  
6506.666743  
6491.409768  
6479.000708  
6495.961486  
6513.545709  
6510.884786  
6491.313616  
6501.019023  
6561.036213  
6552.264609  
6514.265824  
6516.038843  
6522.494739  
6499.454351  
6500.957161  
6499.697325  
6483.675163  
6527.958107  
6528.395847  
6495.627531  
6528.942273  
6508.295669  
6516.536402  
6480.219517  
6477.419075  
6482.916912  
6514.778769  
6501.744081  
6497.116739  
6495.049157  
6523.913415  
6483.492785  
6536.519641  
6501.043866  
6521.461077  
6500.509367  
6500.576311  
6451.959532  
6484.291484  
6455.228735  
6512.010742  
6483.70466  
6555.339495  
6614.131657  
6582.542082  
6549.908024  
6595.885164  
6552.160216  
6537.298599  
6488.687889  
6497.717365  
6476.434859  
6455.756457  
6493.870645  
6490.089734  
6525.033572  
6508.085718  
6509.273896  
6500.087651  
6511.978097  
6544.574229  
6499.829321  
6547.344487  
6501.92884  
6539.495386  
6500.676987  
6518.782117  
6576.153051  
6495.474938  
6552.00856  
6517.249173  
6508.679737  
6461.9433  
6489.138054  
6517.496592  
6534.588877  
6463.252671  
6482.124153  
6474.041374  
6480.253677  
6536.823352  
6536.92051  
6484.410654  
6524.758211  
6492.648009  
6526.778649  
6510.222248  
6485.765426  
6588.592494  
6560.767329  
6556.373944  
6598.422473  
6599.395827  
6553.851064  
6504.755859  
6531.743832  
6516.768624  
6501.517767  
6532.996183  
6502.240214  
6497.879255  
6540.402184  
6528.726214  
6494.770817  
6474.601742  
6461.319346  
6523.674795  
6488.890476  
6442.783303  
6529.635224  
6482.216817  
6412.847965  
6663.119509  
6562.825116  
6547.505092  
6491.365523  
6503.037797  
6500.765236  
6451.201979  
6469.114965  
6482.796397  
6517.386798  
6489.450913  
6488.741032  
6492.500299  
6477.774843  
6514.095992  
6505.048808  
6488.357621  
6536.10806  
6497.493234  
6553.383819  
6494.998186  
6515.763493  
6532.699777  
6538.168746  
6541.781858  
6511.827437  
6499.57657  
6484.074876  
6524.706493  
6546.157824  
6596.292112  
6533.181451  
6514.252302  
6503.033442  
6500.132812  
6488.581991  
6483.089734  
6523.075723  
6527.435696  
6500.05974  
6480.371741  
6504.60503  
6485.692891  
6545.178362  
6508.824936  
6499.092096  
6487.858578  
6497.544473  
6496.836356  
6512.680325  
6543.632504  
6507.134736  
6494.424775  
6539.133072  
6521.904227  
6479.44026  
6545.451481  
6479.735621  
6500.517299  
6518.052794  
6525.378767  
6518.457659  
6564.063008  
6484.869978  
6531.30405  
6547.01708  
6518.63933  
6510.553811  
6497.075704  
6515.585031  
6490.774683  
6490.368792  
6500.4603  
6514.275281  
6524.159568  
6552.507364  
6548.59085  
6560.880461  
6548.541135  
6514.892239  
6543.46593  
6555.289272  
6536.196239  
6507.604791  
6459.994629  
6594.504125  
6533.189742  
6508.788156  
6535.214714  
6536.22442  
6472.05953  
6462.077427  
6470.03685  
6496.944186  
6580.655513  
6562.399324  
6446.866938  
6584.557029  
6530.288086  
6513.500249  
6541.80964  
6536.450145  
6478.151626  
6481.374771  
6451.383092  
6506.909718  
6477.591916  
6495.401068  
6465.019222  
6472.287209  
6489.209742  
6423.010961  
6474.718511  
6464.805056  
6478.600068  
6531.339425  
6483.721929  
6505.135682  
6522.581384  
6492.918925  
6546.064224  
6543.894033  
6474.199807  
6481.101134  
6494.581334  
6467.363421  
6520.080178  
6525.648109  
6542.902912  
6493.963459  
6519.171138  
6501.12781  
6545.299486  
6508.81814  
6551.762446  
6551.602788  
6543.984405  
6547.507942  
6574.707221  
6519.540547  
6535.992686  
6536.598354  
6512.271474  
6463.944774  
6564.762805  
6550.919952  
6532.885324  
6533.528559  
6518.356505  
6478.342893  
6495.10512  
6516.535196  
6525.163176  
6510.83803  
6482.03689  
6490.700006  
6532.051678  
6493.270667  
6496.935178  
6504.891412  
6483.980688  
6513.214814  
6515.598384  
6538.000279  
6517.751983  
6541.900859  
6474.441576  
6488.874213  
6494.020737  
6480.204799  
6503.371413  
6514.631288  
6544.933275  
6523.417281  
6551.612105  
6518.070811  
6555.668905  
6536.8891  
6538.694186  
6508.69607  
6467.052505  
6503.78396  
6508.389658  
6521.513911  
6487.065549  
6444.892349  
6496.245725  
6508.401716  
6514.105798  
6490.255102  
6492.983169  
6478.282037  
6459.160973  
6504.021305  
6569.089664  
6598.552236  
6528.588708  
6544.869071  
6531.641412  
6550.401307  
6509.038455  
6503.286073  
6524.368264  
6529.379385  
6517.365195  
6465.142698  
6460.486607  
6492.760314  
6496.52282  
6524.106714  
6483.178272  
6468.616849  
6501.146395  
6493.113221  
6487.385194  
6545.295679  
6545.472078  
6410.215262  
6511.60227  
6513.354353  
6587.359016  
6528.061633  
6494.097128  
6469.958715  
6496.513363  
6537.808604  
6534.925672  
6474.645677  
6503.217973  
6542.612195  
6503.348284  
6457.665069  
6492.587512  
6487.881507  
6475.933534  
6483.87219  
6517.818778  
6533.678551  
6550.428502  
6488.701042  
6483.658452  
6479.966478  
6517.653091  
6535.087671  
6543.84098  
6565.319884  
6628.530363  
6622.0142  
6606.53979  
6605.024823  
6512.834423  
6557.909827  
6514.34666  
6485.186543  
6480.702188  
6481.551379  
6501.760085  
6485.403251  
6522.684879  
6530.955178  
6465.191616  
6527.731535  
6472.133729  
6524.934172  
6528.073382  
6523.258241  
6504.538843  
6527.59371  
6507.228546  
6524.959084  
6542.198571  
6523.916255  
6522.058365  
6523.16486  
6493.858119  
6350.557886  
6417.846441  
6541.197375  
6474.567931  
6439.068618  
6524.277722  
6492.017  
6525.893854  
6523.706144  
6533.86076  
6493.02834  
6489.586296  
6503.189344  
6494.823362  
6489.311563  
6503.504644  
6504.35786  
6491.011828  
6450.176279  
6502.121014  
6528.89213  
6494.025729  
6510.865523  
6518.556312  
6561.012805  
6619.959732  
6629.570681  
6565.854074  
6522.510035  
6534.191117  
6539.221072  
6537.98308  
6503.459811  
6532.311075  
6507.7982  
6500.024025  
6512.408542  
6486.656718  
6509.478167  
6494.116769  
6454.259058  
6465.064702  
6465.482611  
6476.990822  
6565.771106  
6552.157167  
6470.094846  
6532.270049  
6460.458675  
6512.001345  
6449.025321  
6506.541594  
6512.34937  
6492.936713  
6495.103406  
6557.420769  
6633.310049  
6581.889041  
6512.981734  
6535.08802  
6576.388742  
6581.128219  
6515.031908  
6507.211904  
6568.436494  
6552.189503  
6519.746582  
6515.562022  
6500.895627  
6525.147889  
6531.820851  
6508.404845  
6518.584642  
6539.817811  
6526.705676  
6514.338947  
6499.244699  
6526.691227  
6539.844418  
6492.778041  
6489.368543  
6535.512247  
6506.097058  
6480.30668  
6494.424625  
6491.118563  
6487.422034  
6460.958506  
6507.35803  
6527.080636  
6495.810487  
6546.907705  
6476.877372  
6474.813387  
6558.093112  
6522.014489  
6513.400889  
6546.694964  
6496.90906  
6520.206264  
6505.562131  
6529.023208  
6552.893714  
6514.216926  
6564.610411  
6535.553233  
6534.327248  
6529.069296  
6537.148856  
6528.117646  
6527.49426  
6510.856744  
6522.327358  
6522.958177  
6495.120586  
6524.898687  
6426.463568  
6489.146654  
6455.882225  
6507.542949  
6454.417052  
6511.078055  
6481.626664  
6455.233937  
6489.828613  
6472.162408  
6545.500628  
6524.163245  
6515.737614  
6532.556362  
6525.819615  
6478.360631  
6506.078414  
6494.109903  
6531.315858  
6512.928691  
6509.841159  
6558.85525  
6560.542062  
6526.280772  
6531.441237  
6509.460678  
6550.088658  
6525.65069  
6536.293158  
6505.37205  
6517.089615  
6538.016522  
6506.97169  
6552.15639  
6538.833038  
6557.265047  
6519.144302  
6499.844567  
6543.070063  
6535.360441  
6563.81822  
6508.138114  
6476.476702  
6515.923858  
6462.167461  
6490.215262  
6469.925173  
6451.319256  
6457.82378  
6371.416803  
6534.117297  
6469.779915  
6470.774723  
6478.871343  
6483.320014  
6465.301329  
6468.656967  
6528.192692  
6460.85784  
6463.30122  
6487.268973  
6512.245366  
6506.842873  
6502.220225  
6503.6476  
6480.776865  
6574.903689  
6506.191237  
6506.346251  
6548.566825  
6524.340501  
6556.13642  
6542.96871  
6550.8609  
6489.582898  
6492.067871  
6528.006248  
6525.389658  
6544.150779  
6487.522202  
6565.552964  
6539.367367  
6503.485242  
6565.527154  
6581.59088  
6507.848314  
6522.198611  
6475.104502  
6479.007603  
6514.56526  
6540.247977  
6500.472427  
6497.430515  
6488.407725  
6469.535067  
6486.708785  
6460.119131  
6458.55971  
6456.452109  
6464.431621  
6464.331334  
6501.676549  
6500.126266  
6510.172563  
6553.624183  
6541.153021  
6497.082898  
6461.107213  
6523.716677  
6483.303033  
6535.346022  
6530.200953  
6506.493692  
6555.253219  
6512.838718  
6525.847108  
6506.294125  
6500.291723  
6487.475297  
6520.017399  
6545.551857  
6482.631158  
6514.030592  
6524.090073  
6530.412149  
6512.288116  
6528.712851  
6565.585938  
6563.102758  
6548.694705  
6537.002999  
6531.051329  
6528.143116  
6489.272979  
6517.946837  
6517.568748  
6538.319974  
6543.518983  
6489.379036  
6496.181631  
6541.380501  
6519.304319  
6527.274882  
6529.744579  
6567.413116  
6497.963718  
6481.53679  
6523.987783  
6519.583825  
6458.134995  
6511.126076  
6530.333785  
6501.81527  
6489.145458  
6507.167002  
6520.678352  
6482.998266  
6473.612364  
6492.05117  
6511.885762  
6494.448501  
6503.740005  
6505.975696  
6541.80679  
6543.380401  
6475.278609  
6502.390585  
6522.518684  
6499.546626  
6539.108379  
6503.658004  
6547.230259  
6506.785246  
6568.011709  
6517.165687  
6502.715412  
6500.791873  
6566.838827  
6588.521833  
6606.74424  
6568.031997  
6559.849699  
6585.114068  
6549.666643  
6526.620974  
6507.021843  
6485.296447  
6455.24429  
6507.249203  
6511.014349  
6555.247011  
6507.212432  
6526.342833  
6549.585479  
6514.435557  
6535.368314  
6529.534907  
6469.530433  
6422.41186  
6521.37789  
6502.091358  
6480.088997  
6419.333745  
6532.927097  
6501.180126  
6423.706952  
6527.675791  
6552.001156  
6479.343491  
6480.674665  
6477.069316  
6450.788305  
6458.765615  
6484.720414  
6481.76123  
6524.02566  
6519.932368  
6499.68473  
6489.744469  
6500.697017  
6502.476991  
6541.962801  
6512.388732  
6491.8665  
6521.122708  
6493.563516  
6505.459881  
6523.622529  
6512.50577  
6528.524135  
6513.414541  
6517.695362  
6504.454759  
6543.209732  
6570.234255  
6529.496921  
6573.067044  
6544.787628  
6545.396156  
6485.029925  
6542.611836  
6540.322455  
6489.086775  
6507.814832  
6473.029357  
6531.284738  
6530.800173  
6496.521275  
6508.420051  
6535.343132  
6554.799566  
6529.854891  
6489.459752  
6545.388891  
6571.650989  
6480.89208  
6506.282665  
6499.797234  
6511.851762  
6494.067931  
6486.896634  
6518.092644  
6499.091956  
6549.986637  
6516.360949  
6510.561145  
6501.049386  
6548.099659  
6498.479114  
6485.2613  
6493.004753  
6501.294135  
6528.724948  
6485.721371  
6472.760493  
6524.828713  
6484.239925  
6522.098055  
6555.219477  
6546.547632  
6511.917899  
6515.130879  
6512.191785  
6522.279596  
6477.248436  
6516.645787  
6458.321857  
6513.640774  
6540.949368  
6541.185736  
6491.755859  
6502.89196  
6523.663714  
6612.187141  
6547.798609  
6550.4289  
6488.248754  
6509.628697  
6530.922463  
6565.826869  
6501.25  
6509.851772  
6539.784768  
6529.309909  
6505.377601  
6501.469786  
6464.869161  
6484.054618  
6518.983727  
6463.162468  
6493.57949  
6540.421028  
6575.690649  
6513.830008  
6494.307019  
6531.303342  
6551.460768  
6504.361767  
6530.874831  
6536.096849  
6548.712492  
6499.256328  
6498.010254  
6561.830686  
6494.387675  
6495.382254  
6534.042471  
6534.952746  
6503.485312  
6472.206085  
6475.78411  
6524.598045  
6498.282615  
6502.994569  
6485.315659  
6521.478675  
6492.427136  
6500.138831  
6554.144173  
6546.319675  
6516.020707  
6561.03114  
6517.469198  
6552.551389  
6570.808096  
6568.854582  
6585.116141  
6535.038744  
6552.710658  
6466.848085  
6523.424585  
6488.919593  
6475.67902  
6478.642867  
6452.139579  
6486.421596  
6488.222577  
6450.23584  
6485.179498  
6505.891462  
6477.723145  
6543.385503  
6535.375618  
6552.06538  
6516.365185  
6523.242207  
6525.100128  
6513.48859  
6517.713459  
6502.572694  
6467.394093  
6486.50275  
6552.805654  
6495.830487  
6505.311484  
6517.572445  
6500.894182  
6496.628388  
6492.085519  
6534.811783  
6597.569286  
6537.100147  
6597.092873  
6538.149514  
6570.427914  
6529.18466  
6549.06531  
6572.756457  
6526.043437  
6493.098384  
6537.194744  
6482.858817  
6517.486547  
6512.323292  
6481.939353  
6435.064692  
6433.282047  
6503.305086  
6453.670918  
6524.041454  
6495.063138  
6508.045599  
6482.016044  
6481.169812  
6477.110302  
6505.220155  
6503.934261  
6539.512765  
6561.162129  
6540.302386  
6528.448063  
6554.90635  
6534.444804  
6560.047503  
6495.679  
6524.081872  
6556.497758  
6510.167799  
6506.619051  
6536.988092  
6454.252232  
6484.10236  
6504.26139  
6504.090521  
6513.762775  
6503.820562  
6517.072515  
6495.464176  
6501.054737  
6484.337592  
6504.545739  
6508.815918  
6462.379125  
6504.291743  
6545.403998  
6536.098772  
6502.395976  
6512.398218  
6530.842574  
6512.388582  
6484.635214  
6525.083386  
6501.606714  
6462.764389  
6502.274793  
6497.925891  
6503.799994  
6538.595623  
6514.71024  
6493.43743  
6520.745556  
6523.913524  
6525.230598  
6550.735611  
6500.474261  
6487.706782  
6516.263572  
6499.19304  
6541.881148  
6508.59371  
6533.349579  
6592.853067  
6514.950335  
6503.440679  
6526.138951  
6503.36657  
6534.901706  
6524.033094  
6486.923948  
6502.038335  
6464.668925  
6470.058723  
6464.134178  
6522.630331  
6468.286492  
6442.788793  
6506.031818  
6464.40063  
6490.640745  
6527.73007  
6543.483867  
6496.226104  
6558.796108  
6516.683086  
6445.398069  
6569.609734  
6575.340751  
6573.384905  
6488.263114  
6518.650779  
6578.487893  
6557.46296  
6494.568429  
6492.247887  
6481.359435  
6502.113182  
6487.421496  
6514.171177  
6513.344029  
6530.210559  
6504.712273  
6539.373974  
6507.263941  
6524.139409  
6532.077238  
6485.345723  
6436.370107  
6425.573451  
6484.451321  
6517.695163  
6491.319186  
6512.104044  
6500.453633  
6522.531629  
6487.509228  
6507.36069  
6568.381437  
6568.978296  
6572.251734  
6543.724928  
6557.643674  
6569.0454  
6460.194296  
6489.111866  
6484.026826  
6457.001106  
6514.643674  
6501.300532  
6487.558315  
6459.579002  
6492.312669  
6510.798719  
6510.261659  
6516.77547  
6509.450275  
6460.646096  
6502.130032  
6506.669503  
6555.402503  
6578.875837  
6503.799326  
6470.252302  
6613.54837  
6624.364168  
6551.853615  
6608.208396  
6572.766502  
6510.05966  
6527.231395  
6462.349779  
6507.109066  
6451.795859  
6426.62792  
6443.05673  
6532.059311  
6460.510762  
6456.629325  
6499.61088  
6532.645159  
6514.458277  
6490.885852  
6512.305744  
6478.854323  
6488.509038  
6496.225068  
6516.76699  
6509.749522  
6531.189104  
6504.810517  
6546.449119  
6523.937111  
6483.852011  
6470.462163  
6501.424476  
6483.146116  
6498.639559  
6511.456792  
6487.688217  
6598.75288  
6573.05103  
6502.417391  
6509.401068  
6513.445332  
6526.890416  
6504.598224  
6495.973095  
6512.325733  
6519.124193  
6469.253587  
6502.18471  
6497.015675  
6421.429608  
6540.946319  
6551.006657  
6520.815918  
6494.225367  
6495.10801  
6531.870845  
6500.106973  
6483.060437  
6494.35796  
6514.71875  
6586.878049  
6517.198352  
6550.508739  
6465.217624  
6506.829121  
6551.093222  
6564.645508  
6526.986308  
6521.885583  
6507.927146  
6496.029805  
6502.347905  
6479.112364  
6542.63907  
6496.626784  
6525.53989  
6575.578783  
6573.98299  
6543.286761  
6536.361069  
6541.773886  
6533.970484  
6583.821867  
6553.010802  
6537.854373  
6546.383291  
6509.055026  
6504.257095  
6469.742686  
6526.114646  
6524.277174  
6513.497668  
6536.021355  
6505.978187  
6548.668228  
6490.735451  
6496.675582  
6504.422144  
6474.264399  
6514.230558  
6501.372808  
6525.307557  
6467.216159  
6515.225696  
6514.587233  
6526.78697  
6508.909907  
6506.009038  
6479.219737  
6475.468471  
6487.998246  
6482.087452  
6532.897421  
6503.418646  
6536.131079  
6548.653579  
6521.481475  
6538.627182  
6524.38054  
6531.980279  
6521.940768  
6482.119131  
6475.088758  
6454.187669  
6487.414601  
6447.118921  
6465.561703  
6489.424037  
6538.320183  
6604.404526  
6489.187171  
6484.359136  
6530.605429  
6571.795739  
6557.013961  
6559.127551  
6540.247868  
6527.400879  
6494.985282  
6511.028001  
6483.069326  
6485.741659  
6477.474141  
6465.800114  
6527.066875  
6487.396255  
6515.549526  
6477.294184  
6515.605548  
6563.289092  
6585.043676  
