11898.21107  
11727.49675  
11658.63904  
11596.24637  
11651.90099  
11543.31273  
11583.24051  
11528.82585  
11736.41162  
11686.08134  
11698.13839  
11637.22976  
11642.66517  
11686.872  
11673.587  
11706.09223  
11765.05546  
11760.28462  
11636.51309  
11696.33816  
11631.43607  
11543.77098  
11679.98484  
11671.17881  
11625.44864  
11703.03605  
11645.33729  
11682.80172  
11730.73996  
11694.9683  
11620.4556  
11672.80099  
11688.11411  
11775.90728  
11778.81324  
11794.46055  
11752.27759  
11692.8417  
11652.00735  
11620.50897  
11710.47566  
11764.53656  
11708.49304  
11708.90479  
11674.02826  
11606.82345  
11727.25024  
11775.95383  
11700.94619  
11691.86574  
11743.59369  
11753.64278  
11862.34628  
11739.66931  
11580.08994  
11708.86503  
11758.2256  
11711.33795  
11727.76382  
11650.06335  
11674.47809  
11714.01133  
11688.31143  
11763.79698  
11752.64825  
11706.51724  
11717.21288  
11773.42113  
11723.98847  
11728.23602  
11681.72592  
11634.07739  
11774.67048  
11686.3827  
11699.56792  
11685.9597  
11684.11747  
11759.91823  
11708.26826  
11721.64564  
11701.1943  
11624.48638  
11678.89027  
11544.67205  
11750.54443  
11716.27612  
11646.02748  
11619.69374  
11687.60555  
11703.79898  
11644.46959  
11714.17194  
11631.37159  
11698.07046  
11742.14082  
11594.71138  
11725.95803  
11663.6756  
11720.28883  
11680.17341  
11693.8936  
11630.21101  
11701.21708  
11728.54479  
11813.84138  
11806.89347  
11733.78675  
11640.84598  
11673.50773  
11681.02794  
11691.10483  
11652.67127  
11711.84937  
11655.55195  
11698.68951  
11762.86412  
11671.09054  
11634.22127  
11718.46832  
11746.60029  
11676.13265  
11621.50704  
11649.69996  
11683.62962  
11637.43868  
11625.34049  
11623.06669  
11657.60983  
11666.70721  
11692.57954  
11761.00033  
11688.45841  
11596.55702  
11732.80953  
11696.57517  
11709.93528  
11717.3838  
11701.27328  
11710.57683  
11695.76926  
11681.8133  
11566.0765  
11753.71734  
11670.95727  
11615.20255  
11653.08535  
11672.82714  
11521.85227  
11665.45194  
11669.35824  
11641.16828  
11719.23918  
11624.87663  
11699.00361  
11653.94831  
11625.41821  
11702.99616  
11704.14562  
11682.9425  
11720.15542  
11682.79329  
11642.71073  
11542.38081  
11735.60617  
11686.26258  
11704.38948  
11673.33631  
11592.50998  
11643.88834  
11625.5237  
11625.24418  
11700.53849  
11677.8972  
11621.89475  
11697.16587  
11619.01055  
11601.96625  
11567.19741  
11485.93571  
11710.27135  
11689.37733  
11704.30284  
11667.1707  
11610.66256  
11665.67251  
11669.21283  
11702.80101  
11666.04985  
11695.96842  
11695.15534  
11685.74713  
11752.71817  
11688.63951  
11639.98173  
11665.55245  
11633.98268  
11592.85954  
11704.26075  
11724.5952  
11684.41018  
11753.92172  
11676.3262  
11702.76186  
11651.58709  
11708.07617  
11701.92202  
11711.3513  
11657.5057  
11734.67522  
11646.75492  
11652.9727  
11569.02917  
11666.73974  
11669.58145  
11702.80309  
11714.90361  
11717.18832  
11698.77348  
11696.75715  
11478.4074  
11709.53311  
11707.81956  
11654.63366  
11666.28325  
11662.98613  
11652.69396  
11633.82988  
11661.48065  
11676.86947  
11713.64805  
11676.70446  
11689.77702  
11618.28643  
11631.94113  
11624.86702  
11687.03392  
11699.51662  
11649.63162  
11657.43936  
11686.55986  
11743.08715  
11666.22277  
11691.8665  
11638.86982  
11609.70622  
11682.27474  
11661.67426  
11667.45062  
11594.55473  
11691.12503  
11723.21331  
11736.93629  
11713.17947  
11661.20238  
11705.74366  
11675.04806  
11695.72123  
11692.45438  
11653.89079  
11709.07489  
11664.9426  
11686.13913  
11683.14879  
11665.68534  
11685.27894  
11677.31248  
11671.79311  
11577.77637  
11700.84257  
11657.16526  
11729.74741  
11726.16998  
11761.50034  
11678.03981  
11804.11731  
11691.72779  
11634.89238  
11717.58104  
11569.50718  
11631.31408  
11683.62705  
11695.0829  
11713.32566  
11646.7544  
11617.545  
11645.66151  
11685.86315  
11717.28616  
11667.39238  
11715.92461  
11648.85492  
11777.88029  
11663.20674  
11706.9782  
11654.96093  
11625.90729  
11691.71846  
11661.23925  
11674.99004  
11641.21343  
11681.60303  
11697.55574  
11661.28687  
11720.68582  
11775.29892  
11678.88014  
11678.13213  
11636.40868  
11672.04116  
11639.76329  
11619.86646  
11724.55407  
11764.43437  
11710.91014  
11612.43272  
11623.0811  
11612.73321  
11603.78007  
11654.42271  
11682.7224  
11641.57237  
11719.75714  
11710.37547  
11720.18919  
11670.29992  
11650.96542  
11660.5374  
11651.72708  
11654.95781  
11633.34358  
11631.15516  
11660.47959  
11665.51768  
11673.40335  
11621.0496  
11691.30312  
11660.99919  
11792.0472  
11674.05339  
11682.55764  
11650.05674  
11747.74726  
11727.69299  
11642.25529  
11656.40552  
11689.64856  
11584.40078  
11721.3227  
11670.63807  
11651.38854  
11639.26941  
11649.48863  
11671.08412  
11666.25423  
11688.71075  
11628.03124  
11649.90822  
11644.64861  
11710.47539  
11734.76785  
11522.14036  
11608.37846  
11776.7196  
11668.1912  
11689.14701  
11718.40692  
11742.54279  
11679.03914  
11646.18542  
11623.70687  
11733.94372  
11710.00174  
11545.75835  
11702.01298  
11704.70127  
11727.30503  
11869.48029  
11752.32938  
11733.13771  
11697.84191  
11714.23585  
11633.61021  
11743.74574  
11720.22212  
11722.70915  
11677.47567  
11755.1683  
11662.98206  
11710.08973  
11741.61456  
11710.00223  
11764.44082  
11699.61739  
11756.70373  
11747.42067  
11544.53046  
11639.05942  
11641.38343  
11681.7417  
11658.49357  
11660.34931  
11626.98897  
11647.98756  
11507.18726  
11672.99999  
11721.86591  
11669.58884  
11703.25011  
11646.8279  
11709.29261  
11656.15335  
11675.79167  
11745.26078  
11683.67556  
11660.44692  
11731.17761  
11659.73691  
11708.44047  
11586.25304  
11650.86088  
11665.55278  
11663.5874  
11683.93237  
11661.0207  
11622.80018  
11613.22776  
11643.01556  
11674.23434  
11706.42197  
11692.78365  
11726.00054  
11743.22707  
11740.89983  
11660.12582  
11751.34396  
11708.32489  
11734.45822  
11679.39781  
11655.68108  
11637.21709  
11694.38857  
11644.77458  
11715.32264  
11687.70421  
11593.49838  
11711.47444  
11640.67605  
11626.6224  
11652.09031  
11651.52055  
11704.31378  
11657.21566  
11618.47854  
11748.88771  
11753.31864  
11647.12739  
11638.0719  
11683.10505  
11665.18534  
11641.76355  
11636.24126  
11666.95794  
11626.02411  
11617.61062  
11631.63955  
11660.74399  
11677.37569  
11905.37444  
11814.46467  
11650.67849  
11666.99708  
11671.80639  
11664.2471  
11555.39086  
11767.61925  
11651.96697  
11729.53608  
11634.01978  
11606.77079  
11587.65797  
11610.32593  
11675.63751  
11701.2664  
11672.21867  
11653.0507  
11635.25687  
11594.52756  
11634.63179  
11699.14973  
11781.04638  
11775.43308  
11731.63615  
11704.73839  
11504.18973  
11687.68383  
11646.38872  
11682.63984  
11665.68297  
11615.41301  
11576.63694  
11627.56092  
11687.39072  
11630.8781  
11560.00028  
11678.038  
11712.17601  
11685.18188  
11678.84343  
11722.7085  
11740.6874  
11749.14527  
11703.99642  
11674.99032  
11662.48127  
11696.75442  
11762.62521  
11720.82739  
11643.24003  
11673.62023  
11714.78928  
11792.58029  
11768.52251  
11685.04196  
11693.92544  
11641.49788  
11697.0306  
11729.11316  
11703.75268  
11513.05641  
11756.81166  
11662.01553  
11669.14384  
11663.62191  
11647.32289  
11690.43365  
11696.52091  
11638.46415  
11659.38857  
11623.04884  
11663.54047  
11603.2308  
11702.29168  
11755.85212  
11691.37245  
11751.26643  
11673.24418  
11614.66109  
11712.75442  
11651.60064  
11703.16278  
11704.32873  
11682.14548  
11694.13326  
11638.4615  
11717.74016  
11692.8165  
11657.37828  
11665.80919  
11727.24622  
11703.01094  
11707.04524  
11653.4758  
11682.59889  
11636.3451  
11652.89066  
11628.26649  
11656.7188  
11650.51715  
11696.3529  
11634.77728  
11592.42485  
11698.03287  
11714.61573  
11703.79855  
11682.59647  
11603.79735  
11645.57785  
11658.14487  
11682.0537  
11682.30309  
11670.30929  
11682.0561  
11651.91352  
11648.59974  
11656.18258  
11676.66223  
11687.3356  
11660.73437  
11682.46999  
11558.85899  
11698.86225  
11632.90236  
11664.49712  
11650.21316  
11615.8074  
11664.17593  
11664.46913  
11651.54367  
11670.68461  
11683.17191  
11667.51392  
11736.87277  
11704.92646  
11639.46658  
11697.17373  
11691.071  
11641.04281  
11637.95683  
11621.61308  
11663.91075  
11622.96036  
11664.71253  
11730.28579  
11721.63641  
11708.93284  
11674.32905  
11693.57729  
11541.51912  
11666.24292  
11718.44313  
11707.39162  
11732.64706  
11662.13166  
11704.50763  
11681.43875  
11650.36073  
11685.95201  
11699.06016  
11745.86276  
11702.09285  
11748.26994  
11659.50771  
11652.09307  
11615.76841  
11632.84563  
11676.79246  
11728.1984  
11688.34895  
11692.40329  
11642.36728  
11709.60669  
11622.34975  
11705.33271  
11680.7254  
11541.09475  
11759.16631  
11689.00643  
11700.54991  
11637.40407  
11692.84552  
11635.31287  
11732.94634  
11746.57027  
11741.17717  
11717.83235  
11736.39486  
11660.26655  
11595.15269  
11569.56111  
11655.21832  
11656.08237  
11674.70086  
11688.03121  
11661.5549  
11669.01145  
11710.02485  
11742.60198  
11608.38724  
11689.82797  
11654.64059  
11775.01157  
11717.9846  
11715.79111  
11699.96624  
11651.31466  
11665.14432  
11654.32629  
11704.07852  
11676.00221  
11688.69618  
11774.47495  
11765.22394  
11675.34489  
11724.69122  
11726.99301  
11674.39615  
11690.87533  
11769.06038  
11623.94124  
11618.56442  
11673.23512  
11667.16383  
11671.79371  
11689.21091  
11607.34352  
11662.50596  
11685.94726  
11621.48937  
11672.69885  
11717.41119  
11712.7077  
11681.27491  
11620.19267  
11651.14778  
11680.11348  
11669.01088  
11643.56363  
11678.98695  
11698.20796  
11672.29713  
11654.22976  
11675.78531  
11734.19424  
11713.29571  
11677.26128  
11689.72803  
11662.69672  
11649.82849  
11709.91705  
11677.49738  
11755.84068  
11734.20649  
11724.53973  
11696.64224  
11631.25244  
11612.35287  
11579.4786  
11565.29971  
11655.53621  
11650.08152  
11666.02068  
11638.41816  
11636.96858  
11617.02994  
11668.27482  
11667.98737  
11719.47585  
11669.02826  
11656.58544  
11716.12697  
11668.22072  
11729.89015  
11782.03274  
11764.90623  
11685.45001  
11731.9587  
11771.06886  
11752.576  
11476.27696  
11698.49297  
11659.84893  
11716.4202  
11749.60889  
11698.13857  
11650.49188  
11554.96501  
11604.61604  
11648.76823  
11687.23314  
11670.13966  
11706.91365  
11684.9856  
11643.79317  
11653.68505  
11594.45407  
11606.81786  
11660.9747  
11583.7842  
11753.5559  
11695.1852  
11656.89475  
11638.28892  
11560.77226  
11697.74586  
11701.5201  
11741.09137  
11580.00829  
11680.41832  
11656.81293  
11638.81074  
11728.86099  
11695.4771  
11681.11974  
11744.8246  
11704.67178  
11709.32088  
11651.41004  
11641.80995  
11606.20112  
11646.01877  
11644.95794  
11725.97683  
11660.44153  
11707.09503  
11702.75575  
11722.81259  
11703.43274  
11693.15701  
11668.23537  
11669.08946  
11711.98849  
11710.25411  
11661.78545  
11660.39645  
11668.45396  
11672.1421  
11680.90916  
11757.58843  
11696.31539  
11730.45349  
11682.39863  
11601.32037  
11682.56898  
11659.3607  
11639.94861  
11701.47442  
11685.49885  
11672.16367  
11558.66833  
11754.33064  
11765.89843  
11710.27208  
11618.32897  
11676.02947  
11658.73449  
11600.26484  
11672.86775  
11705.33401  
11722.52514  
11633.8152  
11602.87008  
11620.6619  
11634.66311  
11677.74647  
11655.72204  
11633.63344  
11648.14976  
11727.85234  
11715.26949  
11658.67262  
11682.9153  
11587.63305  
11642.88398  
11716.74178  
11743.84243  
11738.74452  
11697.92461  
11743.2527  
11669.49293  
11706.45406  
11679.12597  
11715.37015  
11663.75157  
11665.22379  
11689.44337  
11666.67672  
11719.02747  
11698.47683  
11711.1566  
11721.99266  
11744.67209  
11738.36741  
11687.82163  
11751.6064  
11722.832  
11627.57174  
11632.69107  
11668.01858  
11598.71849  
11680.3805  
11699.76702  
11709.13722  
11723.47813  
11679.5942  
11593.53106  
11583.57768  
11604.92283  
11713.61398  
11656.9887  
11668.40417  
11675.70706  
11669.7635  
11641.96465  
11653.85777  
11638.77323  
11780.16467  
11513.84982  
11765.85666  
11679.5632  
11664.34768  
11728.31842  
11709.98747  
11775.86807  
11743.25641  
11691.98622  
11662.7471  
11629.13042  
11628.50557  
11630.64925  
11600.81534  
11693.65075  
11682.81329  
11702.58585  
11671.56078  
11691.73154  
11690.71179  
11684.34521  
11775.88196  
11686.57655  
11685.67286  
11669.71423  
11687.02003  
11704.67871  
11709.68853  
11668.05536  
11640.1211  
11650.29682  
11654.29922  
11697.27902  
11630.39645  
11622.51226  
11643.84631  
11676.4662  
11761.60126  
11715.26277  
11652.73984  
11658.47449  
11602.08085  
11579.4408  
11605.24789  
11672.35988  
11656.07567  
11731.21852  
11731.48902  
11706.14052  
11699.29899  
11715.16291  
11666.93315  
11639.61982  
11616.31598  
11629.49953  
11708.50268  
11718.55113  
11696.94391  
11729.92167  
11684.51604  
11701.65367  
11695.27834  
11714.2568  
11707.68575  
11704.87164  
11674.34221  
11692.30295  
11683.27749  
11673.31487  
11703.83006  
11728.16431  
11618.41137  
11611.72869  
11523.51235  
11720.97984  
11759.45606  
11736.4764  
11683.67554  
11620.41029  
11664.66824  
11625.64699  
11632.04577  
11648.03814  
11668.27793  
11677.90035  
11622.58432  
11590.40879  
11611.18836  
11647.92893  
11719.5278  
11682.20625  
11644.61032  
11595.01737  
11601.44093  
11640.11886  
11687.7629  
11697.0622  
11645.18568  
11661.36729  
11648.66769  
11624.88739  
11748.70043  
11717.48987  
11755.14831  
11705.30293  
11705.66571  
11791.67111  
11647.38888  
11782.93833  
11677.11008  
11688.80684  
11703.60554  
11674.85841  
11637.43692  
11684.06947  
11654.30481  
11672.87507  
11654.2402  
11690.95123  
11681.51105  
11642.72907  
11799.11795  
11730.63401  
11685.57295  
11397.09552  
11813.93294  
11702.78494  
11644.2331  
11719.23011  
11680.25109  
11677.51503  
11588.56312  
11607.16686  
11647.28925  
11680.64851  
11668.12923  
11682.25645  
11675.92773  
11673.02614  
11678.18017  
11689.05609  
11687.30548  
11719.53929  
11746.1898  
11789.74915  
11797.38347  
11749.63531  
11623.23043  
11569.8739  
11569.80796  
11634.14014  
11690.56221  
11692.6089  
11695.70966  
11688.21274  
11646.12788  
11720.83865  
11659.64175  
11713.61662  
11685.25747  
11734.53821  
11674.25422  
11633.7426  
11682.19019  
11746.14818  
11694.00472  
11688.0314  
11649.69052  
11643.70132  
11687.20611  
11639.68853  
11659.81803  
11635.55077  
11675.32887  
11627.95958  
11620.29478  
11659.91322  
11702.49685  
11677.27796  
11692.95467  
11698.04759  
11684.56992  
11650.37279  
11686.70511  
11717.45214  
11679.2932  
11730.76528  
11701.10991  
11665.94628  
11640.45265  
11618.49542  
11614.75224  
11634.54603  
11619.12601  
11594.17835  
11644.94522  
11652.43952  
11723.81475  
11720.49726  
11700.33315  
11682.02575  
11628.00845  
11574.84565  
11697.70355  
11705.08312  
11707.3577  
11668.30498  
11704.23487  
11754.49901  
11731.59772  
11731.58121  
11682.93002  
11631.5318  
11646.73736  
11641.97263  
11634.09903  
11658.82409  
11748.65568  
11682.23273  
11646.13161  
11626.73391  
11621.66388  
11689.33235  
11666.32584  
11678.72611  
11690.4717  
11669.97846  
11656.66613  
11695.41147  
11669.29518  
11651.70834  
11655.87135  
11649.74484  
11685.67793  
11658.94989  
11705.77618  
11707.01673  
11708.4683  
11702.55895  
11631.34085  
11616.58756  
11594.2634  
11757.40307  
11683.43015  
11778.35709  
11738.67487  
11708.92084  
11741.07939  
11720.41772  
11684.94401  
11627.57736  
11653.13157  
11686.68466  
11691.58542  
11743.62912  
11713.28191  
11689.93197  
11681.9991  
11720.22657  
11697.6548  
11692.98574  
11728.29597  
11711.89693  
11654.69461  
11616.00765  
11580.75786  
11660.19943  
11710.01398  
11588.93445  
11770.34955  
11695.5224  
11711.61032  
11684.41876  
11652.07265  
11660.86529  
11646.90486  
11713.3519  
11747.76916  
11703.54924  
11685.16323  
11679.5419  
11681.37243  
11552.60702  
11599.89321  
11637.48145  
11735.37898  
11643.02183  
11671.63949  
11659.79225  
11644.2194  
11693.80456  
11684.12538  
11684.47035  
11650.50848  
11584.15934  
11640.07722  
11661.01107  
11630.96457  
11520.55476  
11644.2955  
11626.50736  
11660.20696  
11693.02135  
11738.68396  
11688.35534  
11635.05746  
11669.6399  
11668.77671  
11647.17876  
11758.5754  
11661.14834  
11761.75502  
11719.54723  
11731.02482  
11690.92495  
11781.72509  
11717.82632  
11709.75022  
11652.12495  
11691.81589  
11706.11075  
11673.85526  
11802.90304  
11780.28422  
11732.96217  
11692.81197  
11684.70864  
11689.60562  
11772.80689  
11700.05716  
11638.77619  
11683.41716  
11634.55455  
11648.0103  
11645.99109  
11685.41357  
11658.49294  
11690.52867  
11730.72221  
11683.44253  
11611.31513  
11579.76843  
11650.37153  
11669.96872  
11697.85445  
11653.55485  
11638.11802  
11643.70553  
11695.26385  
11679.1509  
11675.70115  
11639.91653  
11709.25627  
11739.79731  
11739.53729  
11704.21418  
11719.75427  
11677.01909  
11664.84641  
11703.27875  
11742.04428  
11737.31679  
11718.92699  
11718.0571  
11713.15332  
11664.34796  
11585.15106  
11645.3168  
11673.42542  
11619.33455  
11662.09046  
11642.26612  
11626.40444  
11683.84356  
11712.55046  
11740.33148  
11681.879  
11635.1989  
11561.31644  
11617.35101  
11595.88494  
11668.58667  
11673.69287  
11670.63828  
11637.06874  
11693.74053  
11600.11076  
11520.09178  
11720.65532  
11733.10163  
11737.25511  
11638.001  
11613.37221  
11588.51857  
11661.27345  
11662.09413  
11679.65309  
11645.54554  
11668.13854  
11651.91228  
11610.29869  
11612.03618  
11629.41188  
11596.06656  
11718.98465  
11718.21727  
11698.69038  
11729.5284  
11708.54067  
11725.59637  
11788.66992  
11765.9765  
11773.00191  
11679.463  
11674.33506  
11723.57602  
11726.02039  
11585.95242  
11649.31834  
11663.66093  
11655.5869  
11620.57887  
11669.8317  
11684.67761  
11730.32805  
11678.56273  
11670.92926  
11710.63256  
11618.61985  
11644.56522  
11704.42463  
11729.47368  
11644.03112  
11607.31706  
11656.74152  
11674.94654  
11684.67972  
11480.28531  
11645.44961  
11659.43926  
11700.4391  
11692.68599  
11795.18491  
11790.55321  
11669.06563  
11694.18267  
11656.39605  
11671.63306  
11682.50098  
11711.86406  
11689.80835  
11661.94055  
11713.3459  
11712.4026  
11726.00715  
11644.78713  
11686.10257  
11634.77427  
11706.49223  
11763.67313  
11693.86687  
11712.77817  
11691.01888  
11699.66773  
11686.961  
11696.29649  
11661.68054  
11725.84706  
11672.74246  
11779.58219  
11730.83147  
11684.8388  
11701.10868  
11732.69212  
11641.98377  
11634.21306  
11595.39051  
11581.25541  
11659.74223  
11659.20918  
11779.73772  
11654.45439  
11706.9021  
11690.65713  
11573.14046  
11667.53109  
11584.99519  
11596.71589  
11521.42906  
11534.71792  
11674.24372  
11674.73621  
11644.74593  
11615.58976  
11513.3681  
11650.17758  
11619.46118  
11670.22228  
11625.22913  
11615.16897  
11652.30167  
11694.39696  
11829.14138  
11755.81406  
11766.974  
11736.90739  
11683.17913  
11701.93973  
11668.49824  
11697.54132  
11635.5337  
11698.20156  
11670.57562  
11679.78091  
11718.92481  
11681.29255  
11710.95963  
11653.40634  
11696.26256  
11656.32418  
11739.02038  
11723.90106  
11630.31197  
11743.87222  
11661.1921  
11672.64  
11743.10976  
11711.76135  
11745.05969  
11764.92111  
11692.5303  
11734.14491  
11717.89963  
11704.05829  
11693.98089  
11622.02515  
11638.81424  
11670.8208  
11693.7392  
11617.9434  
11630.68124  
11660.65347  
11646.77537  
11633.71524  
11654.55589  
11659.46048  
11697.35739  
11644.65587  
11646.23594  
11636.1965  
11611.16912  
11636.92336  
11584.78116  
11666.51108  
11639.80298  
11640.90597  
11610.71821  
11669.30711  
11675.55113  
11678.32044  
11771.55444  
11771.06454  
11694.94316  
11721.69041  
11729.97268  
11729.89551  
11726.08862  
11754.37757  
11761.5477  
11698.06244  
11739.03058  
11739.74446  
11725.32423  
11810.79113  
11652.82879  
11663.38654  
11582.69217  
11722.12743  
11669.72853  
11666.16158  
11708.84393  
11631.88028  
11692.07999  
11687.85073  
11691.65676  
11733.24282  
11702.954  
11677.72182  
11684.8535  
11615.46791  
11615.25041  
11657.92758  
11694.24354  
11673.6055  
11686.75605  
11651.86476  
11617.53973  
11625.19751  
11706.68123  
11753.71227  
11696.67506  
11661.22752  
11640.59255  
11635.11164  
11594.68277  
11660.37251  
11686.63507  
11543.76843  
11687.87664  
11669.24008  
11722.37212  
11679.03162  
11668.16555  
11696.2892  
11621.20388  
11731.93731  
11712.60145  
11648.51572  
11674.54487  
11656.90173  
11645.32641  
11686.43598  
11679.34074  
11735.78524  
11666.85965  
11698.39406  
11598.86615  
11738.18019  
11627.47283  
11643.63996  
11665.64191  
11628.96945  
11660.06249  
11688.76015  
11675.37036  
11671.27119  
11703.96706  
11545.81015  
11646.48634  
11652.5647  
11635.35998  
11714.40408  
11656.97484  
11711.99989  
11652.66464  
11696.35882  
11730.90977  
11711.40701  
11714.516  
11697.03258  
11660.74423  
11652.13553  
11728.343  
11686.52544  
11682.8254  
11730.89304  
11735.65307  
11692.56164  
11737.60052  
11741.09763  
11659.49427  
11723.82512  
11528.75927  
11712.48493  
11668.62405  
11636.20762  
11612.63863  
11655.93023  
11594.69106  
11588.87376  
11642.22711  
11603.01722  
11643.4955  
11642.75208  
11691.56779  
11699.61018  
11711.37242  
11529.81254  
11761.16742  
11730.32548  
11743.34941  
11739.94139  
11678.07003  
11649.48445  
11664.91064  
11670.26943  
11672.90697  
11722.95347  
11675.41396  
11657.73962  
11734.8857  
11729.44159  
11690.88259  
11720.61093  
11680.68664  
11712.50132  
11547.40012  
11742.18556  
11704.39017  
11710.60472  
11665.2521  
11748.05688  
11749.82136  
11747.49055  
11724.7006  
11653.61362  
11616.79361  
11649.19686  
11585.56075  
11642.30996  
11665.72339  
11674.0032  
11616.00541  
11535.13935  
11682.27142  
11634.49954  
11672.48495  
11719.14134  
11676.59444  
11675.19059  
11692.92856  
11739.76402  
11691.50559  
11714.2611  
11727.54945  
11711.21561  
11669.32562  
11706.37892  
11668.66124  
11728.66038  
11661.35279  
11589.42336  
11757.31881  
11735.88011  
11716.52124  
11673.56488  
11703.04672  
11680.02606  
11648.74761  
11675.70664  
11707.89282  
11699.44439  
11651.51994  
11655.54959  
11692.79365  
11675.82743  
11624.54431  
11675.32269  
11590.66189  
11702.52129  
11681.4623  
11687.59763  
11503.15919  
11638.58979  
11596.03046  
11680.50738  
11642.42238  
11705.01624  
11712.9639  
11720.3172  
11727.38805  
11666.12635  
11657.0341  
11783.11994  
11689.15537  
11750.39902  
11455.04088  
11810.43817  
11607.68215  
11541.97862  
11568.60799  
11610.52055  
11651.20491  
11650.92883  
11710.12292  
11753.40944  
11686.39472  
11617.42445  
11689.656  
11621.38189  
11716.88874  
11624.85277  
11719.0728  
11663.25112  
11646.94835  
11752.05735  
11748.82411  
11659.6968  
11763.35192  
11736.93707  
