8475.803215  
8347.221168  
8274.076854  
8339.366753  
8426.497892  
8341.42947  
8376.336139  
8283.956155  
8471.220618  
8397.543612  
8474.864529  
8405.673689  
8371.765051  
8381.111406  
8435.694119  
8495.069987  
8403.805664  
8481.716843  
8377.137106  
8410.75055  
8418.146384  
8456.400143  
8453.423278  
8478.188949  
8393.494745  
8481.249767  
8425.528716  
8461.942778  
8519.379092  
8486.964231  
8380.234801  
8463.320607  
8343.65363  
8447.764145  
8409.260587  
8475.159071  
8396.290303  
8421.067119  
8312.223152  
8467.956713  
8355.160435  
8459.233538  
8338.794186  
8424.451776  
8375.606221  
8536.74211  
8375.251318  
8358.925525  
8428.011161  
8292.466037  
8424.773686  
8475.975369  
8362.991761  
8372.260122  
8411.296929  
8272.048704  
8413.087813  
8385.743366  
8316.21172  
8426.171201  
8351.64371  
8420.105097  
8487.821157  
8436.355872  
8380.240583  
8384.919062  
8466.402352  
8331.621388  
8388.806734  
8347.796999  
8424.316608  
8375.949839  
8465.696064  
8417.752922  
8402.661784  
8410.160017  
8520.523825  
8439.70459  
8455.908839  
8392.318367  
8431.435152  
8327.825722  
8443.663357  
8427.436074  
8438.530165  
8375.786125  
8389.24535  
8438.860437  
8280.262672  
8459.809586  
8416.168  
8437.490265  
8354.955621  
8377.042899  
8446.885037  
8327.007347  
8410.751023  
8340.865606  
8383.140726  
8370.067507  
8343.383681  
8336.58879  
8409.763594  
8393.802424  
8342.104973  
8312.332124  
8437.096672  
8438.593014  
8439.212302  
8433.845773  
8438.972935  
8427.138587  
8381.872342  
8455.542612  
8478.877441  
8501.158955  
8412.621745  
8375.022236  
8345.74025  
8366.000364  
8454.122737  
8456.615436  
8387.988979  
8528.522755  
8322.073227  
8379.4816  
8380.721633  
8383.826536  
8442.841247  
8425.821421  
8465.412869  
8394.361235  
8398.20962  
8423.66152  
8379.563221  
8419.502968  
8390.41035  
8320.786699  
8381.367637  
8436.139493  
8325.070987  
8493.311771  
8429.033234  
8379.009711  
8444.633169  
8391.179153  
8316.567088  
8431.910125  
8370.986026  
8425.607933  
8473.879154  
8391.327427  
8410.546673  
8375.138354  
8432.402747  
8426.512649  
8396.982406  
8411.43233  
8409.80702  
8361.611475  
8373.515796  
8469.041248  
8538.555517  
8414.959519  
8532.750953  
8398.939337  
8396.114855  
8364.07742  
8385.966092  
8441.986026  
8518.934408  
8360.444491  
8303.349183  
8388.211294  
8460.591022  
8435.072769  
8436.773042  
8367.900755  
8471.913861  
8375.692166  
8506.033916  
8523.734352  
8361.072909  
8488.085945  
8380.395097  
8496.085356  
8431.992125  
8405.341278  
8420.288791  
8386.921123  
8425.434702  
8297.825126  
8332.351376  
8387.505394  
8339.300898  
8411.455636  
8461.496435  
8386.341378  
8384.743001  
8429.765889  
8411.015059  
8354.373504  
8391.211976  
8488.953203  
8390.377217  
8380.648205  
8430.315499  
8454.974524  
8399.454311  
8389.103686  
8349.597897  
8408.219951  
8513.776615  
8341.130642  
8430.379255  
8402.827389  
8408.056927  
8371.742242  
8382.641834  
8442.043542  
8362.985538  
8418.973951  
8418.270244  
8354.336627  
8382.629139  
8385.62083  
8405.297867  
8397.987669  
8459.73677  
8568.436058  
8354.66538  
8439.664225  
8450.936903  
8441.289559  
8376.195499  
8401.502255  
8385.898779  
8399.730027  
8454.393059  
8366.320204  
8417.406359  
8389.450536  
8327.640268  
8426.920302  
8400.600555  
8401.203567  
8365.467549  
8385.341735  
8351.194871  
8389.524251  
8376.717905  
8357.03418  
8384.409637  
8461.765431  
8445.634998  
8343.841549  
8389.902034  
8373.983662  
8411.369079  
8363.521089  
8336.050254  
8435.63382  
8357.55847  
8388.629937  
8437.120714  
8477.914303  
8439.539  
8380.690678  
8393.978159  
8468.664303  
8421.188934  
8413.818716  
8387.911644  
8404.285141  
8398.51123  
8533.164357  
8502.388912  
8437.987483  
8391.760176  
8436.314523  
8434.595494  
8412.362165  
8422.688678  
8311.580938  
8379.905676  
8457.85536  
8474.042938  
8393.903437  
8420.485638  
8385.993916  
8398.029777  
8433.107585  
8481.924882  
8473.190871  
8440.682757  
8439.894849  
8446.403925  
8392.478988  
8407.592246  
8423.393826  
8419.605748  
8390.36046  
8387.364793  
8423.866908  
8348.659094  
8504.5594  
8390.392369  
8394.660288  
8409.811516  
8396.397399  
8417.235158  
8410.519492  
8384.160931  
8417.507502  
8430.150871  
8422.436686  
8457.541853  
8373.681679  
8368.084573  
8459.603213  
8461.751356  
8408.034761  
8320.642005  
8379.736723  
8297.854701  
8368.838441  
8415.603337  
8384.0492  
8340.798727  
8459.300161  
8379.806517  
8425.366862  
8416.989382  
8383.192228  
8376.515447  
8433.226935  
8386.527886  
8420.506681  
8448.942631  
8427.010882  
8418.109336  
8490.329636  
8403.944491  
8396.012711  
8354.53442  
8393.57404  
8430.521368  
8358.112785  
8362.974749  
8344.13506  
8387.208442  
8461.555222  
8370.86773  
8449.557795  
8485.20559  
8433.997233  
8439.462836  
8406.914729  
8385.536954  
8394.481391  
8435.357468  
8355.410001  
8368.726066  
8410.516555  
8397.121179  
8349.955256  
8401.751318  
8413.139532  
8430.62679  
8433.922596  
8430.283257  
8395.405095  
8377.137044  
8367.874062  
8430.867281  
8475.067158  
8411.462612  
8421.369017  
8406.000853  
8419.127751  
8427.217595  
8437.367831  
8449.950358  
8355.564151  
8406.743815  
8414.599059  
8394.76888  
8392.35295  
8342.110538  
8383.446235  
8392.716898  
8408.113785  
8385.507371  
8414.544759  
8388.253077  
8452.148484  
8329.865808  
8350.711069  
8392.464069  
8424.900119  
8429.090844  
8429.067158  
8381.726229  
8455.82904  
8465.952342  
8417.891361  
8474.114211  
8404.380201  
8424.568708  
8414.160668  
8398.97347  
8418.518353  
8372.761347  
8368.13985  
8353.937167  
8327.583147  
8393.298999  
8388.278607  
8434.373675  
8456.516617  
8454.129867  
8425.096866  
8413.01523  
8428.898143  
8453.220618  
8426.464379  
8387.293837  
8408.917798  
8437.000457  
8437.849416  
8400.086294  
8429.513106  
8469.917597  
8488.148569  
8357.51795  
8424.16028  
8419.353066  
8380.399701  
8324.70869  
8358.791163  
8393.661714  
8400.978128  
8480.430246  
8383.577203  
8444.53335  
8388.966487  
8344.217231  
8442.017028  
8415.403522  
8399.26516  
8489.442445  
8406.940182  
8402.905359  
8374.100586  
8445.840619  
8429.531545  
8382.149864  
8471.57363  
8380.822242  
8373.297859  
8339.588844  
8350.340379  
8392.90456  
8394.519012  
8383.040504  
8416.28139  
8358.005929  
8433.419271  
8403.839022  
8416.062291  
8407.300394  
8419.47054  
8387.403251  
8356.349121  
8404.214619  
8507.694754  
8470.521275  
8435.487653  
8446.669124  
8413.506797  
8404.023096  
8303.704481  
8348.481794  
8428.372132  
8436.22671  
8340.848431  
8361.527871  
8370.084411  
8408.531273  
8427.308268  
8443.466626  
8416.956295  
8410.975601  
8394.185508  
8358.326428  
8406.021353  
8406.208574  
8423.256239  
8377.995466  
8360.137742  
8426.658529  
8378.410117  
8390.648461  
8462.747334  
8472.018834  
8518.290682  
8410.378054  
8354.251566  
8468.570111  
8365.39154  
8388.507564  
8367.578466  
8397.990428  
8419.939724  
8424.904157  
8406.502945  
8437.897422  
8380.094347  
8413.019663  
8404.75386  
8473.844331  
8449.284079  
8421.437229  
8398.210527  
8422.452396  
8508.869675  
8498.156397  
8462.470323  
8400.511122  
8312.509727  
8374.145159  
8403.028359  
8420.514253  
8401.001798  
8396.627573  
8454.563074  
8436.354949  
8370.668209  
8429.017687  
8460.234817  
8411.796263  
8427.372001  
8429.790403  
8392.775584  
8392.685035  
8396.508572  
8356.038179  
8389.482616  
8404.174828  
8415.483112  
8426.058415  
8365.310733  
8343.001883  
8375.814376  
8481.134394  
8389.277305  
8424.40711  
8352.83045  
8339.857585  
8463.709907  
8421.04727  
8434.993358  
8398.651747  
8402.545945  
8398.914419  
8406.534869  
8439.540721  
8404.031064  
8359.724656  
8410.185764  
8529.744916  
8486.687097  
8489.151716  
8384.027282  
8370.534575  
8379.587371  
8398.356097  
8402.666481  
8396.585457  
8377.679625  
8377.192011  
8369.38234  
8376.164946  
8371.086558  
8403.088673  
8403.12414  
8372.033583  
8424.889207  
8421.650662  
8478.072056  
8339.340441  
8420.999969  
8425.819917  
8456.733553  
8455.258913  
8348.83028  
8391.746117  
8374.534598  
8442.434183  
8388.760719  
8463.978616  
8377.622582  
8440.216921  
8380.125736  
8394.15701  
8421.834054  
8426.169193  
8488.443003  
8417.29727  
8427.088348  
8422.130945  
8399.195592  
8468.44446  
8410.045209  
8406.655328  
8421.64133  
8409.665458  
8449.572754  
8408.930695  
8431.951567  
8458.407978  
8409.120009  
8315.385107  
8361.15177  
8359.037923  
8375.125109  
8387.859057  
8537.529553  
8493.837085  
8437.283684  
8518.861111  
8370.457078  
8379.906312  
8326.295193  
8386.535986  
8317.236731  
8450.805594  
8497.805819  
8432.502015  
8386.365746  
8387.95855  
8377.630394  
8368.264517  
8409.417  
8395.730639  
8344.242397  
8383.443786  
8430.05964  
8372.814445  
8433.501666  
8369.304098  
8434.748442  
8467.651305  
8460.456016  
8491.166155  
8489.596191  
8451.949692  
8415.235956  
8329.057966  
8441.623318  
8497.245815  
8398.152499  
8369.933113  
8337.955404  
8308.337681  
8375.851121  
8502.505201  
8444.590704  
8423.8852  
8341.385851  
8400.315143  
8390.930323  
8551.687438  
8473.932152  
8371.418635  
8408.485545  
8387.360739  
8447.262331  
8334.755774  
8356.025708  
8458.723617  
8401.241459  
8426.851283  
8396.348586  
8401.61904  
8386.58038  
8357.615653  
8378.012703  
8373.29727  
8409.490203  
8377.336651  
8401.755751  
8401.178804  
8340.303416  
8391.470618  
8354.903537  
8399.796813  
8381.15618  
8397.909102  
8472.612708  
8503.598052  
8452.976749  
8415.542325  
8395.813577  
8397.179742  
8441.960403  
8358.220533  
8400.185268  
8366.918263  
8379.541442  
8413.113429  
8411.215084  
8481.873031  
8425.891361  
8386.683253  
8430.560074  
8457.531436  
8476.991854  
8483.430997  
8419.489258  
8476.833101  
8430.601252  
8448.285234  
8392.113126  
8318.261409  
8373.650646  
8404.695716  
8387.939019  
8422.639563  
8444.930114  
8389.152227  
8395.493699  
8380.44353  
8348.722656  
8398.175657  
8449.406421  
8405.117707  
8385.679819  
8378.084217  
8340.089061  
8382.643803  
8385.392206  
8438.313329  
8421.298642  
8366.985607  
8338.219835  
8381.776452  
8419.604988  
8595.819514  
8361.487909  
8420.217983  
8440.986398  
8521.771159  
8397.304362  
8388.47843  
8380.165233  
8365.017098  
8384.82232  
8423.58431  
8273.781227  
8438.700296  
8319.353051  
8539.27064  
8443.316282  
8401.784776  
8389.719564  
8421.920209  
8469.264726  
8458.436376  
8424.124264  
8409.712953  
8414.89743  
8350.42096  
8421.882882  
8376.802378  
8463.347819  
8522.062616  
8381.522135  
8366.934028  
8318.113025  
8378.488909  
8457.962836  
8443.011292  
8430.54169  
8398.928416  
8407.346292  
8374.920441  
8342.438593  
8361.758743  
8382.474509  
8357.050076  
8450.605066  
8438.299239  
8352.650956  
8376.041062  
8369.80785  
8375.841549  
8347.848106  
8426.719246  
8371.477849  
8398.963301  
8448.084349  
8465.488537  
8409.893198  
8376.998334  
8363.183702  
8436.788458  
8449.56002  
8419.205807  
8528.087821  
8425.424712  
8370.27057  
8370.156459  
8379.84954  
8362.429478  
8371.234274  
8460.069561  
8461.89953  
8442.577389  
8439.885169  
8433.110305  
8433.515896  
8392.832775  
8348.055455  
8332.07077  
8348.598811  
8417.845331  
8376.711108  
8468.337185  
8398.580706  
8374.352268  
8317.86904  
8455.134626  
8400.953745  
8375.58989  
8348.006355  
8438.253984  
8460.865041  
8413.700025  
8415.356345  
8359.940778  
8355.770725  
8463.569537  
8430.965286  
8463.709938  
8366.92365  
8348.781917  
8379.808268  
8366.525925  
8371.176332  
8453.947986  
8498.830489  
8442.961883  
8391.930734  
8380.734352  
8377.128061  
8390.903158  
8382.907265  
8431.746722  
8474.47733  
8499.388649  
8412.39519  
8465.415117  
8411.254619  
8530.280909  
8404.67341  
8381.105073  
8350.46365  
8359.305742  
8420.88203  
8427.973796  
8308.255805  
8428.071901  
8379.482864  
8365.433547  
8377.821188  
8433.009301  
8459.775925  
8389.915698  
8440.501767  
8485.898236  
8458.836077  
8391.150181  
8438.829745  
8399.15866  
8393.759285  
8293.217215  
8374.95559  
8453.850935  
8485.090526  
8433.985762  
8465.547123  
8441.465503  
8454.03356  
8420.11756  
8397.366157  
8397.907436  
8405.773003  
8354.422449  
8458.525608  
8421.289295  
8432.432199  
8419.877937  
8348.299998  
8325.802324  
8361.645182  
8393.839301  
8515.357174  
8416.810361  
8392.375016  
8340.091185  
8388.012711  
8452.157645  
8468.196289  
8398.811942  
8373.214138  
8335.151561  
8422.354577  
8490.51771  
8463.558981  
8359.516563  
8376.458527  
8372.255495  
8469.407079  
8470.080543  
8424.933198  
8404.535451  
8401.459883  
8388.638308  
8502.380433  
8422.809749  
8334.530382  
8438.240304  
8437.784389  
8406.821227  
8451.518446  
8354.180835  
8358.047906  
8346.043992  
8348.009905  
8362.721447  
8372.044922  
8427.733491  
8542.862754  
8385.820971  
8400.640679  
8383.572676  
8412.015904  
8430.101539  
8411.366149  
8406.19253  
8443.629224  
8416.372721  
8399.621815  
8399.74583  
8428.854872  
8493.022066  
8472.236522  
8422.993373  
8443.867032  
8420.477989  
8391.989506  
8383.840603  
8336.624093  
8358.57952  
8346.945584  
8369.197738  
8368.796216  
8385.08872  
8426.342122  
8420.532227  
8310.74042  
8326.337364  
8402.030917  
8385.573715  
8477.718223  
8453.219448  
8444.134804  
8394.351477  
8404.565654  
8432.911629  
8407.17906  
8357.947614  
8368.336937  
8351.274585  
8385.918573  
8351.195002  
8478.009115  
8471.177789  
8426.80399  
8410.490118  
8413.194561  
8462.275577  
8445.565259  
8421.081217  
8403.560167  
8435.935252  
8435.149492  
8423.458783  
8403.687647  
8465.194568  
8360.909877  
8352.342494  
8340.38165  
8404.802913  
8412.911458  
8527.877899  
8411.982306  
8476.21451  
8490.730562  
8398.210658  
8439.452621  
8607.526026  
8424.847997  
8340.003278  
8307.479632  
8370.957861  
8336.793  
8422.258758  
8340.262641  
8348.217316  
8333.148515  
8413.06381  
8393.639199  
8365.9508  
8348.281514  
8360.720099  
8376.872512  
8518.967983  
8452.151964  
8492.052424  
8464.082659  
8463.940019  
8384.68943  
8398.860111  
8332.821901  
8431.023469  
8463.119466  
8415.072064  
8428.070909  
8399.040411  
8413.126697  
8443.222765  
8412.747349  
8393.710255  
8349.570227  
8419.350989  
8344.781723  
8347.555587  
8411.955745  
8504.278793  
8439.396856  
8393.218471  
8392.294186  
8373.533955  
8406.418341  
8418.313484  
8423.056749  
8486.598447  
8343.955489  
8331.608429  
8403.049828  
8424.276522  
8403.37183  
8420.285086  
8394.906351  
8378.001736  
8418.390098  
8415.254387  
8469.896942  
8497.219083  
8415.360383  
8467.059687  
8441.133619  
8385.574684  
8443.25045  
8408.699397  
8384.427998  
8356.445382  
8345.20397  
8379.636424  
8387.750419  
8410.794527  
8441.525538  
8439.052386  
8440.280955  
8407.198583  
8385.0666  
8352.372512  
8407.891199  
8428.765183  
8393.399065  
8401.125791  
8394.522329  
8422.348261  
8379.310865  
8494.117699  
8495.770981  
8380.491126  
8303.796495  
8394.492854  
8398.213852  
8316.402103  
8447.091727  
8460.33834  
8373.427448  
8396.154274  
8402.815678  
8434.005472  
8353.615234  
8397.983212  
8407.27701  
8469.530374  
8447.421022  
8444.99118  
8422.432888  
8367.524879  
8277.850609  
8333.364545  
8432.903468  
8406.625217  
8405.958512  
8413.034102  
8349.939259  
8362.197576  
8416.275057  
8424.015377  
8411.430711  
8514.294558  
8469.215704  
8407.131216  
8457.178486  
8441.03139  
8382.733987  
8456.233011  
8371.35381  
8377.484282  
8382.232166  
8373.84003  
8439.980872  
8438.201621  
8403.5143  
8404.806648  
8465.988894  
8403.547921  
8407.428711  
8339.560097  
8490.153723  
8318.536187  
8400.364614  
8430.841239  
8405.365924  
8435.312826  
8421.652328  
8507.334604  
8392.846323  
8467.650267  
8403.775902  
8480.299378  
8387.231042  
8359.256673  
8409.619334  
8435.730616  
8440.288683  
8485.447676  
8398.982678  
8383.411962  
8418.471447  
8473.003441  
8405.639765  
8335.42465  
8412.039845  
8431.38375  
8404.290636  
8390.550386  
8413.832016  
8451.350005  
8379.219936  
8349.448583  
8321.496412  
8329.788365  
8419.039179  
8474.891191  
8422.407692  
8318.8945  
8329.705047  
8437.022949  
8418.527103  
8483.744691  
8328.436423  
8339.02801  
8327.264269  
8345.265602  
8353.89936  
8406.935748  
8493.173076  
8435.808005  
8419.474098  
8501.034745  
8438.523546  
8417.724214  
8396.577753  
8441.98377  
8398.436981  
8382.706489  
8372.44174  
8481.832202  
8436.504736  
8358.603136  
8408.616777  
8498.03101  
8376.036621  
8428.3811  
8407.789008  
8392.724679  
8393.497388  
8363.919837  
8339.461689  
8376.353593  
8303.104182  
8366.157537  
8330.212325  
8352.53387  
8434.964627  
8494.759719  
8463.599485  
8389.485305  
8398.939066  
8374.643493  
8391.53766  
8377.957628  
8380.552843  
8345.288466  
8403.970254  
8447.154855  
8500.157521  
8453.229523  
8415.638765  
8407.055377  
8439.591882  
8406.523817  
8424.220734  
8529.712278  
8368.754232  
8387.712131  
8358.852756  
8465.800967  
8433.380859  
8403.599121  
8395.205791  
8467.92689  
8450.515881  
8396.200482  
8344.417209  
8417.559555  
8388.109367  
8404.601183  
8539.966022  
8523.205016  
8337.533784  
8394.117257  
8504.694173  
8379.566709  
8348.616684  
8384.881921  
8427.605701  
8411.718269  
8430.311182  
8352.397019  
8311.393733  
8348.135161  
8428.785521  
8437.625264  
8478.952071  
8375.558749  
8385.406498  
8459.71248  
8304.856693  
8307.481926  
8338.943925  
8431.765873  
8389.869094  
8486.028475  
8499.582117  
8416.552355  
8366.060237  
8331.980539  
8331.119327  
8362.868939  
8578.818948  
8415.220277  
8350.062112  
8502.840689  
8476.457775  
8467.771732  
8492.335992  
8475.732662  
8409.534621  
8435.370621  
8438.837596  
8439.911536  
8381.845804  
8396.819119  
8407.598137  
8388.541845  
8425.19615  
8313.85953  
8333.545426  
8390.968595  
8531.034032  
8365.705993  
8413.183493  
8479.276708  
8404.490544  
8358.497481  
8409.650941  
8412.333116  
8410.724028  
8397.908172  
8368.038745  
8423.445344  
8359.510998  
8420.15253  
8382.25527  
8423.976384  
8383.034319  
8476.280948  
8481.849749  
8471.454249  
8454.081078  
8375.092161  
8395.231693  
8393.08252  
8453.783226  
8408.65811  
8321.600826  
8309.07697  
8350.324382  
8470.288427  
8467.672983  
8397.278599  
8385.461945  
8406.985274  
8377.051897  
8388.220912  
8438.084287  
8466.414861  
8405.963743  
8386.158707  
8332.085325  
8428.557617  
8389.701683  
8391.573382  
8388.970618  
8370.264881  
8403.458364  
8419.245109  
8437.235553  
8395.324692  
8508.048262  
8383.662303  
8344.010169  
8410.54062  
8449.376651  
8455.280049  
8333.021167  
8432.765974  
8402.253216  
8372.307152  
8330.859243  
8568.374667  
8375.594858  
8397.671968  
8265.584248  
8353.489157  
8342.488994  
8412.827923  
8482.304331  
8391.858871  
8420.775344  
8523.899073  
8487.557726  
8406.839735  
8394.567267  
8372.23446  
8346.894182  
8358.710635  
8407.250333  
8412.170976  
8391.418232  
8443.24876  
8421.10519  
8412.679881  
8446.597555  
8475.975795  
8414.885944  
8428.872404  
8451.175812  
8369.383177  
8381.822002  
8495.047511  
8482.382975  
8447.978082  
8392.140788  
8420.15694  
8407.833101  
8432.524693  
8495.412047  
8510.304633  
8475.25093  
8441.457566  
8398.785792  
8452.108701  
8456.085666  
8427.425169  
8394.488452  
8337.985848  
8432.721284  
8486.762905  
8395.377271  
8313.015478  
8411.824761  
8363.317677  
8451.687562  
8321.95769  
8326.238297  
8316.752705  
8370.045914  
8339.822498  
8305.963797  
8431.927858  
8461.6199  
8414.768818  
8442.830481  
8453.734592  
8414.72147  
8364.820072  
8411.016183  
8429.161133  
8434.169565  
8346.049324  
8358.154855  
8370.900646  
8439.050549  
8444.370303  
8383.592161  
8368.573227  
8369.344083  
8356.866924  
8441.614707  
8464.984569  
8448.260254  
8491.881402  
8507.725958  
8487.884417  
8495.779638  
8441.803029  
8440.730957  
8440.414233  
8376.976625  
8477.156266  
8412.597106  
8475.571886  
8384.423735  
8337.24452  
8344.542883  
8354.704156  
8333.348424  
8337.940306  
8401.508254  
8491.785017  
8442.616071  
8433.006286  
8394.001589  
8366.845331  
8367.668651  
8400.081473  
8448.161001  
8428.967983  
8351.72502  
8385.744412  
8382.471556  
8354.327885  
8394.794356  
8436.299262  
8483.733205  
8421.243753  
8397.073374  
8360.615591  
8403.468812  
8378.282715  
8418.840588  
8321.812748  
8415.610181  
8294.001589  
8326.765408  
8391.882092  
8469.235142  
8430.869799  
8459.949164  
8437.135804  
8426.831109  
8361.064709  
8387.684679  
8354.090472  
8477.998334  
8408.57597  
8378.430401  
8261.871466  
8431.509246  
8514.280227  
8452.931796  
8451.307757  
8415.799355  
8456.41552  
8352.002395  
8405.552006  
8363.144679  
8412.850888  
8441.704164  
8403.430393  
8442.559377  
8415.463294  
8439.944189  
8376.498853  
8397.529367  
8364.531731  
8354.056238  
8324.216239  
8345.64588  
8351.850803  
8393.36332  
8460.301409  
8442.425611  
8409.100555  
8381.10536  
8365.498527  
8385.011827  
8416.39836  
8326.27374  
8340.908583  
8396.08655  
8482.936337  
8436.782583  
8375.029948  
8404.044844  
8413.998062  
8363.985956  
8426.685338  
8358.575203  
8311.500473  
8422.963875  
8427.317546  
8505.901398  
8424.564786  
8428.02784  
8417.257208  
8459.223083  
8327.406126  
8331.503302  
8316.754224  
8380.681447  
8485.794124  
8591.082535  
8456.130921  
8446.100927  
8431.574002  
8469.767873  
8455.879945  
8426.888292  
8416.787768  
8450.658273  
8411.614072  
8429.975896  
8421.890858  
8400.518601  
8455.984894  
8434.147771  
8375.225253  
8435.689492  
8387.861158  
8437.352764  
8381.39867  
8347.284753  
8350.042387  
8403.040233  
8391.415272  
8475.852795  
8433.834232  
8419.927463  
8483.030506  
8423.385269  
8423.349857  
8350.516609  
8368.143826  
8330.752527  
8460.378689  
8452.979244  
8409.682392  
8412.222617  
8317.115761  
8393.78907  
8355.473075  
8331.572041  
8369.039396  
8349.259975  
8295.597912  
8434.627844  
8441.336108  
8386.663644  
8352.055083  
8383.661265  
8385.074203  
8400.861065  
8458.001442  
8473.52033  
8449.233693  
8542.107081  
8474.751759  
8479.165016  
8435.726252  
8379.043953  
8411.403251  
8390.884339  
8469.150143  
8409.014478  
8470.800401  
8438.140284  
8446.665876  
8446.887773  
8450.323056  
8411.383797  
8410.260215  
8343.293976  
8353.334922  
8404.623217  
8305.542519  
8466.259804  
8371.152879  
8483.158056  
8384.357251  
8385.600725  
8329.900677  
8430.787799  
8471.30926  
8425.637246  
8410.673541  
8381.662892  
8451.165543  
8328.297139  
8326.401662  
8483.33448  
8428.816476  
8222.598648  
8398.62531  
8457.461317  
8417.448172  
8369.846176  
8401.202892  
8347.623264  
8450.462519  
8561.895182  
8529.717897  
8411.281653  
8340.737444  
8368.932028  
8421.461689  
8437.357972  
8345.633805  
8275.554052  
8386.529653  
8346.489785  
8451.415217  
8450.855554  
8456.789303  
8503.359119  
