5329.143037  
5300.392006  
5346.120845  
5372.755572  
5412.170881  
5364.73686  
5353.762787  
5372.685566  
5399.318943  
5400.833715  
5385.117577  
5377.733865  
5372.125954  
5410.991683  
5423.160945  
5397.41942  
5410.119681  
5413.622995  
5411.322828  
5413.19914  
5397.043282  
5397.946909  
5424.737507  
5415.576587  
5418.622969  
5494.291913  
5395.30949  
5437.512038  
5425.149829  
5408.426782  
5390.923664  
5396.91066  
5428.875743  
5456.697419  
5401.973064  
5401.189477  
5391.752073  
5423.178756  
5372.033868  
5412.484104  
5396.63876  
5393.153456  
5370.245756  
5407.659077  
5412.572089  
5481.413916  
5378.42779  
5360.372216  
5374.125063  
5362.334748  
5387.63025  
5404.086939  
5398.778588  
5397.526937  
5365.626941  
5352.227864  
5379.371872  
5359.848642  
5356.391877  
5347.167483  
5375.049864  
5418.926224  
5450.911524  
5389.71849  
5351.580634  
5385.012657  
5384.152523  
5376.75634  
5412.675735  
5420.66096  
5406.283855  
5373.486481  
5414.202046  
5376.149386  
5370.787327  
5403.10567  
5444.879814  
5371.250497  
5365.025985  
5355.859084  
5380.408182  
5379.428931  
5400.259485  
5409.454822  
5375.547559  
5370.873143  
5377.459781  
5374.213169  
5331.721757  
5380.397403  
5386.34212  
5383.821735  
5346.274758  
5358.82151  
5348.402315  
5355.088813  
5351.548604  
5382.525316  
5353.162387  
5380.842839  
5373.376834  
5366.923203  
5402.235725  
5395.841089  
5382.398093  
5333.666359  
5379.372681  
5379.766719  
5402.069773  
5410.22243  
5408.448504  
5403.38706  
5370.511113  
5416.099161  
5413.279107  
5442.294979  
5417.207325  
5391.909861  
5410.480802  
5406.68673  
5393.544517  
5390.466039  
5352.893478  
5423.036587  
5364.729018  
5390.593736  
5360.422031  
5397.623109  
5438.40044  
5402.52864  
5396.3558  
5368.478521  
5378.15444  
5406.77138  
5411.32012  
5386.784445  
5383.976522  
5376.253495  
5396.398479  
5395.59064  
5374.191761  
5466.908034  
5407.796284  
5367.16366  
5369.269158  
5397.111634  
5384.287541  
5391.357809  
5385.378617  
5395.902019  
5368.379157  
5366.232744  
5395.059059  
5390.402035  
5393.788384  
5411.008728  
5393.005772  
5396.222357  
5372.660171  
5395.207955  
5397.974879  
5425.095733  
5504.319545  
5379.748291  
5374.490703  
5369.686026  
5393.959815  
5374.243815  
5398.646541  
5415.210482  
5364.243425  
5371.404326  
5360.487624  
5381.437198  
5446.517879  
5393.067313  
5389.074109  
5412.082148  
5462.329454  
5383.617811  
5398.356333  
5394.393516  
5365.314877  
5418.668126  
5386.239612  
5416.047687  
5425.099538  
5406.100975  
5397.652303  
5389.018364  
5397.024385  
5357.759161  
5373.279426  
5367.174331  
5394.860813  
5405.795175  
5401.496523  
5380.384233  
5406.822556  
5417.428745  
5406.481332  
5365.541022  
5372.831253  
5478.911832  
5404.250108  
5345.96052  
5382.600878  
5373.795694  
5386.872173  
5389.712563  
5373.336027  
5356.023192  
5432.392044  
5406.141282  
5388.258343  
5385.290064  
5387.564349  
5375.788552  
5382.46248  
5460.8972  
5371.147163  
5353.276715  
5375.271804  
5342.601881  
5395.431851  
5414.755948  
5374.647344  
5387.395402  
5414.687692  
5447.159815  
5395.903414  
5407.292771  
5399.511551  
5384.869476  
5382.618733  
5402.433914  
5399.215446  
5383.367847  
5421.647234  
5393.90587  
5415.175634  
5391.133019  
5347.486818  
5384.502896  
5407.586482  
5366.906995  
5376.568188  
5339.586014  
5369.054022  
5364.663125  
5406.793728  
5354.634594  
5380.316043  
5401.437972  
5413.992668  
5362.125129  
5401.132909  
5369.927607  
5370.98623  
5392.242972  
5384.105131  
5393.079477  
5378.26373  
5395.140461  
5374.543455  
5427.344316  
5368.345951  
5425.079587  
5386.219853  
5415.629709  
5403.029452  
5389.317225  
5378.98128  
5404.104451  
5388.548497  
5409.74927  
5400.257614  
5383.122924  
5396.905045  
5404.258599  
5387.727709  
5408.427932  
5414.431918  
5368.191307  
5394.232565  
5406.391539  
5408.035543  
5387.490397  
5390.811584  
5382.356474  
5431.324804  
5406.271588  
5412.778074  
5376.874409  
5382.903527  
5393.691256  
5440.17985  
5403.22159  
5400.501369  
5396.11517  
5381.095108  
5396.811908  
5408.491406  
5421.244636  
5379.901402  
5414.160071  
5416.126348  
5373.357043  
5389.722986  
5376.458493  
5390.987107  
5408.092632  
5403.014338  
5417.938523  
5391.295225  
5378.488483  
5378.322027  
5390.241219  
5378.610332  
5395.858544  
5429.738801  
5391.51654  
5335.014952  
5352.048041  
5358.176767  
5395.633066  
5410.451626  
5386.282693  
5360.459741  
5398.667342  
5381.580838  
5414.575133  
5403.435421  
5366.447825  
5344.327566  
5366.496893  
5411.018697  
5412.11549  
5395.552099  
5405.804103  
5404.618386  
5378.746273  
5402.610113  
5389.947171  
5372.495006  
5394.712494  
5391.573098  
5366.225698  
5370.878825  
5365.575769  
5400.594304  
5424.332082  
5415.583934  
5409.634636  
5392.559832  
5373.338269  
5387.465587  
5400.701669  
5376.957171  
5364.537493  
5358.962856  
5357.128429  
5385.44153  
5408.353096  
5420.454386  
5385.975165  
5404.386454  
5393.654728  
5382.870357  
5405.986319  
5410.585198  
5386.521195  
5395.220153  
5389.521678  
5418.949823  
5399.126619  
5394.881097  
5403.138218  
5383.125511  
5402.950569  
5400.014229  
5443.999206  
5402.774497  
5382.533172  
5362.6215  
5362.076039  
5368.367302  
5390.509932  
5380.540064  
5379.151299  
5402.15088  
5390.086467  
5385.191946  
5365.723628  
5352.266519  
5367.545619  
5385.585685  
5412.339669  
5379.392675  
5392.94983  
5398.942093  
5394.39998  
5423.261059  
5452.647538  
5407.069817  
5415.037509  
5430.713815  
5416.963228  
5392.433043  
5424.249583  
5389.590827  
5382.838143  
5410.049692  
5382.572427  
5379.903742  
5338.379749  
5353.292948  
5392.567589  
5424.249529  
5428.906253  
5430.704789  
5398.491195  
5384.180634  
5402.273956  
5399.294812  
5383.716176  
5390.02669  
5376.261557  
5394.081209  
5391.715458  
5387.974264  
5376.598993  
5425.750918  
5416.876868  
5385.901645  
5394.376346  
5380.217934  
5364.496818  
5362.813119  
5378.465292  
5375.188693  
5378.128523  
5388.24189  
5358.778636  
5389.919399  
5387.737569  
5404.166913  
5392.209907  
5382.473034  
5387.960848  
5375.487564  
5408.580237  
5394.475411  
5372.774936  
5418.561293  
5390.03308  
5401.419455  
5394.486377  
5402.088458  
5371.923408  
5340.452238  
5348.287885  
5373.992868  
5367.767119  
5373.111113  
5413.486015  
5379.548271  
5391.545888  
5427.629489  
5409.519051  
5397.464164  
5413.089472  
5430.097571  
5406.162774  
5403.115  
5405.610826  
5413.718518  
5398.271824  
5385.672579  
5395.098043  
5372.032363  
5391.294425  
5368.51947  
5413.640325  
5385.000556  
5376.495027  
5379.777749  
5397.502627  
5398.859863  
5390.872148  
5417.028076  
5396.957938  
5381.715182  
5381.795438  
5365.776251  
5372.299501  
5395.897219  
5367.307356  
5392.519047  
5409.877427  
5405.30669  
5354.495045  
5384.330051  
5423.448727  
5401.592046  
5397.501265  
5363.882457  
5380.636097  
5386.136007  
5398.542969  
5415.439082  
5398.527044  
5380.823943  
5391.163006  
5393.959123  
5392.732306  
5409.868105  
5390.712147  
5401.572853  
5385.982741  
5429.486753  
5389.60258  
5368.351678  
5394.510843  
5413.386917  
5402.858111  
5418.328058  
5396.41967  
5348.28956  
5365.52205  
5397.604001  
5404.747925  
5405.820288  
5387.972714  
5418.691349  
5402.093791  
5389.228994  
5359.371185  
5376.588837  
5386.15456  
5398.947433  
5413.170105  
5426.56076  
5389.26451  
5377.865145  
5357.391256  
5352.532576  
5390.043402  
5381.393  
5386.931067  
5380.95356  
5364.386896  
5347.84655  
5378.684196  
5400.487111  
5350.382859  
5330.955029  
5354.16226  
5403.758981  
5411.716324  
5416.999781  
5404.180639  
5404.531503  
5404.24731  
5409.94069  
5386.355361  
5374.526237  
5388.698978  
5367.682721  
5403.910672  
5457.536245  
5409.764591  
5420.465623  
5394.231557  
5389.631627  
5380.100726  
5410.433607  
5398.687385  
5396.808964  
5383.688106  
5373.789872  
5365.140052  
5378.659587  
5389.698656  
5410.461014  
5401.37127  
5422.189407  
5395.444355  
5389.767847  
5443.685385  
5369.660972  
5399.966401  
5398.620227  
5405.495566  
5380.649458  
5378.138518  
5383.437562  
5395.288406  
5396.232981  
5364.231245  
5387.577201  
5414.788548  
5384.63128  
5363.302126  
5373.23782  
5415.157034  
5423.524371  
5409.178657  
5395.596559  
5370.041763  
5391.353849  
5404.29682  
5405.157623  
5412.798303  
5398.861931  
5413.364825  
5395.219729  
5403.935383  
5387.056068  
5404.036615  
5413.771663  
5372.051977  
5340.503987  
5378.614929  
5388.929951  
5368.855127  
5375.340019  
5400.076063  
5403.454093  
5388.623151  
5427.736728  
5387.010293  
5377.489001  
5354.22774  
5383.085336  
5398.223212  
5446.876953  
5385.664306  
5399.418636  
5399.021183  
5421.711982  
5402.238715  
5407.933346  
5397.565517  
5369.965112  
5369.644282  
5388.935841  
5389.280516  
5381.655484  
5391.2638  
5408.458163  
5442.91938  
5439.962318  
5417.880997  
5435.81593  
5384.271825  
5385.794332  
5405.322804  
5387.198013  
5394.583315  
5387.026771  
5350.43418  
5353.738439  
5365.717318  
5362.684987  
5383.414876  
5410.281759  
5380.290978  
5387.996511  
5378.086828  
5424.14679  
5402.414928  
5416.037489  
5373.62972  
5361.223808  
5389.813799  
5391.665349  
5407.279669  
5372.01258  
5366.538502  
5424.190454  
5388.240649  
5351.915888  
5376.142666  
5356.405385  
5353.329918  
5369.747613  
5354.596144  
5402.362302  
5424.896601  
5413.328101  
5393.842442  
5379.972059  
5359.679383  
5372.817078  
5393.202404  
5419.194754  
5399.347722  
5416.316269  
5386.230265  
5396.719238  
5422.885749  
5403.740724  
5392.484977  
5382.661934  
5374.089554  
5387.351414  
5372.293272  
5374.480171  
5414.58244  
5426.80711  
5414.465571  
5462.693268  
5395.001283  
5385.848197  
5385.900456  
5401.450507  
5402.869366  
5406.334302  
5402.851028  
5405.805866  
5364.013641  
5371.900172  
5365.455227  
5355.926958  
5386.837325  
5390.357452  
5366.33074  
5415.260348  
5386.413626  
5378.842246  
5372.479662  
5393.452313  
5393.474376  
5397.646468  
5392.803486  
5407.944207  
5387.48557  
5384.032315  
5383.650703  
5402.340708  
5386.761829  
5370.828563  
5363.549589  
5365.626114  
5380.899436  
5400.10649  
5392.096304  
5433.3606  
5380.428804  
5399.667714  
5394.804216  
5398.635521  
5365.690851  
5375.416722  
5387.411655  
5386.848819  
5382.518285  
5396.817309  
5360.671032  
5409.165658  
5408.497047  
5443.377337  
5410.484226  
5392.109569  
5390.00372  
5421.901741  
5403.64147  
5412.298803  
5379.846993  
5382.633295  
5389.796985  
5358.104806  
5383.055873  
5375.980194  
5397.528611  
5433.812293  
5388.803081  
5383.30995  
5371.884233  
5385.291133  
5380.776238  
5407.838213  
5412.767589  
5394.281384  
5390.363339  
5367.24009  
5385.639383  
5383.587035  
5372.495743  
5400.746309  
5423.61706  
5426.809393  
5388.599418  
5400.586067  
5382.052247  
5401.566984  
5383.890042  
5415.749722  
5396.549746  
5384.892484  
5387.347839  
5404.239696  
5396.824602  
5391.359913  
5393.260207  
5402.883822  
5394.749292  
5379.20863  
5397.657012  
5387.956686  
5373.357604  
5382.687128  
5379.685502  
5373.043633  
5381.985991  
5399.256217  
5375.380047  
5413.712257  
5392.822767  
5401.717043  
5378.604198  
5368.556266  
5351.982084  
5376.253871  
5380.839822  
5392.764258  
5389.493956  
5380.165274  
5356.134116  
5395.148777  
5393.73507  
5430.951908  
5416.068764  
5371.01976  
5374.656141  
5437.735667  
5417.126977  
5408.996518  
5381.708452  
5388.666302  
5410.064424  
5434.905337  
5414.428596  
5411.373198  
5369.299394  
5352.055692  
5365.641944  
5381.416497  
5357.63497  
5371.722934  
5399.597701  
5385.581584  
5392.221126  
5390.419699  
5367.536079  
5410.98025  
5390.642658  
5392.390303  
5408.868994  
5392.448975  
5403.299814  
5427.083245  
5392.61844  
5407.444151  
5388.578105  
5345.115017  
5376.183801  
5365.305569  
5371.60858  
5371.359146  
5324.637265  
5414.891556  
5381.896095  
5390.463035  
5377.023334  
5417.030789  
5431.939572  
5410.976432  
5445.921304  
5412.227457  
5419.398481  
5382.375154  
5395.733157  
5394.542469  
5400.981883  
5322.526966  
5405.795863  
5380.564236  
5396.879245  
5421.158929  
5432.703274  
5407.719907  
5401.202215  
5381.711069  
5390.770214  
5392.997142  
5356.983393  
5373.248796  
5424.597186  
5408.033023  
5415.331327  
5393.781038  
5327.171679  
5332.041494  
5396.938934  
5433.104301  
5436.071968  
5374.327482  
5404.912398  
5390.497884  
5423.834742  
5416.089922  
5412.704389  
5363.87071  
5380.947896  
5390.168749  
5406.454705  
5392.645243  
5401.626573  
5360.182351  
5377.449774  
5391.746153  
5408.15258  
5403.516481  
5391.460493  
5389.22849  
5372.51  
5378.008475  
5413.65161  
5375.218612  
5368.270192  
5394.92756  
5385.625289  
5431.668  
5418.480533  
5369.160771  
5352.274459  
5356.845268  
5378.34409  
5398.377158  
5409.23144  
5419.14028  
5446.526483  
5407.663406  
5386.99698  
5375.801809  
5392.523347  
5387.787915  
5378.428141  
5407.841715  
5421.01991  
5437.037708  
5432.214617  
5378.998617  
5403.635413  
5390.743389  
5370.682892  
5373.690175  
5413.456649  
5378.287296  
5375.145857  
5351.428411  
5351.294997  
5384.572216  
5372.241914  
5395.101779  
5367.690977  
5349.286279  
5350.938394  
5351.577878  
5328.041817  
5361.334511  
5405.347904  
5388.751582  
5393.45242  
5405.076998  
5407.994622  
5407.989247  
5423.254284  
5409.478685  
5392.778666  
5369.605504  
5371.711199  
5388.515236  
5400.822359  
5405.121815  
5412.426598  
5430.086899  
5418.463488  
5409.427664  
5420.712615  
5415.405145  
5390.613672  
5404.503853  
5438.65787  
5399.365772  
5359.575  
5353.223326  
5366.080808  
5393.707633  
5356.001772  
5343.884623  
5346.198373  
5390.079665  
5398.71316  
5457.608072  
5408.2262  
5411.844806  
5370.065855  
5359.487032  
5411.305168  
5477.368701  
5358.293046  
5382.246345  
5320.96101  
5372.901442  
5345.789773  
5385.224837  
5370.822496  
5385.097124  
5390.462067  
5418.442164  
5380.687468  
5369.643801  
5368.238037  
5373.479789  
5400.520704  
5433.550054  
5424.283923  
5467.516106  
5422.319574  
5400.368347  
5383.690965  
5381.718683  
5401.236863  
5417.588455  
5415.129821  
5402.512461  
5375.491926  
5375.089548  
5383.071246  
5427.455492  
5426.927222  
5401.677747  
5357.839214  
5378.351658  
5403.505286  
5391.88603  
5401.184462  
5403.102222  
5399.914328  
5365.724044  
5373.475775  
5380.988658  
5397.178725  
5375.871637  
5393.265592  
5403.394424  
5392.778093  
5405.324318  
5402.237326  
5414.846862  
5392.825772  
5379.467951  
5374.121357  
5392.087178  
5402.454088  
5371.745569  
5378.137224  
5389.850959  
5413.518533  
5411.932431  
5400.630497  
5373.967378  
5394.59433  
5397.544146  
5394.665829  
5372.60696  
5353.606416  
5402.089443  
5412.899844  
5411.966752  
5416.293676  
5404.020307  
5380.817431  
5374.118864  
5372.1128  
5373.315334  
5418.046212  
5408.982696  
5391.094617  
5356.815232  
5371.545993  
5408.928936  
5424.03049  
5439.150573  
5413.50339  
5373.882952  
5355.68595  
5393.469515  
5390.383716  
5372.229741  
5388.082234  
5383.733527  
5384.059171  
5392.44607  
5411.443615  
5388.705675  
5350.444925  
5384.186027  
5368.708706  
5405.934746  
5435.770203  
5435.32852  
5403.409779  
5390.643671  
5352.250098  
5381.523091  
5390.943063  
5396.381427  
5395.704324  
5373.425195  
5356.784507  
5343.25495  
5360.020097  
5378.042113  
5414.348634  
5436.465675  
5456.034216  
5378.140231  
5393.981897  
5379.146369  
5343.285521  
5376.193132  
5394.871387  
5410.721462  
5368.20768  
5387.243183  
5378.35693  
5386.94774  
5379.320942  
5401.758256  
5398.479717  
5392.361482  
5412.557038  
5396.206374  
5384.319276  
5363.006262  
5388.229125  
5383.94833  
5393.878379  
5424.02242  
5392.546195  
5432.702831  
5387.431391  
5393.944959  
5405.264707  
5402.219027  
5381.107816  
5401.16045  
5432.872039  
5452.455015  
5406.941959  
5393.500389  
5353.400096  
5375.992997  
5403.539336  
5442.595973  
5383.644754  
5378.075134  
5383.066529  
5368.672511  
5391.518383  
5407.286396  
5429.60044  
5399.122665  
5371.22809  
5346.588927  
5357.84897  
5393.723152  
5422.096666  
5419.362035  
5361.992649  
5365.010082  
5393.737697  
5422.139069  
5412.049016  
5405.122603  
5369.651469  
5362.431802  
5386.452181  
5380.149167  
5365.084666  
5365.49622  
5411.966284  
5390.301203  
5404.593475  
5414.57638  
5416.353008  
5408.249075  
5374.193346  
5393.849391  
5378.011373  
5393.372099  
5374.651907  
5425.667231  
5403.250747  
5395.043887  
5367.802813  
5393.726001  
5389.246316  
5401.382753  
5383.128224  
5374.801164  
5364.751135  
5355.540657  
5382.764839  
5399.917393  
5363.038109  
5404.67889  
5373.50474  
5384.645936  
5413.00401  
5409.238828  
5405.288352  
5401.760953  
5391.743045  
5400.927704  
5389.938018  
5369.701389  
5341.855064  
5418.087581  
5402.908087  
5407.231932  
5401.945141  
5396.982541  
5418.282654  
5391.88004  
5410.143732  
5381.687625  
5404.46036  
5413.895513  
5404.036105  
5407.97233  
5388.984416  
5391.89911  
5407.830477  
5418.521292  
5399.396207  
5413.245479  
5381.187935  
5364.46797  
5376.314858  
5396.313338  
5363.574451  
5409.120887  
5415.745244  
5423.490309  
5386.138767  
5375.535878  
5383.918072  
5353.39843  
5365.863117  
5402.415839  
5417.212367  
5419.056805  
5393.805904  
5376.016555  
5328.009905  
5379.482428  
5387.345612  
5353.539972  
5364.960779  
5345.745009  
5382.138801  
5356.463871  
5347.739409  
5362.973953  
5378.676397  
5419.90574  
5412.964538  
5417.240617  
5410.029615  
5407.476218  
5368.498054  
5357.697007  
5369.101791  
5383.648096  
5447.619195  
5409.354012  
5408.632485  
5403.602489  
5382.964515  
5411.78196  
5422.2841  
5405.492479  
5402.444265  
5397.506593  
5380.135772  
5381.800033  
5418.890311  
5405.47428  
5364.922177  
5396.58846  
5409.541423  
5364.273295  
5365.487802  
5414.930175  
5433.069889  
5384.679855  
5391.268329  
5406.226219  
5421.106506  
5418.4602  
5404.036602  
5426.911556  
5408.556895  
5404.112108  
5395.379158  
5407.076467  
5370.259132  
5382.384637  
5357.323728  
5393.967602  
5395.623546  
5403.344423  
5409.224942  
5399.581672  
5400.481273  
5415.314828  
5422.596494  
5383.06558  
5359.292443  
5353.719998  
5354.616175  
5368.76589  
5376.471615  
5417.437659  
5394.733734  
5376.235469  
5375.137177  
5386.682843  
5366.877337  
5410.070624  
5408.41361  
5408.997156  
5384.281954  
5356.875576  
5365.058177  
5407.659301  
5413.120612  
5385.010495  
5396.790497  
5388.165975  
5385.652755  
5458.533869  
5430.575316  
5396.098355  
5423.369587  
5390.688066  
5373.946296  
5449.946381  
5432.819841  
5414.663197  
5359.524219  
5374.944635  
5391.025202  
5364.348056  
5320.41623  
5395.574165  
5344.464394  
5354.965107  
5291.309376  
5335.219808  
5358.366614  
5392.480724  
5386.277515  
5377.445324  
5403.496631  
5445.193429  
5409.024445  
5379.054088  
5355.695679  
5358.406226  
5398.107327  
5385.228466  
5409.433464  
5397.86185  
5374.911165  
5380.67864  
5399.723815  
5387.621095  
5416.3951  
5383.294915  
5385.020435  
5390.612592  
5408.312706  
5385.300993  
5421.52305  
5434.829589  
5416.836836  
5392.346848  
5387.256677  
5385.549559  
5395.705309  
5394.002063  
5414.959339  
5431.715273  
5423.017547  
5415.606471  
5390.807688  
5409.180496  
5383.104494  
5387.069321  
5389.848204  
5385.284377  
5411.667461  
5401.87997  
5382.627705  
5368.687623  
5398.670174  
5394.338971  
5389.271215  
5337.624567  
5374.142942  
5376.736342  
5432.852031  
5393.714417  
5375.52149  
5387.666771  
5408.065841  
5416.036514  
5421.752898  
5423.000756  
5418.153564  
5367.896591  
5381.106147  
5397.815474  
5384.457885  
5374.579602  
5349.807304  
5367.627989  
5378.635699  
5389.708283  
5369.802908  
5401.708396  
5394.585348  
5402.365497  
5402.634632  
5394.762678  
5418.822706  
5461.416655  
5453.4445  
5390.662643  
5416.644111  
5402.185385  
5385.955812  
5404.359109  
5382.472485  
5407.89068  
5374.339514  
5416.670664  
5376.67619  
5371.066133  
5343.811306  
5366.221844  
5370.05519  
5408.941143  
5412.245981  
5401.583566  
5401.075759  
5376.440411  
5372.583087  
5377.161498  
5389.836754  
5420.789195  
5428.89919  
5388.295617  
5369.343625  
5377.488025  
5367.354917  
5396.280849  
5394.958425  
5404.978745  
5387.015779  
5362.212423  
5392.465248  
5383.329688  
5401.241783  
5394.288968  
5394.441948  
5373.126898  
5383.450482  
5375.233045  
5352.57871  
5389.300495  
5394.054906  
5398.233986  
5405.103546  
5368.852557  
5393.174556  
5341.939973  
5377.866245  
5399.155734  
5417.657761  
5389.198636  
5368.933627  
5377.881832  
5412.136813  
5417.753009  
5426.333002  
5379.063505  
5381.480721  
5410.148645  
5364.422598  
5391.274392  
5381.098949  
5410.690349  
5397.365664  
5383.777241  
5396.217433  
5406.498786  
5378.391817  
5368.909263  
5399.579656  
5371.943056  
5374.93626  
5360.545407  
5398.395575  
5396.126078  
5406.900459  
5404.790337  
5397.523453  
5377.929394  
5375.613685  
5379.370342  
5380.709644  
5374.950614  
5373.006358  
5385.269782  
5385.169249  
5420.754987  
5393.800774  
5396.265235  
5417.350751  
5400.168051  
5371.921087  
5448.146288  
5389.302047  
5393.615885  
5416.91108  
5385.423423  
5396.063669  
5388.925039  
5398.567178  
5407.065825  
5388.042298  
5383.874989  
5357.252494  
5372.019525  
5373.767741  
5385.110578  
5396.583176  
5416.498128  
5423.156098  
5387.09295  
5392.53828  
5401.508975  
5393.73533  
5405.284724  
5394.967798  
5361.437081  
5376.102367  
5402.577905  
5394.274863  
5404.065274  
5385.058285  
5399.382863  
5404.93638  
5397.223937  
5398.06104  
5362.428666  
5397.537256  
5396.479309  
5404.911955  
5392.293267  
5370.625973  
5381.85323  
5417.511297  
5415.36081  
5377.606137  
5378.178535  
5364.131249  
5370.655529  
5401.161913  
5414.071867  
5403.65393  
5369.898871  
5434.953036  
5396.12466  
5403.361616  
5397.953317  
5369.573291  
5380.87152  
5367.349562  
5381.299366  
5394.016686  
5363.87131  
5394.735883  
5385.130272  
5375.178914  
5408.521905  
5404.721165  
5417.29024  
5394.863287  
5396.302849  
5481.575908  
5407.217684  
5439.921144  
5403.552928  
5406.908011  
5376.031115  
5393.495004  
5412.817999  
5372.90168  
5400.741014  
5384.425188  
5404.274035  
5429.270639  
5406.513834  
5396.772728  
5368.631855  
5318.007178  
5370.590547  
5384.992004  
5362.592034  
5399.324176  
5305.786654  
5384.27105  
5399.994713  
5383.836921  
5349.448014  
5380.444625  
5402.251116  
5383.742179  
5386.214068  
5378.958438  
5404.060256  
5406.325484  
5393.506863  
5387.743308  
5404.139972  
5365.54033  
5388.662336  
5428.939133  
5365.385435  
5356.455227  
5351.783279  
5371.956371  
5396.312019  
5403.217957  
5419.007205  
5367.725538  
5366.697809  
5383.642648  
5435.246653  
5402.691765  
5355.058389  
5374.966701  
5387.921291  
5404.232489  
5431.158598  
5411.610554  
5436.899816  
5411.444326  
