6278.751524  
6240.044416  
6299.362743  
6395.590328  
6422.648126  
6358.550985  
6370.173064  
6481.17409  
6465.990614  
6405.343293  
6395.246736  
6379.279496  
6441.324246  
6511.560832  
6446.380358  
6498.726228  
6490.145124  
6442.394323  
6418.994136  
6434.945737  
6434.174479  
6431.378038  
6418.792598  
6412.075503  
6461.363218  
6466.412679  
6437.995624  
6487.827356  
6440.044958  
6404.341263  
6396.615338  
6461.305831  
6442.990592  
6457.759788  
6456.149735  
6371.427056  
6371.310036  
6411.196741  
6390.548453  
6368.901421  
6449.687785  
6403.072541  
6399.417815  
6397.96464  
6436.447397  
6446.710142  
6495.299669  
6443.772149  
6411.12061  
6370.365949  
6469.217593  
6418.065131  
6394.913425  
6464.990745  
6419.23098  
6394.254372  
6414.717516  
6401.599533  
6344.214943  
6381.131244  
6390.44392  
6433.603312  
6358.234628  
6430.525567  
6385.730283  
6360.32676  
6397.897407  
6398.773293  
6438.435149  
6499.434276  
6409.64671  
6437.848022  
6448.417318  
6341.947058  
6373.83818  
6398.98489  
6377.435583  
6415.213496  
6328.493815  
6381.034763  
6421.036635  
6462.436971  
6383.718054  
6313.009743  
6460.814955  
6399.500262  
6424.822198  
6347.257749  
6392.962389  
6407.899419  
6398.427865  
6431.151941  
6449.456597  
6376.2381  
6396.908569  
6424.676364  
6442.114511  
6417.802246  
6419.635688  
6422.578437  
6388.960544  
6408.866419  
6424.235894  
6456.002559  
6465.583645  
6444.981269  
6432.628178  
6404.381723  
6364.277299  
6389.768311  
6425.964622  
6451.382134  
6416.361975  
6375.893455  
6449.414845  
6508.446985  
6447.298064  
6385.5084  
6470.329834  
6486.285893  
6440.588175  
6376.024925  
6436.365922  
6328.205743  
6410.258988  
6468.699142  
6389.005231  
6426.965138  
6522.223854  
6431.378264  
6437.688341  
6399.049986  
6388.464274  
6488.720577  
6520.561257  
6448.815045  
6451.234592  
6457.453586  
6429.015991  
6410.680415  
6409.973194  
6344.606644  
6470.720929  
6399.081832  
6340.340716  
6399.447406  
6417.441578  
6387.874268  
6424.826267  
6418.841833  
6370.171979  
6338.724067  
6396.530594  
6410.182653  
6404.474677  
6437.978344  
6504.699648  
6416.533199  
6370.254358  
6381.266127  
6400.273252  
6412.785093  
6380.907145  
6490.332416  
6423.661427  
6373.213836  
6421.525892  
6337.829518  
6384.071574  
6436.686704  
6383.883676  
6426.008048  
6477.898442  
6440.459233  
6489.391864  
6395.27733  
6355.915903  
6367.175157  
6363.317677  
6443.356712  
6406.791861  
6348.155124  
6361.626637  
6380.026336  
6420.610673  
6410.990822  
6421.064489  
6388.35267  
6394.047901  
6443.862585  
6502.865962  
6433.691971  
6407.412882  
6312.534786  
6354.810041  
6424.959265  
6428.877952  
6494.803828  
6472.486966  
6446.013762  
6430.627482  
6370.368589  
6403.400544  
6356.514698  
6566.761746  
6413.376171  
6455.711299  
6435.498151  
6398.482689  
6425.774523  
6434.418751  
6389.569295  
6402.097154  
6521.61207  
6452.894472  
6481.687839  
6394.699273  
6402.575878  
6455.309593  
6342.572989  
6485.895408  
6374.982567  
6351.971625  
6355.49939  
6347.765489  
6480.157041  
6438.903601  
6402.17716  
6434.645888  
6305.207533  
6445.507175  
6422.67947  
6386.436112  
6391.482218  
6343.680895  
6371.238598  
6413.642682  
6405.864091  
6313.746953  
6468.531413  
6460.713053  
6431.019626  
6405.739389  
6422.711819  
6437.661074  
6394.585861  
6405.146349  
6414.814765  
6425.820737  
6462.823057  
6465.970879  
6438.009716  
6407.939932  
6426.227412  
6431.215065  
6417.150296  
6424.382501  
6438.2466  
6407.938816  
6417.221942  
6460.292263  
6437.994941  
6394.153388  
6459.778501  
6445.95402  
6447.256434  
6384.054064  
6224.499977  
6485.157254  
6400.2695  
6365.748386  
6418.470875  
6498.970902  
6507.50902  
6515.867007  
6432.178865  
6399.721662  
6363.214943  
6360.712705  
6463.516045  
6390.606717  
6378.312731  
6367.002627  
6445.846779  
6428.777176  
6439.083492  
6373.927409  
6393.245384  
6442.524536  
6464.469591  
6415.361301  
6493.021814  
6438.73268  
6396.990094  
6356.885973  
6363.95921  
6427.772009  
6473.044312  
6485.591277  
6408.918991  
6412.186944  
6424.338478  
6445.709468  
6495.345161  
6477.441081  
6357.709907  
6455.235664  
6408.146548  
6388.925108  
6350.478073  
6453.076213  
6432.225749  
6392.142524  
6392.552413  
6362.153659  
6494.32397  
6394.987562  
6396.976079  
6376.321569  
6334.625172  
6307.336507  
6438.785156  
6393.491473  
6325.265774  
6373.168746  
6430.333871  
6476.229375  
6443.66409  
6337.494828  
6325.585626  
6408.37429  
6458.867355  
6422.42258  
6398.469935  
6362.739687  
6450.058802  
6452.638179  
6418.204314  
6443.528248  
6450.31071  
6419.512686  
6354.616157  
6364.546129  
6392.151064  
6411.582637  
6420.315611  
6364.463171  
6404.409284  
6420.117197  
6348.046418  
6372.695159  
6372.852354  
6474.906318  
6429.921726  
6370.006307  
6333.586399  
6296.109669  
6325.677838  
6420.070276  
6358.639553  
6287.122513  
6387.766461  
6466.776467  
6415.498255  
6455.573346  
6414.475392  
6441.093194  
6380.347349  
6413.358905  
6409.543914  
6414.160735  
6425.931482  
6384.773496  
6449.502573  
6423.770065  
6435.834852  
6452.913696  
6479.840192  
6439.885751  
6453.280703  
6479.591634  
6362.03871  
6466.044113  
6498.05863  
6451.77832  
6360.640042  
6393.601142  
6452.324576  
6450.162702  
6447.517682  
6455.774387  
6453.358498  
6481.195643  
6439.345468  
6407.889079  
6438.225703  
6410.388866  
6423.464586  
6446.455295  
6437.48116  
6404.642415  
6401.478602  
6416.237264  
6349.556659  
6432.438404  
6468.316546  
6472.754408  
6473.838135  
6463.396566  
6441.584021  
6427.591422  
6393.883518  
6437.072578  
6441.835106  
6424.210675  
6404.238996  
6401.122979  
6384.756547  
6338.545379  
6450.551496  
6408.242093  
6385.869177  
6347.269961  
6377.920921  
6375.743937  
6355.868001  
6407.092303  
6392.622464  
6391.866428  
6354.650816  
6351.442044  
6423.024911  
6381.741347  
6215.29569  
6430.766064  
6462.569806  
6441.769265  
6365.082054  
6339.003233  
6377.58072  
6437.630977  
6404.106251  
6387.933842  
6373.297368  
6260.806148  
6438.992952  
6428.409537  
6423.408682  
6410.604745  
6391.55575  
6412.275128  
6470.846214  
6495.419302  
6500.981219  
6337.804873  
6343.703998  
6373.063761  
6392.188386  
6400.329599  
6407.420473  
6422.636646  
6373.507709  
6346.425496  
6374.190312  
6393.845084  
6434.560655  
6413.732992  
6511.983588  
6489.165731  
6412.729976  
6448.795492  
6413.423412  
6433.804611  
6462.443676  
6567.514707  
6501.07567  
6420.720681  
6424.214618  
6391.852082  
6407.134187  
6457.511185  
6488.571334  
6436.019988  
6439.19874  
6352.568355  
6341.403971  
6328.812328  
6410.554638  
6403.456484  
6396.017108  
6347.779084  
6351.259915  
6396.60093  
6429.261108  
6470.116821  
6451.383843  
6370.574146  
6370.368675  
6388.454056  
6439.943775  
6455.834247  
6365.523451  
6452.241699  
6365.143627  
6403.980953  
6433.13213  
6381.576231  
6417.150228  
6388.151557  
6422.598836  
6443.965436  
6452.225572  
6383.446619  
6436.486676  
6443.261597  
6448.095861  
6401.566198  
6441.76591  
6428.300284  
6425.721897  
6451.527647  
6396.896489  
6395.588845  
6404.645282  
6391.383554  
6434.174434  
6401.01742  
6387.943387  
6375.55193  
6480.731875  
6420.279243  
6412.978326  
6453.225188  
6420.553792  
6470.021236  
6436.947311  
6378.308847  
6374.079025  
6377.387962  
6370.44614  
6445.477788  
6429.894097  
6465.487707  
6428.699264  
6381.317121  
6296.35536  
6365.665541  
6424.845495  
6394.665093  
6412.924918  
6398.020304  
6384.743906  
6385.848515  
6378.55471  
6436.280441  
6394.325964  
6373.918122  
6395.48759  
6402.673593  
6479.183173  
6401.66489  
6407.306885  
6417.230401  
6427.909496  
6467.66456  
6480.011022  
6437.433711  
6377.102137  
6420.298711  
6418.847512  
6396.722182  
6505.763794  
6410.95704  
6404.925017  
6371.115167  
6408.173014  
6427.47045  
6413.814087  
6402.716878  
6346.757907  
6364.460815  
6347.886289  
6388.301247  
6408.769242  
6462.091598  
6392.402371  
6442.330499  
6379.003558  
6379.10668  
6229.363923  
6497.565475  
6384.330973  
6436.724225  
6455.217235  
6413.197189  
6425.336064  
6394.934588  
6374.019337  
6420.698771  
6383.792896  
6403.736554  
6493.207307  
6416.227765  
6373.539537  
6447.74528  
6437.346205  
6460.915921  
6413.164031  
6414.412702  
6394.724858  
6388.078876  
6400.112101  
6362.414953  
6413.949458  
6439.517687  
6453.435872  
6467.171577  
6445.09512  
6463.63784  
6473.917105  
6429.37694  
6356.691099  
6377.307956  
6402.881198  
6407.016918  
6442.345468  
6375.079545  
6411.689833  
6422.399984  
6402.801803  
6416.979031  
6363.149785  
6412.501352  
6360.216236  
6387.171477  
6459.760362  
6449.225708  
6404.858602  
6378.35225  
6439.816537  
6437.156372  
6451.577135  
6469.823382  
6438.472032  
6409.535667  
6489.639341  
6431.049809  
6412.150897  
6407.061844  
6397.290875  
6390.686175  
6404.389323  
6459.022994  
6405.930452  
6435.479307  
6452.76076  
6412.893415  
6388.722909  
6445.039944  
6427.966756  
6390.874263  
6411.115745  
6352.055895  
6380.932988  
6435.063992  
6427.762203  
6414.969397  
6415.686297  
6404.728131  
6416.336661  
6419.073419  
6513.983615  
6514.623788  
6421.992201  
6403.261167  
6431.885295  
6423.561243  
6442.633445  
6484.572673  
6494.206204  
6448.541658  
6413.378178  
6385.304995  
6350.706995  
6402.658719  
6364.41225  
6390.837886  
6389.6258  
6334.31274  
6467.006036  
6492.755181  
6395.948803  
6362.737002  
6324.506836  
6373.174665  
6401.454079  
6424.363005  
6407.712099  
6365.328175  
6386.514119  
6382.309001  
6375.878468  
6343.853109  
6415.273067  
6401.326208  
6328.009323  
6395.572966  
6329.247934  
6405.628662  
6434.040921  
6507.549565  
6403.864054  
6355.187477  
6460.589595  
6410.0869  
6408.660224  
6415.560628  
6449.945489  
6488.178444  
6472.206118  
6417.033773  
6343.829644  
6354.808133  
6314.322826  
6333.578564  
6359.903049  
6328.645178  
6439.913651  
6466.361197  
6441.856626  
6412.833098  
6385.544411  
6428.272045  
6443.990298  
6481.783524  
6431.906639  
6427.110777  
6433.184091  
6411.400784  
6418.590942  
6452.627523  
6409.552535  
6400.598009  
6357.289664  
6450.564435  
6459.716123  
6435.403768  
6434.052106  
6214.597805  
6425.675053  
6461.59276  
6440.534483  
6412.953401  
6380.638559  
6381.23636  
6364.052784  
6405.755317  
6420.039108  
6391.989122  
6394.974297  
6338.623635  
6415.432997  
6439.344311  
6358.170374  
6385.030929  
6411.989077  
6446.297363  
6435.866618  
6496.156625  
6463.137496  
6430.607454  
6417.716318  
6411.872048  
6437.025531  
6428.837606  
6390.749272  
6355.939168  
6448.838099  
6445.369801  
6376.214292  
6312.19524  
6346.805899  
6379.231156  
6424.180533  
6431.646729  
6416.868372  
6416.332375  
6389.221069  
6397.091851  
6421.393903  
6502.913619  
6410.919881  
6502.571569  
6446.855306  
6474.742943  
6403.023921  
6412.462656  
6421.239448  
6430.344482  
6463.170912  
6372.903411  
6397.207361  
6427.190181  
6426.346594  
6393.182274  
6361.548014  
6369.34838  
6444.616035  
6419.343013  
6386.602851  
6374.503834  
6362.511981  
6388.627288  
6421.835309  
6378.950263  
6388.618069  
6396.288041  
6388.140806  
6411.181876  
6483.553494  
6473.898749  
6449.531245  
6339.115442  
6331.985921  
6380.017393  
6374.240736  
6435.448355  
6365.948211  
6337.551636  
6396.383043  
6369.40748  
6425.151525  
6436.854569  
6443.498097  
6412.813454  
6460.187966  
6452.102987  
6511.474872  
6482.154392  
6422.257496  
6441.163063  
6476.880814  
6492.251049  
6602.135833  
6534.166192  
6457.143736  
6428.206932  
6472.529966  
6456.552915  
6449.084061  
6373.097896  
6367.838528  
6382.035382  
6417.55093  
6406.361617  
6417.397208  
6428.179769  
6448.533452  
6387.974731  
6394.145228  
6332.481052  
6389.175239  
6394.978516  
6415.249932  
6430.596937  
6366.484407  
6332.203148  
6368.912923  
6353.104745  
6398.087669  
6384.039808  
6433.1528  
6386.054095  
6420.057287  
6388.815498  
6383.129214  
6416.141484  
6422.013758  
6440.443043  
6486.888062  
6412.372762  
6443.02738  
6436.768048  
6447.098068  
6450.779229  
6458.639549  
6315.059819  
6496.900006  
6425.935877  
6372.411906  
6451.490343  
6491.027204  
6418.667037  
6394.394093  
6381.248485  
6428.720251  
6364.961873  
6389.169076  
6404.895413  
6353.514056  
6449.467638  
6447.585232  
6399.97087  
6332.276367  
6349.260607  
6443.024256  
6481.605934  
6469.393844  
6408.6317  
6427.965662  
6369.899844  
6421.017565  
6466.432414  
6476.947116  
6396.647972  
6336.02521  
6373.61669  
6410.27724  
6412.046712  
6375.919117  
6382.268179  
6333.226386  
6316.845328  
6418.850455  
6416.666002  
6395.586742  
6298.337271  
6407.172711  
6378.896118  
6450.481671  
6410.885484  
6413.56052  
6397.40597  
6439.330074  
6470.334794  
6459.513554  
6480.012655  
6390.264988  
6358.526024  
6406.980401  
6435.821176  
6424.310556  
6430.778325  
6402.040243  
6471.470174  
6417.133762  
6418.203966  
6403.743991  
6379.458962  
6435.411513  
6462.090938  
6487.077483  
6454.800686  
6480.369258  
6411.88572  
6430.970852  
6370.06198  
6342.447383  
6366.617441  
6256.511936  
6427.352069  
6347.269328  
6349.681817  
6354.078265  
6399.735026  
6369.084947  
6400.954481  
6351.240185  
6370.688843  
6369.879223  
6301.542404  
6322.417919  
6392.086245  
6435.326348  
6474.96894  
6464.349777  
6409.4155  
6437.428521  
6430.235555  
6469.51732  
6474.127003  
6481.662236  
6398.459961  
6387.053367  
6462.278103  
6464.415961  
6458.026268  
6437.080259  
6413.298769  
6466.815606  
6432.494448  
6458.581778  
6484.436519  
6477.034238  
6536.621189  
6534.36027  
6426.570046  
6394.990112  
6362.248702  
6382.685854  
6381.554932  
6428.222082  
6358.232187  
6351.919687  
6374.941741  
6375.256601  
6316.710404  
6495.29418  
6422.095929  
6368.723267  
6395.879996  
6464.082728  
6503.397958  
6382.533379  
6382.483403  
6377.955711  
6321.737567  
6311.928928  
6352.326809  
6400.546179  
6376.856237  
6438.789763  
6439.671464  
6389.747699  
6377.578021  
6381.369679  
6383.827515  
6427.776819  
6421.997473  
6439.41956  
6456.930999  
6496.023966  
6418.876175  
6360.671057  
6372.673593  
6386.183223  
6431.453473  
6430.864154  
6441.336959  
6365.164424  
6398.863973  
6451.844921  
6416.126931  
6452.467706  
6439.682708  
6364.040835  
6384.713311  
6398.637858  
6471.263586  
6409.8793  
6402.865479  
6405.29933  
6395.952275  
6369.47796  
6400.436243  
6449.656372  
6429.906146  
6402.758504  
6319.25845  
6422.883161  
6486.172874  
6440.941488  
6402.43283  
6427.181139  
6398.468212  
6435.872378  
6438.503477  
6473.731617  
6400.820105  
6434.763052  
6434.704314  
6432.815362  
6471.273849  
6460.913407  
6401.427174  
6419.935443  
6393.470409  
6361.382541  
6378.687061  
6332.701927  
6413.064896  
6454.511285  
6435.817989  
6428.177427  
6428.907507  
6428.583053  
6382.400703  
6367.10262  
6407.985202  
6461.412385  
6425.732105  
6417.800157  
6381.858394  
6380.057518  
6471.958098  
6508.168905  
6479.835992  
6424.800605  
6411.840305  
6377.467945  
6398.046907  
6357.901005  
6397.359203  
6401.894771  
6391.605243  
6393.31368  
6365.093325  
6400.7508  
6443.275892  
6398.057228  
6409.367631  
6460.30523  
6405.691718  
6474.50288  
6476.932418  
6425.432708  
6435.333731  
6369.059195  
6421.535102  
6417.160459  
6408.027095  
6424.021629  
6396.237689  
6376.257582  
6330.684421  
6360.182057  
6368.591806  
6404.588035  
6490.962791  
6321.524618  
6522.598221  
6402.476034  
6363.324404  
6305.717529  
6354.695756  
6425.989651  
6443.829965  
6428.35933  
6442.523514  
6431.811908  
6408.029704  
6426.704142  
6448.479619  
6395.484126  
6377.873811  
6375.710716  
6410.524604  
6413.461177  
6372.498793  
6379.230356  
6396.407073  
6383.958415  
6425.239972  
6455.237861  
6272.584721  
6436.746464  
6435.456317  
6413.820435  
6392.68613  
6387.861391  
6429.22663  
6509.268595  
6495.861233  
6517.349618  
6400.458058  
6408.669004  
6412.965097  
6395.03399  
6351.592299  
6445.3894  
6410.98905  
6398.731075  
6350.484502  
6439.980405  
6383.393736  
6450.562559  
6412.50529  
6386.864755  
6296.058865  
6392.957917  
6427.618458  
6492.78333  
6461.095748  
6380.853891  
6393.59932  
6452.544397  
6456.345115  
6466.092127  
6480.151245  
6423.189209  
6379.280441  
6413.312233  
6466.485085  
6451.339473  
6404.917937  
6435.994159  
6420.804597  
6446.724872  
6461.563043  
6479.326796  
6463.404758  
6474.916011  
6453.820534  
6439.844491  
6382.028926  
6422.157733  
6420.575684  
6422.402348  
6478.080969  
6436.975306  
6414.110008  
6381.998485  
6444.216114  
6435.489986  
6443.827334  
6370.464803  
6349.698473  
6404.206561  
6398.682626  
6414.379892  
6437.274495  
6437.929656  
6432.289442  
6392.988462  
6418.425148  
6382.929882  
6395.729357  
6362.065348  
6438.096833  
6431.352435  
6367.398442  
6320.892108  
6394.72947  
6393.296703  
6436.211778  
6394.665844  
6392.181324  
6406.778474  
6448.826651  
6370.411996  
6397.717855  
6391.925741  
6430.251967  
6414.798032  
6408.775187  
6447.151272  
6382.22937  
6355.957348  
6389.811184  
6393.425826  
6420.448626  
6337.469957  
6344.7162  
6360.470174  
6372.177703  
6358.449558  
6446.553073  
6412.025174  
6309.409144  
6508.982553  
6415.352539  
6388.784831  
6370.633568  
6411.395775  
6452.900418  
6444.165116  
6460.352987  
6441.054905  
6398.965762  
6440.988435  
6374.123892  
6399.885141  
6362.165401  
6350.436813  
6416.371966  
6386.876912  
6366.599722  
6408.281942  
6424.889843  
6413.085888  
6455.81755  
6417.090639  
6411.253689  
6429.17315  
6396.431812  
6457.005145  
6406.135489  
6403.889508  
6441.513921  
6299.322383  
6448.522764  
6452.976906  
6437.419669  
6421.108046  
6418.217665  
6402.254178  
6370.874091  
6428.100075  
6457.397036  
6406.251008  
6403.488263  
6409.788628  
6465.464997  
6424.614832  
6395.546947  
6411.277258  
6376.426518  
6410.509544  
6404.302906  
6447.572392  
6423.305736  
6401.18453  
6367.634553  
6427.71266  
6419.207705  
6444.791337  
6423.499412  
6391.20723  
6394.53271  
6430.184756  
6463.12722  
6448.990456  
6407.073871  
6402.022687  
6475.579884  
6463.342172  
6436.904527  
6410.677472  
6408.968103  
6374.916947  
6400.680117  
6456.16663  
6424.128802  
6365.943328  
6362.398709  
6370.698373  
6380.893265  
6384.688893  
6442.288696  
6385.486328  
6394.425618  
6354.352634  
6352.449314  
6412.232038  
6375.351422  
6445.402769  
6479.949499  
6402.829233  
6403.940579  
6425.005543  
6375.545012  
6467.022059  
6395.75566  
6416.058404  
6409.740429  
6451.224406  
6532.856255  
6541.315244  
6479.794298  
6460.325815  
6401.760851  
6394.510263  
6474.948631  
6469.056736  
6432.63534  
6408.126424  
6362.147479  
6368.43764  
6398.459559  
6411.818861  
6353.670921  
6351.917639  
6333.435683  
6289.583894  
6342.143654  
6368.915007  
6406.724872  
6363.933806  
6382.453193  
6408.899003  
6417.743566  
6468.294917  
6458.635254  
6380.106264  
6354.601666  
6415.235392  
6399.701705  
6471.180375  
6443.317726  
6453.82586  
6393.019599  
6405.328247  
6383.680244  
6418.188549  
6345.422576  
6397.65804  
6443.75052  
6428.825652  
6450.078419  
6466.571547  
6403.903976  
6418.628938  
6401.779744  
6402.161472  
6385.454558  
6351.128097  
6414.956073  
6424.014572  
6345.091783  
6468.665292  
6400.902886  
6393.764924  
6400.542612  
6398.789714  
6422.749914  
6404.416002  
6471.241139  
6475.571108  
6422.116645  
6401.879996  
6413.219645  
6413.392935  
6455.214767  
6438.982571  
6366.836032  
6375.2256  
6405.866966  
6451.417869  
6408.311211  
6438.530219  
6383.528203  
6414.65129  
6413.721228  
6466.77615  
6463.631809  
6433.972593  
6406.130168  
6411.84677  
6348.936456  
6363.036571  
6424.980776  
6401.313553  
6354.106925  
6369.861812  
6366.106472  
6363.996085  
6439.03578  
6490.212276  
6483.78861  
6461.184145  
6399.420125  
6423.434141  
6488.625036  
6504.442179  
6429.542367  
6423.105478  
6446.095785  
6442.862897  
6438.565882  
6376.695991  
6446.541942  
6439.38661  
6255.113801  
6428.183006  
6414.428146  
6375.329884  
6367.332954  
6397.557265  
6457.51421  
6447.592466  
6468.869109  
6454.058553  
6411.01506  
6433.238883  
6409.846413  
6434.365289  
6410.710119  
6446.30211  
6368.848746  
6373.278754  
6393.830643  
6453.318531  
6435.015516  
6440.950109  
6442.99061  
6393.098316  
6412.322424  
6391.278112  
6357.733584  
6420.478787  
6411.41239  
6382.903994  
6408.890856  
6378.862436  
6492.706719  
6440.180366  
6434.239488  
6379.621134  
6426.702646  
6449.128884  
6394.443631  
6399.375479  
6344.514567  
6337.017429  
6419.703677  
6462.686514  
6399.82274  
6366.066045  
6377.829495  
6426.083437  
6412.256913  
6486.083085  
6367.486396  
6439.062893  
6460.840676  
6399.293719  
6415.504006  
6413.070263  
6438.569196  
6441.651254  
6398.927734  
6414.650101  
6462.554814  
6370.448012  
6450.612029  
6391.885923  
6443.479732  
6387.111419  
6385.471842  
6416.618015  
6463.000416  
6402.60758  
6410.621564  
6399.267212  
6413.599528  
6427.494588  
6431.651507  
6363.028063  
6380.287729  
6430.984343  
6434.129883  
6464.769215  
6454.630914  
6414.389056  
6453.212995  
6442.136687  
6459.962936  
6423.419664  
6293.027262  
6485.655667  
6437.592281  
6416.679398  
6322.092981  
6411.109366  
6343.443382  
6336.695258  
6464.894251  
6393.784342  
6397.077167  
6393.338817  
6451.792697  
6435.168954  
6397.563029  
6382.207479  
6464.898921  
6450.194567  
6379.984637  
6411.401462  
6412.193983  
6393.165044  
6414.590219  
6404.450358  
6376.237707  
6360.10626  
6402.779012  
6398.964428  
6427.551048  
6362.202976  
6421.873865  
6383.315538  
6405.837665  
6426.081416  
6375.806415  
6493.378753  
6512.661011  
6426.84616  
6379.467525  
6400.898062  
6400.302427  
6403.211489  
6433.319151  
6393.319499  
6407.470893  
6390.988222  
6383.578631  
6355.432708  
6416.805759  
6376.335829  
6355.098619  
6255.750809  
6434.478036  
6475.190728  
6451.585562  
6399.756759  
6400.847258  
6375.494227  
6449.780997  
6448.366143  
6417.983615  
6426.63576  
6444.284347  
6407.35329  
6460.153831  
6451.642117  
6473.103823  
6414.332881  
6456.540839  
6482.766177  
6508.390214  
6507.748698  
6442.51024  
6423.63916  
6387.023881  
6433.403189  
6441.377907  
6408.588279  
6438.392501  
6432.54654  
6375.590549  
6483.351902  
6496.229352  
6465.500145  
6432.431613  
6326.525467  
6412.416165  
6412.94279  
6395.895096  
6397.425813  
6286.550881  
6265.734307  
6358.833266  
6446.429466  
6372.830024  
6371.395964  
6422.243119  
6426.485401  
6424.958672  
6362.558702  
6493.352887  
6555.016728  
6424.955481  
6390.014061  
6312.778379  
6442.51699  
6472.951425  
6431.749485  
6359.197713  
6407.741053  
6321.956475  
6364.469514  
6388.915948  
6361.959559  
6356.520223  
6311.046834  
6367.108728  
6430.618024  
6413.509494  
6317.675935  
6472.029437  
6457.851499  
6472.527412  
6466.664569  
6451.509454  
6457.491048  
6486.754711  
6454.329323  
