9778.333149  
9746.154932  
9708.0577  
9702.480232  
9700.275839  
9721.711497  
9709.216991  
9730.688866  
9728.555335  
9788.963665  
9766.621863  
9739.289343  
9731.094296  
9745.872379  
9714.664328  
9709.226786  
9703.765621  
9719.414021  
9702.275399  
9709.483933  
9766.619193  
9759.544316  
9725.770159  
9737.050265  
9774.635696  
9756.775704  
9733.930194  
9762.459381  
9769.163836  
9758.942823  
9782.86507  
9777.270166  
9734.516  
9745.407854  
9715.946412  
9718.865389  
9715.224215  
9735.019631  
9712.461935  
9740.225581  
9738.894297  
9709.863122  
9716.145228  
9724.903616  
9715.182712  
9741.319263  
9725.927756  
9731.513855  
9744.934738  
9716.645569  
9717.507649  
9712.177092  
9732.337677  
9711.768821  
9706.954605  
9692.554127  
9674.351182  
9687.175705  
9698.341512  
9701.736249  
9709.873355  
9714.046247  
9726.121736  
9732.121602  
9749.896821  
9752.075962  
9725.119835  
9731.936781  
9730.948703  
9736.552175  
9732.016411  
9729.20518  
9736.691603  
9748.443664  
9752.773278  
9726.924998  
9728.824418  
9747.447055  
9706.392755  
9717.314448  
9732.709091  
9720.481434  
9735.253416  
9743.026351  
9729.042245  
9748.656627  
9753.706146  
9747.438744  
9721.513486  
9761.073724  
9763.379067  
9733.373445  
9723.51515  
9741.349936  
9719.91166  
9742.878968  
9778.423721  
9778.679823  
9775.200088  
9774.672303  
9742.481859  
9761.989998  
9738.027388  
9731.095419  
9727.525797  
9764.754572  
9762.979828  
9747.562275  
9734.336477  
9739.782594  
9762.10368  
9759.132318  
9710.471096  
9731.894664  
9724.882776  
9738.143739  
9736.649508  
9738.713039  
9724.754075  
9713.092095  
9726.750175  
9725.53625  
9707.007869  
9711.792293  
9760.988339  
9729.512094  
9697.927824  
9711.168923  
9701.999441  
9730.933943  
9751.758244  
9737.988353  
9742.733706  
9758.172203  
9746.686522  
9720.473367  
9745.206452  
9783.115102  
9751.063963  
9772.217139  
9739.172841  
9721.08412  
9703.194769  
9696.689147  
9726.411327  
9707.167585  
9705.101466  
9719.050623  
9744.465674  
9731.509959  
9728.343701  
9723.241743  
9717.619709  
9729.275609  
9714.611127  
9732.614893  
9762.239224  
9722.508628  
9722.751457  
9742.675275  
9768.0375  
9778.087781  
9756.808523  
9712.052961  
9769.189659  
9750.974141  
9759.583278  
9726.981799  
9725.467303  
9727.720931  
9754.107756  
9758.202383  
9745.685276  
9784.489027  
9739.787267  
9703.325959  
9708.427591  
9679.30182  
9685.378845  
9695.289839  
9708.474056  
9759.788202  
9748.60122  
9729.934819  
9741.590725  
9747.071091  
9740.946613  
9719.528754  
9691.129826  
9740.355002  
9745.235951  
9724.220552  
9710.650975  
9747.260996  
9731.316269  
9736.203358  
9753.6117  
9738.986964  
9725.524124  
9723.152601  
9718.338939  
9735.362479  
9725.789549  
9710.531966  
9700.352594  
9708.204842  
9721.579415  
9706.447057  
9701.177981  
9716.437268  
9750.055015  
9743.503829  
9752.699986  
9746.838512  
9775.58352  
9743.853916  
9737.932867  
9733.363992  
9708.928958  
9668.858291  
9710.606884  
9707.55178  
9710.091772  
9677.302141  
9710.589539  
9724.565824  
9754.457639  
9718.188349  
9689.786964  
9697.99817  
9723.550399  
9689.32917  
9752.39725  
9754.455745  
9783.161288  
9769.739774  
9777.048704  
9739.876503  
9729.962541  
9731.457223  
9769.849915  
9770.541253  
9717.611684  
9717.015306  
9753.685558  
9794.534715  
9761.636201  
9771.154823  
9749.785818  
9726.631688  
9720.93517  
9738.918274  
9742.290673  
9712.304959  
9740.976869  
9742.844279  
9726.231846  
9730.108197  
9735.52435  
9732.697522  
9748.543372  
9719.805144  
9726.434541  
9761.502317  
9773.887449  
9740.048169  
9738.441631  
9798.287069  
9761.494005  
9734.408802  
9725.733267  
9756.705899  
9743.25756  
9724.692983  
9709.955442  
9699.256203  
9708.52151  
9721.145873  
9777.451562  
9732.30294  
9737.499168  
9771.937264  
9766.463594  
9770.217331  
9722.98366  
9731.125157  
9715.878999  
9723.989706  
9716.043647  
9750.214702  
9745.970968  
9719.019409  
9699.468357  
9722.257892  
9728.653983  
9742.407868  
9740.752051  
9739.934523  
9726.25528  
9723.93993  
9712.173498  
9726.019376  
9718.554698  
9736.96158  
9754.621554  
9769.139594  
9812.990943  
9783.112049  
9741.546341  
9739.635033  
9739.994332  
9729.957752  
9728.061419  
9731.083513  
9725.308145  
9744.229709  
9751.237417  
9761.159707  
9755.137384  
9742.068109  
9737.466236  
9741.61862  
9679.897423  
9699.314612  
9718.986338  
9699.854842  
9701.183248  
9732.024884  
9753.450435  
9721.067695  
9703.506298  
9715.36559  
9721.217985  
9679.591327  
9688.453542  
9685.044254  
9694.438124  
9713.092598  
9767.855701  
9756.188122  
9713.231445  
9725.467589  
9740.11991  
9722.465043  
9745.834654  
9717.3452  
9735.150558  
9757.944693  
9762.325345  
9750.604532  
9763.151814  
9773.24694  
9807.346299  
9759.307284  
9744.186364  
9768.84426  
9753.800227  
9727.079959  
9742.274251  
9764.734689  
9713.674992  
9723.111196  
9726.150643  
9733.776372  
9706.667152  
9728.481549  
9725.328698  
9751.920999  
9742.266003  
9719.211874  
9722.167527  
9729.065276  
9724.979158  
9759.406018  
9775.777303  
9745.492685  
9722.188729  
9720.712261  
9706.98876  
9711.023291  
9682.435977  
9697.331097  
9726.788749  
9724.241465  
9684.965242  
9678.747324  
9690.95385  
9740.731146  
9768.758318  
9734.50864  
9749.621995  
9725.28959  
9715.23265  
9718.079367  
9730.036723  
9723.909633  
9746.487482  
9752.122622  
9772.96635  
9777.670531  
9759.812087  
9741.46179  
9744.102747  
9760.840016  
9731.915243  
9736.344697  
9738.58094  
9750.727519  
9755.852397  
9778.262437  
9769.323628  
9745.100122  
9719.016811  
9714.143615  
9729.45725  
9733.225956  
9728.582675  
9729.477708  
9749.201238  
9730.283716  
9753.828673  
9769.11592  
9726.236188  
9650.606084  
9677.241634  
9726.254524  
9723.564816  
9719.103059  
9750.425999  
9744.317398  
9733.652892  
9761.017427  
9759.879165  
9740.910229  
9731.11511  
9741.084474  
9724.232598  
9731.366017  
9739.098203  
9711.606759  
9721.402807  
9755.75481  
9731.786656  
9744.793861  
9755.735089  
9748.188647  
9773.859882  
9786.735185  
9751.596595  
9746.414812  
9757.110264  
9731.700802  
9706.265245  
9707.906712  
9717.470305  
9683.396037  
9707.153057  
9715.290563  
9739.470478  
9756.133447  
9751.898844  
9737.10603  
9725.404975  
9694.006199  
9725.121018  
9730.090807  
9700.325229  
9700.337734  
9735.74916  
9699.564651  
9734.803547  
9734.974038  
9749.819142  
9746.139931  
9750.225003  
9761.262798  
9752.628655  
9772.303168  
9762.085599  
9737.075581  
9732.189684  
9757.25293  
9771.285629  
9754.717663  
9762.036765  
9776.180684  
9740.525318  
9696.773505  
9636.681128  
9640.514246  
9645.850053  
9656.409836  
9652.202912  
9637.147045  
9665.783534  
9665.342534  
9691.197025  
9682.642988  
9694.473577  
9726.961044  
9739.608564  
9738.583432  
9748.073844  
9764.492764  
9767.226541  
9760.095814  
9767.807394  
9783.466608  
9745.081963  
9750.351198  
9776.698606  
9767.314338  
9773.74631  
9770.623308  
9746.394544  
9744.082441  
9751.235774  
9731.875612  
9758.858649  
9765.251999  
9774.346687  
9736.475801  
9701.587553  
9746.763199  
9780.872839  
9780.523862  
9772.228886  
9771.315155  
9724.50071  
9744.947364  
9799.371321  
9762.871744  
9729.462189  
9731.516285  
9728.017953  
9711.684638  
9714.868938  
9711.141949  
9755.34385  
9747.023443  
9731.460043  
9763.650367  
9742.601456  
9711.398462  
9682.09604  
9680.0989  
9693.270742  
9726.948055  
9700.186973  
9705.276172  
9693.491765  
9727.847046  
9735.856077  
9703.326358  
9707.732932  
9717.829179  
9730.624911  
9726.96642  
9716.521699  
9703.085202  
9707.559401  
9756.719656  
9763.824111  
9755.413829  
9745.979447  
9771.686397  
9768.505453  
9752.996356  
9729.102431  
9752.52234  
9751.282201  
9707.581701  
9738.840066  
9758.949812  
9723.269841  
9719.637504  
9769.070093  
9755.686884  
9753.44578  
9757.535116  
9723.698051  
9697.270277  
9706.845432  
9731.855575  
9773.218028  
9758.968438  
9765.783736  
9775.601255  
9770.366211  
9736.577174  
9715.112218  
9739.978884  
9736.986211  
9738.586295  
9758.013359  
9764.951738  
9753.444573  
9719.425762  
9722.380263  
9769.673011  
9762.972537  
9768.083294  
9753.055789  
9751.711679  
9767.867107  
9742.625088  
9775.784352  
9784.453961  
9766.611213  
9788.128453  
9777.6466  
9763.238222  
9760.14939  
9754.864117  
9682.253369  
9726.317387  
9726.430817  
9741.763602  
9725.62954  
9716.608507  
9749.876865  
9718.429009  
9731.979144  
9669.244804  
9672.297336  
9708.134738  
9709.392251  
9688.881008  
9676.215418  
9696.208652  
9661.851433  
9647.726114  
9665.11064  
9695.99572  
9686.575416  
9679.056113  
9672.999401  
9702.94387  
9716.836673  
9721.863453  
9744.827272  
9728.585918  
9721.733427  
9747.716925  
9762.444424  
9747.506456  
9746.66887  
9784.766471  
9783.500426  
9767.687253  
9741.9143  
9756.713006  
9749.084743  
9777.356167  
9798.327379  
9750.496279  
9770.766402  
9811.326364  
9774.77118  
9720.28769  
9786.677193  
9774.489281  
9789.120835  
9758.775084  
9713.621148  
9698.920482  
9632.64375  
9634.98867  
9661.84255  
9679.833527  
9690.299068  
9682.595225  
9718.927047  
9733.352435  
9744.782739  
9740.470485  
9713.413593  
9761.106194  
9741.677413  
9704.678852  
9770.584342  
9780.001687  
9754.607191  
9738.996058  
9760.814946  
9804.438822  
9817.731311  
9822.696478  
9793.089462  
9747.709575  
9774.169998  
9748.761484  
9761.080205  
9791.146356  
9804.563218  
9752.378663  
9705.455527  
9705.358598  
9734.957855  
9730.138416  
9680.342995  
9691.391947  
9727.175661  
9735.859621  
9719.329088  
9725.110591  
9707.853657  
9664.244502  
9672.740272  
9692.079044  
9693.9372  
9698.603883  
9704.156759  
9725.898144  
9751.419421  
9734.976616  
9744.455061  
9733.628361  
9710.476454  
9737.484694  
9762.164743  
9775.213744  
9751.254263  
9751.480425  
9736.347305  
9743.289237  
9736.210973  
9735.671154  
9732.105516  
9755.811946  
9747.512889  
9709.02881  
9683.434611  
9728.903709  
9738.347867  
9717.131118  
9707.774495  
9756.669133  
9762.521816  
9763.838634  
9733.99452  
9723.962582  
9732.97998  
9720.416255  
9734.544211  
9727.644896  
9707.586474  
9714.332375  
9714.115195  
9710.417982  
9796.191212  
9755.041955  
9715.868845  
9667.587928  
9621.299075  
9613.237148  
9631.130932  
9621.307307  
9651.316933  
9700.283302  
9684.867471  
9703.454188  
9732.346313  
9726.947549  
9729.988071  
9759.055758  
9783.799125  
9765.124786  
9760.667106  
9747.374094  
9773.146284  
9748.80078  
9750.593834  
9788.437307  
9774.094962  
9727.180139  
9790.301042  
9803.937954  
9813.335938  
9741.925581  
9745.078618  
9739.004092  
9719.200231  
9749.501689  
9759.597084  
9741.734214  
9740.724267  
9735.41151  
9772.930324  
9752.075504  
9761.732594  
9774.322145  
9757.534423  
9758.750261  
9752.858178  
9774.716438  
9775.800898  
9750.616116  
9747.494644  
9756.260646  
9776.730623  
9781.942785  
9771.423179  
9791.688977  
9782.225601  
9768.729985  
9705.303665  
9712.708776  
9715.591674  
9718.918636  
9757.579337  
9748.824072  
9745.077931  
9766.373453  
9735.380431  
9717.349287  
9738.23978  
9716.435046  
9705.491843  
9726.15106  
9750.284619  
9705.126931  
9685.580238  
9706.755371  
9723.047496  
9663.579101  
9677.404567  
9655.059394  
9705.805512  
9738.830742  
9737.31085  
9739.372059  
9686.834635  
9642.436784  
9671.281304  
9713.596396  
9671.964884  
9693.555446  
9731.151686  
9766.402522  
9808.366152  
9753.459101  
9741.15539  
9735.800034  
9714.687953  
9710.798504  
9769.231906  
9783.262618  
9778.324398  
9772.581158  
9782.36922  
9825.27379  
9800.319659  
9814.636781  
9714.505601  
9758.954973  
9751.645143  
9754.255629  
9750.963973  
9744.897528  
9746.080238  
9721.005336  
9748.55281  
9743.27379  
9766.911513  
9763.126868  
9773.533028  
9736.490622  
9765.448599  
9766.81409  
9721.765143  
9731.962134  
9757.75266  
9740.017026  
9729.60407  
9758.34702  
9782.845352  
9770.096697  
9782.917596  
9761.289802  
9715.7011  
9736.791894  
9728.099305  
9744.891462  
9683.646869  
9719.509133  
9718.881343  
9732.263142  
9651.711297  
9642.660606  
9670.540126  
9644.269534  
9644.27954  
9632.048219  
9632.595291  
9691.791244  
9718.848022  
9734.032131  
9688.138095  
9706.197486  
9756.660211  
9789.82741  
9723.996034  
9719.580005  
9723.700737  
9694.049638  
9709.062965  
9760.075689  
9771.955375  
9753.484444  
9743.923001  
9738.043738  
9768.495293  
9755.607365  
9745.662773  
9739.37063  
9728.562496  
9740.789827  
9765.503  
9706.923228  
9725.160745  
9762.379878  
9813.117918  
9819.425248  
9709.563282  
9698.398206  
9673.035099  
9664.645626  
9679.656953  
9691.661797  
9715.691945  
9666.594959  
9624.182073  
9720.729379  
9732.887852  
9733.533652  
9750.983483  
9766.951964  
9744.192974  
9737.578863  
9733.10903  
9727.853901  
9755.387476  
9770.126201  
9796.553023  
9803.110782  
9779.22314  
9754.718697  
9782.801661  
9793.137179  
9780.485152  
9776.493841  
9771.176195  
9763.833594  
9701.587314  
9684.834516  
9704.674876  
9688.883552  
9690.62097  
9677.172543  
9672.886947  
9714.195253  
9784.476539  
9777.332661  
9771.756466  
9758.773406  
9764.154976  
9803.07525  
9769.593687  
9773.813422  
9779.009284  
9776.59485  
9650.468963  
9808.821963  
9789.344328  
9762.408176  
9719.033242  
9727.954974  
9739.376797  
9700.827629  
9695.652776  
9722.140416  
9706.568902  
9694.742516  
9697.48261  
9707.585404  
9724.938911  
9741.191896  
9717.804381  
9749.120623  
9756.72522  
9721.881997  
9743.757576  
9741.483362  
9742.732176  
9743.94973  
9734.557318  
9732.966346  
9770.254167  
9731.82231  
9697.982604  
9715.964208  
9672.931598  
9724.15803  
9767.382504  
9764.834547  
9713.809547  
9725.864181  
9715.503954  
9721.970789  
9714.824141  
9746.405253  
9753.531891  
9760.337653  
9767.91033  
9771.449734  
9784.703675  
9775.64615  
9647.038713  
9763.0404  
9794.516429  
9793.234177  
9740.198036  
9673.982284  
9686.692678  
9696.925955  
9700.575806  
9705.680788  
9716.228241  
9702.117538  
9708.85248  
9748.701896  
9745.415986  
9781.651958  
9767.652372  
9734.347945  
9761.880327  
9772.741572  
9719.764673  
9737.507556  
9742.364453  
9724.19627  
9730.028546  
9733.76718  
9734.239168  
9629.912466  
9695.484229  
9729.788174  
9767.509814  
9745.170931  
9715.075969  
9717.375639  
9682.077648  
9715.79611  
9716.975461  
9740.84888  
9732.584941  
9730.573567  
9689.832156  
9711.099319  
9717.264009  
9761.063617  
9798.788874  
9790.56347  
9766.323821  
9741.908482  
9743.160557  
9743.84964  
9749.150233  
9743.971089  
9707.807648  
9741.948252  
9774.18885  
9785.717978  
9824.620695  
9794.755155  
9717.333284  
9734.134724  
9743.528144  
9701.945432  
9684.526959  
9657.226532  
9629.780546  
9566.813054  
9598.123257  
9572.795352  
9657.34708  
9718.675656  
9716.185601  
9768.979439  
9738.13507  
9750.015153  
9735.52483  
9728.217615  
9714.701487  
9735.218148  
9778.728187  
9793.271106  
9782.777133  
9757.461653  
9763.850286  
9761.965835  
9738.968163  
9719.701799  
9752.728088  
9746.430087  
9766.264181  
9819.340776  
9827.970423  
9789.757775  
9803.838185  
9818.280183  
9805.343786  
9786.844258  
9759.410605  
9785.031948  
9799.091267  
9785.901049  
9786.698142  
9768.095774  
9706.29538  
9705.27638  
9693.567124  
9700.459649  
9733.102838  
9713.257644  
9760.229878  
9726.485334  
9745.559395  
9717.714395  
9705.818014  
9734.060884  
9706.077066  
9694.505843  
9753.719927  
9753.315296  
9756.698559  
9711.197815  
9672.033665  
9657.51852  
9679.659994  
9682.018288  
9648.454328  
9653.301627  
9703.238047  
9737.403567  
9741.452359  
9759.154295  
9736.944628  
9755.46788  
9753.976805  
9746.84682  
9740.026957  
9726.203635  
9685.695817  
9699.016907  
9731.872538  
9786.520811  
9763.748382  
9784.801273  
9757.771014  
9763.351607  
9755.134878  
9767.477263  
9767.676258  
9773.966114  
9769.275976  
9749.016581  
9767.018038  
9758.767597  
9799.67853  
9751.221045  
9785.337884  
9749.462967  
9721.271836  
9676.887919  
9650.559896  
9631.83243  
9686.000525  
9672.956372  
9666.236589  
9701.547664  
9712.769637  
9704.868481  
9733.768955  
9773.899681  
9760.210547  
9707.312439  
9744.212975  
9767.9833  
9733.739471  
9741.713786  
9754.841768  
9769.218828  
9749.866255  
9745.604257  
9723.572421  
9658.86088  
9623.128966  
9685.760764  
9725.475451  
9784.988892  
9729.802634  
9725.13321  
9736.430323  
9821.537294  
9834.362341  
9792.803348  
9756.140539  
9777.946295  
9765.908892  
9798.642565  
9755.021689  
9714.045872  
9659.561829  
9620.114661  
9645.722713  
9606.201616  
9613.596154  
9619.950591  
9678.966773  
9671.756501  
9648.255728  
9712.739801  
9751.51455  
9708.347547  
9712.108119  
9726.178226  
9747.262661  
9752.576542  
9804.831691  
9820.985934  
9797.975912  
9822.271372  
9799.583802  
9796.53307  
9768.40122  
9754.021122  
9745.397237  
9739.137529  
9737.409656  
9696.653386  
9753.439959  
9733.208977  
9707.713718  
9745.254716  
9764.061209  
9817.391854  
9790.975225  
9756.093184  
9734.965283  
9709.501553  
9721.702351  
9714.290184  
9721.68669  
9716.677428  
9739.002784  
9744.166194  
9729.749289  
9758.355723  
9749.307302  
9774.462208  
9754.097812  
9767.777463  
9760.812379  
9775.183819  
9750.420265  
9724.700557  
9725.01464  
9701.25078  
9713.108348  
9748.231582  
9726.587477  
9684.567998  
9729.814521  
9718.386648  
9733.045833  
9733.380982  
9723.095313  
9734.522648  
9715.72401  
9769.07895  
9763.167554  
9761.842563  
9778.35105  
9776.406631  
9784.044259  
9775.211236  
9758.883145  
9755.539248  
9728.958605  
9735.868444  
9720.075998  
9700.973252  
9700.479216  
9705.468733  
9719.351767  
9706.017871  
9735.743204  
9762.186907  
9758.696026  
9752.513023  
9721.414381  
9715.658134  
9680.025113  
9611.361736  
9607.67658  
9603.477963  
9606.120129  
9640.80465  
9704.623479  
9754.953604  
9790.218099  
9747.636321  
9746.492532  
9789.435752  
9786.741842  
9801.108993  
9770.159791  
9808.114489  
9792.473377  
9771.736334  
9758.362211  
9786.874645  
9779.691595  
9750.94566  
9756.151119  
9744.924943  
9740.033986  
9735.594862  
9739.98085  
9740.363537  
9707.177903  
9701.542076  
9703.116443  
9736.075841  
9689.828003  
9698.687162  
9659.402217  
9699.441663  
9718.547456  
9700.276526  
9699.651838  
9708.306957  
9773.681486  
9832.377027  
9838.340106  
9791.153584  
9758.773454  
9782.642304  
9796.395025  
9773.46117  
9779.638035  
9741.979777  
9739.019564  
9642.701232  
9648.278201  
9488.892692  
9663.32926  
9697.403848  
9721.587438  
9699.941459  
9710.412949  
9747.965361  
9716.449994  
9746.475807  
9738.970949  
9767.651614  
9801.449397  
9786.516038  
9791.502408  
9813.913698  
9774.591866  
9792.076754  
9796.859738  
9772.305597  
9739.761441  
9782.164152  
9799.613706  
9744.930358  
9702.391083  
9706.745253  
9712.872093  
9700.981261  
9699.633934  
9723.519986  
9739.044504  
9750.046033  
9715.209381  
9708.522442  
9706.136031  
9688.510843  
9678.038869  
9709.426195  
9735.004247  
9729.080301  
9736.52866  
9777.587251  
9755.353307  
9739.887771  
9760.972086  
9786.916666  
9801.0437  
9774.893576  
9771.555419  
9789.955597  
9782.27229  
9761.732591  
9735.569424  
9737.424174  
9719.732014  
9687.769802  
9719.523605  
9741.577985  
9717.54673  
9709.720432  
9706.059867  
9725.632357  
9749.914631  
9737.211079  
9707.900797  
9692.989475  
9668.089178  
9718.424945  
9680.709434  
9677.666848  
9619.829473  
9594.783303  
9575.69256  
9602.725165  
9614.061619  
9599.172137  
9637.66792  
9665.176591  
9688.627151  
9699.067433  
9696.316501  
9727.11039  
9721.171778  
9731.719411  
9755.998332  
9751.880249  
9746.239033  
9773.822514  
9798.631743  
9774.950909  
9786.290029  
9742.185504  
9759.422986  
9770.877648  
9797.454313  
9798.182784  
9813.158332  
9791.052618  
9785.94391  
9768.571575  
9766.695901  
9773.183859  
9810.54389  
9757.996082  
9779.421551  
9798.599407  
9797.004666  
9756.262319  
9764.01967  
9763.158091  
9755.331297  
9754.861601  
9718.741804  
9754.337476  
9752.950801  
9712.155595  
9721.126297  
9751.188696  
9755.460775  
9744.672868  
9756.351331  
9757.521647  
9746.335302  
9735.237129  
9754.085784  
9750.078773  
9768.743374  
9753.689582  
9760.382218  
9744.84485  
9750.646555  
9768.744866  
9765.98373  
9736.335918  
9728.214968  
9694.824414  
9708.731643  
9713.239796  
9704.549467  
9694.314507  
9704.145577  
9725.692434  
9765.159424  
9726.006287  
9702.820573  
9705.580813  
9690.649536  
9726.891005  
9761.392943  
9781.94647  
9740.866122  
9726.753152  
9719.937134  
9715.965607  
9704.966843  
9739.658113  
9747.051873  
9747.990087  
9754.982233  
9777.842741  
9729.891727  
9702.270086  
9723.497754  
9724.835985  
9690.945423  
9707.216304  
9726.063204  
9748.589607  
9731.774176  
9746.043672  
9758.267968  
9755.985171  
9722.827962  
9725.942111  
9713.517057  
9698.53893  
9703.909214  
9724.003964  
9767.460689  
9767.897255  
9733.228131  
9768.637651  
9737.959013  
9719.461543  
9742.573322  
9751.64357  
9722.730739  
9723.113609  
9746.372417  
9738.013656  
9707.128  
9754.83836  
9736.206597  
9727.537159  
9720.149904  
9752.861304  
9715.750353  
9726.757464  
9713.916727  
9736.204604  
9633.689352  
9625.91862  
9622.915689  
9639.86175  
9654.260056  
9706.33771  
9730.187146  
9759.07501  
9753.690468  
9742.559338  
9750.845437  
9747.464808  
9749.285956  
9765.205479  
9778.391676  
9773.32996  
9728.330795  
9736.716984  
9743.709407  
9775.584103  
9778.64854  
9766.586384  
9774.045798  
9760.126234  
9747.720051  
9764.115494  
9752.639749  
9737.942035  
9724.104327  
9736.063108  
9774.628442  
9745.208536  
9691.134835  
9727.519062  
9754.952198  
9734.941362  
9742.851551  
9751.583932  
9713.931843  
9707.439646  
9720.983141  
9744.91375  
9747.341626  
9723.078883  
9729.752642  
9736.966136  
9713.827666  
9690.538288  
9695.066771  
9728.222614  
9747.535228  
9740.128644  
9767.935693  
9766.85724  
9740.329145  
9735.718779  
9737.364752  
9717.576149  
9688.071325  
9714.029898  
9715.347405  
9729.423354  
9717.891296  
9708.240171  
9694.814855  
9741.198263  
9739.892194  
9738.006386  
9757.265305  
9749.41527  
9730.548334  
9734.541409  
9753.313629  
9784.141442  
9784.590565  
9760.503162  
9722.722425  
9708.643413  
9744.873313  
9770.332362  
9815.488997  
9763.630785  
9785.787635  
9762.898751  
9780.52686  
9733.768092  
9685.612409  
9674.724313  
9662.763016  
9710.368162  
9709.188078  
9707.96712  
9706.446778  
9703.112753  
9712.682725  
9714.530062  
9632.365005  
9655.708834  
9796.840686  
9822.023473  
9770.432167  
9736.139687  
9667.55431  
9681.326214  
9684.675557  
9704.947194  
9734.776198  
9748.029763  
9748.744275  
9740.356972  
9712.348348  
9669.82385  
9726.527796  
9718.815539  
9713.35376  
9727.996082  
9744.710537  
9755.285907  
9742.974019  
9718.473858  
9743.261965  
9786.825667  
9741.787358  
9738.523517  
9767.738413  
9769.169819  
9763.024827  
9747.49877  
9734.123581  
9745.288691  
