8838.268323  
8692.430921  
8717.715713  
8655.325129  
8778.497451  
8770.583537  
8771.830517  
8862.470182  
8865.100313  
8863.673125  
8860.924076  
8865.314106  
8860.762025  
8869.077496  
8836.190868  
8804.983978  
8850.358067  
8870.518091  
8861.781945  
8836.561962  
8882.209704  
8871.262033  
8870.960126  
8842.144597  
8869.238571  
8836.557791  
8887.052296  
8819.39521  
8845.17545  
8850.648173  
8847.714355  
8855.94182  
8858.471042  
8812.677379  
8825.423141  
8813.871334  
8796.688609  
8747.058205  
8883.412697  
8779.978135  
8867.344685  
8814.061259  
8851.748353  
8852.919061  
8802.065653  
8767.494687  
8824.0986  
8796.655  
8828.151367  
8819.217087  
8750.091549  
8817.334406  
8758.325518  
8797.828638  
8846.259757  
8817.054108  
8818.544483  
8820.991732  
8776.070743  
8810.062277  
8787.652369  
8800.209506  
8829.639235  
8829.011106  
8801.527691  
8804.969793  
8785.924374  
8798.968162  
8867.078075  
8794.451321  
8810.935464  
8808.984855  
8805.597267  
8817.317366  
8835.66926  
8798.198201  
8849.040238  
8812.1587  
8796.41556  
8821.496474  
8847.702769  
8835.225925  
8848.285313  
8837.380578  
8865.275324  
8824.273073  
8839.080922  
8848.408708  
8795.154404  
8869.128443  
8849.797305  
8759.43995  
8862.431012  
8809.830558  
8809.643464  
8875.570834  
8836.889524  
8845.120605  
8857.14334  
8822.071397  
8847.989531  
8855.181632  
8798.380115  
8886.055374  
8855.60234  
8821.702728  
8853.438212  
8829.342831  
8896.21184  
8882.05434  
8859.336475  
8838.377235  
8768.855229  
8844.638581  
8858.463263  
8843.591019  
8827.652269  
8789.219379  
8831.477845  
8858.732645  
8839.386363  
8794.69902  
8898.459762  
8834.451139  
8836.259782  
8812.900788  
8777.726422  
8798.243561  
8839.282044  
8823.32834  
8815.690769  
8824.400349  
8780.002417  
8830.368313  
8803.687359  
8775.685406  
8856.903817  
8829.712816  
8821.398346  
8804.825022  
8844.072713  
8786.708182  
8854.954251  
8767.253443  
8793.32407  
8839.263697  
8808.699095  
8863.307568  
8853.632366  
8804.890468  
8863.059579  
8813.155108  
8802.703075  
8810.972168  
8834.138026  
8845.366666  
8841.307692  
8791.972027  
8814.498279  
8797.034056  
8803.805581  
8877.838213  
8822.411149  
8886.679075  
8833.567987  
8835.951073  
8827.405464  
8769.67238  
8811.484284  
8806.768869  
8842.115499  
8825.388622  
8791.571951  
8796.905869  
8880.911754  
8837.937268  
8822.181963  
8787.949988  
8780.420054  
8789.474394  
8800.879643  
8823.691448  
8865.449012  
8815.148512  
8872.170344  
8789.412689  
8825.592219  
8851.265625  
8762.454755  
8809.088569  
8827.03389  
8806.997708  
8859.999206  
8751.616443  
8773.491004  
8768.870978  
8826.446893  
8868.795236  
8838.02501  
8812.859152  
8797.383971  
8830.529231  
8817.076759  
8839.274315  
8835.989994  
8810.202653  
8804.195288  
8855.15198  
8828.303603  
8841.756174  
8855.256323  
8820.703067  
8832.387762  
8819.687318  
8849.011148  
8836.385204  
8843.706915  
8851.959539  
8828.620887  
8818.835234  
8782.034105  
8778.548679  
8832.917745  
8808.964571  
8797.826867  
8833.070834  
8821.713726  
8779.806301  
8820.588578  
8899.570486  
8861.136835  
8801.108589  
8791.68769  
8850.624503  
9021.172016  
9133.997178  
9052.693095  
8835.26421  
8813.089935  
8805.83828  
8761.118032  
8760.0985  
8814.758806  
8760.832528  
8752.214066  
8814.438485  
8814.296842  
8825.209994  
8796.706369  
8782.939685  
8822.840249  
8815.838429  
8773.624421  
8812.279736  
8791.774406  
8804.526731  
8789.879229  
8828.636694  
8804.395044  
8796.72019  
8817.63148  
8804.447779  
8792.834531  
8824.260428  
8826.404347  
8835.78994  
8795.554282  
8846.074186  
8847.249346  
8817.316828  
8794.175425  
8830.242204  
8779.801021  
8833.201809  
8812.819915  
8818.872583  
8784.273876  
8829.051361  
8813.75869  
8761.42089  
8869.669599  
8886.816158  
8847.654239  
8843.005007  
8765.996168  
8829.110898  
8798.510105  
8825.534875  
8847.000281  
8845.588842  
8840.921536  
8842.317333  
8840.876175  
8801.027534  
8805.565695  
8770.809885  
8874.186962  
8831.202066  
8853.114059  
8801.118098  
8791.816067  
8805.813237  
8785.449599  
8799.748386  
8835.841002  
8851.948904  
8857.4795  
8848.372517  
8838.348567  
8833.18803  
8874.239994  
8802.085292  
8751.73944  
8787.021799  
8817.000943  
8816.086691  
8790.289013  
8819.869331  
8817.633715  
8833.883334  
8806.247054  
8838.139922  
8774.640882  
8798.931368  
8812.664956  
8790.370912  
8820.225702  
8842.093601  
8819.910189  
8765.108266  
8799.722698  
8793.931185  
8842.968171  
8812.411811  
8821.050334  
8866.408046  
8806.764831  
8850.778304  
8847.947903  
8885.254734  
8819.796155  
8813.322241  
8828.064801  
8856.093336  
8889.499959  
8847.841623  
8857.410198  
8857.650945  
8832.054671  
8795.622368  
8802.089769  
8766.174887  
8822.041264  
8833.4507  
8858.940695  
8832.564627  
8841.41729  
8814.43179  
8854.089827  
8846.882846  
8833.511214  
8787.309992  
8824.448913  
8779.618528  
8805.745788  
8807.251903  
8787.395367  
8790.284676  
8804.851521  
8803.790527  
8840.129063  
8813.708893  
8789.321802  
8925.986601  
8828.477903  
8883.141105  
8794.555225  
8835.793904  
8838.569394  
8814.216921  
8817.948863  
8827.890013  
8774.687533  
8809.126837  
8835.76157  
8832.464124  
8747.683958  
8809.80847  
8812.379395  
8843.057584  
8824.966565  
8868.845223  
8809.729633  
8794.803752  
8817.052031  
8877.468022  
8759.78029  
8883.710913  
8792.929191  
8811.62745  
8827.615623  
8797.927925  
8797.520111  
8804.606478  
8808.763101  
8811.180962  
8815.914451  
8867.242626  
8782.360451  
8830.20291  
8842.589447  
8826.1983  
8825.792629  
8824.293118  
8845.139698  
8830.867825  
8837.547223  
8851.679439  
8784.79066  
8856.06039  
8861.569088  
8787.336004  
8835.351629  
8827.362752  
8799.609673  
8790.265741  
8808.734814  
8768.050185  
8849.227076  
8808.739572  
8817.284304  
8807.937599  
8793.156233  
8862.544624  
8793.873337  
8845.558031  
8858.558825  
8821.326784  
8821.959812  
8832.216284  
8854.553703  
8811.996565  
8841.321976  
8798.757275  
8848.465903  
8852.820279  
8839.602663  
8841.918556  
8853.246508  
8789.351645  
8852.108547  
8844.360261  
8824.151864  
8796.406904  
8832.755462  
8837.859383  
8855.025515  
8807.680242  
8820.088743  
8784.441605  
8872.871549  
8773.979989  
8780.473931  
8809.795584  
8832.298274  
8796.484979  
8819.135213  
8824.914145  
8829.108291  
8856.464819  
8859.756381  
8822.482198  
8827.532268  
8849.268414  
8772.777319  
8831.639831  
8859.238513  
8789.196769  
8841.712849  
8822.593096  
8815.781713  
8865.55823  
8793.667729  
8851.687699  
8778.568525  
8828.918267  
8836.785529  
8816.426956  
8779.024546  
8787.681806  
8785.586475  
8791.763548  
8784.93913  
8821.73512  
8771.236055  
8859.45896  
8797.902211  
8783.912722  
8835.415817  
8819.439221  
8806.54488  
8860.424871  
8812.047678  
8803.272569  
8764.780315  
8798.851389  
8818.480502  
8849.23075  
8769.142528  
8821.995432  
8799.489597  
8784.633806  
8769.894349  
8777.095438  
8741.961459  
8770.884178  
8763.710102  
8796.243702  
8768.115052  
8791.050599  
8811.325907  
8763.387447  
8856.199475  
8799.487652  
8759.607505  
8826.445387  
8901.580798  
8836.554596  
8933.667091  
8863.820536  
8884.743851  
8908.17934  
8782.830782  
8847.190347  
8787.845612  
8891.276632  
8838.326702  
8815.138299  
8881.539079  
8895.434181  
8842.887803  
8849.379055  
8850.057708  
8846.746764  
8842.789418  
8848.929795  
8805.514392  
8839.545162  
8859.068252  
8817.605659  
8837.08924  
8839.076718  
8824.542365  
8828.403486  
8832.819733  
8833.246234  
8836.709257  
8807.098227  
8837.372161  
8818.78898  
8797.507763  
8834.647072  
8856.284991  
8869.180176  
8880.732728  
8820.981768  
8834.408451  
8809.003815  
8829.97854  
8868.569543  
8859.626266  
8837.112917  
8774.962038  
8785.442524  
8816.692333  
8775.695644  
8845.172678  
8816.005081  
8854.135841  
8807.251821  
8818.792828  
8791.575319  
8810.641271  
8826.714968  
8844.844718  
8804.862884  
8813.681674  
8827.250223  
8820.181434  
8771.656118  
8789.991815  
8784.758756  
8824.986601  
8795.065777  
8856.71112  
8835.439122  
8819.627508  
8868.692631  
8826.123444  
8830.054505  
8828.961732  
8809.865375  
8829.758963  
8801.920311  
8869.478284  
8842.813361  
8859.375372  
8892.071719  
8845.629477  
8845.628451  
8827.023537  
8810.179166  
8830.690761  
8818.661952  
8799.487934  
8843.45017  
8852.443028  
8802.171287  
8879.514524  
8832.087907  
8814.946868  
8804.835317  
8840.213933  
8757.830815  
8765.088925  
8820.659353  
8837.199591  
8792.412647  
8793.975884  
8772.6262  
8795.487396  
8898.61612  
8861.476562  
8891.391709  
8791.62711  
8834.883326  
8774.790395  
8773.680755  
8819.128277  
8824.280207  
8783.896319  
8813.54997  
8820.88503  
8807.391949  
8780.964306  
8844.301443  
8879.955682  
8843.285438  
8834.110956  
8804.966565  
8827.946223  
8835.94979  
8860.161373  
8806.193765  
8797.130768  
8815.612114  
8832.430813  
8830.06063  
8859.652683  
8930.758806  
8851.60335  
8808.527931  
8862.755172  
8848.690579  
8851.932501  
8826.226281  
8794.315686  
8779.73603  
8811.025382  
8786.292754  
8793.111245  
8751.589223  
8756.987776  
8838.481594  
8798.298894  
8881.219478  
8872.174937  
8810.769606  
8835.561896  
8869.018381  
8788.475578  
8809.721713  
8813.432385  
8786.883168  
8791.747914  
8826.444369  
8828.894498  
8850.277418  
8762.518762  
8823.059934  
8801.872716  
8831.909296  
8934.878517  
9009.965522  
8974.00792  
8795.715572  
8743.227845  
8819.601496  
8773.339554  
8777.07349  
8844.549482  
8822.313725  
8944.470802  
9047.266419  
8806.022287  
8849.543498  
8793.080657  
8761.128608  
8849.179439  
8810.874801  
8785.176021  
8797.095306  
8760.487387  
8860.762886  
8815.726943  
8905.460971  
8737.765633  
8763.770789  
8746.210838  
8828.802569  
8822.691928  
8859.12068  
8780.97696  
8820.347772  
8812.185398  
8841.840167  
8838.228607  
8791.042812  
8798.228756  
8829.236775  
8873.669243  
8834.97019  
8809.54666  
8827.825642  
8826.380504  
8857.238852  
8816.071612  
8848.493412  
8854.997012  
8808.149066  
8822.342078  
8845.759236  
8814.351554  
8796.499719  
8831.966251  
8836.800814  
8854.521716  
8819.921676  
8849.14694  
8817.057741  
8713.902584  
8816.512373  
8850.717418  
8825.612098  
8861.853334  
8764.486709  
8740.557816  
8733.505967  
8767.683263  
8767.353044  
8776.89233  
8728.018985  
8797.599071  
8780.448946  
8808.030588  
8803.406515  
8812.066828  
8825.263407  
8828.988621  
8811.594495  
8808.446421  
8825.967616  
8796.888448  
8828.662738  
8821.868114  
8796.092666  
8844.990756  
8890.668929  
8829.475942  
8815.255181  
8793.322514  
8833.984814  
8775.116277  
8835.44307  
8830.087915  
8852.468733  
8852.789394  
8793.462336  
8859.536174  
8835.234921  
8839.180242  
8859.327711  
8843.922545  
8854.85503  
8834.10911  
8863.078051  
8835.075079  
8858.504279  
8827.523876  
8795.260982  
8778.305341  
8827.337915  
8835.054166  
8832.147055  
8807.771244  
8833.83434  
8752.095513  
8797.164493  
8844.936995  
8814.015542  
8833.103557  
8861.947423  
8799.369588  
8806.052494  
8734.718767  
8776.0421  
8766.646791  
8768.21366  
8777.663822  
8826.110981  
8790.532624  
8739.511859  
8810.206518  
8815.114018  
8790.55463  
8747.729782  
8813.933279  
8806.583  
8768.576039  
8816.757324  
8864.152062  
8808.790627  
8807.436987  
8755.530513  
8751.55386  
8779.390534  
8705.380379  
8798.744778  
8768.942532  
8759.197746  
9018.008681  
9000.433867  
8784.234474  
8749.626606  
8788.655828  
8756.535553  
8924.676063  
9149.258102  
9009.845587  
9021.628054  
9008.29757  
8962.918002  
8978.645483  
9002.730949  
8886.141742  
8816.495514  
8775.425318  
8788.354409  
8765.550401  
8783.721911  
8794.062401  
8755.199988  
8769.386164  
8785.351711  
8839.708182  
8789.393108  
8839.638937  
8857.638564  
8815.916131  
8816.389077  
8828.637795  
8821.421155  
8874.435597  
8811.455575  
8867.001837  
8868.575245  
8848.093833  
8878.628335  
8831.109284  
8893.716813  
8802.857041  
8794.797562  
8827.113513  
8836.162432  
8796.892603  
8829.130305  
8925.637662  
8916.078307  
8753.506795  
8807.634228  
8777.635436  
8829.925566  
8781.560472  
8554.048257  
8799.169028  
8850.565297  
8773.832031  
8775.752822  
8775.80597  
8817.306864  
8754.26997  
8800.384219  
8777.645334  
8828.578663  
8746.83842  
8788.38441  
8830.084688  
8795.169061  
8800.170658  
8830.358175  
8771.366219  
8771.740466  
8822.711649  
8800.947762  
8772.363422  
8802.855278  
8810.119025  
8782.581477  
8787.489374  
8792.664129  
8840.899042  
8792.861792  
8914.918747  
8894.806773  
8819.969586  
8817.739754  
8808.195122  
8781.7668  
8778.04109  
8825.696711  
8846.454846  
8829.417927  
8773.750273  
8816.610666  
8798.440413  
8805.345645  
8820.928727  
8853.207635  
8807.913334  
8798.033054  
8807.469933  
8770.324782  
8834.847358  
8799.712866  
8856.080442  
8843.921428  
8860.971241  
8857.502168  
8824.513597  
8844.595885  
8853.348285  
8796.632159  
8861.28586  
8866.777327  
8865.606272  
8827.512646  
8824.360798  
8833.692656  
8830.475578  
8861.675144  
8832.396774  
8821.462204  
8877.013771  
8841.887008  
8845.059305  
8809.605494  
8834.272825  
8854.928438  
8841.519912  
8819.786563  
8789.038425  
8846.378608  
8834.668945  
8809.525266  
8778.564238  
8831.272329  
8757.75216  
8833.127433  
8781.930805  
8854.939792  
8843.489167  
8821.519986  
8826.032409  
8860.815479  
8845.711931  
8844.044028  
8845.67886  
8816.978433  
8814.746276  
8817.980758  
8844.93827  
8828.676609  
8793.31994  
8819.774381  
8834.361593  
8872.251084  
8828.309413  
8935.055176  
8831.441257  
8815.69393  
8812.214256  
8809.134906  
8822.500265  
8813.764094  
8886.296585  
8859.036538  
8842.284891  
8848.705972  
8858.598335  
8834.808039  
8836.91916  
8836.23603  
8851.612934  
8858.190843  
8822.458331  
8867.237296  
8861.438129  
8797.661985  
8711.231743  
8756.665842  
8874.391626  
8842.451635  
8770.086384  
8805.150333  
8759.432642  
8779.29253  
8817.233539  
8820.096133  
8813.882018  
8777.590216  
8825.716093  
8774.514557  
8846.414096  
8844.341954  
8823.179191  
8828.028337  
8761.286762  
8789.68726  
8774.354062  
8846.360236  
8784.64756  
8763.820577  
8778.77674  
8818.685323  
8788.211616  
8767.353391  
8804.34058  
8858.206634  
8878.277087  
8811.25643  
8795.532367  
8792.681351  
8808.79018  
8788.781639  
8815.010792  
8847.662639  
8869.084009  
8804.668788  
8729.472069  
8730.496334  
8796.904181  
8794.123775  
8866.795261  
8804.348989  
8825.146145  
8795.02832  
8774.341333  
8808.519258  
8799.598509  
8800.415519  
8829.872774  
8793.987445  
8787.749429  
8858.916131  
8840.630561  
8808.156904  
8806.28461  
8717.118454  
8643.609656  
8834.996731  
8922.036712  
8941.466077  
8768.924457  
8874.420749  
8839.808875  
8805.604409  
8894.688344  
8820.460325  
8800.998039  
8831.852067  
8838.062426  
8859.842616  
8819.01752  
8862.725528  
8826.018637  
8835.469867  
8843.818409  
8749.135403  
8868.799556  
8818.145433  
8838.200402  
8823.715647  
8837.438915  
8803.159163  
8885.769101  
8800.63868  
8874.791115  
8853.268944  
8923.363786  
8860.291338  
8898.15841  
8873.976529  
8900.528933  
8851.928132  
8824.233614  
8855.895524  
8829.468791  
8877.754527  
8849.252268  
8834.090175  
8822.391105  
8800.056128  
8838.826751  
8816.29008  
8816.297885  
8765.958811  
8813.994836  
8800.656316  
8798.093328  
8813.48075  
8821.474494  
8846.258607  
8797.894035  
8795.851918  
8823.058114  
8834.920096  
8826.39665  
8829.290329  
8779.006662  
8795.386032  
8813.291289  
8792.847135  
8821.753832  
8818.460681  
8870.652733  
8841.674366  
8802.668738  
8831.965804  
8834.403726  
8818.544235  
8816.978027  
8831.854691  
8844.53677  
8853.618247  
8774.823101  
8781.645442  
8862.947961  
8872.912854  
8841.027385  
8864.552114  
8848.451586  
8817.069071  
8800.578208  
8807.014665  
8835.341011  
8844.196148  
8845.79152  
8829.775887  
8832.382945  
8807.576768  
8885.541504  
8773.526475  
8784.804472  
8967.57546  
8778.02549  
8785.300111  
8833.900217  
8741.285802  
8792.873113  
8792.94609  
8786.960011  
8804.771981  
8806.818781  
8858.328084  
8817.192904  
8774.216739  
8794.186308  
8874.577562  
8797.146095  
8783.876556  
8831.623154  
8800.099196  
8847.576445  
8820.363339  
8785.673348  
8824.982844  
8819.597408  
8757.625207  
8768.605907  
8851.907806  
8806.876812  
8809.542265  
8856.873386  
8905.324674  
8786.911224  
8880.291885  
8824.111651  
8906.913756  
8844.215754  
8863.986038  
8738.139789  
8749.949326  
8796.085582  
8830.132556  
8830.281747  
8799.236171  
8813.671138  
8767.679125  
8674.775101  
8692.06087  
8833.999181  
8803.817946  
8732.860716  
8776.063617  
8811.307708  
8810.049225  
8835.603193  
8885.958579  
8860.362776  
8869.621681  
8844.899646  
8809.176038  
8820.811474  
8925.530613  
8884.588867  
8841.074624  
8797.858688  
8824.853656  
8843.913185  
8879.707346  
8829.887571  
8825.835284  
8874.100818  
8825.087684  
8750.28384  
8841.207023  
8863.319096  
8808.769788  
8848.567987  
8850.714132  
8835.770284  
8802.046271  
8836.367469  
8786.305962  
8804.529752  
8875.244885  
8849.93889  
8804.913293  
8804.20646  
8789.515476  
8819.242394  
8856.066563  
8800.88724  
8826.901202  
8835.121946  
8875.76584  
8840.168796  
8796.222135  
8750.959117  
8801.45982  
8819.363505  
8792.192664  
8855.878269  
8810.110889  
8864.083885  
8814.142164  
8821.807137  
8831.331088  
8842.296461  
8856.263953  
8789.799242  
8785.323639  
8853.086086  
8850.190264  
8874.087485  
8849.985683  
8835.957031  
8784.483581  
8847.993189  
8840.51685  
8812.739407  
8878.163789  
8825.334109  
8817.575262  
8800.91849  
8884.177296  
8842.397742  
8908.375488  
8855.263026  
8870.79008  
8762.090762  
8754.696612  
8809.513837  
8856.871177  
8769.803736  
8817.351951  
8849.950468  
8809.387819  
8795.261396  
8801.752921  
8829.161994  
8837.362785  
8830.383938  
8833.690512  
8841.035901  
8807.690504  
8847.79805  
8853.47955  
8816.914675  
8818.805979  
8842.38407  
8814.833016  
8836.999313  
8846.232058  
8761.866583  
8931.534469  
8845.016726  
8782.317176  
8847.85551  
8794.332379  
8756.083124  
8852.438725  
8841.467724  
8827.509418  
8832.206121  
8774.118776  
8726.927412  
8783.112694  
8844.363033  
8773.537771  
8809.285926  
8885.509468  
8882.816961  
8790.011338  
8867.3822  
8953.399762  
8978.418283  
8923.328183  
8815.699252  
8819.770864  
8926.03394  
8748.134666  
8829.100569  
8857.997674  
8890.993578  
8856.588246  
8817.495821  
8799.356677  
8479.457892  
8759.855038  
8853.248717  
8835.514367  
8814.660976  
8838.733249  
8735.007357  
8806.508913  
8835.95406  
8798.693293  
8742.410363  
8943.595877  
8808.156507  
8861.682054  
8812.287896  
8839.56442  
8755.845629  
8779.859814  
8812.171503  
8824.811457  
8832.297471  
8821.284544  
8826.64948  
8800.682568  
8820.22278  
8802.7572  
8766.853987  
8799.68846  
8817.117601  
8866.088793  
8799.004875  
8802.173191  
8848.514334  
8801.69758  
8775.164584  
8772.338652  
8814.959961  
8805.173555  
8821.562194  
8841.348169  
8812.463478  
8844.110832  
8795.709017  
8827.983398  
8811.090754  
8844.058842  
8900.704995  
8824.330649  
8809.451859  
8804.02938  
8797.911447  
8783.439437  
8833.897304  
8830.44926  
8933.545046  
8823.781631  
8872.759691  
8799.951759  
8812.789923  
8810.615168  
8822.393472  
8831.082817  
8842.82301  
8811.521517  
8729.467575  
8726.077579  
8763.539733  
8823.639309  
8783.105245  
8750.691415  
8810.852969  
8784.052279  
8786.132068  
8745.677279  
8790.806128  
8815.537871  
8815.814668  
8846.283708  
8862.974684  
8860.88321  
8845.69739  
8826.720314  
8840.595769  
8845.28946  
8774.063882  
8831.585135  
8859.059579  
8776.714496  
8843.19758  
8802.374214  
8813.72907  
8839.16806  
8849.889706  
8835.550119  
8789.278825  
8829.28744  
8833.494348  
8852.296155  
8830.529504  
8802.379734  
8795.259104  
8872.048083  
8802.939792  
8872.932659  
8823.780811  
8875.953944  
8823.911174  
8843.211037  
8805.155787  
8826.110815  
8830.723169  
8838.990747  
8817.465324  
8779.644995  
8835.662234  
8811.525035  
8783.580111  
8806.054083  
8826.011636  
8868.014781  
8851.289187  
8779.349758  
8795.045948  
8816.499528  
8790.923034  
8847.58775  
8814.269233  
8850.386032  
8827.283716  
8852.261504  
8828.25763  
8811.671668  
8821.076892  
8850.133847  
8846.64324  
8848.027087  
8853.484665  
8839.356867  
8850.980096  
8810.826917  
8812.158278  
8821.560373  
8785.14334  
8798.009749  
8786.254767  
8867.871483  
8858.282458  
8830.398024  
8818.84231  
8796.849212  
8814.634708  
8795.016602  
8850.829731  
8784.07287  
8799.012042  
8891.955244  
8876.268712  
8823.620854  
8850.153312  
8881.612876  
8825.255603  
8861.598914  
8816.052114  
8841.721274  
8830.060357  
8833.754734  
8827.371574  
8815.189594  
8796.928579  
8842.527733  
8795.665718  
8816.964802  
8799.341524  
8792.080459  
8846.464653  
8869.692068  
8857.375637  
8836.530712  
8766.448548  
8830.934148  
8871.523404  
8814.156142  
8779.074997  
8821.016577  
8758.736916  
8776.927436  
8826.941224  
8774.232265  
8817.038078  
8793.643373  
8809.464984  
8771.801981  
8799.698822  
8857.020309  
8754.599709  
8789.780878  
8884.253732  
8875.519374  
8755.495183  
8842.905447  
8816.062492  
8796.984325  
8803.565678  
8850.371466  
8846.140766  
8873.281027  
8859.853019  
8853.289311  
8863.253807  
8817.798042  
8854.740839  
8826.584208  
8827.607438  
8811.595529  
8836.003617  
8855.179836  
8806.285471  
8845.915461  
8738.798431  
8840.807592  
8856.237007  
8832.905174  
8810.544616  
8872.670394  
8826.429539  
8805.371168  
8787.14636  
8814.8558  
8824.986063  
8862.951908  
8788.924515  
8789.886661  
8821.901872  
8756.863736  
8848.67137  
8840.835565  
8783.25187  
8830.547314  
8876.460549  
8833.066274  
8836.381099  
8776.613869  
8832.998585  
8865.812757  
8821.86708  
8790.824393  
8742.385345  
8795.400217  
8831.398305  
8831.86612  
8845.893687  
8876.741294  
8877.850288  
8856.194162  
8839.793383  
8831.633756  
8816.036315  
8817.96952  
8785.089091  
8799.697026  
8788.103772  
8783.974154  
8772.309843  
8816.201337  
8837.020508  
8809.125488  
8836.741376  
8844.397304  
8776.25365  
8830.991194  
8774.591524  
8807.322026  
8800.809868  
8812.508764  
8845.476405  
8800.878898  
8757.211211  
8830.522295  
8884.924978  
8846.54613  
8829.855411  
8825.829251  
8833.360211  
8807.563849  
8780.10354  
8790.213164  
8755.510477  
8802.639367  
8816.63892  
8820.683172  
8829.427287  
8870.04296  
8864.577976  
8777.808056  
8724.98512  
8625.416918  
8844.666347  
8934.046718  
8961.55525  
8811.857844  
8790.937856  
8783.006298  
8802.51397  
8795.202422  
8806.267967  
8846.681814  
8820.203895  
8851.609756  
8771.409304  
8818.217807  
8779.043068  
8818.326155  
8803.471365  
8869.703795  
8790.049432  
8814.289451  
8822.657467  
8816.203191  
8836.278519  
8850.070652  
8833.253608  
8843.810721  
8859.831096  
8852.045261  
8825.736725  
8818.475031  
8811.224138  
8837.614374  
