8637.362195  
8526.736404  
8585.826972  
8515.11345  
8597.141778  
8602.53274  
8602.453975  
8688.249461  
8716.875101  
8698.945338  
8726.703815  
8687.79887  
8681.007114  
8702.022099  
8680.195119  
8660.836055  
8681.150071  
8714.49079  
8684.689268  
8674.108424  
8677.450061  
8688.522444  
8700.937946  
8642.521097  
8688.357211  
8675.806093  
8709.705061  
8679.856386  
8694.6299  
8675.457536  
8658.420612  
8710.444092  
8677.13666  
8641.789281  
8666.882661  
8659.726108  
8655.779499  
8592.067467  
8698.15295  
8636.001583  
8697.592546  
8633.336013  
8685.318157  
8661.459818  
8642.248089  
8605.144102  
8649.876995  
8652.759479  
8621.252037  
8638.374082  
8578.759858  
8659.239039  
8570.913069  
8600.348911  
8660.143378  
8635.254554  
8645.350123  
8657.115731  
8625.375539  
8642.756348  
8613.793053  
8631.680984  
8679.014312  
8651.392166  
8634.455878  
8653.934865  
8611.999032  
8657.511853  
8693.166344  
8646.282193  
8658.579464  
8670.908035  
8631.654322  
8658.924889  
8639.938258  
8607.365268  
8647.761693  
8633.082595  
8625.173862  
8644.081391  
8676.242373  
8656.805277  
8663.928694  
8657.317265  
8643.625093  
8650.049291  
8681.503578  
8685.515431  
8616.140069  
8721.720046  
8643.281898  
8587.303315  
8716.691356  
8637.603549  
8666.767688  
8703.58747  
8643.301943  
8700.264076  
8662.737305  
8652.496481  
8682.265819  
8683.767292  
8631.443612  
8721.108028  
8690.592656  
8679.32171  
8682.871363  
8670.394371  
8704.662623  
8702.668861  
8685.290317  
8675.26895  
8644.326298  
8707.788684  
8693.661065  
8704.028371  
8665.273134  
8628.040022  
8655.773134  
8696.815396  
8686.252837  
8632.692711  
8710.443368  
8664.252071  
8654.306127  
8661.068957  
8616.25261  
8635.766585  
8641.844895  
8659.614712  
8591.012754  
8628.611269  
8625.34109  
8682.992516  
8596.947754  
8632.892696  
8678.779751  
8656.245942  
8675.19495  
8641.948604  
8666.96593  
8636.795713  
8680.373704  
8613.514648  
8642.482969  
8669.552221  
8624.79536  
8671.644312  
8697.219171  
8640.080651  
8670.431498  
8671.821331  
8649.942812  
8654.815758  
8656.565  
8649.530004  
8656.286091  
8634.480864  
8648.770348  
8646.902689  
8654.061709  
8694.049291  
8622.411992  
8713.759985  
8651.335382  
8676.542102  
8634.285224  
8602.382198  
8627.657555  
8639.171648  
8701.901999  
8677.903817  
8628.839827  
8660.28913  
8731.037976  
8711.742667  
8655.519784  
8606.764674  
8599.55116  
8632.487827  
8610.505666  
8647.997079  
8685.807449  
8637.317122  
8699.862305  
8603.302019  
8641.74441  
8671.391879  
8602.185934  
8670.223372  
8654.104021  
8654.582267  
8699.000876  
8605.815135  
8575.842226  
8579.340963  
8661.107312  
8704.68207  
8695.088261  
8679.432903  
8633.190514  
8667.145895  
8670.350359  
8697.04552  
8672.984257  
8659.670503  
8642.692467  
8686.386786  
8670.20794  
8675.254656  
8696.647225  
8635.799763  
8660.28689  
8640.483558  
8662.106849  
8666.026376  
8677.969407  
8661.320658  
8668.060109  
8655.873451  
8609.329884  
8636.438527  
8669.773673  
8665.455895  
8617.51182  
8665.841999  
8655.752862  
8641.748476  
8640.856875  
8700.31596  
8671.051707  
8640.906292  
8646.174822  
8709.577047  
8822.722025  
8842.427322  
8804.483676  
8654.548382  
8678.707612  
8635.208681  
8624.052078  
8613.635473  
8653.585996  
8632.978187  
8567.09817  
8662.102893  
8664.290157  
8644.020895  
8630.952864  
8620.19948  
8642.009277  
8646.718615  
8625.543339  
8647.148395  
8626.612524  
8654.334203  
8611.430529  
8643.706434  
8619.838413  
8631.064436  
8648.267822  
8666.854736  
8668.831013  
8665.161436  
8662.825978  
8650.669038  
8618.339254  
8687.822636  
8704.566011  
8654.994747  
8647.873847  
8660.897192  
8631.832764  
8665.930075  
8664.90822  
8685.343556  
8645.447922  
8677.190741  
8646.975552  
8584.676093  
8684.736648  
8706.675116  
8685.355401  
8683.574059  
8593.630624  
8672.828024  
8633.594137  
8604.186498  
8664.567627  
8665.639312  
8685.533237  
8665.160165  
8674.546732  
8660.632745  
8671.181304  
8626.627888  
8695.970964  
8659.0041  
8709.156966  
8640.134437  
8632.137199  
8640.339398  
8593.122466  
8627.792262  
8676.261028  
8708.902815  
8680.722909  
8673.094491  
8688.447131  
8647.819984  
8689.36755  
8636.518841  
8561.119831  
8625.751044  
8664.555075  
8636.758427  
8635.772739  
8656.09231  
8665.26501  
8660.141197  
8643.897604  
8668.485772  
8603.944605  
8642.58007  
8650.910316  
8608.006802  
8667.107439  
8678.52087  
8642.016964  
8623.185825  
8630.774566  
8617.428054  
8686.356125  
8633.656191  
8665.671833  
8678.339229  
8649.715593  
8667.15673  
8663.581189  
8708.557398  
8662.571247  
8664.900071  
8676.622298  
8702.1883  
8713.37766  
8688.253401  
8673.958235  
8695.970526  
8652.072266  
8641.21428  
8640.35131  
8601.634513  
8694.665771  
8652.632206  
8666.103566  
8674.644935  
8649.129428  
8670.253132  
8717.236269  
8680.804477  
8680.569723  
8639.817459  
8653.919964  
8600.660779  
8649.945254  
8658.867642  
8636.988753  
8617.03423  
8640.01336  
8638.419476  
8681.769203  
8643.153413  
8595.276174  
8776.649574  
8638.992583  
8714.614207  
8652.112178  
8670.650264  
8690.927465  
8653.006954  
8658.864157  
8659.406216  
8605.772882  
8637.812012  
8655.114494  
8658.634985  
8601.901822  
8651.23334  
8651.865697  
8639.085508  
8659.897082  
8690.7418  
8624.031511  
8629.630573  
8657.090888  
8684.602539  
8591.475586  
8702.192341  
8621.512199  
8669.49766  
8626.8322  
8631.368215  
8654.022217  
8659.257956  
8640.837183  
8641.504706  
8613.091805  
8721.841746  
8627.994292  
8679.838488  
8657.018361  
8643.955272  
8650.646383  
8669.123114  
8642.180142  
8642.2311  
8659.902108  
8685.299653  
8619.738854  
8691.737928  
8679.800638  
8623.56016  
8666.319344  
8695.874941  
8656.919223  
8660.361901  
8642.5321  
8596.805403  
8672.891492  
8622.692568  
8673.706602  
8650.459599  
8646.691389  
8690.330289  
8639.586249  
8676.95917  
8697.710272  
8629.411731  
8656.563333  
8653.114569  
8682.188443  
8641.896956  
8644.546025  
8626.500488  
8688.099828  
8698.394237  
8670.549981  
8675.504975  
8689.067871  
8644.123645  
8694.414382  
8677.386382  
8635.601251  
8641.163759  
8685.957957  
8654.410434  
8665.961342  
8635.87702  
8645.853238  
8629.117314  
8684.950288  
8608.82597  
8656.378746  
8660.36909  
8671.990041  
8612.870883  
8622.076172  
8634.368265  
8678.682693  
8698.438182  
8685.600089  
8656.589726  
8663.540216  
8661.367575  
8626.870765  
8682.72684  
8704.56873  
8622.250143  
8680.323091  
8646.36659  
8640.828159  
8699.167438  
8641.60509  
8709.571112  
8629.782387  
8643.603692  
8658.541293  
8653.209978  
8581.839616  
8633.311944  
8607.459069  
8632.92877  
8632.675815  
8648.733558  
8592.750093  
8685.09641  
8620.91296  
8620.499175  
8639.71891  
8636.489233  
8644.448234  
8677.057819  
8642.840644  
8605.822998  
8615.038162  
8637.874192  
8660.688477  
8696.833631  
8624.730528  
8651.041748  
8620.079699  
8624.82533  
8621.835618  
8642.332848  
8606.573234  
8606.235444  
8604.173744  
8638.842967  
8621.475729  
8591.91695  
8632.005708  
8603.490798  
8711.200313  
8650.085365  
8574.723271  
8695.632619  
8757.459405  
8660.30004  
8796.049249  
8728.290957  
8701.330289  
8735.068023  
8626.880287  
8681.033169  
8665.617566  
8714.310623  
8675.998459  
8658.041647  
8712.217613  
8708.491455  
8672.759976  
8672.088126  
8703.199337  
8686.674796  
8643.193233  
8686.091561  
8615.76006  
8692.855107  
8688.359602  
8644.217807  
8661.253208  
8659.229964  
8656.706939  
8656.5115  
8682.164913  
8651.090265  
8679.0411  
8653.200052  
8648.528413  
8631.296227  
8605.024524  
8653.026948  
8692.467369  
8694.152234  
8700.091165  
8664.660611  
8666.773345  
8650.142612  
8662.565548  
8690.632467  
8684.551  
8669.139051  
8637.999604  
8647.474273  
8646.058316  
8600.869839  
8669.953925  
8629.56202  
8642.654457  
8626.444959  
8660.969028  
8617.493526  
8660.608533  
8660.418331  
8686.69149  
8638.077889  
8633.919964  
8650.102547  
8648.897528  
8634.319008  
8618.342782  
8618.672868  
8665.811465  
8633.482573  
8682.660762  
8643.49537  
8677.425613  
8693.834548  
8655.861353  
8698.586864  
8658.972421  
8659.590938  
8667.436843  
8651.882324  
8710.425529  
8673.346461  
8655.4712  
8717.342092  
8695.028834  
8696.173315  
8671.066499  
8659.649801  
8667.639564  
8666.636954  
8608.393925  
8653.368467  
8669.428298  
8621.275062  
8722.174662  
8671.044821  
8650.888057  
8642.999503  
8668.200482  
8602.395659  
8603.889985  
8655.000589  
8648.935538  
8636.245243  
8639.634791  
8621.204674  
8587.041125  
8706.975586  
8700.865276  
8690.032824  
8615.779432  
8685.615782  
8592.2714  
8602.882619  
8631.556716  
8646.854627  
8630.837259  
8630.059545  
8668.526839  
8616.670663  
8613.857784  
8668.817214  
8722.072181  
8673.389918  
8678.513057  
8652.623089  
8669.16674  
8652.813552  
8694.478558  
8660.407892  
8650.001406  
8658.11398  
8696.108331  
8687.746346  
8683.830364  
8763.396695  
8706.534213  
8622.208808  
8732.41365  
8679.361151  
8713.73334  
8632.186557  
8635.646813  
8604.581846  
8670.652377  
8630.609686  
8626.237322  
8562.168322  
8612.461417  
8647.640852  
8663.72072  
8684.297153  
8717.389909  
8650.98025  
8661.232397  
8714.880817  
8663.936338  
8632.875168  
8622.703538  
8632.980048  
8649.042405  
8663.443502  
8658.383149  
8666.187079  
8602.896451  
8670.072678  
8659.67174  
8669.201997  
8726.117709  
8769.323949  
8769.071718  
8666.019136  
8603.061667  
8621.173736  
8608.240041  
8598.853474  
8680.449564  
8686.457486  
8729.085483  
8814.466553  
8632.620471  
8698.534121  
8617.120269  
8618.838076  
8669.706147  
8644.907344  
8588.595838  
8640.924493  
8610.736656  
8691.689116  
8690.175234  
8709.519565  
8560.752568  
8624.068848  
8574.181102  
8683.398589  
8662.743391  
8676.116935  
8614.687155  
8663.488483  
8623.299375  
8707.300133  
8675.435252  
8641.135338  
8634.523774  
8655.065  
8693.787463  
8664.681834  
8654.266063  
8635.987532  
8634.115058  
8655.971343  
8652.824598  
8683.923811  
8684.73014  
8639.687913  
8663.980048  
8660.134917  
8650.034171  
8657.056026  
8673.183181  
8657.086864  
8693.798163  
8671.593986  
8699.694412  
8630.22759  
8574.620951  
8665.606386  
8641.262274  
8637.800613  
8710.100199  
8642.057516  
8608.371271  
8600.191381  
8625.848894  
8567.113273  
8612.012232  
8567.572038  
8622.33832  
8596.007316  
8645.961712  
8623.370109  
8619.694142  
8670.608516  
8664.781553  
8652.079783  
8659.650029  
8669.549426  
8658.759117  
8671.912084  
8657.145584  
8632.793794  
8679.321323  
8734.672969  
8666.121212  
8665.007425  
8642.37372  
8678.687567  
8636.595451  
8649.736252  
8661.544046  
8674.905038  
8671.164677  
8616.671513  
8704.298794  
8644.688653  
8639.870614  
8653.232312  
8664.855923  
8659.336123  
8647.159138  
8698.034693  
8679.862911  
8677.655467  
8673.430538  
8638.263689  
8633.751448  
8656.314184  
8672.480797  
8688.502231  
8658.311288  
8674.689361  
8624.688931  
8639.888748  
8666.602724  
8640.545385  
8649.140583  
8697.636752  
8649.561591  
8624.154423  
8599.875859  
8605.676067  
8616.421067  
8605.316423  
8599.412817  
8682.432642  
8634.364157  
8559.781865  
8655.784298  
8680.599062  
8647.262316  
8601.239628  
8646.76682  
8668.661209  
8647.420587  
8656.685227  
8661.814605  
8661.358045  
8634.182213  
8589.137426  
8616.91317  
8629.991413  
8536.513015  
8635.712175  
8579.714103  
8625.40114  
8789.231193  
8790.891559  
8647.212343  
8611.851941  
8613.233222  
8621.016223  
8732.203436  
8875.36526  
8794.653135  
8797.282109  
8764.254874  
8738.552364  
8728.043305  
8772.479913  
8704.657934  
8637.344684  
8634.485318  
8653.088421  
8631.708968  
8615.448166  
8641.953058  
8585.649481  
8641.130733  
8629.515692  
8653.636736  
8620.944925  
8676.122415  
8678.456804  
8670.021282  
8633.733398  
8659.825549  
8651.827317  
8704.801623  
8654.142923  
8674.444412  
8702.319908  
8687.297052  
8752.258966  
8678.439125  
8718.253603  
8654.769927  
8639.406208  
8629.194269  
8671.507282  
8648.728995  
8668.93899  
8715.273379  
8774.66413  
8569.405568  
8638.139118  
8624.145525  
8641.687222  
8598.922405  
8423.930917  
8617.192753  
8677.459616  
8596.658927  
8616.108609  
8616.417051  
8654.489561  
8602.059798  
8644.295553  
8634.171824  
8673.277782  
8586.658254  
8634.724407  
8665.956695  
8634.606167  
8637.702982  
8678.231243  
8660.708185  
8641.534912  
8662.867255  
8636.677793  
8616.801219  
8639.359712  
8638.337209  
8625.221377  
8648.806742  
8617.61978  
8701.53631  
8649.951517  
8735.896274  
8703.582267  
8652.61084  
8628.554847  
8651.53817  
8621.229223  
8654.439453  
8655.134892  
8665.055201  
8637.66237  
8589.295999  
8623.629841  
8599.527209  
8599.764531  
8620.69873  
8678.312887  
8644.746203  
8652.72455  
8630.231546  
8643.670073  
8663.363391  
8627.502475  
8686.029238  
8655.025323  
8654.466839  
8690.961401  
8648.83598  
8677.471806  
8665.513815  
8638.914071  
8703.228044  
8738.101167  
8695.967209  
8680.862481  
8686.603069  
8679.161116  
8659.953032  
8666.438485  
8658.369301  
8671.188746  
8706.263386  
8670.37101  
8667.734021  
8644.448394  
8663.741581  
8644.441263  
8689.153447  
8683.537008  
8627.193435  
8728.955903  
8693.351562  
8645.574244  
8632.810623  
8675.615462  
8599.905997  
8671.759387  
8628.040906  
8660.988264  
8680.420031  
8654.723246  
8673.845712  
8683.391517  
8703.419577  
8641.709372  
8701.327982  
8631.050579  
8594.81229  
8647.187652  
8678.512308  
8638.053568  
8649.173247  
8652.816322  
8657.997272  
8676.313805  
8648.421841  
8719.525306  
8677.873746  
8648.916571  
8649.833648  
8656.846503  
8644.319294  
8626.88107  
8711.155492  
8680.664467  
8687.375497  
8721.793617  
8683.89113  
8686.58656  
8680.329565  
8669.215366  
8655.016753  
8662.79552  
8649.804006  
8685.604627  
8702.245706  
8599.216721  
8547.60903  
8620.417497  
8745.179342  
8663.927137  
8602.829489  
8630.957545  
8621.155964  
8660.227421  
8695.651611  
8670.94868  
8652.51826  
8635.086965  
8656.273606  
8582.223145  
8670.896451  
8690.552507  
8646.97365  
8660.10195  
8609.738761  
8607.426455  
8594.137434  
8644.98749  
8582.688376  
8608.588446  
8597.586459  
8632.464894  
8615.127054  
8609.021956  
8647.581543  
8690.382055  
8699.751313  
8649.418508  
8640.73738  
8629.87846  
8640.597917  
8630.302364  
8637.507358  
8703.018942  
8690.560656  
8612.188207  
8545.458193  
8568.384841  
8631.867297  
8630.054965  
8704.239898  
8643.186869  
8636.368307  
8609.629925  
8597.846814  
8674.616893  
8640.628645  
8661.281351  
8674.08795  
8624.63538  
8638.312652  
8707.128889  
8677.196424  
8636.273774  
8646.994932  
8621.870286  
8594.343354  
8688.441162  
8781.821037  
8739.068477  
8633.838008  
8707.855098  
8661.289349  
8624.550958  
8695.752189  
8632.246001  
8613.788549  
8628.565295  
8640.743627  
8669.229871  
8623.927869  
8688.384698  
8667.241767  
8653.622895  
8674.987692  
8611.427473  
8696.856159  
8652.247853  
8676.550057  
8648.473102  
8648.884126  
8585.955246  
8716.962975  
8621.051219  
8693.330718  
8698.17957  
8706.21779  
8692.0337  
8727.296757  
8749.803913  
8756.565497  
8698.760111  
8692.042935  
8743.771131  
8690.365765  
8705.10802  
8717.622037  
8698.165443  
8690.813897  
8638.698714  
8686.048222  
8658.485267  
8678.133654  
8617.739914  
8647.801581  
8636.302229  
8626.708942  
8639.087941  
8647.536857  
8672.794888  
8636.333648  
8615.830474  
8620.615638  
8638.702982  
8643.210087  
8640.102615  
8622.043297  
8643.004007  
8608.210752  
8594.458387  
8620.320355  
8616.127947  
8674.442501  
8686.240133  
8617.332646  
8668.417152  
8677.761921  
8670.657218  
8661.52545  
8664.262746  
8667.553972  
8680.730553  
8625.800604  
8610.90013  
8691.630708  
8685.048054  
8685.204076  
8699.893319  
8689.371658  
8658.198806  
8670.687256  
8620.539803  
8690.818561  
8703.141526  
8647.06085  
8627.922254  
8673.329969  
8598.840947  
8710.864047  
8632.315228  
8616.015499  
8804.028202  
8592.049956  
8632.099492  
8668.632787  
8602.311768  
8629.701871  
8614.98967  
8630.647133  
8606.371565  
8640.053197  
8702.610764  
8652.390894  
8589.162295  
8595.857119  
8697.777689  
8639.780753  
8633.252138  
8671.058644  
8639.620504  
8666.944361  
8669.789222  
8627.234148  
8691.263546  
8662.352413  
8612.187374  
8615.982489  
8681.55361  
8644.11052  
8628.802894  
8677.340795  
8708.256432  
8607.788978  
8685.977026  
8674.316406  
8734.229938  
8667.394068  
8703.112684  
8622.070144  
8617.91727  
8630.3051  
8676.97285  
8665.968337  
8648.141357  
8690.444866  
8646.738812  
8510.567467  
8509.749941  
8653.238525  
8634.715332  
8514.436843  
8588.509319  
8616.344634  
8628.769085  
8618.082772  
8692.966258  
8699.861673  
8681.330979  
8668.634656  
8656.523429  
8665.502004  
8797.652495  
8752.560463  
8691.343388  
8644.908632  
8681.464145  
8668.677103  
8714.577115  
8658.859535  
8673.126709  
8706.676312  
8656.725527  
8568.761315  
8634.545326  
8689.669248  
8621.99675  
8664.539963  
8688.695919  
8675.357978  
8603.322628  
8686.985722  
8620.589187  
8656.269573  
8731.493863  
8677.078436  
8654.424704  
8648.753889  
8635.923862  
8642.445834  
8679.527664  
8660.809697  
8639.147697  
8629.349146  
8715.971621  
8708.004235  
8674.513167  
8609.116034  
8644.421033  
8665.53966  
8626.351529  
8656.561397  
8647.060437  
8704.406553  
8653.954262  
8641.466098  
8662.633755  
8686.154802  
8694.414155  
8613.710188  
8620.35525  
8639.686725  
8702.905619  
8694.381726  
8691.374293  
8654.798146  
8642.774229  
8706.24798  
8657.485116  
8675.002686  
8730.717041  
8687.544257  
8663.722454  
8623.842816  
8696.087832  
8680.423374  
8732.716376  
8676.674384  
8702.344954  
8633.604997  
8602.827132  
8605.354728  
8691.757114  
8574.192526  
8622.669476  
8692.947392  
8647.731201  
8611.40827  
8595.504916  
8632.505287  
8640.36925  
8653.711864  
8648.734981  
8662.178972  
8661.648219  
8684.49372  
8674.30004  
8646.662716  
8635.39507  
8664.778127  
8671.513823  
8659.11526  
8668.015322  
8611.642679  
8768.797986  
8657.279785  
8635.033422  
8673.373038  
8619.750303  
8591.806523  
8704.12532  
8674.352472  
8673.074412  
8634.299594  
8622.07102  
8581.308947  
8624.677642  
8654.63336  
8613.629891  
8632.461535  
8681.066533  
8700.556565  
8603.104189  
8703.611749  
8740.910897  
8805.628687  
8691.7977  
8653.617095  
8662.156578  
8757.173626  
8618.181708  
8733.770937  
8703.033169  
8724.961678  
8677.34295  
8651.735983  
8673.711401  
8359.38884  
8571.372761  
8705.95938  
8644.600249  
8671.349828  
8678.502029  
8560.406822  
8651.660821  
8660.884159  
8622.809006  
8606.633082  
8809.572628  
8616.510313  
8697.638562  
8639.86707  
8699.44453  
8627.396872  
8654.703706  
8682.538894  
8667.055976  
8676.397722  
8651.758562  
8659.246405  
8642.596452  
8643.96939  
8649.602842  
8582.883974  
8652.356454  
8645.129226  
8719.121717  
8618.606193  
8623.972724  
8706.517107  
8646.252997  
8574.993332  
8599.670621  
8634.716982  
8630.328782  
8647.389236  
8670.092538  
8659.943999  
8693.905475  
8599.569639  
8647.989771  
8645.998922  
8656.592925  
8763.688763  
8667.296639  
8657.815825  
8657.554048  
8618.439302  
8623.43995  
8655.406065  
8677.308518  
8773.762165  
8666.259  
8718.314428  
8664.820262  
8650.804241  
8632.472311  
8641.640768  
8653.529541  
8655.367112  
8642.412034  
8594.264042  
8596.118349  
8589.91115  
8626.7229  
8595.625732  
8540.200894  
8630.685555  
8580.049678  
8620.387022  
8554.902243  
8619.729374  
8652.796471  
8638.522217  
8656.892359  
8664.429957  
8685.320717  
8634.48749  
8634.545301  
8690.938948  
8660.253401  
8624.916824  
8674.791117  
8691.700869  
8593.728002  
8689.294063  
8670.280509  
8658.493417  
8671.584582  
8694.023429  
8677.89166  
8626.290746  
8668.727884  
8679.982178  
8677.034247  
8658.249554  
8647.361404  
8646.864771  
8726.154575  
8678.668609  
8690.587596  
8644.614813  
8705.043954  
8676.478575  
8684.47322  
8646.295124  
8691.929208  
8657.258141  
8665.705541  
8674.91828  
8611.552709  
8659.685538  
8651.920292  
8642.882147  
8628.695733  
8656.944875  
8669.261938  
8661.17041  
8602.512603  
8610.002071  
8616.356235  
8638.149077  
8681.092613  
8627.639059  
8700.992608  
8684.634564  
8739.372643  
8665.285392  
8643.48307  
8670.33688  
8708.412505  
8706.618274  
8688.4482  
8676.244048  
8661.888167  
8687.297447  
8613.34439  
8642.586409  
8666.356193  
8630.274086  
8630.543339  
8633.858188  
8700.691676  
8670.860091  
8649.813376  
8642.220072  
8581.565623  
8639.558703  
8607.063056  
8679.682171  
8613.106479  
8617.156755  
8713.853036  
8710.270205  
8644.196777  
8664.048525  
8751.844129  
8685.506828  
8696.978701  
8665.605124  
8684.835441  
8697.64161  
8684.097395  
8675.62234  
8618.698562  
8628.519683  
8686.019514  
8665.32283  
8636.220737  
8648.127694  
8627.577957  
8673.0822  
8668.291799  
8687.415586  
8663.323806  
8606.723911  
8678.384269  
8697.571803  
8669.107279  
8604.173904  
8650.910055  
8617.733727  
8610.856799  
8663.687753  
8612.714339  
8647.433316  
8627.311111  
8623.397301  
8598.135725  
8653.598102  
8705.098304  
8600.945009  
8661.626591  
8719.287446  
8715.060833  
8549.747963  
8669.600838  
8693.254386  
8638.721183  
8633.90987  
8657.840458  
8678.777908  
8673.199581  
8673.105856  
8671.295309  
8650.441659  
8648.191305  
8680.280997  
8652.752265  
8649.482759  
8656.577047  
8638.20358  
8682.054174  
8639.360806  
8655.387241  
8591.243888  
8682.494873  
8678.480107  
8674.508242  
8698.779011  
8728.596983  
8686.200869  
8623.593868  
8641.663667  
8628.242011  
8654.523648  
8677.221057  
8625.126642  
8648.249587  
8633.120471  
8571.601706  
8647.452957  
8678.834018  
8617.012224  
8672.237667  
8703.960988  
8666.713362  
8693.823705  
8641.238332  
8674.333707  
8700.009665  
8674.33337  
8597.892906  
8565.642536  
8603.715029  
8687.065522  
8636.556413  
8675.520483  
8695.349921  
8716.390558  
8712.73829  
8718.844802  
8656.438291  
8647.148682  
8657.801337  
8627.259328  
8651.039946  
8639.681161  
8626.308442  
8636.556498  
8617.359173  
8648.284432  
8617.359291  
8659.421193  
8675.135751  
8598.121523  
8695.28583  
8622.290696  
8660.53886  
8607.810429  
8666.762123  
8661.748097  
8632.693452  
8587.545595  
8663.419956  
8721.402975  
8678.937567  
8676.959658  
8666.992575  
8682.416841  
8665.53386  
8624.831804  
8611.542725  
8612.581139  
8646.201079  
8641.936902  
8645.924055  
8641.468927  
8694.423306  
8673.231243  
8606.212394  
8557.909744  
8460.240276  
8689.656301  
8767.89656  
8763.687189  
8706.000311  
8602.526123  
8653.266711  
8671.667514  
8645.422809  
8656.055622  
8673.669863  
8670.92185  
8663.989746  
8612.568275  
8656.32448  
8641.106883  
8625.16168  
8610.993425  
8669.073436  
8646.551025  
8636.790452  
8639.853903  
8624.804359  
8663.132695  
8702.396181  
8666.351032  
8704.207166  
8699.886693  
8675.127248  
8642.996818  
8647.276199  
8655.587411  
8665.30925  
