10689.3971  
10683.76655  
10670.10252  
10630.02777  
10682.86455  
10706.0284  
10666.26826  
10777.41073  
10801.10359  
10811.36883  
10774.99806  
10784.14164  
10721.52926  
10709.78227  
10690.59009  
10716.20263  
10722.88827  
10752.49623  
10719.60875  
10683.32973  
10727.47834  
10783.90318  
10730.17087  
10744.26343  
10817.42008  
10807.11913  
10728.89554  
10771.55676  
10823.59518  
10821.92245  
10816.41413  
10780.63328  
10718.55674  
10756.78241  
10702.87639  
10683.4043  
10668.65687  
10708.33699  
10738.0659  
10720.31395  
10722.24541  
10709.69114  
10685.83196  
10715.85517  
10724.00025  
10730.87046  
10709.29579  
10734.18207  
10798.91213  
10821.63375  
10729.67937  
10687.22031  
10725.25315  
10667.89444  
10699.87932  
10703.56797  
10709.53218  
10713.10575  
10676.33112  
10645.47417  
10673.45725  
10689.69454  
10681.59366  
10699.74895  
10711.8602  
10731.20689  
10698.11623  
10706.41608  
10696.94801  
10735.66561  
10767.40189  
10775.10384  
10743.08956  
10771.24226  
10830.87251  
10710.84165  
10688.45753  
10757.93004  
10696.49842  
10682.13228  
10687.48032  
10712.29098  
10721.61802  
10690.16085  
10716.70237  
10779.66757  
10745.52975  
10707.65946  
10668.37437  
10710.33516  
10746.26637  
10683.33944  
10688.83532  
10745.45055  
10734.24666  
10725.97758  
10740.72732  
10768.23435  
10820.44783  
10786.18286  
10763.05012  
10757.07873  
10722.23984  
10755.92498  
10733.60772  
10728.46444  
10760.72911  
10752.50188  
10762.68982  
10800.33289  
10778.67633  
10750.16436  
10743.86938  
10799.46225  
10796.96487  
10775.50523  
10740.79452  
10743.65809  
10741.8164  
10746.56789  
10718.95696  
10752.61194  
10721.60489  
10701.53335  
10746.35071  
10758.3012  
10713.00263  
10712.35641  
10702.66327  
10732.47263  
10760.30282  
10746.54256  
10684.28649  
10710.10604  
10715.43548  
10696.14945  
10732.39298  
10798.37765  
10755.98173  
10789.05408  
10756.56106  
10704.0926  
10691.84083  
10688.89417  
10731.13334  
10712.70278  
10658.37811  
10669.27907  
10719.4239  
10699.26192  
10691.86566  
10675.05807  
10683.94533  
10695.45351  
10659.79616  
10711.81362  
10773.63185  
10695.09891  
10660.44957  
10680.09956  
10734.06763  
10781.47658  
10743.37561  
10707.08616  
10754.15373  
10714.58007  
10713.3436  
10693.36473  
10712.97572  
10757.54034  
10778.16768  
10807.2001  
10800.12791  
10736.30826  
10742.49473  
10744.31476  
10709.07333  
10698.64942  
10679.78244  
10711.62528  
10740.47822  
10748.6883  
10757.47539  
10768.99186  
10743.12176  
10711.02403  
10716.37303  
10738.51623  
10718.35186  
10720.21766  
10727.07817  
10735.4517  
10726.0256  
10760.3476  
10750.95062  
10801.03508  
10776.93682  
10772.0685  
10720.85671  
10672.32507  
10660.73071  
10652.00728  
10692.76129  
10705.68741  
10701.31936  
10721.47255  
10709.71359  
10717.08578  
10673.67286  
10725.45295  
10740.9234  
10703.10156  
10726.9252  
10731.43271  
10761.34215  
10734.49498  
10737.30845  
10745.07421  
10702.35401  
10628.99791  
10664.28129  
10690.49647  
10710.85963  
10718.78457  
10660.23848  
10659.4226  
10676.12699  
10676.52482  
10691.32948  
10757.45864  
10779.30414  
10703.51163  
10759.85106  
10711.4838  
10705.63996  
10726.78573  
10752.30252  
10736.40729  
10685.13851  
10712.07223  
10700.22971  
10709.492  
10681.04718  
10724.09832  
10707.20109  
10744.05479  
10687.42105  
10758.4541  
10738.45804  
10678.62229  
10700.63239  
10715.12939  
10719.79412  
10693.40347  
10681.17408  
10703.90519  
10709.94471  
10717.02463  
10753.98447  
10772.71711  
10829.21793  
10781.20211  
10727.34087  
10802.05683  
10828.01202  
10739.22866  
10716.93522  
10768.16206  
10767.36249  
10762.43519  
10714.03585  
10762.99264  
10749.43279  
10794.63646  
10802.01425  
10797.42681  
10725.10239  
10740.9769  
10781.41629  
10704.55476  
10699.80864  
10755.47074  
10755.98522  
10801.49622  
10779.06255  
10752.78134  
10718.82874  
10737.50102  
10713.26636  
10718.77634  
10698.54741  
10674.4949  
10705.27321  
10743.78339  
10743.88227  
10696.38061  
10750.72303  
10761.34153  
10711.23095  
10676.68039  
10686.28873  
10701.80913  
10684.62269  
10688.39354  
10740.99404  
10743.17912  
10789.79507  
10802.81861  
10779.78838  
10755.18961  
10771.95881  
10724.98291  
10680.49574  
10712.29101  
10698.75923  
10670.84141  
10679.48493  
10724.20929  
10749.32381  
10743.09823  
10728.30526  
10748.31007  
10711.83813  
10705.81974  
10709.8112  
10658.85818  
10637.99096  
10672.01949  
10750.90608  
10755.57542  
10726.71464  
10749.60349  
10761.68154  
10732.45191  
10705.76036  
10706.03169  
10734.89859  
10714.87015  
10719.63788  
10782.86491  
10761.18701  
10747.00905  
10729.86537  
10765.55165  
10812.80679  
10722.90227  
10686.62585  
10710.95322  
10751.94235  
10785.95138  
10779.68327  
10711.45941  
10802.8497  
10787.28133  
10766.29854  
10744.67676  
10700.15317  
10667.09205  
10706.20886  
10754.0333  
10728.29102  
10714.58877  
10740.02288  
10708.01618  
10663.48203  
10697.20047  
10690.4401  
10736.25519  
10742.96158  
10681.96785  
10690.75201  
10705.44777  
10734.46715  
10772.94131  
10853.73088  
10802.37544  
10733.10344  
10711.79391  
10693.52605  
10709.34786  
10659.17553  
10691.33537  
10723.11777  
10732.21577  
10710.9789  
10690.46674  
10700.36415  
10746.75487  
10773.46509  
10714.87408  
10725.56706  
10736.20929  
10715.18098  
10681.28808  
10732.36898  
10726.85999  
10757.08369  
10774.52954  
10781.39819  
10727.99216  
10735.80443  
10700.80375  
10696.11927  
10757.77838  
10767.18767  
10743.13027  
10742.32845  
10737.06897  
10694.88366  
10747.33865  
10760.75458  
10777.47088  
10724.83694  
10707.02081  
10709.7935  
10701.27868  
10733.09177  
10730.79111  
10713.01292  
10691.94602  
10746.8246  
10798.08403  
10762.75985  
10669.36681  
10648.22191  
10710.37347  
10753.30937  
10774.72255  
10771.63964  
10768.53689  
10775.19609  
10772.55204  
10726.93974  
10710.54647  
10681.15344  
10666.58916  
10714.54373  
10753.27259  
10727.37757  
10677.80224  
10760.11815  
10769.70803  
10708.51876  
10709.98066  
10725.19052  
10787.54292  
10807.53366  
10786.66707  
10754.91421  
10766.16994  
10755.48652  
10705.62675  
10679.12395  
10702.61461  
10734.59198  
10717.53304  
10708.19696  
10691.92667  
10729.12023  
10811.97247  
10805.73481  
10725.55063  
10716.13073  
10684.42272  
10746.10945  
10768.44512  
10694.98948  
10695.20464  
10754.86039  
10701.14327  
10765.03706  
10752.00609  
10765.82601  
10723.06024  
10692.43106  
10713.05277  
10721.81087  
10724.61475  
10739.75315  
10700.89537  
10704.00434  
10705.73309  
10723.99155  
10714.31867  
10808.69109  
10826.8774  
10774.01699  
10732.85167  
10662.36825  
10584.51538  
10572.34441  
10570.37992  
10608.62125  
10640.49111  
10674.27336  
10677.30578  
10714.42975  
10697.41074  
10712.83391  
10772.24371  
10762.49027  
10756.81359  
10769.86037  
10752.62857  
10760.83872  
10721.83923  
10780.43592  
10814.48087  
10758.81261  
10742.23432  
10789.75311  
10814.76021  
10825.71659  
10760.5398  
10677.43314  
10703.96711  
10709.66261  
10672.05434  
10674.45182  
10704.24481  
10739.22634  
10760.70531  
10762.9677  
10738.26528  
10748.56141  
10794.68623  
10881.3916  
10860.15618  
10777.23858  
10763.53526  
10825.34597  
10837.1007  
10742.43248  
10716.40818  
10712.58528  
10663.89225  
10656.23659  
10651.55579  
10710.61101  
10719.53336  
10701.75719  
10750.2052  
10742.54118  
10728.02414  
10720.65274  
10725.34075  
10662.40356  
10713.89007  
10705.57326  
10744.63702  
10731.75208  
10726.17136  
10747.66981  
10714.30879  
10678.98657  
10734.51102  
10728.59456  
10677.86014  
10672.6055  
10686.37733  
10669.86396  
10722.59675  
10755.6039  
10754.59008  
10718.52944  
10749.91555  
10742.5486  
10749.67859  
10737.28832  
10709.32485  
10719.09117  
10725.51324  
10682.39934  
10726.52597  
10693.83623  
10675.72258  
10737.79435  
10772.45878  
10785.78422  
10825.22294  
10748.39699  
10679.78818  
10682.51911  
10726.96451  
10774.56167  
10760.32113  
10733.57195  
10754.11476  
10756.20559  
10750.8303  
10733.41436  
10739.16113  
10753.4955  
10768.48095  
10823.00113  
10812.2474  
10804.12364  
10773.76775  
10775.34762  
10819.26372  
10772.59034  
10768.54647  
10757.74552  
10750.7114  
10778.05693  
10737.5645  
10802.05443  
10839.69097  
10781.23409  
10808.73449  
10780.03576  
10769.18816  
10773.17248  
10742.28846  
10663.53516  
10681.15922  
10657.25011  
10677.90119  
10711.30404  
10713.20491  
10714.90951  
10673.71456  
10722.82  
10631.99057  
10606.09185  
10685.09527  
10730.30096  
10682.19503  
10637.22411  
10679.8909  
10690.71404  
10692.4999  
10667.49383  
10684.48132  
10717.43345  
10758.79089  
10683.73131  
10687.34958  
10723.98856  
10760.69701  
10774.11727  
10730.20095  
10697.18454  
10722.3357  
10719.90027  
10712.02334  
10731.74561  
10746.19619  
10736.7224  
10738.06517  
10708.66936  
10702.43859  
10711.75113  
10736.52851  
10793.13596  
10751.27699  
10698.70692  
10755.33813  
10789.85184  
10722.61085  
10769.00428  
10779.018  
10783.63919  
10764.5655  
10768.84169  
10706.46687  
10632.2868  
10575.56175  
10562.23348  
10606.81682  
10643.22907  
10593.0677  
10632.86711  
10715.30372  
10814.33757  
10789.03669  
10745.31388  
10764.91732  
10843.48543  
10809.28046  
10792.42719  
10843.02389  
10833.46871  
10799.45091  
10786.85971  
10830.98503  
10858.58547  
10895.87781  
10807.53435  
10722.03683  
10764.98791  
10759.70817  
10708.31695  
10702.46363  
10758.71594  
10792.99679  
10667.53467  
10692.66815  
10733.90893  
10762.97606  
10694.80766  
10664.78181  
10660.74312  
10690.23088  
10728.92404  
10723.96422  
10702.55552  
10680.35729  
10688.70024  
10681.67082  
10681.73456  
10710.88133  
10740.18784  
10720.90773  
10760.01319  
10789.394  
10749.13494  
10745.08817  
10740.5045  
10721.24329  
10775.29241  
10822.89985  
10791.54023  
10745.73603  
10687.8523  
10708.55243  
10748.87204  
10704.03384  
10685.08655  
10752.64415  
10785.91877  
10761.39836  
10725.72119  
10755.91546  
10772.74289  
10727.1189  
10679.12566  
10723.9797  
10739.61887  
10770.22611  
10756.48513  
10699.6422  
10670.91257  
10676.95991  
10732.31171  
10777.82998  
10670.01606  
10638.17046  
10678.11362  
10567.92379  
10801.15516  
10770.79427  
10765.80295  
10708.2277  
10610.96055  
10527.34498  
10547.57383  
10566.67948  
10579.56974  
10679.42956  
10644.46943  
10661.19708  
10666.85687  
10717.28594  
10738.43473  
10750.7369  
10742.40707  
10734.86563  
10760.4148  
10750.48786  
10784.71703  
10781.37083  
10748.28878  
10744.50509  
10745.98  
10670.69742  
10796.71306  
10842.87293  
10875.32186  
10762.61845  
10700.02413  
10729.0692  
10713.46787  
10785.55592  
10812.36833  
10826.83058  
10773.88884  
10747.34407  
10810.33618  
10805.19018  
10814.8172  
10798.92197  
10753.27832  
10798.16397  
10792.95706  
10768.10555  
10790.6596  
10771.40629  
10772.09803  
10782.55072  
10731.75185  
10754.44023  
10805.38253  
10793.96779  
10755.25268  
10760.33636  
10690.92534  
10704.86021  
10717.7695  
10706.75972  
10774.56977  
10760.40503  
10776.96759  
10772.92981  
10665.48609  
10663.51505  
10693.51285  
10691.13356  
10661.11873  
10686.58717  
10715.05577  
10697.17552  
10660.56073  
10662.32941  
10752.14452  
10743.15808  
10689.92761  
10686.42987  
10703.1886  
10783.99199  
10798.02343  
10806.68717  
10713.16195  
10605.83455  
10598.38151  
10722.52717  
10719.00556  
10698.79632  
10657.53661  
10676.13073  
10690.65725  
10690.67139  
10723.53754  
10727.37697  
10715.13187  
10675.70802  
10696.34999  
10701.17377  
10759.7218  
10743.49646  
10749.03455  
10760.58083  
10777.92573  
10784.15513  
10710.90554  
10762.07387  
10784.07348  
10770.79039  
10782.7302  
10738.26353  
10729.53864  
10744.66218  
10781.69126  
10723.77344  
10716.60923  
10752.79191  
10793.6019  
10760.74459  
10749.3757  
10727.20753  
10643.26997  
10660.27476  
10721.71766  
10744.4326  
10781.76753  
10806.48845  
10737.08073  
10712.50859  
10772.46823  
10786.00613  
10744.93786  
10722.58796  
10743.35216  
10817.63046  
10714.89828  
10765.56744  
10758.24092  
10786.01406  
10746.51917  
10640.47023  
10648.81792  
10653.12055  
10647.58112  
10608.86173  
10643.08444  
10692.27877  
10744.03205  
10770.43151  
10685.41423  
10643.51812  
10687.89358  
10804.98625  
10774.21748  
10692.43839  
10655.70098  
10658.11955  
10684.05772  
10754.42277  
10767.26064  
10783.90289  
10795.79242  
10749.29347  
10752.58728  
10710.2358  
10704.97777  
10746.92534  
10690.93502  
10680.90951  
10725.86036  
10693.41946  
10738.13928  
10792.9006  
10840.06595  
10835.89076  
10658.03357  
10645.03847  
10637.43419  
10629.47851  
10605.54669  
10626.20484  
10666.57975  
10680.76515  
10615.19812  
10740.24337  
10785.09979  
10816.14307  
10776.9925  
10750.09856  
10716.88277  
10731.1258  
10758.07767  
10725.83031  
10732.08197  
10746.12828  
10795.19396  
10841.29438  
10821.69844  
10766.21862  
10772.91204  
10767.50682  
10784.61167  
10803.41484  
10767.26016  
10777.18507  
10752.72662  
10720.87941  
10739.56468  
10775.16445  
10781.80468  
10742.49749  
10694.83298  
10732.64957  
10814.203  
10801.63703  
10770.52619  
10710.2067  
10711.62481  
10758.34281  
10775.22378  
10764.46343  
10765.25338  
10766.20001  
10446.8659  
10932.43919  
10812.71835  
10767.65444  
10763.35469  
10757.46826  
10720.10471  
10699.60933  
10690.49462  
10724.37702  
10729.91162  
10667.89641  
10652.83746  
10708.38086  
10738.53411  
10712.76328  
10678.62148  
10707.23829  
10709.83157  
10654.70171  
10651.27686  
10648.57223  
10669.99625  
10688.76399  
10717.55888  
10762.27293  
10840.33712  
10754.73435  
10659.79761  
10697.31032  
10612.93223  
10671.38614  
10809.56271  
10847.1182  
10790.95154  
10745.45941  
10653.94616  
10739.72668  
10708.56181  
10759.47315  
10754.59981  
10776.8914  
10804.14964  
10828.85272  
10833.4806  
10744.05487  
10576.11352  
10736.18707  
10882.20414  
10918.48677  
10789.26787  
10662.76302  
10588.08661  
10610.37052  
10685.34092  
10698.46757  
10689.1963  
10663.08019  
10648.14508  
10720.3901  
10748.35735  
10804.96933  
10793.64615  
10741.96871  
10695.80264  
10754.32518  
10733.78603  
10773.3436  
10753.145  
10705.44228  
10688.55237  
10679.72115  
10700.17672  
10625.88737  
10721.69668  
10757.14137  
10813.98381  
10702.9313  
10681.41362  
10722.84117  
10676.66176  
10666.97715  
10709.76479  
10759.85599  
10766.88111  
10718.14807  
10676.20362  
10686.45902  
10704.65991  
10763.27781  
10862.35238  
10837.2267  
10803.73801  
10719.94267  
10687.22867  
10693.63636  
10715.57575  
10732.97892  
10679.83474  
10704.25068  
10753.79449  
10800.85893  
10885.82844  
10817.9566  
10692.10969  
10741.00877  
10748.04108  
10774.48596  
10704.97988  
10693.45419  
10657.97888  
10552.71015  
10556.5656  
10478.47142  
10534.36701  
10688.96293  
10672.64272  
10768.50742  
10753.67761  
10786.19577  
10793.08348  
10743.60309  
10726.84001  
10710.2094  
10741.94021  
10748.00502  
10773.41381  
10789.03308  
10805.20599  
10799.16468  
10793.34466  
10779.96943  
10735.6963  
10667.80658  
10729.6089  
10859.83611  
10892.61073  
10802.49676  
10801.93243  
10815.23252  
10810.03594  
10787.63274  
10693.48557  
10742.72603  
10816.08229  
10823.02677  
10795.02217  
10721.47982  
10679.9044  
10682.94498  
10673.38659  
10662.85796  
10716.21783  
10700.21714  
10776.39681  
10747.74162  
10741.31923  
10715.24598  
10683.56606  
10727.12588  
10707.48594  
10689.95031  
10726.11611  
10794.42907  
10802.24914  
10760.1047  
10610.07636  
10586.06603  
10621.18102  
10673.79166  
10693.18557  
10648.05809  
10708.54697  
10773.03319  
10792.67157  
10836.03623  
10804.54868  
10741.12918  
10724.87359  
10732.44975  
10727.07809  
10728.01302  
10672.69216  
10677.01779  
10780.43879  
10853.29467  
10854.30492  
10780.90531  
10693.29381  
10742.23667  
10724.88319  
10740.66748  
10734.22522  
10761.79571  
10716.9578  
10719.89966  
10738.4724  
10728.84728  
10750.44532  
10688.83554  
10758.71211  
10806.07089  
10843.05623  
10746.50676  
10625.24716  
10560.56572  
10633.05486  
10664.66627  
10672.82176  
10674.5726  
10690.96104  
10672.11103  
10710.94506  
10814.57026  
10801.70103  
10698.03026  
10668.13386  
10705.36212  
10541.14546  
10854.52732  
10788.79211  
10785.76058  
10774.31795  
10771.10419  
10721.5789  
10659.40299  
10607.80549  
10679.16783  
10708.05552  
10812.78144  
10811.75481  
10669.23667  
10650.95405  
10783.39444  
10883.61155  
10903.5976  
10795.63833  
10777.41994  
10774.05665  
10787.90185  
10760.3558  
10745.11336  
10695.54739  
10568.75625  
10593.86555  
10541.04335  
10539.67482  
10561.78444  
10603.77676  
10612.80921  
10616.84688  
10684.20152  
10778.56965  
10764.04874  
10687.80334  
10693.46987  
10717.87142  
10704.01868  
10816.62355  
10899.48436  
10895.28068  
10884.13255  
10824.5531  
10814.47594  
10754.75003  
10745.93202  
10749.38637  
10742.35927  
10720.6146  
10672.53581  
10674.15201  
10649.82789  
10660.1028  
10702.40974  
10751.02133  
10826.28802  
10859.19517  
10791.76846  
10721.43079  
10726.72712  
10725.16146  
10714.81024  
10699.0275  
10757.1027  
10829.13344  
10802.89374  
10771.10263  
10767.21949  
10696.4319  
10756.89409  
10768.15477  
10806.69511  
10798.48822  
10752.01038  
10696.58851  
10676.09015  
10632.38385  
10597.86486  
10621.98816  
10700.59006  
10730.73219  
10683.05294  
10687.75676  
10698.38942  
10765.22256  
10735.53655  
10729.75621  
10756.5432  
10744.72076  
10779.81465  
10801.71562  
10832.54345  
10800.65206  
10798.1591  
10794.69323  
10790.50991  
10804.88168  
10790.22439  
10710.40547  
10722.33659  
10712.18002  
10692.1329  
10699.17652  
10709.23767  
10733.69372  
10731.48488  
10741.15802  
10795.17624  
10761.807  
10726.14394  
10742.6628  
10723.75232  
10655.08287  
10551.10155  
10578.57518  
10528.9546  
10547.03335  
10616.75025  
10689.82991  
10751.02996  
10812.85218  
10801.27686  
10722.4529  
10762.88293  
10758.90004  
10766.08925  
10765.70718  
10824.42574  
10773.69396  
10756.8106  
10762.35826  
10777.17208  
10736.75094  
10795.18607  
10775.20777  
10710.3264  
10676.27144  
10666.5685  
10660.20978  
10716.39412  
10737.8626  
10722.1656  
10726.26846  
10726.45304  
10664.4341  
10686.93531  
10680.33797  
10711.83282  
10724.0103  
10688.83437  
10697.35985  
10702.98536  
10771.2603  
10896.2099  
10939.95371  
10855.9404  
10725.62896  
10728.68482  
10789.72166  
10788.96028  
10780.23016  
10771.13848  
10811.99431  
10690.95209  
10642.50618  
10561.77986  
10478.01445  
10635.83121  
10715.17591  
10729.87617  
10746.47772  
10784.66047  
10713.71408  
10721.51726  
10710.53682  
10780.21877  
10800.62679  
10771.66125  
10819.85673  
10814.6716  
10802.45671  
10815.80756  
10784.20649  
10809.20923  
10743.02178  
10747.10092  
10761.45569  
10727.06324  
10745.16279  
10734.15533  
10705.77884  
10698.08825  
10649.17953  
10697.188  
10769.19176  
10789.40403  
10726.27305  
10639.61683  
10622.75549  
10659.48613  
10668.07861  
10700.36366  
10704.87297  
10674.87546  
10701.63169  
10795.06447  
10780.00578  
10728.31299  
10722.51561  
10774.81701  
10819.01155  
10772.73634  
10742.00417  
10799.24952  
10781.1725  
10845.19147  
10786.07393  
10698.74413  
10703.84173  
10627.03471  
10688.51591  
10751.98554  
10728.99335  
10688.02985  
10650.82827  
10665.74112  
10738.47304  
10792.32608  
10779.44091  
10705.95254  
10616.51756  
10748.94481  
10735.12189  
10750.97083  
10655.64423  
10578.84157  
10495.6078  
10517.86274  
10573.06405  
10551.18286  
10635.89085  
10673.17946  
10732.04078  
10737.50258  
10739.34539  
10752.43541  
10746.76458  
10744.56333  
10772.05964  
10781.70744  
10767.5909  
10811.04589  
10827.30449  
10819.0858  
10806.97068  
10735.99646  
10737.32648  
10725.77733  
10714.15523  
10748.37222  
10745.72835  
10744.68574  
10744.04077  
10722.96655  
10723.88482  
10767.05418  
10779.18752  
10771.91723  
10726.02793  
10787.20138  
10837.04677  
10775.63611  
10706.9116  
10661.95858  
10693.05354  
10724.99108  
10673.29114  
10724.32315  
10726.69351  
10688.29746  
10695.72737  
10718.28019  
10719.51258  
10688.51602  
10743.7369  
10771.93662  
10745.90878  
10713.33977  
10730.2769  
10724.44125  
10770.36279  
10791.96145  
10790.60492  
10758.77137  
10735.87725  
10811.04963  
10822.25411  
10800.49258  
10748.72354  
10722.13327  
10737.80753  
10717.74628  
10729.66844  
10744.36169  
10755.05305  
10757.53639  
10765.45711  
10726.93305  
10721.80292  
10751.53383  
10747.83981  
10776.79359  
10776.04964  
10773.13767  
10769.78814  
10780.80742  
10715.36671  
10698.82559  
10664.20468  
10710.49464  
10725.75083  
10677.44137  
10694.64766  
10764.00211  
10756.12395  
10729.87864  
10733.82802  
10716.65342  
10690.63237  
10709.30907  
10735.96948  
10766.27035  
10706.52092  
10746.92796  
10805.91663  
10756.80083  
10699.11322  
10705.27366  
10660.3371  
10659.62819  
10682.88795  
10733.44339  
10774.54701  
10761.04181  
10665.64031  
10754.11456  
10748.99802  
10720.66006  
10667.12983  
10680.6219  
10686.29001  
10704.66088  
10753.45042  
10784.17962  
10700.35479  
10727.58064  
10715.31831  
10742.39265  
10743.10713  
10771.36387  
10674.85691  
10714.44744  
10743.18006  
10820.58243  
10740.05092  
10632.13472  
10609.62321  
10633.10527  
10660.60778  
10713.15316  
10695.52688  
10756.83214  
10755.5763  
10778.28354  
10780.42506  
10720.43551  
10685.0435  
10714.63413  
10765.10244  
10759.42442  
10701.10903  
10709.91683  
10698.30745  
10789.13938  
10853.9738  
10837.83085  
10795.83213  
10751.04692  
10725.59439  
10746.20831  
10736.26476  
10686.09542  
10672.04705  
10665.34062  
10716.36265  
10732.36787  
10678.91863  
10710.68684  
10724.20484  
10722.17032  
10740.3683  
10757.61172  
10723.27843  
10691.2361  
10708.38278  
10746.57344  
10701.22916  
10697.83862  
10791.84583  
10780.06388  
10699.76685  
10665.41712  
10668.76093  
10736.46508  
10814.42385  
10769.16419  
10800.32956  
10801.35635  
10771.92741  
10718.00329  
10739.70344  
10757.70089  
10683.1834  
10684.69775  
10667.62575  
10686.0854  
10709.41509  
10694.38468  
10656.90321  
10703.62673  
10719.83648  
10747.26402  
10741.21921  
10714.99143  
10720.47682  
10730.73626  
10731.14782  
10740.46824  
10721.34263  
10791.23462  
10778.47187  
10678.23681  
10693.43184  
10761.73342  
10836.07948  
10802.00133  
10831.00014  
10789.22291  
10763.47221  
10724.40575  
10659.69015  
10686.35346  
10654.79999  
10624.54328  
10661.37918  
10696.07704  
10688.27523  
10714.76127  
10729.09175  
10688.06912  
10686.81416  
10673.45098  
10870.03798  
10926.27401  
10869.54714  
10790.74444  
10682.75918  
10683.04688  
10668.05476  
10723.57105  
10740.92762  
10740.03918  
10724.43021  
10766.21161  
10740.36651  
10695.70571  
10728.26378  
10718.66251  
10727.09597  
10736.45968  
10704.99158  
10754.89199  
10757.4202  
10716.36943  
10722.32055  
10772.04798  
10744.72459  
10689.47643  
10737.10973  
10758.27253  
10708.4264  
10720.00448  
10718.0373  
10696.05195  
