12329.16325  
12301.49256  
12241.69021  
12218.19676  
12241.7073  
12248.21163  
12226.86659  
12235.87394  
12239.22761  
12304.715  
12256.44021  
12267.26075  
12242.40951  
12209.32225  
12157.42619  
12173.53974  
12210.79052  
12249.35819  
12185.71496  
12156.36169  
12240.17184  
12243.98639  
12171.61569  
12272.07644  
12324.19835  
12281.16219  
12233.15932  
12293.18663  
12310.57947  
12343.58012  
12359.44728  
12288.23252  
12255.97326  
12262.11583  
12207.51011  
12186.17898  
12195.33208  
12258.03766  
12254.27564  
12255.2697  
12234.18889  
12198.3063  
12164.70054  
12200.35967  
12183.91633  
12221.33865  
12220.59923  
12274.62125  
12353.36025  
12315.1764  
12232.70747  
12217.58341  
12275.50708  
12223.43649  
12252.38305  
12215.81094  
12180.38373  
12226.4418  
12203.92707  
12185.40659  
12197.93537  
12196.29862  
12192.61308  
12214.90247  
12269.56469  
12248.50175  
12211.60297  
12216.35678  
12227.87645  
12265.74408  
12298.99182  
12287.59112  
12257.09521  
12290.61007  
12325.60777  
12218.74059  
12222.78597  
12259.00988  
12208.55217  
12203.07825  
12213.50369  
12229.27641  
12261.65677  
12254.59523  
12218.47391  
12261.93123  
12280.82889  
12252.3505  
12228.57092  
12286.891  
12272.2339  
12207.95751  
12218.00516  
12282.90155  
12242.48625  
12250.80204  
12287.14489  
12289.21156  
12283.05285  
12328.34909  
12260.94846  
12286.93101  
12259.0518  
12239.94924  
12203.55772  
12235.35398  
12274.07534  
12292.78318  
12267.59936  
12267.07931  
12293.66268  
12283.58806  
12276.45741  
12272.75862  
12269.72503  
12242.91177  
12241.09507  
12276.13103  
12255.82115  
12234.67655  
12239.098  
12288.26322  
12242.10032  
12217.33951  
12297.08309  
12251.57965  
12204.37901  
12210.18029  
12197.36749  
12286.46122  
12310.45884  
12224.84399  
12209.8622  
12259.9293  
12211.70733  
12231.24866  
12295.62013  
12358.08126  
12295.00442  
12277.78715  
12247.71181  
12235.77368  
12190.63398  
12191.32712  
12231.50585  
12189.55578  
12177.94296  
12194.42838  
12231.19728  
12223.05319  
12213.01814  
12200.96945  
12206.76936  
12200.55876  
12212.76183  
12245.78574  
12283.46236  
12191.27427  
12167.07608  
12195.40698  
12258.88284  
12308.85321  
12270.50961  
12170.27546  
12232.78745  
12228.72194  
12195.44296  
12217.00035  
12290.11707  
12289.00739  
12311.45736  
12316.33894  
12269.11416  
12301.16043  
12297.43607  
12252.99245  
12214.48357  
12164.23844  
12168.7472  
12198.62464  
12260.23758  
12270.96742  
12240.92865  
12243.57865  
12221.00542  
12240.47322  
12268.13153  
12225.89858  
12178.16087  
12250.41346  
12271.20872  
12269.38372  
12224.89474  
12287.04035  
12318.62378  
12306.29755  
12325.40385  
12247.90168  
12207.36424  
12206.10556  
12139.95185  
12178.82877  
12210.60691  
12242.83717  
12222.15209  
12183.84726  
12197.06157  
12231.3295  
12203.08688  
12214.23565  
12252.07361  
12228.437  
12237.54554  
12273.00557  
12290.40989  
12259.5101  
12288.11611  
12275.42097  
12232.51353  
12176.65621  
12216.3434  
12184.95563  
12225.77341  
12200.06283  
12167.17804  
12190.53803  
12231.17461  
12215.47483  
12188.75689  
12226.00826  
12301.33649  
12233.78459  
12296.17977  
12274.25281  
12370.61164  
12344.01444  
12327.51592  
12252.97866  
12217.09257  
12195.16982  
12228.71926  
12254.10801  
12181.50967  
12187.94274  
12230.09128  
12256.26282  
12221.80877  
12293.63189  
12241.34784  
12175.032  
12209.30958  
12210.51548  
12210.5069  
12185.02096  
12199.76564  
12210.61707  
12196.10534  
12230.05218  
12250.49215  
12270.33949  
12278.89152  
12227.90127  
12226.23902  
12335.43758  
12353.8058  
12245.65424  
12259.11074  
12326.89887  
12286.74727  
12273.00181  
12243.68026  
12257.16063  
12279.77722  
12294.37184  
12304.63609  
12237.72162  
12212.2353  
12271.56484  
12291.47967  
12168.37793  
12226.33714  
12316.16341  
12355.73538  
12317.75045  
12274.09826  
12286.54144  
12275.86682  
12252.03003  
12184.22604  
12217.47865  
12219.21379  
12167.25338  
12152.61249  
12226.48339  
12243.95687  
12260.15504  
12286.61251  
12278.99532  
12222.86343  
12216.7543  
12198.15621  
12205.47209  
12176.80343  
12220.36824  
12289.7373  
12265.35238  
12327.13169  
12339.15182  
12282.69349  
12281.30987  
12277.98807  
12250.08389  
12203.69074  
12221.66309  
12216.71505  
12216.84436  
12220.8335  
12257.08649  
12276.26406  
12259.87272  
12250.22366  
12300.75515  
12238.9077  
12227.55177  
12182.71331  
12144.03034  
12162.27336  
12221.80693  
12248.55276  
12203.20456  
12193.62126  
12268.30837  
12270.4617  
12213.68418  
12252.98907  
12242.43886  
12176.49615  
12178.67638  
12279.57226  
12308.5365  
12277.03046  
12232.54225  
12256.37716  
12283.17926  
12293.07494  
12221.0519  
12247.16542  
12272.66175  
12248.13415  
12257.10824  
12272.76944  
12265.42873  
12348.66764  
12316.53706  
12249.56344  
12263.87128  
12260.51534  
12216.62446  
12237.27034  
12290.7992  
12261.17762  
12276.56142  
12284.34748  
12194.50372  
12155.40012  
12224.57802  
12219.38672  
12259.32438  
12230.82871  
12182.42695  
12201.38772  
12237.3134  
12252.72533  
12275.48136  
12350.68105  
12281.46358  
12275.28286  
12252.3642  
12186.05874  
12196.42576  
12143.06856  
12163.67118  
12237.25821  
12227.25363  
12210.73115  
12203.3207  
12226.89391  
12264.85016  
12316.90297  
12254.90556  
12251.63382  
12236.89486  
12215.79955  
12233.74852  
12247.10757  
12237.06251  
12272.58707  
12235.19268  
12273.07372  
12250.54967  
12238.46566  
12235.82797  
12226.55359  
12241.06891  
12253.50258  
12265.26086  
12257.74413  
12236.21417  
12255.13871  
12326.28193  
12293.21005  
12287.60405  
12222.62742  
12201.65337  
12206.23324  
12242.29788  
12249.57724  
12203.26997  
12232.92681  
12192.2487  
12227.1097  
12314.10677  
12283.33252  
12142.00654  
12145.31387  
12257.94679  
12300.73491  
12241.78807  
12280.21215  
12274.16888  
12279.02742  
12291.25316  
12261.13935  
12256.31257  
12199.73522  
12200.39596  
12230.10193  
12245.65322  
12207.11944  
12191.13814  
12279.39449  
12273.26521  
12195.43101  
12237.74225  
12262.45537  
12314.49761  
12327.53011  
12277.64411  
12298.48523  
12306.50636  
12265.88532  
12247.13192  
12224.99833  
12191.6762  
12240.2442  
12226.30877  
12220.01275  
12253.14123  
12263.37999  
12316.87833  
12312.08796  
12274.74556  
12217.9321  
12211.27937  
12281.246  
12257.15521  
12176.64443  
12171.87407  
12233.61013  
12181.40879  
12247.92014  
12221.35434  
12237.14666  
12251.08026  
12236.52403  
12219.9954  
12255.4509  
12285.21874  
12260.90624  
12238.06037  
12249.49094  
12244.21054  
12301.04492  
12289.88996  
12269.00442  
12331.24786  
12294.85013  
12218.40207  
12112.9831  
12074.56882  
12071.62899  
12090.71528  
12129.47593  
12153.15016  
12160.13612  
12143.55892  
12196.2307  
12200.11123  
12214.9108  
12254.31349  
12204.5678  
12262.56932  
12294.53504  
12297.46441  
12253.48749  
12243.681  
12336.0991  
12351.82197  
12244.53583  
12220.74037  
12280.98431  
12352.6375  
12372.49931  
12305.84567  
12219.18195  
12255.46583  
12249.19478  
12199.06592  
12186.76601  
12251.0806  
12293.61985  
12264.9233  
12239.09053  
12269.93151  
12310.02199  
12297.6134  
12359.25629  
12328.22295  
12291.22247  
12349.28424  
12380.80059  
12330.72675  
12268.9204  
12248.3293  
12221.04288  
12186.41829  
12206.29943  
12186.40066  
12224.50259  
12240.29943  
12193.54241  
12301.9456  
12255.69089  
12246.01986  
12221.86518  
12171.83709  
12148.13937  
12207.22769  
12188.11373  
12229.82573  
12185.09217  
12213.8656  
12244.78699  
12188.21629  
12192.16497  
12230.93545  
12253.38239  
12192.58168  
12199.32051  
12187.78741  
12182.81074  
12251.76599  
12304.75041  
12278.68682  
12255.28484  
12272.10835  
12243.59715  
12279.66873  
12277.20325  
12274.41999  
12263.08904  
12208.87644  
12215.91552  
12281.16441  
12208.81906  
12201.36857  
12271.04019  
12305.43074  
12249.06575  
12305.73796  
12242.44709  
12180.74215  
12185.5436  
12227.55709  
12269.57939  
12234.56616  
12234.90715  
12277.82925  
12254.69506  
12267.82498  
12293.52725  
12273.97574  
12270.37213  
12305.02101  
12364.81797  
12339.8937  
12311.49694  
12267.88808  
12268.022  
12329.35279  
12309.11997  
12314.38484  
12293.03642  
12283.74129  
12331.13845  
12304.09216  
12354.80885  
12372.76056  
12291.80952  
12318.58325  
12312.72471  
12299.77382  
12297.97191  
12268.61915  
12180.41492  
12239.53864  
12213.37835  
12214.84224  
12177.79597  
12216.53403  
12260.13931  
12186.90674  
12219.99959  
12169.7381  
12149.69027  
12191.47309  
12235.39816  
12210.92014  
12169.74244  
12206.82157  
12205.29571  
12137.53789  
12116.57039  
12191.54021  
12213.04064  
12212.52077  
12188.99389  
12217.9423  
12256.1592  
12261.83066  
12303.66943  
12255.06605  
12192.02527  
12205.72544  
12241.1451  
12223.44923  
12249.54824  
12291.04868  
12268.24642  
12213.32669  
12203.988  
12206.97864  
12244.55128  
12270.49646  
12327.40345  
12231.27793  
12221.01536  
12283.14531  
12279.27131  
12225.00646  
12347.00335  
12308.57522  
12268.41577  
12274.51283  
12242.99404  
12195.89817  
12095.01044  
12065.2519  
12113.6983  
12155.85299  
12152.52786  
12123.07772  
12189.3539  
12252.29715  
12317.88678  
12281.01726  
12237.47102  
12350.66656  
12295.76594  
12235.0866  
12349.77177  
12335.11884  
12323.84144  
12326.40416  
12329.95747  
12383.57124  
12393.29989  
12408.01462  
12304.45933  
12245.85564  
12291.73205  
12279.75759  
12259.89676  
12261.22997  
12357.5858  
12308.87057  
12212.20969  
12202.57082  
12329.59778  
12284.69798  
12179.00394  
12151.41568  
12190.08677  
12253.64011  
12209.93973  
12185.01195  
12205.17066  
12160.40474  
12136.60304  
12180.25923  
12184.85857  
12141.9003  
12175.36251  
12250.29999  
12290.59189  
12237.54679  
12273.50442  
12246.35896  
12214.13256  
12243.44923  
12273.51132  
12317.2068  
12328.49022  
12288.58276  
12243.18392  
12245.73437  
12245.27312  
12217.73023  
12211.19631  
12274.46393  
12296.80628  
12261.04528  
12233.36604  
12296.05143  
12297.00374  
12205.2474  
12189.62227  
12296.30101  
12301.0248  
12293.11927  
12277.45846  
12231.74422  
12211.07616  
12198.1229  
12240.25757  
12256.8402  
12172.75731  
12178.41351  
12203.88218  
12195.50282  
12316.77607  
12226.14609  
12219.70735  
12159.97436  
12063.95819  
12082.00135  
12130.65567  
12119.55898  
12156.17883  
12201.74241  
12153.36999  
12205.1202  
12249.96144  
12226.85359  
12219.43235  
12250.43726  
12298.32652  
12276.01993  
12260.16444  
12265.9338  
12332.41051  
12295.72405  
12268.51712  
12311.07188  
12314.48528  
12218.48663  
12292.54041  
12328.36638  
12369.63184  
12247.57821  
12237.89662  
12242.73919  
12238.65001  
12308.97771  
12296.40894  
12326.22882  
12246.84296  
12256.63075  
12319.43858  
12294.62127  
12269.76561  
12242.31456  
12264.51196  
12291.58078  
12265.22243  
12256.72599  
12295.54901  
12300.08475  
12269.24168  
12278.92166  
12264.6501  
12298.30387  
12285.30414  
12298.28133  
12287.05593  
12296.10554  
12213.05413  
12198.96261  
12201.53428  
12238.79468  
12282.40636  
12267.31478  
12253.80846  
12256.78655  
12202.66791  
12201.46494  
12193.41828  
12165.05973  
12139.44109  
12194.27193  
12223.15036  
12167.05874  
12166.19861  
12203.00793  
12259.03057  
12190.17977  
12204.74812  
12183.85933  
12276.76854  
12315.31573  
12307.7834  
12269.74405  
12209.50308  
12170.24592  
12173.52127  
12242.39557  
12229.8268  
12206.84263  
12213.36268  
12248.90384  
12321.68615  
12260.97852  
12241.22853  
12196.24759  
12184.48029  
12179.82189  
12232.01069  
12264.4645  
12251.08252  
12248.62709  
12276.81506  
12320.01113  
12304.0076  
12333.15781  
12239.48848  
12304.44887  
12312.32868  
12301.19273  
12296.74519  
12282.48569  
12271.27083  
12259.64993  
12294.30565  
12255.281  
12268.47088  
12277.60806  
12293.05215  
12270.60751  
12282.1087  
12242.62698  
12190.79549  
12220.67533  
12292.07429  
12259.41204  
12268.80564  
12286.21551  
12260.9176  
12220.25276  
12326.47286  
12292.33501  
12240.38617  
12274.73081  
12264.88538  
12312.22841  
12254.55806  
12226.20282  
12254.17124  
12283.90783  
12156.96177  
12137.56038  
12184.20975  
12141.50993  
12124.70036  
12091.44463  
12130.87924  
12141.49196  
12232.77611  
12270.62256  
12168.96014  
12182.28975  
12273.93637  
12359.28739  
12237.26851  
12190.85761  
12181.39208  
12176.82318  
12196.28295  
12277.23846  
12280.29804  
12266.17209  
12267.8727  
12267.89981  
12245.37291  
12239.49203  
12251.26349  
12249.06381  
12213.07814  
12227.19733  
12285.39861  
12242.11307  
12253.25165  
12320.67627  
12357.09209  
12308.24469  
12126.80711  
12122.72466  
12150.46133  
12147.76895  
12130.98758  
12183.59548  
12224.48217  
12158.3295  
12135.89346  
12278.84416  
12301.33106  
12280.42015  
12277.13161  
12267.17622  
12261.97967  
12287.62288  
12314.47911  
12286.2863  
12300.73335  
12298.71443  
12331.26332  
12369.54159  
12322.51405  
12270.39179  
12289.73823  
12269.67152  
12285.89172  
12321.97606  
12326.71283  
12323.53456  
12257.13542  
12236.83572  
12241.51617  
12199.06356  
12211.78541  
12141.70894  
12128.02085  
12201.06045  
12305.84528  
12290.03387  
12241.63711  
12209.13453  
12204.26435  
12233.59812  
12223.10757  
12230.74165  
12251.07183  
12269.39614  
12129.11553  
12370.78031  
12331.41853  
12306.8432  
12257.57392  
12275.09805  
12267.56656  
12236.52308  
12212.02311  
12247.86442  
12248.49999  
12191.80267  
12218.65285  
12240.60719  
12258.42755  
12229.28867  
12213.52827  
12269.13675  
12240.03426  
12203.84884  
12229.96936  
12258.62741  
12238.13973  
12206.77105  
12192.7696  
12230.87496  
12346.3464  
12256.40299  
12174.80445  
12242.96837  
12188.93128  
12216.34488  
12281.09559  
12283.54233  
12236.55383  
12221.06093  
12224.68221  
12293.14717  
12243.73641  
12254.23983  
12244.29831  
12263.58591  
12291.08173  
12279.41228  
12295.85048  
12268.91169  
12109.57131  
12370.65529  
12383.34547  
12308.06875  
12253.36556  
12182.27964  
12116.17999  
12152.20981  
12216.8999  
12210.52494  
12205.15528  
12206.59075  
12203.66599  
12241.50667  
12256.98279  
12312.00174  
12295.53941  
12221.79815  
12268.47754  
12319.86169  
12267.88791  
12300.06376  
12284.89914  
12248.76564  
12223.27536  
12190.96011  
12222.20279  
12127.65859  
12243.09001  
12268.08269  
12314.40198  
12230.44586  
12203.79987  
12236.50527  
12169.38962  
12220.46253  
12236.63028  
12287.15829  
12267.78694  
12250.12987  
12196.82629  
12224.49075  
12236.76824  
12280.82617  
12351.97655  
12347.46458  
12296.79967  
12221.85717  
12212.75202  
12219.58046  
12243.10898  
12215.25614  
12164.34135  
12237.34974  
12303.62447  
12312.51348  
12342.8656  
12349.88671  
12217.09478  
12240.61358  
12271.40194  
12153.69119  
12159.30752  
12131.98587  
12123.11198  
12020.13105  
12044.31004  
12057.18997  
12165.8601  
12212.77075  
12255.24756  
12305.43283  
12266.22999  
12277.02184  
12262.81516  
12206.67634  
12201.86394  
12245.02042  
12271.84618  
12288.1142  
12314.93513  
12297.65263  
12310.27784  
12322.59463  
12293.1886  
12235.47805  
12237.50453  
12242.01654  
12285.53827  
12352.69079  
12339.66904  
12306.74473  
12330.87508  
12370.42182  
12341.72865  
12321.51629  
12314.77422  
12324.63574  
12335.94201  
12341.35159  
12321.8744  
12270.28432  
12216.70987  
12202.99762  
12199.21911  
12221.83659  
12259.67269  
12212.81091  
12248.78115  
12255.6738  
12259.31999  
12227.48918  
12195.45344  
12230.47027  
12219.53226  
12227.23129  
12271.29872  
12282.50857  
12312.39687  
12218.6423  
12176.08353  
12162.10618  
12173.41211  
12182.47738  
12132.42045  
12138.09119  
12210.31018  
12282.96367  
12322.87966  
12349.18898  
12263.15859  
12241.25454  
12246.58517  
12232.22398  
12254.78468  
12226.83452  
12181.8814  
12197.05991  
12275.92562  
12350.2673  
12314.69493  
12269.11894  
12254.6014  
12286.53628  
12282.1044  
12278.92377  
12268.36639  
12300.73373  
12258.4583  
12226.13804  
12259.62163  
12238.71112  
12275.66467  
12250.82151  
12328.01689  
12246.37315  
12274.65713  
12162.98275  
12160.74994  
12120.44789  
12169.59782  
12175.72729  
12176.52701  
12222.46464  
12217.388  
12179.67716  
12276.29642  
12335.76577  
12267.7724  
12139.45131  
12227.82268  
12294.54609  
12247.90522  
12287.17891  
12311.02822  
12338.03589  
12313.04829  
12270.77764  
12219.777  
12176.64127  
12112.49946  
12154.69778  
12224.09419  
12338.52703  
12207.7493  
12133.60795  
12210.11365  
12347.71916  
12386.82272  
12339.14939  
12323.66826  
12308.85671  
12304.57616  
12358.63137  
12299.09589  
12212.87415  
12172.3652  
12063.40148  
12070.59924  
12086.0823  
12067.57599  
12077.05854  
12131.53026  
12136.93177  
12114.2176  
12210.52391  
12269.83876  
12177.74175  
12187.32096  
12199.87454  
12191.43699  
12256.57156  
12346.33875  
12383.66134  
12322.20821  
12375.33031  
12351.53121  
12320.5771  
12269.82872  
12261.19259  
12270.55706  
12250.87202  
12239.52375  
12180.94913  
12224.84847  
12206.59163  
12183.53515  
12217.80402  
12266.38443  
12341.8761  
12307.09764  
12265.3937  
12267.49299  
12263.22136  
12264.26658  
12258.85077  
12249.59958  
12281.43069  
12314.47224  
12328.05746  
12272.76403  
12300.35048  
12278.61197  
12339.38582  
12308.36142  
12326.9409  
12285.24986  
12262.58069  
12191.23271  
12148.73108  
12141.1647  
12118.89581  
12149.80398  
12245.03187  
12236.66873  
12201.19606  
12213.33176  
12227.32082  
12228.18053  
12239.14076  
12251.18227  
12260.66206  
12238.12655  
12334.6283  
12318.38327  
12322.85051  
12291.13149  
12299.30534  
12368.73779  
12340.79586  
12311.80823  
12292.78593  
12260.02097  
12277.52074  
12259.87098  
12209.94707  
12203.86711  
12188.29182  
12227.50747  
12208.02999  
12244.24673  
12290.13086  
12246.14334  
12218.28872  
12201.35038  
12205.44462  
12156.72371  
12044.88356  
12069.90336  
12025.68805  
12050.87701  
12144.71626  
12234.60912  
12291.21855  
12317.48465  
12228.89992  
12238.54335  
12307.91419  
12312.07826  
12309.84534  
12272.44121  
12315.92072  
12280.37865  
12261.2746  
12298.90283  
12288.38835  
12322.19209  
12303.6649  
12298.22277  
12259.28596  
12223.42092  
12208.70059  
12233.40869  
12232.17719  
12215.00495  
12224.45868  
12244.87796  
12278.92572  
12198.82825  
12218.7729  
12166.62635  
12227.88492  
12201.36121  
12168.57121  
12213.04965  
12240.64413  
12314.6896  
12382.8575  
12362.59765  
12294.66596  
12258.78302  
12276.66866  
12294.4805  
12335.84025  
12322.42093  
12257.5644  
12272.84653  
12150.68584  
12177.09371  
11966.39963  
12167.01342  
12250.86407  
12266.25539  
12216.64474  
12240.11918  
12281.54339  
12232.77434  
12268.83353  
12248.49101  
12286.10171  
12343.45591  
12256.06961  
12302.04441  
12307.05841  
12288.84108  
12318.37454  
12333.66814  
12290.64023  
12193.43085  
12243.97516  
12274.66163  
12243.76709  
12233.33065  
12250.2616  
12233.8852  
12181.63378  
12212.96333  
12264.43267  
12294.21752  
12299.98952  
12226.55466  
12162.86008  
12150.05611  
12164.88113  
12159.78704  
12203.74841  
12220.66184  
12183.09624  
12221.13824  
12303.75469  
12258.36029  
12205.82093  
12266.16259  
12289.43177  
12320.53333  
12289.11604  
12309.56611  
12337.98413  
12312.08398  
12298.82541  
12281.80144  
12229.24183  
12194.53858  
12131.64026  
12195.76388  
12204.37456  
12203.63986  
12247.25669  
12221.89568  
12230.27984  
12289.67163  
12270.71356  
12285.63584  
12214.06514  
12187.58154  
12308.89345  
12266.23514  
12230.86171  
12134.32995  
12049.51802  
12000.64677  
12043.55465  
12092.75778  
12055.8841  
12120.67438  
12185.88086  
12226.9256  
12194.13541  
12175.64605  
12260.28425  
12258.31099  
12266.29781  
12295.29024  
12311.31799  
12322.88805  
12331.32985  
12365.27668  
12339.96714  
12311.77158  
12261.72322  
12272.73918  
12242.7704  
12287.05138  
12313.87136  
12314.81754  
12279.50306  
12249.57111  
12231.25759  
12257.79801  
12272.187  
12335.12095  
12297.82997  
12285.26546  
12318.56853  
12362.65397  
12252.83731  
12218.32032  
12209.38422  
12220.77614  
12215.26403  
12202.78805  
12244.55629  
12247.73926  
12180.68813  
12200.84949  
12227.13454  
12198.01329  
12195.12125  
12269.16537  
12281.5457  
12245.47327  
12254.05549  
12246.54969  
12242.19427  
12309.45534  
12325.55733  
12329.82129  
12297.70028  
12300.12624  
12340.17968  
12360.45063  
12306.97712  
12283.79265  
12231.35577  
12268.32882  
12235.02345  
12220.22293  
12227.12967  
12268.814  
12275.90894  
12288.41116  
12254.39502  
12261.14825  
12257.71348  
12224.35203  
12291.11456  
12308.94195  
12306.75177  
12295.87504  
12275.52487  
12235.44665  
12208.06279  
12177.16925  
12236.26996  
12211.97195  
12187.99474  
12228.19286  
12238.28714  
12179.22633  
12144.32124  
12167.98868  
12171.5098  
12146.01517  
12232.03341  
12272.73983  
12250.60037  
12268.47761  
12334.7156  
12309.33253  
12241.42539  
12218.23479  
12217.98442  
12183.19562  
12159.71483  
12143.97504  
12190.28655  
12261.07263  
12268.64714  
12265.86661  
12308.34688  
12244.45657  
12196.10992  
12208.21801  
12197.09268  
12176.22748  
12219.17412  
12307.1986  
12306.63065  
12213.12236  
12278.61973  
12255.10601  
12253.48073  
12273.02162  
12321.7412  
12238.19053  
12253.56565  
12245.94325  
12276.28237  
12112.75098  
12078.06851  
12131.84659  
12168.90809  
12176.97588  
12189.94692  
12203.52022  
12270.5527  
12251.33948  
12289.77713  
12294.83593  
12244.8132  
12229.82184  
12263.03894  
12300.91975  
12255.16361  
12191.39715  
12225.39696  
12286.65518  
12337.76559  
12355.07689  
12321.25821  
12309.47042  
12283.21126  
12285.21814  
12300.84159  
12264.91458  
12242.26779  
12192.33946  
12195.61882  
12261.61484  
12224.68788  
12168.96151  
12239.8649  
12283.845  
12240.96111  
12220.55392  
12260.12359  
12196.24625  
12189.40102  
12230.24979  
12268.00836  
12254.48523  
12252.86873  
12296.61885  
12282.83398  
12225.19992  
12203.83276  
12220.55311  
12254.34605  
12279.49897  
12258.28733  
12310.04172  
12320.07349  
12300.44677  
12256.23066  
12274.92015  
12208.47283  
12168.60565  
12174.42787  
12186.07456  
12198.4543  
12214.64353  
12207.27873  
12192.655  
12266.82517  
12243.88832  
12231.18846  
12249.22994  
12243.45255  
12255.18627  
12266.21839  
12279.05872  
12300.58429  
12296.16705  
12285.55932  
12258.19131  
12226.05499  
12268.50359  
12348.94622  
12371.29905  
12291.39774  
12333.14026  
12281.47943  
12265.8451  
12192.28754  
12140.87882  
12206.89908  
12155.49213  
12194.22063  
12224.40415  
12239.36163  
12214.08324  
12224.20415  
12222.6717  
12194.79526  
12069.85644  
12199.66465  
12311.93624  
12364.86746  
12276.20854  
12211.82399  
12144.20359  
12183.54488  
12196.91778  
12212.8453  
12275.17216  
12247.23259  
12222.93662  
12271.79709  
12276.67371  
12206.53557  
12258.71888  
12229.18769  
12185.27903  
12235.64984  
12216.33181  
12269.33971  
12245.46636  
12212.42565  
12266.31426  
12347.1099  
12270.35176  
12256.91003  
12301.16664  
12319.25513  
12247.2014  
12228.98892  
12232.33938  
12243.31518  
