10048.72534  
9855.094889  
9872.115072  
9648.851888  
9886.926351  
9946.645182  
9737.315511  
9889.554362  
9919.846517  
9976.598958  
9902.485677  
9966.968343  
9946.482829  
10018.07275  
10012.67985  
10003.41243  
9902.837158  
10033.07243  
9921.791667  
9933.487549  
9992.185628  
9970.427653  
9980.757487  
9956.58016  
9971.303548  
9919.17098  
10022.382  
9920.319499  
9949.312337  
9890.216471  
9932.746012  
9987.675618  
10002.47868  
9931.177734  
9948.026204  
9931.824707  
9952.079671  
9851.82015  
9984.55127  
9821.211507  
9974.556559  
9911.569255  
9965.814209  
9941.46696  
9868.106445  
9878.578206  
9935.166585  
9899.597819  
9793.738851  
9930.317952  
9797.94279  
9995.17627  
9828.409993  
9868.409587  
9951.722412  
9901.539144  
9958.090169  
9941.893636  
9873.478434  
9981.277018  
9940.012288  
9915.530192  
9944.210286  
9970.758138  
9932.534505  
9900.864583  
9895.454183  
9931.583415  
9955.782715  
9933.118571  
9958.803304  
9908.546061  
9994.996338  
9808.794515  
9875.489827  
9845.205648  
9963.090495  
9943.587728  
9961.86263  
9974.06543  
10032.36589  
9932.735514  
9970.373454  
9917.630127  
10025.2714  
9876.893555  
9864.840576  
10024.02539  
9846.835042  
9906.662191  
9946.60498  
9789.798177  
9984.516439  
9920.422363  
9849.18571  
10006.99536  
9946.760417  
9944.826497  
9954.424967  
9928.083008  
9953.605225  
9891.704346  
9871.2229  
9945.595052  
10007.42521  
9970.677083  
9991.034505  
9844.19401  
9978.590251  
9967.432699  
9951.642497  
9964.379964  
9873.398031  
9998.284749  
9967.340902  
9892.464844  
9943.671468  
9886.733236  
9886.347656  
9987.868896  
9915.173258  
9871.448324  
10035.48145  
9916.43278  
9909.094889  
9971.024577  
9938.741536  
9912.341553  
10046.92586  
9984.977051  
9907.92985  
9883.125244  
9878.856852  
9963.778564  
9916.701253  
9833.719971  
9919.296875  
9894.683512  
9949.831706  
9926.132161  
9930.644206  
9916.878174  
9959.651286  
9919.625326  
9930.226969  
9962.264974  
9895.457845  
9932.779297  
9982.655273  
9876.396077  
9971.184408  
9852.438639  
9963.000488  
9963.351237  
9926.872477  
9968.835368  
9933.780436  
9885.406413  
9996.386719  
9904.383545  
9882.002035  
9964.953369  
9892.496989  
10005.52482  
9942.26237  
9958.97111  
10002.4305  
9929.49821  
9948.937581  
9890.009684  
9877.887777  
9957.77832  
9971.946452  
9817.379883  
10046.6263  
9984.643555  
9943.393148  
9974.066325  
9917.19165  
9944.514974  
9915.295329  
9961.69987  
9953.371012  
9938.610758  
9952.409993  
9934.473145  
9952.039876  
9980.604899  
9891.128499  
9933.766927  
9945.678792  
9937.30363  
10012  
9875.420898  
9798.826579  
9902.717204  
9876.784261  
9931.755046  
9915.614746  
9861.997152  
9931.568441  
9940.542725  
9928.982178  
9980.44515  
9917.405924  
9870.48877  
9972.996745  
9937.990397  
9942.640381  
9909.384196  
9936.060059  
9948.737467  
9923.836019  
9874.721191  
9932.548747  
9957.184408  
9950.512777  
9995.771077  
9963.342367  
10077.39071  
9945.696452  
9912.746338  
9890.218831  
9925.983398  
9945.339193  
9930.083659  
9852.432617  
9820.577718  
9938.972412  
10093.33993  
10026.4502  
9937.002523  
9935.812581  
9944.566569  
10187.02612  
10253.31942  
10261.91032  
9931.371012  
9785.862467  
9850.381755  
9866.699951  
9866.090983  
9842.998454  
9862.773682  
9868.948893  
9888.281738  
9917.92985  
9888.143962  
9848.867839  
9841.423503  
9868.570882  
9874.825521  
9864.98641  
9871.884196  
9808.020345  
9869.436605  
9857.486247  
9925.148356  
9885.107666  
9886.03833  
9926.743978  
9905.348145  
9892.525879  
9924.695882  
9893.563639  
9974.178711  
9892.213542  
9881.299072  
9949.600749  
9943.031169  
9945.95166  
10027.09285  
9953.468099  
10036.76644  
9947.840169  
9861.748291  
9948.926351  
9925.142415  
9836.600667  
9829.24764  
9989.777669  
9989.564779  
9872.025798  
9985.851725  
9877.260579  
9966.702067  
9872.146729  
9844.922282  
9899.065104  
9892.620768  
9913.218343  
9911.897217  
9948.106364  
9942.497314  
9932.978923  
9845.54362  
9979.366211  
9921.634196  
9980.550293  
9945.786296  
9884.572184  
9861.90153  
9882.124919  
9885.825114  
9899.853516  
9932.145508  
9906.087972  
9988.458171  
9999.903239  
9894.236328  
9941.491862  
9931.488607  
9882.668294  
9949.006266  
9912.882324  
9897.535156  
9906.153646  
9890.051758  
9942.529541  
9973.710205  
9963.955566  
9938.430339  
9876.964925  
9860.968669  
9958.3632  
9823.468099  
9868.692301  
9877.171387  
9825.443929  
9818.703288  
9891.754883  
9844.530029  
9931.648193  
10001.91927  
9996.898193  
9932.416667  
9963.553955  
10033.69767  
9973.275065  
10045.06771  
9962.746908  
9946.832357  
9961.743327  
9989.856364  
9940.391602  
9984.725667  
9964.764893  
9932.869385  
9830.195312  
9933.029134  
9912.727783  
9838.447591  
9858.706868  
9869.885254  
9984.988444  
9946.632324  
9885.762533  
9899.933757  
9924.198405  
9942.953288  
9947.998617  
9974.919596  
9946.92391  
9919.707357  
9888.442139  
9991.44873  
9892.590658  
9862.80363  
9919.039307  
9940.938639  
9951.24292  
9982.477376  
9953.709717  
10020.37842  
9924.140625  
10049.26619  
9945.637126  
9973.599202  
9904.716309  
9893.589111  
9958.5979  
9962.738607  
9887.350993  
9935.645833  
9961.544922  
9930.881755  
9904.032715  
9864.632324  
9903.885661  
9938.77889  
9933.493001  
9909.253174  
9938.505127  
9871.947917  
9922.335775  
9908.980062  
9805.518148  
10029.59066  
9895.513916  
9921.436198  
9958.038167  
9883.946615  
9860.996012  
9852.36556  
9874.530111  
9919.357015  
9945.621908  
10049.09831  
9930.349121  
9870.354329  
9953.879964  
9871.641927  
9911.454183  
9887.948649  
9938.378011  
9887.208415  
9912.177734  
9934.803874  
9866.132161  
9948.493571  
9935.357096  
9886.304362  
10005.65365  
9974.506022  
9881.738118  
9858.566813  
9879.145264  
9864.216146  
9935.297282  
9964.211344  
9794.512533  
9940.609456  
9897.503743  
9962.767008  
9891.90332  
9934.335205  
9928.728841  
9927.765299  
9946.567301  
9971.195475  
9970.833984  
9954.425374  
9927.834473  
9928.71818  
9882.964925  
9949.098958  
9982.824463  
10055.05762  
9975.635417  
9947.424316  
9974.545085  
9927.372152  
9974.224447  
9932.083577  
9949.569987  
10033.92367  
9968.905436  
9887.749674  
9867.983643  
9834.228271  
9978.567627  
9908.575928  
10019.38672  
9974.093587  
9902.599772  
9847.331299  
9903.29541  
9971.957357  
9873.191813  
9977.36377  
9948.978271  
9936.537109  
9993.400635  
10001.46533  
9919.07194  
9956.684977  
9992.584473  
9948.983968  
9919.194173  
9956.676921  
9924.715169  
10009.23283  
9859.864258  
9956.858887  
9852.494222  
9965.484701  
9959.64974  
9910.780029  
9912.435628  
9926.682373  
9918.312907  
9902.695638  
9826.04305  
9923.418783  
9838.077962  
9917.999512  
9857.557454  
9895.604329  
9865.015869  
9853.631999  
9870.858236  
9897.255452  
9945.015055  
9888.595215  
9823.474365  
9867.404704  
9900.277344  
9978.476074  
9891.424154  
9934.021322  
9894.749837  
9847.755778  
9795.614746  
9855.686035  
9867.619548  
9907.141683  
9892.59554  
9950.935059  
9897.150391  
9855.383952  
9897.134684  
9872.612793  
9914.003825  
9854.49292  
9861.665446  
9890.24471  
10074.97778  
9975.034098  
10149.20443  
9912.278402  
10012.58439  
10039.68172  
9918.072347  
9964.968424  
9905.067057  
10013.34188  
9913.613281  
9932.388835  
9958.959473  
9985.954753  
10056.7609  
9916.739502  
9986.323812  
10021.96159  
9954.97111  
9965.217204  
9930.604248  
9934.634115  
9980.53068  
9894.858724  
9898.025553  
9921.632975  
9942.186198  
9940.486328  
9914.694417  
9975.857096  
9963.738118  
9906.070801  
9961.325765  
9941.962809  
9872.636637  
9917.307454  
9907.294759  
9945.364746  
9959.168538  
9884.687907  
9993.103271  
9917.101074  
9954.890137  
10028.25968  
9960.263021  
9898.986572  
9844.105713  
9885.639811  
9853.967855  
9868.506429  
9948.927002  
9923.221273  
9944.431722  
9949.366211  
9956.433919  
9900.959717  
9915.381429  
9937.246826  
9922.065674  
9937.103271  
9899.253418  
9920.896566  
9932.627523  
9919.710612  
9843.98877  
9818.180013  
9906.544352  
9870.49056  
9868.288574  
9965.468343  
9949.147217  
9990.028564  
9928.630046  
9921.953288  
9925.878662  
9936.33846  
9957.205566  
9904.53776  
9909.599202  
9953.683838  
9966.830566  
9931.240316  
9980.576904  
9996.167236  
9937.386149  
9855.176514  
9875.647298  
9885.596191  
9937.725423  
10048.5673  
10050.63468  
9902.036947  
9990.393473  
9987.388672  
9932.923828  
9906.323324  
9891.134359  
9872.045166  
9855.748535  
9899.981364  
9929.629476  
9968.378337  
9959.578369  
9835.402344  
9913.934814  
10099.5271  
9964.118978  
9948.154215  
9912.737549  
9914.39388  
9878.758789  
9842.961182  
9886.363851  
9890.664062  
9876.642497  
9936.245036  
9940.067383  
9911.155843  
9920.927002  
10041.66626  
10018.41724  
9958.454346  
9895.341797  
9891.993001  
9892.254639  
9919.12264  
9954.084229  
9962.45223  
9891.474284  
9980.556885  
9950.662842  
9909.356283  
9911.516602  
10028.26245  
9897.161458  
9820.09668  
9948.429281  
9964.695475  
10025.00529  
9965.165771  
9980.137288  
9953.946452  
9965.144531  
9917.81779  
9928.836263  
9904.524495  
9720.31486  
9815.58252  
9924.930827  
9951.220785  
10041.45003  
9921.007731  
10023.85474  
10025.93107  
9824.169596  
9914.496257  
9979.644043  
9866.07902  
9810.25  
9829.152588  
9884.590413  
9922.800212  
9794.116781  
9921.629883  
9869.018473  
9986.955322  
10098.38997  
10160.03426  
10148.20589  
9895.351807  
9823.87028  
9985.222493  
9882.106364  
9895.098796  
10002.07454  
9949.580485  
10091.09001  
10152.46208  
9833.118978  
9893.218506  
9842.121582  
9814.766357  
9969.087565  
9931.236491  
9899.513835  
9827.716634  
9769.376465  
9989.292074  
9957.068685  
10009.35474  
9887.445801  
9959.3479  
9883.97583  
9927.840251  
9925.429118  
9907.546631  
9888.879476  
9891.09318  
9877.252604  
9924.052409  
9946.008301  
9894.065592  
9929.027507  
9946.860107  
9973.450602  
9993.688314  
9915.645752  
9931.878825  
9874.876058  
10047.37305  
9959.547445  
9910.984212  
9930.15625  
9866.320475  
9868.44401  
9966.140706  
9912.316813  
9838.930745  
9938.551514  
9979.653971  
9920.767253  
9908.624268  
9997.579102  
9893.465576  
9722.066895  
9879.665446  
9942.592122  
10090.184  
10020.81421  
9939.223958  
9902.081055  
9810.274984  
9804.714925  
9841.949788  
9875.140625  
9753.959147  
9844.895426  
9817.362386  
9840.978027  
9885.737305  
9912.291341  
9921.497396  
9949.191732  
9970.618245  
9881.12915  
9987.171875  
9936.072021  
9965.663086  
9953.835205  
9925.03182  
9901.625814  
10069.09245  
9953.550049  
10023.51693  
9982.930339  
10056.82153  
9899.997477  
9894.708659  
9888.093018  
9935.060465  
9948.703451  
9870.999023  
9892.37443  
9894.735352  
9962.666667  
9911.565674  
9929.752523  
9944.677002  
9908.080485  
9932.833333  
9931.327881  
9959.422201  
9948.491862  
9998.815837  
9895.684163  
9905.296468  
9918.755778  
9950.063639  
9942.200195  
9944.85319  
9865.684733  
9918.190186  
9953.497803  
9891.132812  
9994.604329  
9902.645671  
9937.155436  
9868.184977  
9764.746338  
9834.111003  
9875.051432  
9901.177572  
9901.617269  
9911.213135  
9894.231038  
9869.047526  
9901.300049  
9961.145426  
9938.144206  
9896.218506  
9902.91748  
9962.87028  
9888.335205  
9722.199137  
10038.49032  
9844.215739  
9970.069173  
9863.830892  
9823.092367  
9813.885498  
9815.490723  
9788.823975  
9900.631755  
9805.674235  
10207.39006  
10176.56055  
9962.030111  
9895.365967  
9910.510498  
9856.692301  
10076.25537  
10291.68327  
10167.00789  
10190.42757  
10124.712  
10078.48787  
10141.1875  
10108.98389  
9998.301839  
9961.63151  
9954.365234  
9917.035563  
9897.893962  
9884.108073  
9841.278971  
9831.83431  
9888.982992  
9838.950439  
9924.181966  
9829.854574  
9893.873047  
9929.622803  
9834.130452  
9904.363363  
9932.522054  
9876.422038  
9943.348389  
9919.857015  
9945.719727  
9995.690918  
9941.744222  
10075.42537  
9940.016927  
9990.214762  
9916.80835  
9934.349691  
9859.504069  
9903.034424  
9915.109782  
9982.039225  
10005.03833  
9994.082031  
9917.833577  
9997.503988  
9905.08252  
9874.17098  
9863.785319  
9647.975423  
9896.62557  
9917.24585  
9806.464518  
9796.531901  
9967.367106  
10023.59961  
9747.804118  
9811.547363  
9882.424642  
9936.19222  
9851.131348  
9923.207601  
9952.821615  
9919.992188  
9960.485189  
9930.926921  
9962.821208  
9906.858317  
9881.048258  
9954.293213  
9884.356934  
9943.014404  
9939.062663  
9905.988525  
9930.054362  
9905.305094  
9929.52889  
9833.592204  
9980.713542  
10029.78776  
9957.539632  
9924.917887  
9907.620443  
9942.271322  
9890.843669  
9862.114176  
9920.731364  
9890.977295  
9902.309896  
9851.880046  
9852.536458  
9925.983724  
9887.229167  
9934.668783  
9784.147217  
9791.530111  
9894.350993  
9945.616374  
9902.658529  
9889.882568  
9961.701579  
9936.397868  
9957.206055  
9950.551839  
9994.195557  
10013.07983  
9989.362223  
9815.198242  
10040.91309  
10010.63883  
9992.832194  
9938.650309  
9930.820719  
9953.370524  
9903.662923  
10021.10905  
10051.50244  
9865.921305  
9926.788981  
9924.479492  
9937.364258  
9902.821696  
9942.533285  
9955.712809  
9979.869629  
9936.210205  
9903.049805  
9988.364339  
9950.302002  
9827.341471  
9858.310221  
9899.26416  
9890.531657  
9993.128662  
9925.337077  
10020.54915  
10007.97485  
9884.095785  
9892.63501  
10016.46134  
9973.718994  
9984.451497  
9888.621175  
9935.177572  
9847.972819  
9896.221517  
9983.357178  
9889.873617  
9904.011963  
9884.134033  
9883.103597  
9995.97526  
9885.119629  
10095.58569  
9862.684652  
9956.585612  
9919.326579  
9906.692383  
9889.92391  
9839.833171  
10011.21021  
9909.888835  
10000.52132  
9927.472168  
9954.239258  
9949.188232  
9924.972575  
9938.603516  
9862.645508  
9913.612142  
9874.131999  
9934.375407  
9948.364339  
9896.892904  
9804.545492  
9892.256592  
9876.417318  
10068.21232  
9970.283529  
9968.216471  
9860.155355  
9883.908203  
9922.110352  
10000.08789  
9980.503743  
9925.102865  
9935.337402  
9913.497721  
9968.177979  
9899.919189  
9922.865804  
9928.180827  
9877.022298  
9811.767985  
9945.431234  
9988.104004  
9900.101481  
9932.458822  
9839.396484  
9907.614909  
9841.391927  
9829.236898  
9955.509603  
9987.159505  
9987.966064  
9953.781494  
9926.946208  
9979.461426  
10024.91195  
9939.470622  
9900.577962  
9965.175863  
9932.512777  
9951.353841  
9847.152913  
9827.951904  
9852.835205  
9865.86849  
9931.956462  
9899.96346  
9983.372152  
9934.117106  
9924.351237  
9960.167562  
9930.502197  
9963.787354  
9922.218424  
9885.671956  
9820.813395  
9970.208496  
9893.385905  
9942.933187  
9876.473714  
9717.91512  
9730.151855  
10115.42773  
9997.235433  
10006.38517  
9935.514893  
10128.71094  
9990.937907  
9972.580241  
10000.89315  
9932.323324  
9811.874756  
9810.883789  
9889.384684  
9890.219482  
9883.451986  
9933.727132  
9972.458903  
9931.019613  
9916.977702  
9761.665202  
10007.66406  
9879.282308  
9863.813965  
9967.869303  
9894.022217  
9945.534912  
10049.11792  
9835.073324  
9898.186849  
9849.076009  
9880.627197  
9884.364827  
10047.96305  
9943.243164  
10033.09823  
10048.65413  
9929.362712  
9942.378499  
10001.01538  
10022.85286  
9988.350179  
9966.442708  
9920.204671  
9950.701986  
9927.698079  
9916.118001  
9873.540609  
9863.047933  
9980.354004  
9903.744629  
9941.720866  
9955.574219  
9959.659587  
9965.082764  
9864.461182  
9814.90861  
9886.385335  
10031.0695  
9908.719157  
10059.89795  
9901.435303  
9828.281006  
9894.645101  
9846.582031  
9906.998372  
9961.393962  
10022.69238  
9941.492839  
9904.000081  
9864.218343  
9913.916423  
9933.552734  
9978.222819  
9973.702555  
9911.609131  
9951.271077  
9889.330892  
9829.771403  
9952.540527  
9902.274333  
9911.308594  
9993.475342  
10041.80396  
9907.508138  
9895.335042  
9845.388346  
9919.144206  
9960.210856  
9859.954183  
10019.64583  
9955.29126  
9983.776774  
9972.429036  
9905.037109  
9764.423665  
10092.27035  
9936.149658  
9923.802979  
9971.258382  
9903.427409  
9925.277181  
9947.109538  
9898.319092  
9923.632731  
9963.986898  
9978.292155  
9927.033122  
9842.392497  
9902.770996  
10012.70459  
9890.402425  
9918.861165  
9953.56193  
9872.757812  
9907.442057  
9937.527913  
9879.071045  
9972.57194  
9937.287028  
9892.492757  
9832.737142  
10032.236  
9910.197103  
9826.515137  
9914.199463  
10057.74829  
9928.716878  
9931.722656  
9891.186279  
9897.66154  
9978.140299  
9988.593099  
9806.260091  
9625.088786  
9889.372559  
10111.17456  
10045.74683  
9973.32015  
9921.544108  
9855.424642  
9721.266195  
9811.18571  
9986.621419  
9905.528402  
9646.768066  
9800.938883  
9778.427327  
9921.458577  
9963.088298  
10047.01326  
9967.169759  
9975.272624  
9920.13029  
9830.64624  
9894.339355  
10055.13973  
9978.569255  
10037.52083  
9925.551514  
10037.70272  
9981.258057  
10092.40771  
10037.26619  
9944.922445  
9935.50057  
9878.26888  
9868.131917  
10038.84033  
9918.938395  
9779.837565  
9907.943929  
9943.891032  
9955.84139  
9942.091878  
9950.627441  
9988.576009  
9913.411296  
10000.3964  
10028.64681  
9888.765055  
9964.231364  
9947.273763  
9916.850586  
9912.566488  
9856.673177  
9883.616536  
9939.338379  
10014.38436  
9967.033936  
9926.054281  
9877.37028  
9869.578532  
9895.960286  
9870.883382  
9934.64266  
9883.134603  
9890.062663  
9918.451986  
9889.600505  
9910.564128  
9925.311849  
9946.175212  
9921.762451  
9851.100016  
9899.589437  
9926.878418  
10021.38607  
9952.658285  
9939.280355  
9864.845785  
9993.295003  
9946.641439  
9929.13737  
9971.63444  
9958.390706  
9956.437337  
9859.999593  
10126.75952  
9942.583333  
10042.94442  
9928.464518  
10015.67301  
9841.88208  
9673.171712  
9918.728678  
10064.67301  
9922.860026  
9970.749919  
10000.39982  
9939.334554  
9961.161377  
9870.97054  
9896.974609  
9874.717611  
9847.245524  
9829.512614  
9983.470866  
9971.986491  
9972.533936  
10008.58179  
9905.393717  
9967.349691  
9973.137614  
9909.589193  
10006.25993  
9887.674805  
9860.924398  
10059.66439  
9957.434977  
9889.106527  
9946.855062  
9937.818766  
9878.899821  
9959.694661  
9968.95166  
9971.601969  
9962.351562  
9881.652669  
9852.60262  
9926.753662  
9960.620443  
9899.211019  
9852.397135  
9973.426432  
10001.71338  
9869.514567  
9914.019043  
9940.368815  
10061.0599  
9988.498535  
9957.389323  
9954.434163  
10050.07161  
9800.426595  
9867.581787  
10001.60303  
10060.13078  
9995.217692  
9945.050049  
9873.337891  
9573.916585  
9777.227376  
9960.782389  
9925.105062  
9927.781576  
9882.984456  
9787.818766  
9785.839762  
9967.228353  
9889.0389  
9845.816813  
10020.73844  
9899.117106  
9978.461914  
9943.525879  
9939.769124  
9808.950033  
9821.069417  
9974.574707  
9913.473307  
9981.242594  
9896.741211  
9981.981038  
9924.798747  
9918.179688  
9910.99707  
9836.482015  
9771.482747  
10006.49528  
10044.5127  
9909.08667  
9927.248617  
9919.272217  
9928.235189  
9867.784831  
9868.221761  
9842.936686  
9966.284749  
9975.484212  
9937.898112  
9923.776774  
9923.171387  
9898.02946  
9897.025879  
9825.671387  
9962.003255  
9993.80485  
9913.250651  
9909.77889  
9883.414876  
9990.590007  
9921.69222  
10026.64469  
10074.73161  
10109.72257  
9973.552083  
9983.059489  
9958.167725  
9937.569092  
9869.65332  
9903.437337  
9916.205078  
9974.155111  
9959.762451  
9856.76945  
9822.37736  
9808.708415  
9953.820231  
9974.847087  
9908.146077  
9974.220703  
9935.549398  
9861.445475  
9880.891113  
9842.238851  
9908.393962  
9941.49943  
9918.962646  
9909.757487  
9937.708659  
9911.91276  
9902.583496  
9820.735758  
9964.12972  
9835.330485  
9936.814046  
9952.023356  
9861.918945  
9905.689616  
9957.638509  
9906.28654  
9965.466797  
9957.535563  
9939.855632  
9806.684245  
9888.121094  
9951.356771  
9952.032064  
9922.851969  
9954.783447  
9847.207845  
9952.868083  
9894.952393  
9948.157796  
9911.836182  
10002.15251  
9976.67334  
10002.7286  
9991.019124  
9951.426025  
9886.117188  
9961.401611  
9936.941895  
9912.171631  
9922.644613  
9871.153809  
9812.808268  
9979.603434  
9949.798421  
9946.119059  
9907.136149  
9927.62557  
9891.197266  
9924.904704  
9931.309245  
9939.463949  
9894.52946  
9976.981689  
9913.434001  
9952.17041  
9898.616211  
9876.02181  
9952.626221  
10040.30306  
9989.598714  
10014.36719  
9926.218506  
9977.733805  
9991.830241  
9942.210368  
9849.451742  
9891.06486  
9803.498779  
9912.654948  
9898.518392  
9952.609131  
9956.526693  
9847.548258  
9928.005615  
9917.231934  
9898.5861  
9870.75057  
9995.936117  
9960.031738  
9977.73877  
10079.56584  
9966.25472  
9941.050374  
9999.151286  
9948.545085  
9915.490153  
9974.902181  
9969.050537  
9917.625407  
9908.59082  
9978.203776  
9955.627523  
9834.447754  
9880.848877  
9953.315267  
9888.817383  
9922.500814  
9906.519857  
9808.866536  
9903.092285  
9966.631429  
9941.484212  
9930.344482  
9820.526367  
9916.031006  
9991.196208  
9951.9611  
9929.875977  
9945.49585  
9867.91333  
9856.895182  
9898.737793  
9830.259847  
9991.802816  
9901.767578  
9918.146729  
9899.695719  
9821.486003  
10045.67839  
9876.556722  
9916.489827  
9964.697673  
10010.15723  
9854.304932  
10122.37337  
9958.956706  
9913.877848  
9893.201416  
9893.844971  
9930.798828  
9945.203613  
9967.615479  
9919.9021  
9966.867757  
9976.730225  
9994.770671  
9946.153076  
9922.3243  
9832.30363  
9975.224691  
10013.84017  
9898.136719  
9882.770182  
9749.712402  
9962.078532  
9966.704915  
9962.182536  
9950.45988  
9996.062826  
10002.0022  
9864.4611  
9917.264974  
9847.951904  
9894.870361  
9953.04305  
9878.578369  
9911.172852  
9956.046875  
9821.566976  
9952.923421  
9935.687093  
9830.300293  
9972.495524  
9944.255208  
9967.946126  
9959.837321  
9909.611491  
9972.649821  
9969.076335  
9929.158691  
9925.790039  
9800.042725  
9955.677572  
9964.909424  
10008.3243  
9949.560791  
9978.92277  
10019.49487  
9848.125081  
9893.66512  
9949.759766  
9990.80013  
9973.712972  
9889.050212  
9807.415202  
9924.130615  
9894.501058  
9808.325684  
9865.329183  
9909.87321  
9848.711182  
9919.601807  
9875.847412  
9876.365234  
9914.470703  
9833.973226  
9914.397786  
9939.886393  
9935.420492  
9964.943034  
9892.178304  
9862.678792  
9860.608643  
9883.116781  
9986.110026  
9953.180664  
9886.054525  
9969.371663  
9991.955648  
9918.310872  
9917.044189  
9922.276449  
9914.128743  
9904.12972  
9882.881185  
9871.849528  
9990.443197  
9944.456462  
9889.01766  
9927.436605  
9773.858154  
9957.924154  
10088.81177  
10081.37826  
9994.058187  
10023.25749  
9890.38501  
9939.237874  
9877.36027  
9935.744303  
9954.696696  
9948.428467  
9947.731283  
9931.860514  
9825.709798  
9864.256266  
9967.142334  
9965.013916  
9944.504557  
9918.885173  
9898.58016  
9892.153646  
9893.941081  
9920.687581  
9883.111328  
9951.261963  
9865.31665  
9892.493652  
9962.246175  
9953.794759  
9907.430664  
9984.102946  
9921.419434  
