6048.364789  
6042.438658  
6006.548804  
6027.056221  
6007.12068  
6060.226567  
6093.754061  
6070.697438  
6090.130498  
6118.660498  
6090.875577  
6109.377309  
6063.777939  
6102.029594  
6080.565735  
6092.980717  
6086.730276  
6116.773516  
6045.7056  
6085.879986  
6094.11225  
6076.92938  
6077.990878  
6090.381932  
6103.694786  
6086.621204  
6098.490377  
6112.714986  
6098.050463  
6108.514948  
6120.381044  
6081.474749  
6078.296199  
6093.903759  
6075.571072  
6056.576514  
6065.862804  
6044.806644  
6102.606452  
6066.27985  
6079.75124  
6075.708364  
6063.28233  
6086.072308  
6082.31345  
6086.380513  
6067.73891  
6071.700816  
6062.712372  
6090.55693  
6064.8636  
6060.595192  
6045.119932  
6036.766318  
6070.466407  
6058.218531  
6071.406748  
6081.707107  
6051.0589  
6043.908631  
6055.208776  
6080.628016  
6072.944729  
6079.741525  
6101.202146  
6084.142339  
6066.905207  
6076.356702  
6083.693121  
6056.205473  
6092.097782  
6082.190061  
6066.862215  
6074.456425  
6060.27752  
6059.266431  
6070.494559  
6056.588126  
6067.415107  
6066.300245  
6064.023313  
6077.173791  
6075.893344  
6077.783592  
6068.524714  
6080.29027  
6096.203239  
6065.463216  
6052.021483  
6097.28968  
6086.75856  
6052.577778  
6044.456803  
6080.522144  
6090.425166  
6075.072026  
6079.513044  
6074.874687  
6094.064426  
6083.814633  
6059.856681  
6104.383149  
6059.043277  
6097.756164  
6082.615755  
6086.224214  
6096.984305  
6051.546031  
6098.501105  
6100.456892  
6083.140234  
6069.028962  
6053.693716  
6105.100643  
6069.160641  
6094.061558  
6093.236889  
6089.838514  
6083.349207  
6088.718404  
6065.961937  
6067.33126  
6054.656792  
6066.686942  
6064.059119  
6045.03339  
6045.518686  
6064.88406  
6069.895403  
6090.41941  
6069.226932  
6091.593923  
6046.247922  
6062.29089  
6071.496666  
6059.700174  
6080.524166  
6102.795892  
6084.061859  
6087.162623  
6080.9363  
6056.433894  
6060.679201  
6066.645773  
6079.830597  
6062.133398  
6044.113704  
6092.072546  
6075.07071  
6087.731125  
6086.558988  
6061.270387  
6070.669246  
6081.370041  
6060.095118  
6047.605739  
6073.832555  
6065.923504  
6061.113032  
6060.663154  
6091.996395  
6082.088988  
6071.772082  
6099.04378  
6095.764081  
6078.765097  
6102.051108  
6075.915485  
6100.119884  
6066.149075  
6075.057368  
6095.304841  
6086.443456  
6079.026591  
6058.580395  
6085.519059  
6087.471774  
6051.689293  
6056.120317  
6064.075376  
6077.551312  
6089.237798  
6082.502113  
6053.6184  
6096.217157  
6059.482205  
6067.822522  
6075.656086  
6053.205141  
6069.855683  
6100.767315  
6081.683836  
6085.059497  
6083.31959  
6063.917206  
6074.636689  
6063.518671  
6093.826593  
6071.306045  
6085.928817  
6078.77639  
6084.489035  
6076.624795  
6087.958177  
6061.555336  
6049.299375  
6055.031718  
6086.432489  
6069.842193  
6080.283421  
6070.694522  
6047.69588  
6071.249094  
6079.752052  
6097.80446  
6109.150521  
6086.449068  
6066.929838  
6079.450816  
6070.978301  
6074.240716  
6053.899232  
6076.215176  
6061.823545  
6053.350658  
6086.93267  
6064.534048  
6068.896684  
6052.090302  
6071.136524  
6085.646285  
6041.346586  
6075.961919  
6068.002696  
6113.500987  
6135.824387  
6102.965057  
6083.305744  
6066.227808  
6064.782222  
6069.318243  
6070.42932  
6049.967365  
6067.013698  
6064.47425  
6098.081714  
6070.345284  
6087.71753  
6065.117387  
6062.786412  
6082.349658  
6060.642056  
6072.382442  
6062.076266  
6064.735601  
6067.565759  
6085.798961  
6093.735925  
6057.450809  
6073.682261  
6087.848687  
6068.029755  
6074.211883  
6086.569006  
6084.112179  
6059.289594  
6093.475256  
6098.965731  
6097.063251  
6070.272161  
6056.038543  
6084.841652  
6076.675419  
6118.728885  
6085.989506  
6099.77522  
6086.744512  
6098.988393  
6071.426318  
6072.070873  
6084.334235  
6084.58752  
6091.46783  
6084.560027  
6049.808071  
6055.857577  
6067.678343  
6064.934149  
6088.475748  
6087.30407  
6074.115578  
6055.839239  
6104.527114  
6093.81822  
6085.831243  
6059.90119  
6080.681787  
6088.471673  
6083.480145  
6058.121866  
6056.976906  
6077.479421  
6060.973846  
6070.499834  
6093.428254  
6073.403149  
6101.569596  
6077.333439  
6088.327728  
6065.683239  
6093.948044  
6081.892943  
6056.363579  
6042.868044  
6087.474986  
6072.174606  
6061.014056  
6094.861717  
6072.63802  
6079.651946  
6054.996239  
6072.702748  
6064.039729  
6030.080648  
6039.749174  
6048.552721  
6046.629372  
6070.387542  
6081.489908  
6057.713706  
6052.80839  
6082.794744  
6070.745899  
6041.309903  
6057.28687  
6078.409429  
6080.614524  
6071.033157  
6089.558817  
6114.485523  
6086.539389  
6100.01871  
6089.718813  
6109.185345  
6115.039026  
6091.734699  
6086.277369  
6088.213113  
6082.122066  
6086.866546  
6099.057984  
6082.67126  
6096.395407  
6080.137663  
6056.392379  
6074.526683  
6062.224406  
6055.582091  
6091.923234  
6105.084164  
6064.094886  
6066.858873  
6071.459745  
6053.533504  
6061.691048  
6055.180462  
6043.263244  
6056.610537  
6060.987517  
6079.87797  
6065.070344  
6065.194996  
6088.415138  
6096.723124  
6090.571439  
6081.590856  
6067.061136  
6067.975667  
6073.208315  
6074.95499  
6076.129266  
6092.398134  
6062.862853  
6064.773824  
6072.056166  
6060.92366  
6065.533219  
6063.998331  
6089.469278  
6078.154114  
6083.945477  
6069.123722  
6087.977345  
6082.628738  
6090.053622  
6096.297181  
6067.348135  
6094.06212  
6094.917112  
6086.857235  
6065.483347  
6076.56287  
6078.656308  
6073.933618  
6088.746872  
6069.018603  
6084.739259  
6100.457057  
6074.150765  
6061.109753  
6063.188252  
6070.731442  
6073.596501  
6070.121194  
6082.199839  
6058.139142  
6081.376454  
6063.146913  
6080.809516  
6081.421772  
6104.247724  
6070.92147  
6067.49928  
6054.608478  
6054.424946  
6089.57222  
6073.93758  
6064.356472  
6075.358575  
6058.529798  
6050.012199  
6087.136818  
6074.795309  
6083.018232  
6060.125252  
6076.379023  
6068.729569  
6072.773747  
6071.161882  
6062.718895  
6092.055254  
6067.554601  
6082.335092  
6082.013837  
6055.503223  
6110.705731  
6108.972568  
6138.102201  
6076.332669  
6089.996919  
6097.499032  
6069.838509  
6064.191152  
6077.677834  
6078.512357  
6073.342829  
6043.36226  
6063.795136  
6068.267488  
6087.524592  
6120.667442  
6071.871871  
6061.489021  
6033.836579  
6090.398985  
6075.234402  
6071.561937  
6063.717555  
6083.78573  
6070.388633  
6104.70983  
6086.472395  
6071.429384  
6059.785496  
6054.150978  
6070.215759  
6114.844827  
6088.442281  
6098.915498  
6060.74011  
6086.783262  
6079.812063  
6095.52664  
6085.660219  
6106.443764  
6122.597072  
6066.518899  
6061.871116  
6059.877947  
6032.047066  
6045.31139  
6034.251676  
6041.41237  
6020.199251  
6036.400567  
6038.227549  
6044.890362  
6055.256002  
6054.901117  
6080.539898  
6076.267859  
6092.62418  
6094.541599  
6056.166692  
6078.406484  
6090.212294  
6106.025494  
6103.921098  
6058.796325  
6066.10422  
6068.610042  
6067.755847  
6068.407566  
6064.684887  
6075.20533  
6057.965081  
6048.894621  
6075.673629  
6096.891144  
6088.240061  
6063.027747  
6084.293721  
6052.220657  
6071.36203  
6069.550191  
6069.759859  
6136.702726  
6121.719508  
6108.140881  
6070.895771  
6124.136505  
6096.4663  
6090.368398  
6069.131862  
6075.45576  
6062.021968  
6069.668751  
6079.427587  
6112.657057  
6065.634885  
6103.583793  
6070.306925  
6072.010701  
6060.875796  
6060.798199  
6084.926511  
6076.909166  
6081.174393  
6078.700264  
6081.617851  
6065.4777  
6070.311204  
6057.181963  
6054.133522  
6071.464337  
6087.522669  
6101.967093  
6079.882404  
6074.267563  
6075.637203  
6067.555396  
6078.649066  
6078.82263  
6076.347968  
6073.172083  
6081.013251  
6076.737376  
6063.781499  
6094.790986  
6081.042384  
6089.149933  
6070.287578  
6046.196761  
6076.96081  
6053.423539  
6081.50036  
6097.860138  
6093.553562  
6053.343689  
6066.227393  
6055.571318  
6058.915838  
6064.173633  
6063.175085  
6094.851465  
6076.033166  
6092.628641  
6091.217953  
6064.968471  
6069.286914  
6067.897707  
6072.178778  
6060.49569  
6070.942452  
6105.23488  
6081.114915  
6093.141314  
6086.443442  
6097.72402  
6107.316412  
6093.111351  
6110.615848  
6082.504344  
6072.483886  
6080.394156  
6075.083564  
6083.663355  
6103.369459  
6094.834893  
6088.566458  
6104.889248  
6067.584495  
6080.248577  
6081.657714  
6042.280468  
6059.178897  
6078.807129  
6082.803605  
6110.675725  
6090.066442  
6084.428417  
6051.736009  
6064.61891  
6047.636353  
6026.022722  
6067.510246  
6062.844171  
6060.546124  
6060.829669  
6053.555349  
6034.875768  
6066.37861  
6066.343181  
6071.03536  
6052.353417  
6063.448323  
6021.742358  
6043.981675  
6067.794987  
6083.281092  
6074.371831  
6086.022494  
6059.888081  
6078.923492  
6041.068482  
6093.743951  
6096.754223  
6108.465579  
6083.28937  
6064.520797  
6085.19143  
6061.777531  
6069.935583  
6072.44113  
6098.004802  
6084.992711  
6075.651975  
6105.358559  
6098.088825  
6093.526825  
6095.255502  
6079.616867  
6108.609542  
6091.101497  
6075.400334  
6074.748637  
6048.865351  
6038.053389  
6055.977022  
6051.344759  
6058.584229  
6060.54829  
6030.768309  
6056.827951  
6072.226008  
6077.279382  
6049.365901  
6072.564675  
6085.903323  
6079.383609  
6062.675375  
6093.527887  
6081.023305  
6058.635889  
6060.136486  
6126.286036  
6112.882593  
6128.994919  
6075.739523  
6077.922972  
6089.329511  
6084.327897  
6099.171413  
6119.990115  
6098.13323  
6094.77218  
6062.765235  
6090.31981  
6050.019964  
6077.126873  
6078.866227  
6066.345423  
6081.781358  
6116.406516  
6071.655731  
6091.887644  
6057.879262  
6049.751265  
6077.165782  
6072.30063  
6057.986715  
6080.125018  
6086.982306  
6083.542955  
6080.989811  
6080.272366  
6046.369439  
6071.42588  
6073.668508  
6072.808691  
6099.485436  
6115.756615  
6088.677174  
6062.587025  
6076.161676  
6069.847221  
6078.814873  
6047.680682  
6069.585745  
6069.028469  
6079.503447  
6049.759427  
6068.15903  
6082.868112  
6070.306757  
6099.38759  
6068.808637  
6090.870751  
6089.018389  
6087.986649  
6072.655737  
6058.651526  
6048.233194  
6053.613513  
6075.449063  
6068.616758  
6073.930044  
6054.512049  
6073.651778  
6031.290353  
6087.888823  
6070.66544  
6073.21304  
6090.531107  
6105.749092  
6044.083456  
6048.241422  
6022.001015  
6050.253236  
6041.74953  
6038.635383  
6036.155877  
6043.971327  
6059.526722  
6049.678667  
6057.920472  
6091.869726  
6086.032657  
6097.022983  
6080.895296  
6088.945451  
6091.462599  
6059.673873  
6102.40696  
6110.92534  
6063.725401  
6094.087836  
6165.188707  
6104.089792  
6083.987188  
6092.382038  
6106.541181  
6071.844049  
6077.597594  
6074.893688  
6078.739686  
6108.883308  
6083.408317  
6121.851335  
6093.194918  
6093.637699  
6085.267496  
6082.18838  
6083.406041  
6096.090567  
6103.570029  
6087.831213  
6084.26102  
6063.743555  
6090.302647  
6057.383546  
6080.963573  
6100.765557  
6095.052036  
6093.104435  
6070.705984  
6044.440618  
6052.05266  
6088.803231  
6089.639519  
6100.69207  
6071.633865  
6061.965769  
6080.363317  
6063.605919  
6060.1296  
6088.754288  
6064.110482  
6049.764306  
6067.727035  
6065.062048  
6055.419003  
6048.787566  
6066.012579  
6067.120875  
6076.97663  
6074.650382  
6062.775185  
6059.99599  
6067.658723  
6083.968975  
6086.950861  
6079.753859  
6041.623624  
6031.007766  
6059.580925  
6057.516619  
6052.312912  
6044.330508  
6052.011572  
6088.491985  
6095.826987  
6068.308848  
6062.766671  
6051.059531  
6057.791018  
6114.600699  
6112.996141  
6102.949617  
6120.623421  
6142.723252  
6089.569762  
6092.617783  
6116.710066  
6075.237708  
6071.125272  
6081.690343  
6088.482795  
6088.498737  
6093.924884  
6062.590371  
6072.262675  
6078.169382  
6074.037758  
6091.575192  
6067.20202  
6061.234858  
6074.767855  
6079.063481  
6086.537605  
6042.932697  
6050.968161  
6068.040147  
6056.28595  
6082.317113  
6093.402604  
6092.657316  
6097.17006  
6115.802362  
6086.416772  
6064.957167  
6049.867248  
6059.822637  
6074.142373  
6014.683372  
6097.602832  
6075.223642  
6060.792718  
6059.332252  
6051.944044  
6030.12538  
6042.045123  
6022.015821  
5972.895495  
6052.146211  
6089.534453  
6072.711355  
6073.514696  
6098.441671  
6077.826825  
6076.154158  
6102.144944  
6100.714272  
6075.566946  
6058.621532  
6061.923624  
6081.838219  
6071.987205  
6098.386781  
6096.273693  
6100.310016  
6080.622869  
6074.474732  
6082.105261  
6084.841666  
6071.258762  
6084.063845  
6071.330304  
6079.770548  
6071.981113  
6090.766604  
6099.966206  
6102.639522  
6077.856719  
6064.212061  
6038.065431  
6045.63885  
6044.492175  
6044.359671  
6050.085824  
6049.885763  
6044.886946  
6038.201405  
6063.25575  
6053.275079  
6040.959661  
6082.871506  
6072.469647  
6053.126051  
6060.773002  
6071.692064  
6071.486805  
6087.492496  
6081.226965  
6101.617652  
6126.038933  
6083.513001  
6071.999337  
6084.612299  
6081.666823  
6083.346943  
6089.961007  
6096.644266  
6107.171674  
6077.949877  
6089.907516  
6083.079162  
6087.625565  
6115.782425  
6111.809686  
6105.956743  
6102.36345  
6106.733236  
6108.364792  
6090.454159  
6084.025214  
6082.744848  
6093.882412  
6101.983799  
6108.660262  
6104.290461  
6140.737858  
6107.162168  
6096.227374  
6080.015596  
6075.496308  
6073.452584  
6079.551226  
6078.177321  
6095.129858  
6083.861795  
6063.864382  
6067.812767  
6065.404982  
6100.434474  
6083.212295  
6066.192369  
6059.604951  
6057.114946  
6064.601008  
6064.758295  
6047.847462  
6065.27145  
6056.574749  
6058.203434  
6074.657084  
6031.837212  
6063.444566  
6093.669262  
6062.955723  
6048.731425  
6078.379348  
6003.046075  
6021.340459  
6115.023236  
6081.871431  
6073.612313  
6064.375741  
6051.610996  
6069.5304  
6088.208642  
6089.880192  
6088.87342  
6065.230666  
6057.61843  
6077.095363  
6062.586357  
6023.217873  
6027.34937  
6084.636138  
6111.293205  
6146.944273  
6117.649041  
6074.301959  
6049.17855  
6053.629765  
6088.872041  
6071.797427  
6079.886364  
6053.372022  
6045.134515  
6078.400666  
6077.944378  
6094.208531  
6075.723198  
6079.316717  
6045.493129  
6068.976885  
6074.236934  
6079.840806  
6087.181075  
6055.714168  
6051.602947  
6057.16771  
6049.467748  
6056.579383  
6069.71555  
6085.063086  
6092.980492  
6088.041487  
6070.806068  
6087.670283  
6095.405377  
6079.373272  
6072.748125  
6073.48539  
6071.331158  
6061.96743  
6035.064423  
6036.581516  
6048.075887  
6071.958155  
6119.419729  
6106.818399  
6068.797524  
6091.564558  
6060.524186  
6088.040422  
6093.279  
6090.918377  
6085.958352  
6076.001965  
6078.705802  
6105.643215  
6097.106484  
6079.68103  
6055.494741  
6099.82678  
6107.80228  
6114.767698  
6094.8288  
6084.888778  
6071.862127  
6059.5774  
6014.546368  
6021.969948  
6080.316201  
6083.936388  
6068.163088  
6076.771881  
6069.51627  
6083.526733  
6056.24231  
6082.709119  
6077.913406  
6082.943329  
6072.409827  
6079.042908  
6125.640408  
6050.14533  
6066.970865  
6079.281609  
6077.170883  
6043.968846  
6067.398803  
5995.243319  
6041.328504  
6122.714522  
6106.166355  
6084.518901  
6109.924664  
6116.314301  
6122.575554  
6121.982588  
6098.360205  
6105.679281  
6139.466335  
6136.275576  
6112.827802  
6076.749147  
6065.657166  
6066.8916  
6060.568148  
6058.297888  
6076.318887  
6054.497929  
6124.547285  
6064.384019  
6059.966683  
6073.988385  
6073.243073  
6058.418408  
6037.612807  
6041.664021  
6083.984696  
6083.381224  
6089.668725  
6083.168661  
6044.890716  
6024.462106  
6045.643319  
6070.805699  
6048.087841  
6055.172268  
6063.456149  
6066.488844  
6063.076962  
6088.498447  
6082.547467  
6093.240166  
6085.133671  
6086.514433  
6083.920557  
6067.440974  
6036.421125  
6033.484005  
6067.013586  
6103.858153  
6086.125783  
6074.952057  
6052.103315  
6066.506692  
6086.343738  
6064.104954  
6092.65151  
6092.007259  
6056.665655  
6052.199174  
6065.691864  
6077.874343  
6104.571469  
6045.209653  
6096.159846  
6124.551315  
6111.792781  
6072.285577  
6059.965166  
6046.46221  
6071.272578  
6066.46864  
6065.023203  
6073.368506  
6080.326596  
6054.902516  
6088.603168  
6085.116459  
6065.946515  
6093.763735  
6045.969642  
6039.777337  
6084.308203  
6097.566681  
6095.886605  
6087.240275  
6079.711673  
6109.015313  
6097.075723  
6055.454511  
6030.883349  
6086.455462  
6074.916644  
6080.219551  
6061.048708  
6034.036746  
6018.456771  
6069.662009  
6123.963903  
6105.581038  
6073.807917  
6126.861962  
6131.052518  
6086.464463  
6104.392039  
6101.585249  
6097.401693  
6066.4252  
6035.927983  
6024.965921  
6000.425337  
5997.554945  
6024.124721  
6010.02988  
5974.920016  
6030.831212  
6047.885303  
6047.301649  
6048.413189  
6083.822341  
6091.20529  
6074.573066  
6073.803476  
6102.824889  
6127.747286  
6126.115334  
6137.112126  
6119.066143  
6109.012389  
6105.721248  
6093.882024  
6117.324048  
6099.383643  
6066.506668  
6098.082494  
6042.302993  
6021.325386  
6055.024068  
6049.991497  
6082.406828  
6094.575944  
6080.708748  
6069.095755  
6060.412573  
6074.98337  
6090.489407  
6079.36542  
6100.174339  
6085.168598  
6097.161676  
6074.772753  
6087.691645  
6087.657224  
6104.855806  
6103.381873  
6106.661819  
6093.473824  
6103.626203  
6095.473876  
6068.525858  
6065.185749  
6054.686956  
6078.507087  
6073.612789  
6067.168203  
6053.561123  
6057.204358  
6064.172306  
6057.070319  
6077.81021  
6057.131355  
6068.875945  
6051.565346  
6040.031119  
6060.288117  
6100.491481  
6106.658612  
6090.273451  
6109.413341  
6082.259889  
6123.487208  
6106.403187  
6063.779822  
6093.212134  
6082.132506  
6082.590528  
6081.636182  
6113.40663  
6108.654709  
6108.088846  
6088.102587  
6100.486485  
6110.612052  
6070.038028  
6080.589519  
6056.503532  
6075.422815  
6035.800503  
6039.17602  
6023.19517  
6022.04005  
6048.899422  
6000.829253  
6021.367577  
6087.512216  
6074.594011  
6056.058261  
6085.97584  
6109.394535  
6083.826885  
6081.512348  
6119.599185  
6116.634497  
6108.124677  
6117.363959  
6098.167956  
6065.003634  
6100.360677  
6093.372991  
6074.466788  
6071.736924  
6078.852178  
6047.397029  
6092.902963  
6061.190044  
6070.171429  
6047.076863  
6051.710378  
6030.759909  
6050.111488  
6029.960165  
6051.273136  
6052.179736  
6076.104932  
6060.936937  
6046.344915  
6069.312288  
6135.826125  
6155.112956  
6108.590192  
6070.390957  
6083.471846  
6124.168032  
6116.325436  
6123.706575  
6094.240291  
6116.248541  
6072.061945  
6057.89558  
6030.871952  
5946.733735  
6046.94518  
6071.080319  
6049.596955  
6052.315184  
6086.563228  
6043.276753  
6067.060754  
6060.715586  
6090.891064  
6085.883016  
6075.663243  
6101.32294  
6099.952318  
6081.825606  
6096.113202  
6087.762895  
6077.606494  
6086.381276  
6083.482252  
6092.556667  
6075.502068  
6090.145223  
6065.38934  
6046.184778  
6078.008283  
6073.893476  
6046.360252  
6072.642839  
6072.451986  
6084.733775  
6077.923698  
6057.279463  
6060.255478  
6043.29838  
6073.527348  
6064.329395  
6070.574894  
6091.307541  
6097.505217  
6093.075234  
6091.977074  
6071.435905  
6071.385389  
6080.691603  
6099.738942  
6122.413203  
6111.452303  
6092.991235  
6093.862896  
6065.661122  
6063.092253  
6085.272444  
6085.724842  
6087.508869  
6116.092223  
6087.009353  
6064.425378  
6052.760537  
6067.960472  
6105.897441  
6064.511434  
6064.331421  
6044.98056  
6038.909881  
6064.745848  
6049.652695  
6045.547444  
6034.394886  
6042.574756  
6016.073962  
6000.524775  
5990.574291  
6000.46392  
6048.75336  
6049.714716  
6061.484891  
6057.143787  
6067.832095  
6076.896953  
6081.889365  
6066.997475  
6084.294541  
6084.973195  
6083.163111  
6105.940356  
6094.243879  
6058.868627  
6090.601647  
6093.677678  
6073.629337  
6080.422762  
6107.99283  
6115.335969  
6083.256173  
6089.931344  
6101.328  
6106.014933  
6098.351101  
6124.850246  
6094.604065  
6109.746435  
6085.643439  
6128.740638  
6095.736377  
6072.350064  
6069.542081  
6079.603398  
6080.769305  
6089.01532  
6076.293155  
6094.564158  
6072.686892  
6076.801107  
6068.755611  
6049.475849  
6060.794181  
6059.581071  
6077.747421  
6073.007991  
6083.496328  
6049.294623  
6074.868668  
6049.917644  
6058.271425  
6059.035749  
6087.466408  
6094.392457  
6069.316024  
6108.148663  
6104.02107  
6069.262145  
6084.629697  
6090.356296  
6070.130595  
6070.77584  
6085.245223  
6073.856677  
6090.215912  
6065.055117  
6091.85984  
6088.297043  
6035.708854  
6056.391774  
6066.205904  
6085.662171  
6079.192825  
6053.728327  
6080.122857  
6074.446521  
6038.732175  
6073.044319  
6060.860763  
6071.858913  
6052.054118  
6112.001304  
6102.663108  
6109.448486  
6089.759564  
6067.930132  
6077.75835  
6093.112358  
6076.950935  
6089.025923  
6092.011579  
6091.889807  
6098.379646  
6076.921932  
6076.59234  
6071.00863  
6060.590636  
6070.597186  
6098.507492  
6072.45794  
6062.657913  
6085.982576  
6085.464513  
6086.196219  
6027.777386  
6086.857604  
6094.097483  
6089.39567  
6063.79143  
6084.064277  
6072.312581  
6065.662281  
6069.955489  
6084.583511  
6036.608878  
6054.971234  
6049.936917  
6054.002645  
6086.602823  
6071.61974  
6070.922295  
6101.255214  
6095.334016  
6084.576572  
6044.133741  
6059.670132  
6023.834786  
6029.491405  
6055.768158  
6082.103124  
6074.706947  
6088.260785  
6079.620262  
6110.001502  
6072.187366  
6093.866068  
6097.866587  
6072.030369  
6092.700216  
6095.975245  
6068.324081  
6074.318773  
6042.909624  
6106.058214  
6077.542191  
6079.897924  
6082.586999  
6062.081402  
6088.844576  
6104.585511  
6091.641888  
6074.025982  
6078.931033  
6073.423584  
6108.144137  
6077.794766  
6043.376202  
6053.924905  
6069.979292  
6043.907522  
6052.132065  
6073.274389  
6068.261929  
6075.733745  
6083.727721  
6086.18172  
6083.169738  
6075.588224  
6085.419063  
6068.381601  
6067.526826  
6038.427058  
6018.567077  
6026.218966  
6084.568033  
6090.04186  
6093.5393  
6095.696981  
6081.855263  
6101.306019  
6095.139127  
6089.618888  
6079.823164  
6086.552549  
6067.146288  
6058.361371  
6071.52025  
6046.743375  
6068.107443  
6048.849589  
6075.302485  
6080.233553  
6074.843902  
6072.076266  
6057.200556  
6082.619615  
6082.234156  
6083.764024  
6078.157499  
6099.919075  
6076.709452  
6045.088251  
6041.611717  
6098.977111  
6085.163954  
6095.84689  
6091.838595  
6081.094321  
6083.382614  
6090.077956  
6071.113176  
6031.216489  
6052.125886  
6067.979496  
6028.50016  
6064.402434  
6082.579426  
6071.101888  
6035.46405  
6040.973494  
6041.400855  
6015.515673  
6122.457606  
6147.68108  
6078.747804  
6094.990232  
6048.634459  
6072.757891  
6062.447679  
6056.71706  
6074.868021  
6099.959841  
6082.902275  
6093.044132  
6072.211657  
6055.233864  
6076.02791  
6056.158757  
6074.516853  
6084.400249  
6079.224161  
6085.81961  
6061.685132  
6081.34861  
6077.989148  
6090.470273  
6094.827267  
6058.889838  
6094.750457  
6091.695299  
6059.755632  
6073.27761  
6084.901041  
6070.479407  
