9818.120193  
9764.015884  
9727.845745  
9708.996334  
9726.599494  
9755.092719  
9737.03095  
9739.44905  
9764.309455  
9790.381652  
9805.896225  
9782.949412  
9760.10226  
9773.468083  
9753.96502  
9772.607252  
9733.208663  
9760.554622  
9770.444176  
9778.844942  
9768.54825  
9778.391026  
9722.212073  
9738.054563  
9753.040075  
9728.699251  
9736.430027  
9727.185902  
9691.83788  
9711.900922  
9697.073025  
9701.35231  
9718.024605  
9726.784204  
9720.284109  
9734.33119  
9746.595242  
9715.025543  
9730.825957  
9714.719884  
9750.339687  
9749.748912  
9761.368864  
9754.855079  
9735.004313  
9747.723523  
9785.25775  
9745.068337  
9744.168148  
9755.504614  
9770.991375  
9791.252786  
9737.794893  
9778.644984  
9739.509752  
9741.573749  
9742.24884  
9730.311936  
9731.473029  
9743.766966  
9754.832596  
9774.075541  
9771.321317  
9743.427827  
9746.898985  
9756.779952  
9750.936989  
9739.56608  
9720.044233  
9715.193311  
9738.276966  
9724.98386  
9772.713416  
9786.128503  
9764.85776  
9783.002186  
9749.307846  
9772.847903  
9765.601061  
9747.389895  
9751.891849  
9751.093573  
9746.629973  
9732.519993  
9768.288742  
9760.195238  
9723.4994  
9735.631722  
9736.405162  
9725.658488  
9703.779261  
9748.989429  
9748.48733  
9764.568133  
9737.397633  
9768.871607  
9785.39183  
9759.41304  
9744.590183  
9710.6935  
9745.607748  
9726.693909  
9760.078145  
9744.834579  
9743.295912  
9743.844842  
9782.526321  
9779.499337  
9807.920528  
9773.465952  
9787.044957  
9770.464908  
9772.211019  
9796.560241  
9746.897831  
9747.537429  
9727.652356  
9712.068016  
9729.668938  
9733.50885  
9711.698935  
9733.839429  
9758.316966  
9763.285886  
9779.900797  
9779.932262  
9741.829558  
9743.250493  
9767.851796  
9737.163181  
9758.07285  
9741.034703  
9735.33784  
9718.463448  
9730.013238  
9726.055324  
9735.407086  
9726.975983  
9712.06149  
9767.225923  
9742.52744  
9705.599985  
9706.110764  
9707.036948  
9728.215436  
9739.168459  
9742.982652  
9794.306266  
9795.481488  
9809.711933  
9811.557171  
9814.168555  
9778.706528  
9794.267474  
9787.631962  
9761.154975  
9749.56825  
9749.053342  
9728.739486  
9724.969547  
9744.7787  
9740.526431  
9733.385506  
9737.916138  
9726.788316  
9715.074843  
9758.739722  
9747.368573  
9714.338904  
9709.629403  
9727.88345  
9731.574223  
9726.392452  
9729.637567  
9750.68172  
9781.144517  
9770.462167  
9771.32817  
9773.233316  
9802.879978  
9790.55772  
9794.355054  
9783.877718  
9768.367697  
9775.105973  
9774.294378  
9766.644487  
9740.410162  
9733.143451  
9745.706351  
9755.499478  
9769.699625  
9750.405132  
9717.356681  
9726.505474  
9773.527186  
9763.628787  
9755.962009  
9730.90657  
9723.542092  
9720.599539  
9754.455296  
9728.828958  
9709.534954  
9724.527082  
9773.207854  
9719.853914  
9729.677268  
9730.213688  
9707.783584  
9670.37258  
9732.504092  
9733.56849  
9737.622963  
9779.604797  
9753.038036  
9781.024049  
9789.555639  
9782.874004  
9782.364036  
9751.542932  
9795.137988  
9786.441037  
9793.452191  
9799.538611  
9751.786454  
9772.831303  
9788.745876  
9750.557279  
9820.91245  
9769.968517  
9744.441192  
9732.136196  
9703.248735  
9700.494638  
9716.771442  
9755.857449  
9759.511769  
9759.889899  
9734.261008  
9722.465102  
9723.010172  
9725.545219  
9752.870169  
9738.102879  
9762.940414  
9768.670066  
9782.464441  
9758.747912  
9727.459136  
9760.153687  
9735.180731  
9730.258857  
9757.95077  
9749.10167  
9774.793135  
9772.984677  
9775.400523  
9766.086362  
9752.722319  
9745.13192  
9719.452825  
9747.944812  
9756.764641  
9753.540925  
9715.183853  
9688.78493  
9696.991729  
9713.770663  
9734.938992  
9752.851159  
9712.359808  
9723.7318  
9751.776831  
9753.530911  
9752.992863  
9764.051426  
9758.746524  
9768.789295  
9731.586236  
9781.780637  
9759.681502  
9741.901832  
9757.293101  
9749.900708  
9760.423573  
9742.09492  
9725.875727  
9784.889833  
9783.18287  
9748.181624  
9754.434432  
9767.83053  
9743.606068  
9780.722957  
9744.945224  
9751.13391  
9793.306687  
9785.255399  
9765.645484  
9784.588383  
9751.78866  
9767.185788  
9778.630259  
9761.623168  
9807.436548  
9797.967041  
9791.116791  
9785.105703  
9750.201911  
9745.161823  
9817.568665  
9743.803321  
9774.750645  
9786.860754  
9769.441627  
9752.811817  
9738.816723  
9745.522404  
9758.680405  
9739.418952  
9785.123423  
9781.504581  
9773.901583  
9783.932347  
9767.542663  
9789.776533  
9785.06377  
9741.974917  
9747.643216  
9735.187541  
9774.684821  
9788.686121  
9771.178342  
9776.286305  
9749.029224  
9712.85316  
9756.852723  
9765.973662  
9759.97662  
9697.37726  
9636.984856  
9635.322603  
9652.276272  
9667.163034  
9714.878949  
9731.711195  
9763.142154  
9731.445472  
9720.57241  
9769.836389  
9813.333947  
9743.052168  
9786.094479  
9770.175919  
9792.203654  
9748.302001  
9764.376143  
9748.138383  
9719.805462  
9691.871527  
9691.020826  
9719.37379  
9695.465135  
9716.8933  
9730.211004  
9729.32192  
9721.890665  
9784.693999  
9776.02593  
9802.772055  
9784.337293  
9773.173857  
9770.693569  
9769.520821  
9751.769456  
9763.927356  
9751.736157  
9770.532347  
9770.956742  
9764.515288  
9763.372873  
9759.137991  
9758.633458  
9743.521874  
9784.045445  
9706.675747  
9740.213718  
9730.711281  
9730.863713  
9737.321322  
9711.217409  
9715.53589  
9718.640185  
9761.972916  
9740.838664  
9752.515924  
9754.752143  
9704.301562  
9701.896624  
9765.806594  
9818.60381  
9765.290778  
9735.052607  
9745.297199  
9733.355264  
9758.535255  
9728.270067  
9764.302179  
9749.921417  
9716.725929  
9740.634913  
9753.553563  
9744.901292  
9783.76546  
9735.312407  
9711.258182  
9763.705306  
9731.12189  
9725.622762  
9729.107917  
9734.978321  
9755.894338  
9728.443329  
9756.322109  
9761.63168  
9748.796932  
9740.153926  
9723.021115  
9737.998729  
9717.727375  
9775.111066  
9748.565603  
9718.707394  
9755.979288  
9734.586831  
9740.464884  
9714.359685  
9759.496852  
9779.998603  
9769.025715  
9763.044668  
9752.388797  
9746.659538  
9766.042151  
9752.566578  
9761.195475  
9777.685948  
9810.299737  
9797.051674  
9856.541698  
9786.164719  
9776.284168  
9743.110692  
9720.641591  
9728.734841  
9732.616005  
9772.250943  
9773.193499  
9767.206524  
9702.686346  
9743.839737  
9751.680578  
9756.612421  
9721.09616  
9723.245859  
9743.328372  
9757.348737  
9792.990334  
9789.101982  
9782.700882  
9779.099482  
9726.47771  
9673.53211  
9699.328899  
9756.328454  
9736.958632  
9729.802471  
9758.478245  
9746.663312  
9749.967225  
9792.382894  
9774.943656  
9776.65345  
9785.212142  
9779.514741  
9728.378703  
9754.96316  
9773.82139  
9734.799575  
9717.814001  
9726.232676  
9736.825508  
9709.201756  
9747.837458  
9761.817881  
9776.585571  
9763.464844  
9757.202548  
9790.86527  
9772.584627  
9765.24356  
9758.769518  
9783.36644  
9794.727651  
9770.36234  
9770.671848  
9750.609818  
9735.622043  
9763.859187  
9753.726284  
9756.650492  
9739.641147  
9740.33651  
9722.494083  
9725.653607  
9724.79555  
9765.720675  
9784.77101  
9780.772281  
9794.459992  
9764.418705  
9721.482452  
9675.63644  
9733.007784  
9748.393591  
9768.254154  
9780.53705  
9754.124237  
9738.010382  
9742.458092  
9726.583353  
9713.410612  
9756.429579  
9731.49968  
9757.807207  
9792.802614  
9813.29854  
9799.5412  
9798.168271  
9776.984737  
9775.44486  
9749.592848  
9772.86398  
9765.417567  
9792.254226  
9757.398402  
9758.535068  
9723.428597  
9746.185824  
9678.087707  
9654.019956  
9657.65718  
9686.157001  
9680.123141  
9713.754143  
9743.252743  
9768.873759  
9756.436897  
9759.5921  
9753.981089  
9763.034696  
9774.619405  
9788.427061  
9799.533653  
9770.982738  
9737.104469  
9719.237609  
9753.179755  
9746.394185  
9799.889306  
9720.372215  
9742.839145  
9749.853268  
9715.690961  
9733.340458  
9746.354718  
9767.712016  
9770.679396  
9742.369036  
9731.111523  
9701.526354  
9723.724072  
9719.574045  
9731.960603  
9748.023379  
9788.332408  
9813.091188  
9787.97887  
9720.41018  
9754.11875  
9779.177176  
9798.906605  
9823.475122  
9767.019176  
9744.99138  
9726.397363  
9789.62384  
9796.935817  
9781.011018  
9815.231386  
9812.599518  
9787.180654  
9743.745283  
9707.067039  
9746.250203  
9776.823901  
9769.307247  
9722.171418  
9654.354629  
9732.371428  
9716.890573  
9782.151117  
9743.02953  
9717.148414  
9657.956696  
9696.786529  
9688.521544  
9790.686194  
9793.857235  
9790.753389  
9786.482016  
9772.520074  
9779.082452  
9749.395315  
9799.989598  
9765.11591  
9794.395615  
9760.683634  
9768.53529  
9726.165418  
9718.22832  
9717.584505  
9709.050761  
9707.191706  
9716.207222  
9749.718527  
9743.612459  
9751.443392  
9750.998521  
9694.857614  
9695.882534  
9717.349574  
9749.070034  
9784.68517  
9754.804183  
9725.928275  
9755.447108  
9738.603246  
9732.593905  
9772.299118  
9742.172372  
9763.484127  
9755.518461  
9744.897621  
9761.999185  
9767.39069  
9739.192613  
9722.126199  
9747.097498  
9769.967859  
9743.866104  
9757.807129  
9762.611843  
9792.154929  
9805.975379  
9799.47411  
9792.208723  
9759.064376  
9693.251369  
9679.934419  
9717.150402  
9712.654862  
9699.503591  
9667.564935  
9701.19618  
9745.23712  
9775.119651  
9778.855703  
9766.907584  
9760.922056  
9748.024415  
9762.828161  
9771.693732  
9771.467568  
9772.442569  
9773.197249  
9715.502708  
9710.607213  
9709.592731  
9755.052533  
9770.438362  
9781.185453  
9770.614777  
9795.205704  
9810.285965  
9795.195199  
9779.13868  
9736.539173  
9723.119203  
9735.454796  
9759.708717  
9801.782593  
9826.999579  
9791.285987  
9824.475285  
9776.122375  
9772.140857  
9769.944609  
9752.862767  
9729.492404  
9718.080864  
9726.713538  
9693.02375  
9722.060454  
9739.627742  
9769.519368  
9734.046181  
9774.944047  
9764.549845  
9731.506351  
9751.896862  
9750.024079  
9738.990301  
9692.526319  
9738.601389  
9775.860702  
9828.060233  
9788.747603  
9796.834668  
9748.591354  
9715.855468  
9722.132045  
9675.746056  
9736.705325  
9725.51412  
9785.320662  
9768.506229  
9743.386112  
9726.471676  
9674.084381  
9705.105781  
9683.24387  
9694.397815  
9743.291909  
9768.138121  
9764.330522  
9741.375261  
9736.456846  
9687.597173  
9747.012965  
9850.106734  
9878.139519  
9760.470286  
9683.02644  
9748.70398  
9787.941067  
9797.679926  
9807.09654  
9747.385332  
9774.967022  
9779.84869  
9722.528096  
9670.619906  
9682.922102  
9643.281235  
9662.374019  
9675.12373  
9746.151827  
9733.504462  
9756.161378  
9698.632788  
9697.772949  
9805.13216  
9834.069774  
9789.183131  
9749.115719  
9739.385633  
9772.948637  
9784.548085  
9855.971658  
9815.27852  
9764.956748  
9772.864626  
9720.265934  
9749.998436  
9739.663064  
9772.549636  
9759.858552  
9765.967825  
9778.460532  
9811.064567  
9794.56642  
9818.745728  
9814.692401  
9816.281489  
9818.299398  
9708.024449  
9769.508851  
9793.498988  
9791.152259  
9797.017501  
9796.437683  
9816.855252  
9769.613882  
9745.243307  
9680.030737  
9669.997111  
9698.521565  
9741.484295  
9704.315723  
9724.471091  
9687.660911  
9711.753485  
9711.817603  
9717.556699  
9704.346783  
9716.475872  
9666.923525  
9656.051213  
9646.222184  
9685.393693  
9787.789819  
9758.502543  
9711.027522  
9698.939137  
9768.187267  
9795.809521  
9816.717844  
9741.733899  
9736.323945  
9771.22452  
9790.813783  
9764.045958  
9774.471111  
9752.340115  
9771.060504  
9748.983505  
9779.423954  
9771.676029  
9712.958575  
9723.174505  
9764.605848  
9771.655766  
9777.419778  
9755.01819  
9732.162012  
9745.945831  
9755.434375  
9783.062261  
9791.64094  
9765.819544  
9754.228203  
9752.118883  
9783.138279  
9769.559352  
9743.136207  
9743.358974  
9732.424439  
9707.774057  
9772.624203  
9805.438347  
9786.981935  
9764.249933  
9787.428267  
9751.914706  
9756.27901  
9723.424078  
9749.281691  
9739.77686  
9750.372947  
9753.200675  
9758.337185  
9723.616949  
9776.868882  
9768.329324  
9769.702554  
9763.306298  
9783.251905  
9788.090013  
9700.031678  
9753.290451  
9747.76791  
9769.577984  
9749.766918  
9748.33886  
9709.03022  
9769.143793  
9835.644961  
9764.665064  
9709.530391  
9758.608019  
9715.466162  
9719.191061  
9732.499812  
9746.826317  
9737.928945  
9749.859804  
9760.117688  
9734.344478  
9682.402159  
9716.435877  
9729.516959  
9756.832612  
9729.463201  
9763.980889  
9772.664411  
9770.073684  
9774.326587  
9801.515298  
9740.680789  
9743.712585  
9734.380213  
9761.611398  
9780.376316  
9717.737831  
9686.39616  
9817.060406  
9800.263358  
9722.440277  
9673.338497  
9734.057156  
9764.740902  
9826.856048  
9818.164383  
9820.336135  
9772.71743  
9701.511543  
9728.64544  
9734.200774  
9764.706724  
9774.678704  
9777.905014  
9740.774219  
9769.681086  
9741.852157  
9709.857121  
9706.801969  
9777.304642  
9811.414256  
9781.706865  
9780.920699  
9731.526986  
9784.657346  
9739.872815  
9736.749524  
9741.670623  
9748.113022  
9765.176633  
9777.489586  
9770.278613  
9784.889987  
9764.992979  
9765.246434  
9783.051622  
9803.312732  
9726.18  
9748.691351  
9725.80239  
9692.926797  
9637.453393  
9625.256397  
9654.817003  
9658.393743  
9725.944002  
9728.823308  
9788.205685  
9796.553628  
9812.067694  
9797.157019  
9794.713009  
9783.22695  
9812.641931  
9836.337294  
9809.416034  
9818.584647  
9815.473473  
9820.567827  
9818.346259  
9785.258094  
9753.272895  
9752.057722  
9738.352079  
9708.351347  
9687.039417  
9682.819637  
9733.37812  
9724.623735  
9712.589686  
9693.360786  
9752.281527  
9785.741623  
9777.843639  
9774.539515  
9811.572562  
9760.536914  
9688.569921  
9815.227611  
9809.469303  
9821.265881  
9834.172308  
9783.28437  
9786.857586  
9754.41097  
9715.681912  
9710.44023  
9703.045759  
9705.09228  
9702.606894  
9691.141303  
9703.382709  
9663.008726  
9702.018134  
9691.506635  
9702.767577  
9701.693852  
9718.225865  
9731.916324  
9716.994436  
9768.291062  
9757.412754  
9753.505252  
9780.578356  
9754.803864  
9750.421146  
9734.668316  
9749.354734  
9759.911833  
9780.636907  
9798.485109  
9755.550874  
9766.751395  
9736.926236  
9743.473638  
9729.599364  
9728.058669  
9732.987505  
9749.233922  
9712.065194  
9717.724361  
9718.758277  
9747.762045  
9727.251111  
9773.787789  
9789.4801  
9767.315428  
9754.501309  
9783.870932  
9781.703731  
9785.988171  
9793.137096  
9754.303482  
9702.166029  
9704.346398  
9787.211885  
9754.336363  
9850.734176  
9813.661062  
9771.790649  
9744.21303  
9755.378578  
9764.535749  
9780.580747  
9792.01684  
9760.313871  
9708.724781  
9719.096523  
9701.679597  
9716.377224  
9783.889573  
9750.692991  
9725.538303  
9682.319261  
9683.27658  
9686.188334  
9776.372941  
9787.317039  
9737.746453  
9730.804813  
9705.174102  
9749.141865  
9687.714655  
9729.888054  
9757.14313  
9739.423099  
9767.925352  
9737.950285  
9714.020372  
9724.960387  
9708.877449  
9736.579983  
9756.743551  
9794.459582  
9802.578543  
9775.40148  
9761.261973  
9708.84121  
9762.201454  
9779.418782  
9820.281625  
9825.460706  
9811.36869  
9793.765239  
9796.445135  
9792.817115  
9827.698208  
9815.084073  
9854.690449  
9801.958348  
9788.40377  
9800.031203  
9818.814307  
9795.171435  
9741.166478  
9753.486806  
9737.071325  
9777.964439  
9799.586277  
9721.052217  
9692.170014  
9684.318512  
9646.467396  
9680.487056  
9660.705766  
9729.167495  
9759.673527  
9713.50772  
9717.22289  
9687.666764  
9729.399047  
9729.86984  
9749.955881  
9711.524181  
9743.506082  
9729.584811  
9694.164782  
9703.362166  
9734.098675  
9719.83559  
9724.769795  
9729.714899  
9711.617051  
9726.127308  
9723.214874  
9778.64351  
9846.90689  
9805.296225  
9785.184957  
9786.118009  
9804.915551  
9798.350614  
9800.905  
9774.752173  
9785.420172  
9805.355754  
9748.281476  
9740.052375  
9686.587296  
9711.46647  
9725.023233  
9755.021853  
9724.81192  
9759.605586  
9707.023035  
9757.265365  
9726.339285  
9728.662098  
9732.190797  
9732.128204  
9734.347598  
9749.607491  
9713.709913  
9750.457588  
9770.397996  
9754.49115  
9723.311005  
9761.880806  
9768.864762  
9751.784249  
9722.334516  
9745.044447  
9783.173196  
9746.321147  
9684.642277  
9678.78342  
9714.904858  
9743.509058  
9749.137677  
9742.186222  
9701.056642  
9714.964803  
9750.967023  
9778.259519  
9791.775185  
9763.709128  
9750.71955  
9754.729232  
9787.337935  
9798.983256  
9778.168995  
9737.617076  
9668.127533  
9742.351948  
9730.049632  
9727.07342  
9873.639551  
9779.398881  
9751.87025  
9726.865423  
9740.192407  
9783.172362  
9783.4316  
9774.5042  
9779.67562  
9776.640629  
9753.384245  
9770.277521  
9766.750131  
9794.864062  
9781.596856  
9778.50837  
9782.356863  
9744.568056  
9739.11494  
9746.471579  
9751.760783  
9735.087935  
9761.374341  
9753.657866  
9753.115056  
9765.809051  
9771.215989  
9775.154526  
9762.498812  
9790.629585  
9751.373851  
9747.996933  
9723.953863  
9732.581696  
9754.336555  
9765.46867  
9758.734425  
9785.661954  
9794.060255  
9792.828337  
9805.93577  
9767.122725  
9751.8439  
9775.67666  
9765.026949  
9759.731079  
9744.309624  
9719.930414  
9754.335948  
9738.807674  
9748.928386  
9768.876484  
9807.643366  
9751.871682  
9680.001072  
9654.297649  
9657.416544  
9712.777679  
9695.75924  
9763.040623  
9731.054236  
9752.937934  
9713.304299  
9711.317423  
9756.709572  
9771.326392  
9765.005201  
9771.820927  
9751.823661  
9766.167158  
9764.600614  
9770.018105  
9766.655998  
9779.4341  
9753.135115  
9729.011149  
9708.492473  
9731.478358  
9773.604709  
9754.210648  
9780.243528  
9763.004845  
9743.050861  
9777.945988  
9762.40258  
9782.452591  
9785.887523  
9789.863356  
9769.39049  
9765.931656  
9768.904132  
9757.255424  
9751.33613  
9772.715877  
9738.769339  
9712.552577  
9720.616749  
9762.396307  
9731.096537  
9774.200768  
9752.358294  
9732.590883  
9720.811244  
9714.472504  
9712.464181  
9706.189314  
9725.818501  
9767.602969  
9768.741963  
9773.939202  
9747.374237  
9743.881684  
9718.076763  
9759.923051  
9765.386015  
9752.85623  
9745.440233  
9750.029038  
9761.192958  
9794.344348  
9771.176984  
9753.9924  
9754.860946  
9735.073465  
9759.328479  
9767.629289  
9769.654556  
9784.380442  
9765.823139  
9779.59873  
9751.189833  
9740.281107  
9649.478272  
9769.210274  
9795.740138  
9776.431002  
9798.178472  
9779.048361  
9776.766763  
9763.448597  
9729.457165  
9675.238316  
9713.54856  
9717.704561  
9733.239913  
9720.115523  
9697.938926  
9702.06978  
9757.603377  
9758.37908  
9720.592393  
9741.023414  
9716.162066  
9740.192668  
9750.572596  
9786.427142  
9754.629419  
9787.270678  
9785.151148  
9777.161791  
9763.629003  
9777.900118  
9785.202778  
9767.99204  
9724.138316  
9750.453089  
9740.282283  
9784.532137  
9804.688716  
9806.450855  
9769.198609  
9784.817715  
9737.030327  
9723.402601  
9746.482292  
9735.436433  
9733.151042  
9726.93804  
9751.900247  
9711.843507  
9749.053564  
9777.148956  
9764.028771  
9788.598514  
9785.107413  
9775.161898  
9758.463128  
9749.888341  
9757.287529  
9727.027646  
9737.912196  
9717.772902  
9745.018735  
9754.041586  
9766.115898  
9766.902803  
9771.146953  
9762.333434  
9789.194634  
9761.627847  
9749.300117  
9759.292361  
9764.948538  
9752.527648  
9744.619636  
9773.862411  
9753.052934  
9738.985862  
9784.248917  
9720.134222  
9744.651976  
9738.127989  
9731.516762  
9694.622406  
9705.894038  
9701.260901  
9699.995696  
9767.047806  
9808.282279  
9813.052121  
9808.595284  
9775.439872  
9691.727453  
9776.025829  
9763.545613  
9782.72354  
9782.948964  
9801.49543  
9755.311776  
9741.712766  
9728.240948  
9741.745789  
9717.702607  
9764.339359  
9787.317717  
9743.762142  
9722.119295  
9727.619465  
9726.967101  
9721.831694  
9709.328426  
9726.805217  
9726.310778  
9703.892623  
9739.391576  
9744.517895  
9699.643806  
9735.466676  
9706.142979  
9714.436601  
9691.125211  
9747.390434  
9797.771282  
9757.852507  
9748.181862  
9758.219457  
9787.102336  
9816.852903  
9790.232545  
9743.435066  
9757.672004  
9785.952672  
9780.613482  
9813.94476  
9825.448195  
9803.367213  
9819.448167  
9796.354932  
9768.750468  
9768.505466  
9775.657188  
9769.851441  
9799.930584  
9770.940613  
9765.16965  
9756.040142  
9759.951728  
9743.222448  
9774.463238  
9798.92338  
9740.145813  
9721.448667  
9708.913288  
9706.267285  
9708.365061  
9652.651307  
9689.622997  
9641.265306  
9619.063685  
9666.808133  
9665.353979  
9683.110139  
9699.166677  
9745.462722  
9746.262572  
9771.095998  
9776.04893  
9778.827249  
9801.186102  
9793.022501  
9793.223244  
9794.865325  
9798.531436  
9784.838582  
9808.612005  
9786.337006  
9791.274845  
9759.625249  
9767.175477  
9760.491011  
9727.461595  
9732.339616  
9693.497404  
9667.362319  
9701.661519  
9730.477733  
9738.944189  
9734.904729  
9743.236031  
9747.82831  
9739.050852  
9677.551373  
9720.422793  
9725.63309  
9751.810715  
9758.287501  
9744.596766  
9779.680048  
9773.798542  
9807.254913  
9786.746496  
9755.233161  
9735.922196  
9700.383461  
9740.297557  
9793.724069  
9794.448141  
9793.469613  
9739.542194  
9736.989313  
9751.303745  
9779.651894  
9818.927136  
9784.761473  
9803.058045  
9788.346762  
9773.860653  
9774.422048  
9757.487209  
9718.992477  
9743.030897  
9725.938028  
9741.235606  
9756.100349  
9767.84909  
9745.927516  
9758.486098  
9719.985115  
9760.331407  
9717.843328  
9750.882092  
9713.541874  
9712.543812  
9750.363068  
9755.215541  
9777.281886  
9773.597977  
9773.510719  
9736.906511  
9750.675026  
9721.08331  
9743.646049  
9751.379684  
9715.043977  
9724.234634  
9726.619291  
9724.381552  
9729.779335  
9715.14131  
9738.496271  
9749.751848  
9761.046557  
9784.799043  
9795.331713  
9775.241244  
9759.85682  
9737.415557  
9735.394896  
9763.559156  
9787.628603  
9800.611742  
9772.996532  
9782.113066  
9768.336669  
9784.645943  
9788.554105  
9802.404981  
9767.916047  
9762.167286  
9772.462258  
9748.683999  
9759.190102  
9772.714549  
9759.633509  
9769.753182  
9707.711537  
9764.612428  
9758.642052  
9787.084158  
9786.670496  
9755.817304  
9720.582952  
9728.418116  
9737.545607  
9780.559246  
9760.550547  
9758.975371  
9744.780801  
9755.504254  
9739.701018  
9714.621663  
9713.061862  
9730.169042  
9766.918234  
9799.761879  
9784.659224  
9687.021537  
9706.392284  
9724.584309  
9734.203816  
9757.346829  
9732.187381  
9753.467884  
9783.895011  
9740.959098  
9703.318034  
9692.02861  
9682.588707  
9725.922225  
9743.628274  
9765.15619  
9737.39638  
9716.894978  
9740.862132  
9769.958556  
9780.135234  
9791.101252  
9778.624061  
9792.561808  
9790.081375  
9789.750045  
9805.089436  
9775.105333  
9757.652572  
9754.895022  
9797.428754  
9824.10573  
9803.559216  
9801.963923  
9785.623315  
9786.356442  
9800.153928  
9759.186176  
9751.456957  
9736.835844  
9732.337373  
9708.575601  
9697.555259  
9691.123535  
9679.735097  
9645.014312  
