12083.25962  
11842.03738  
11817.96656  
11740.30841  
11779.0337  
11781.0656  
11757.0801  
11753.55077  
11787.54456  
11582.10193  
11792.30675  
11828.58431  
11772.52987  
11736.05223  
11774.00485  
11755.23678  
11718.67908  
11753.58211  
11776.51699  
11770.43683  
11799.31737  
11770.09235  
11750.4908  
11806.6244  
11773.12836  
11789.39723  
11775.9156  
11837.5741  
11763.22335  
11790.77326  
11827.61288  
11766.15568  
11755.88648  
11801.79284  
11790.1746  
11797.95753  
11790.62878  
11813.87946  
11819.80938  
11812.9982  
11810.58408  
11822.30884  
11778.58869  
11770.72755  
11793.05123  
11755.77853  
11796.07332  
11814.95087  
11842.75341  
11823.38896  
11818.30537  
11793.18286  
11800.10563  
11854.14022  
11807.44306  
11761.7247  
11784.91616  
11853.29484  
11782.63931  
11753.60441  
11750.2676  
11805.36031  
11850.25055  
11793.28898  
11842.66062  
11806.92751  
11753.12924  
11760.53267  
11790.60221  
11731.27061  
11759.32385  
11798.10834  
11772.07301  
11760.20508  
11768.5053  
11816.03878  
11761.31262  
11811.43687  
11778.4218  
11736.22  
11786.65924  
11830.67733  
11782.31582  
11842.39077  
11811.32714  
11826.27227  
11830.25127  
11786.79889  
11841.4713  
11824.2969  
11777.49721  
11800.07335  
11789.29542  
11833.9957  
11798.44933  
11770.95221  
11724.43867  
11774.21811  
11753.31454  
11774.81942  
11751.97434  
11737.32067  
11756.72474  
11764.9406  
11739.60682  
11754.27293  
11757.97237  
11736.98855  
11749.23678  
11779.95723  
11805.48367  
11753.90547  
11805.46942  
11771.55788  
11762.80131  
11730.46198  
11748.26295  
11780.53607  
11819.78669  
11800.31931  
11748.25707  
11806.19816  
11783.64515  
11799.14136  
11765.68515  
11750.06068  
11762.68869  
11782.63236  
11778.63585  
11781.20318  
11767.60292  
11807.52243  
11807.08482  
11767.06887  
11785.98204  
11838.39821  
11754.91325  
11776.00797  
11863.04777  
11889.82511  
11811.5593  
11785.11293  
11792.2408  
11786.54159  
11796.0682  
11793.20636  
11792.48681  
11833.68576  
11825.21889  
11814.20126  
11807.41777  
11782.65693  
11764.8271  
11718.28395  
11804.58437  
11728.30976  
11667.59781  
11811.19943  
11755.65533  
11712.54411  
11801.24986  
11778.72289  
11743.80426  
11718.36981  
11738.73655  
11776.21504  
11824.5948  
11819.41034  
11800.98516  
11831.45739  
11792.36568  
11775.05806  
11799.03685  
11747.98077  
11749.64894  
11813.36368  
11762.09627  
11862.47355  
11801.76295  
11729.00293  
11788.14158  
11728.74041  
11748.83233  
11775.62894  
11820.6649  
11786.02988  
11786.88677  
11768.71513  
11782.68944  
11779.04538  
11749.4537  
11777.78287  
11770.65758  
11759.13363  
11754.3862  
11801.65445  
11791.63949  
11789.42098  
11778.83224  
11775.3532  
11765.1315  
11742.31333  
11752.02023  
11785.31469  
11789.01415  
11818.76443  
11840.99266  
11851.72497  
11800.39746  
11770.39816  
11721.63926  
11676.28392  
11783.58738  
11705.0524  
11720.40028  
11812.02104  
11865.27186  
11851.93905  
11845.36877  
11867.85239  
11774.50545  
11852.80318  
11808.2432  
11775.72921  
11771.22364  
11778.99361  
11774.18518  
11777.91409  
11719.15633  
11807.38585  
11801.49057  
11799.87308  
11829.96703  
11770.86976  
11824.32419  
11762.74364  
11800.83412  
11795.36404  
11783.22523  
11785.39479  
11803.75468  
11822.60144  
11769.56473  
11818.1286  
11823.27169  
11817.06036  
11567.85235  
11888.84339  
11839.43164  
11725.83968  
11780.67228  
11749.43189  
11725.63885  
11778.52628  
11777.41311  
11828.92123  
11786.2969  
11750.90658  
11753.31359  
11788.80111  
11766.59238  
11749.055  
11772.50197  
11753.08164  
11786.48815  
11791.25418  
11762.09457  
11781.71799  
11777.47484  
11789.16012  
11788.39939  
11763.57594  
11762.0425  
11758.17153  
11746.22391  
11765.84396  
11783.69119  
11823.02385  
11796.29325  
11759.06071  
11800.91221  
11794.13825  
11785.04637  
11803.1373  
11762.70681  
11807.69399  
11779.07958  
11792.20883  
11825.16907  
11860.64034  
11777.50953  
11813.4074  
11782.70893  
11819.51724  
11806.40197  
11808.05005  
11841.04486  
11823.75915  
11786.92696  
11787.00212  
11783.2913  
11707.13609  
11770.701  
11725.19772  
11787.27859  
11811.34303  
11803.29806  
11700.15985  
11783.16247  
11758.81461  
11769.79467  
11805.79717  
11740.51865  
11721.27466  
11727.7145  
11749.25659  
11797.16833  
11794.55142  
11815.72617  
11737.9122  
11789.15177  
11805.31131  
11817.1098  
11828.64234  
11814.99983  
11797.04099  
11858.45294  
11852.52268  
11786.84357  
11813.17461  
11758.30437  
11832.58341  
11816.27768  
11839.90747  
11816.03566  
11800.31467  
11787.57846  
11875.28811  
11739.29554  
11919.49021  
11866.62668  
11797.70061  
11743.56421  
11760.35623  
11665.32918  
11674.84334  
11715.57017  
11759.97061  
11773.61156  
11771.56893  
11854.20458  
11801.17728  
11740.47205  
11816.36501  
11727.02146  
11748.14368  
11769.0945  
11794.6928  
11747.60236  
11769.45426  
11794.38493  
11808.50025  
11801.33772  
11766.05625  
11811.97902  
11815.49213  
11841.29908  
11836.18639  
11814.93835  
11837.39569  
11783.77129  
11789.60531  
11747.09925  
11775.37198  
11721.33319  
11768.09946  
11733.88597  
11750.62714  
11822.7991  
11776.23369  
11754.03016  
11764.5274  
11818.43054  
11777.12312  
11746.52041  
11763.94743  
11750.49142  
11766.99692  
11804.34066  
11831.8049  
11803.59256  
11767.51789  
11760.74625  
11806.76857  
11783.03423  
11813.11256  
11860.00663  
11816.02934  
11779.88377  
11755.07254  
11492.30127  
11782.99285  
11774.56354  
11753.27744  
11776.4182  
11748.93502  
11717.58399  
11754.53899  
11804.6326  
11811.48927  
11768.54178  
11760.50935  
11761.11783  
11729.64628  
11901.12978  
11892.25847  
11825.90768  
11773.03665  
11830.827  
11881.9642  
11888.79753  
11857.39156  
11846.92806  
11858.65468  
11813.0631  
11770.94469  
11657.12726  
11805.72172  
11753.12132  
11680.0115  
11835.98664  
11838.75028  
11811.77443  
11820.22034  
11884.93141  
11891.66844  
11823.77232  
11839.72952  
11800.81032  
11810.94524  
11738.39337  
11739.92073  
11768.37607  
11785.91196  
11795.44109  
11764.6125  
11714.91917  
11798.14929  
11790.6727  
11809.49516  
11820.85751  
11739.79319  
11757.21064  
11777.24628  
11745.93153  
11801.61761  
11767.27284  
11831.68064  
11784.61939  
11800.11284  
11745.99978  
11778.29837  
11748.38708  
11757.11006  
11741.25286  
11788.88855  
11774.1752  
11758.97749  
11840.23755  
11773.36116  
11739.87911  
11756.96296  
11791.68157  
11793.72706  
11793.18745  
11752.59353  
11800.11693  
11801.3949  
11836.45812  
11810.90253  
11811.68473  
11825.24089  
11815.0833  
11749.48929  
11799.4681  
11798.78472  
11835.34546  
11815.40646  
11847.11318  
11784.15879  
11765.57077  
11780.23366  
11799.26646  
11749.43645  
11780.69288  
11690.18813  
11802.55503  
11766.43759  
11829.56077  
11771.52863  
11807.74154  
11868.41876  
11845.9428  
11882.21567  
11816.31334  
11840.89295  
11795.98827  
11783.19847  
11800.77722  
11819.53047  
11840.43516  
11822.67159  
11795.82904  
11811.63229  
11803.70295  
11797.37397  
11789.03124  
11783.62817  
11779.23934  
11804.41423  
11796.38546  
11855.00754  
11796.17283  
11748.61662  
11755.6194  
11730.48642  
11793.46814  
11755.3454  
11775.94254  
11753.27978  
11753.50317  
11766.87886  
11758.20071  
11826.93606  
11788.32467  
11783.61813  
11776.68716  
11796.02656  
11750.99924  
11757.60963  
11753.66864  
11756.57503  
11793.18686  
11746.52213  
11604.53801  
11791.89276  
11863.53854  
11851.81714  
11819.03638  
11851.96479  
11796.67907  
11693.60598  
11753.58867  
11710.97953  
11727.74328  
11732.07273  
11790.04883  
11768.37164  
11793.23433  
11798.65077  
11799.87534  
11811.75646  
11829.99658  
11749.36614  
11727.40786  
11822.09092  
11821.86615  
11789.09205  
11820.83029  
11786.79388  
11741.95556  
11797.2493  
11776.30054  
11819.64252  
11775.18093  
11808.76052  
11803.85327  
11730.51571  
11779.31828  
11829.05019  
11764.23967  
11785.91312  
11771.57802  
11828.49272  
11819.01514  
11776.98934  
11838.26587  
11866.13186  
11811.4271  
11827.09194  
11814.20161  
11804.53283  
11776.05736  
11755.11652  
11753.25723  
11824.58295  
11798.28454  
11863.87016  
11817.99257  
11758.78176  
11747.70411  
11820.12651  
11763.39738  
11824.14369  
11742.83447  
11838.55778  
11741.56151  
11651.04426  
11835.51361  
11739.55515  
11806.85253  
11710.87015  
11725.22507  
11803.71176  
11858.87756  
11836.85375  
11847.72864  
11704.91278  
11802.15102  
11739.79994  
11800.10142  
11782.15131  
11774.4999  
11746.06249  
11723.84183  
11800.7675  
11787.74233  
11798.55734  
11755.05317  
11800.8828  
11764.85198  
11829.3747  
11882.64291  
11853.18993  
11782.44129  
11765.15004  
11761.96862  
11741.22546  
11783.81578  
11756.83438  
11746.43659  
11760.31612  
11738.18215  
11731.87074  
11743.65095  
11778.73495  
11808.5221  
11795.32968  
11789.07734  
11767.30109  
11760.59144  
11795.51109  
11814.10246  
11860.76666  
11810.66881  
11822.97421  
11792.1037  
11795.7852  
11817.86241  
11795.4219  
11802.29539  
11779.41929  
11779.59409  
11819.45164  
11819.61184  
11845.89138  
11841.84676  
11726.31795  
11779.47068  
11785.25901  
11767.305  
11782.05135  
11766.52003  
11725.31084  
11698.61656  
11742.01916  
11690.21158  
11711.17762  
11785.08942  
11761.88089  
11807.84175  
11802.9663  
11834.58059  
11809.40661  
11820.96484  
11860.33991  
11851.02174  
11822.01514  
11808.29001  
11801.16348  
11824.91408  
11800.956  
11834.2166  
11784.3056  
11812.85089  
11823.84383  
11775.79421  
11758.78207  
11824.47278  
11860.04969  
11792.07043  
11778.70991  
11776.08125  
11744.53534  
11804.65569  
11786.80512  
11865.88572  
11756.33703  
11779.16033  
11775.78886  
11845.1963  
11813.94185  
11805.45852  
11795.13519  
11742.40553  
11778.16433  
11824.05056  
11799.85141  
11869.18869  
11777.92442  
11745.59919  
11707.15233  
11791.76682  
11787.52631  
11781.67602  
11894.70096  
11770.42342  
11830.22859  
11841.31007  
11815.91669  
11773.04779  
11714.00915  
11782.01747  
11775.44559  
11808.62406  
11628.60494  
11749.21129  
11774.12038  
11742.82924  
11786.62975  
11731.221  
11782.59671  
11769.33548  
11812.0348  
11734.67447  
11783.94762  
11857.59387  
11832.43476  
11808.04974  
11747.97188  
11674.00124  
11737.19995  
11807.1363  
11763.58649  
11689.56752  
11691.83869  
11697.21991  
11673.57313  
11809.17139  
11805.31536  
11702.22676  
11745.31  
11741.34448  
11720.6085  
11752.57227  
11694.3636  
11683.49082  
11674.27572  
11726.21029  
11769.45928  
11794.93799  
11808.11798  
11772.28381  
11705.63646  
11816.88586  
11818.07943  
11821.89909  
11756.84915  
11819.7188  
11788.40325  
11839.27211  
11925.04793  
11959.53711  
11922.46993  
11809.37685  
11831.53191  
11778.56378  
11779.34714  
11780.54562  
11721.38042  
11779.1263  
11805.46617  
11801.31492  
11796.57788  
11818.59058  
11755.84096  
11834.58396  
11875.87262  
11784.26438  
11755.00609  
11848.70769  
11822.98536  
11876.63316  
11829.01019  
11826.72372  
11839.54959  
11845.61573  
11844.83542  
11747.55078  
11806.66709  
11785.69689  
11859.5531  
11841.8874  
11820.68323  
11705.55644  
11786.78284  
11751.01884  
11738.27083  
11772.28784  
11797.84711  
11744.92665  
11761.18667  
11729.21969  
11728.28001  
11810.1074  
11715.84272  
11746.47486  
11776.59249  
11812.94818  
11824.79668  
11801.3952  
11726.24858  
11779.54495  
11726.46316  
11817.99884  
11843.93589  
11845.90534  
11806.15502  
11742.5987  
11813.17509  
11778.09025  
11789.87819  
11715.7426  
11791.2386  
11761.2492  
11786.86531  
11874.67027  
11766.85028  
11760.72974  
11797.3997  
11830.79917  
11795.56438  
11808.8225  
11786.86185  
11730.97628  
11755.81521  
11805.98868  
11735.32272  
11790.82863  
11770.7386  
11696.07148  
11720.51244  
11778.0625  
11813.28495  
11805.91593  
11836.61119  
11819.74426  
11735.0746  
11774.41087  
11771.18627  
11792.23753  
11786.93317  
11788.8861  
11788.40628  
11744.97595  
11767.32313  
11793.25633  
11853.83018  
11868.39485  
11792.44061  
11731.16694  
11783.91326  
11759.00954  
11748.37763  
11746.28205  
11791.45021  
11722.45622  
11794.13898  
11839.06453  
11884.69699  
11852.29511  
11829.54366  
11847.68557  
11796.01408  
11721.0422  
11746.73602  
11778.96616  
11835.17628  
11820.15834  
11829.00387  
11825.05746  
11808.68518  
11786.14412  
11781.81433  
11781.89983  
11819.71032  
11757.1188  
11737.7596  
11736.46939  
11632.64373  
11761.44587  
11714.67135  
11748.18934  
11723.81648  
11814.83471  
11797.06112  
11810.57155  
11760.82173  
11747.35968  
11773.73897  
11746.77506  
11763.57654  
11725.8822  
11761.9915  
11731.05545  
11928.05126  
11874.24938  
11800.91049  
11949.59492  
11850.05944  
11817.9721  
11744.33732  
11826.84132  
11836.32782  
11870.68564  
11895.67616  
11867.94963  
11898.75408  
11832.16995  
11833.088  
11872.52745  
11834.28506  
11604.93787  
11720.66849  
11766.41917  
11793.57477  
11727.21575  
11733.71906  
11758.23056  
11751.11671  
11768.84642  
11788.50169  
11794.80121  
11749.15867  
11847.67344  
11811.82421  
11807.06413  
11807.99401  
11702.62241  
11794.49069  
11720.11874  
11744.21543  
11743.01821  
11763.93291  
11781.99824  
11789.35984  
11830.40403  
11780.89022  
11849.24195  
11835.74175  
11825.77517  
11798.53879  
11822.80984  
11822.48496  
11763.90356  
11807.7045  
11804.51855  
11827.61235  
11755.68772  
11805.86422  
11814.59122  
11820.2762  
11749.33119  
11829.72641  
11847.24813  
11780.0939  
11798.91399  
11812.52783  
11817.68255  
11768.19974  
11786.039  
11764.08384  
11727.15802  
11765.48591  
11779.36856  
11848.26895  
11557.1115  
12030.5388  
11853.68215  
11846.40033  
11873.70551  
11806.29876  
11814.23331  
11801.7942  
11819.92114  
11848.03179  
11845.43  
11810.11672  
11782.91671  
11737.60202  
11747.91748  
11728.02792  
11661.9558  
11759.00864  
11748.62531  
11811.00208  
11816.27519  
11775.76821  
11829.30226  
11755.56256  
11798.82872  
11774.64099  
11844.21794  
11826.10418  
11802.6971  
11810.23345  
11778.17686  
11746.1695  
11735.5788  
11776.24673  
11727.89122  
11782.01669  
11767.48333  
11778.04897  
11742.49366  
11745.21493  
11746.2012  
11773.80136  
11772.60705  
11783.59515  
11824.71858  
11787.14836  
11743.95068  
11755.98233  
11778.78536  
11757.10734  
11700.68109  
11783.91938  
11740.71464  
11709.85256  
11711.84605  
11758.53635  
11766.20898  
11741.36316  
11773.52238  
11745.08932  
11768.14417  
11749.92237  
11872.60279  
11845.77893  
11860.49268  
11754.13455  
11742.49243  
11772.59124  
11750.2937  
11781.64308  
11822.98342  
11803.17848  
11781.29355  
11822.57878  
11808.8403  
11833.43095  
11889.55956  
11880.67928  
11772.70291  
11740.78765  
11781.99619  
11832.9041  
11813.17651  
11830.02307  
11786.73977  
11795.00243  
11861.77791  
11809.95485  
11786.1521  
11824.92555  
11858.85516  
11817.63617  
11781.54417  
11809.11602  
11823.64305  
11841.85137  
11831.00408  
11821.26921  
11786.65933  
11812.72607  
11762.70206  
11773.29602  
11721.72038  
11712.76526  
11708.2675  
11639.31613  
11696.89196  
11719.03426  
11736.92366  
11736.35592  
11741.66859  
11783.47022  
11740.08044  
11712.45729  
11756.02202  
11752.70516  
11817.08132  
11740.7271  
11818.61966  
11710.817  
11754.79404  
11697.86338  
11754.93052  
11779.74455  
11730.5213  
11726.78942  
11661.95887  
11698.99633  
11718.78574  
11754.50746  
11799.95928  
11844.37998  
11836.7183  
11813.89378  
11702.31986  
11826.04958  
11753.36533  
11840.95737  
11811.99128  
11789.71224  
11800.80885  
11780.97035  
11767.91611  
11787.23674  
11773.49559  
11761.22009  
11783.46314  
11717.26655  
11821.2739  
11791.78675  
11858.38981  
11829.41977  
11815.23121  
11751.03469  
11762.64423  
11753.59696  
11790.9818  
11811.26196  
11817.58449  
11811.63183  
11832.17496  
11817.41112  
11842.58023  
11814.86741  
11788.59688  
11811.87619  
11708.79029  
11732.63892  
11764.32902  
11786.50028  
11790.30655  
11803.66693  
11709.04772  
11832.72197  
11828.82381  
11824.57395  
11836.29556  
11859.35498  
11830.58859  
11872.60076  
11878.46568  
11902.24277  
11899.75899  
11892.11083  
11844.26688  
11825.65824  
11825.28416  
11754.28086  
11781.47295  
11718.03748  
11728.74946  
11751.19688  
11731.7946  
11759.5006  
11805.00951  
11768.00193  
11738.92249  
11759.52559  
11758.52364  
11773.03527  
11785.63821  
11808.39023  
11765.97093  
11805.60381  
11854.50546  
11819.94636  
11754.78247  
11751.7933  
11723.72184  
11903.69554  
11908.46052  
11868.85947  
11834.90517  
11832.20687  
11773.68436  
11724.9734  
11741.00785  
11785.85431  
11818.99881  
11779.87801  
11810.51414  
11786.90164  
11749.58656  
11803.00733  
11784.59609  
11764.06999  
11788.74723  
11789.88133  
11800.91693  
11779.90485  
11759.95571  
11774.69593  
11766.52231  
11802.21033  
11810.74338  
11813.10482  
11795.38444  
11757.15557  
11779.32264  
11741.43739  
11726.87194  
11704.32785  
11729.38615  
11705.92249  
11711.42766  
11776.49145  
11764.57768  
11796.39117  
11809.90883  
11825.15032  
11788.9077  
11789.10233  
11780.30276  
11785.27839  
11850.56469  
11826.73294  
11794.64712  
11778.76503  
11896.58726  
11791.85297  
11859.29384  
11862.36572  
11814.34947  
11823.72741  
11779.69026  
11797.93418  
11773.32775  
11805.88928  
11760.10797  
11695.24113  
11729.88696  
11844.806  
11788.23797  
11751.13676  
11774.32429  
11768.21176  
11750.67184  
11789.70797  
11755.60312  
11754.16233  
11751.42583  
11782.00686  
11828.20453  
11773.87711  
11794.35283  
11746.7078  
11757.45991  
11725.32094  
11712.15651  
11757.62005  
11752.08291  
11771.30513  
11794.05644  
11761.17475  
11785.25813  
11820.15157  
11853.78934  
11845.05822  
11811.7182  
11869.46082  
11862.92664  
11868.79588  
11845.07449  
11808.50566  
11819.89526  
11781.91872  
11816.65438  
11788.8242  
11793.6248  
11759.50597  
11799.41873  
11798.3368  
11807.29934  
11770.69679  
11739.95888  
11789.3741  
11817.9567  
11763.22138  
11751.11363  
11760.83633  
11731.81064  
11810.90294  
11755.39773  
11770.24045  
11774.31146  
11772.60287  
11765.49274  
11732.34782  
11767.57447  
11802.05618  
11796.54253  
11810.99141  
11742.00741  
11779.58249  
11782.57743  
11800.50123  
11795.32441  
11779.62466  
11817.26274  
11816.80489  
11814.67194  
11758.26551  
11629.91723  
11918.9578  
11885.37605  
11856.9067  
11889.47524  
11789.9759  
11760.03058  
11782.36944  
11776.7028  
11832.25079  
11811.05077  
11796.28628  
11795.7067  
11782.87017  
11829.57945  
11793.77705  
11745.22106  
11806.03467  
11816.16022  
11807.11614  
11765.3251  
11773.07151  
11815.8874  
11760.01591  
11742.91159  
11781.41758  
11789.92427  
11787.52837  
11771.23176  
11801.7493  
11799.73851  
11847.85869  
11826.77704  
11756.74971  
11793.1047  
11779.69192  
11789.29385  
11784.30725  
11806.53922  
11801.1068  
11752.14737  
11774.38185  
11778.02088  
11734.47544  
11768.60455  
11781.46917  
11799.7327  
11762.81227  
11725.50674  
11725.30458  
11786.74774  
11760.48492  
11750.1349  
11780.88913  
11772.73633  
11829.72205  
11842.77986  
11815.69942  
11813.50512  
11817.34243  
11763.82897  
11872.87609  
11841.40511  
11851.56399  
11811.58293  
11761.42052  
11768.5968  
11739.70573  
11796.1264  
11813.41744  
11790.96281  
11732.09089  
11764.63296  
11763.14124  
11808.55737  
11783.51194  
11764.79186  
11729.60046  
11718.75807  
11808.30541  
11793.36132  
11818.81349  
11773.34139  
11819.92581  
11766.5911  
11752.31884  
11801.05985  
11770.83487  
11906.16059  
11784.4516  
11859.62443  
11747.54443  
11729.52858  
11685.26095  
11714.1722  
11715.74533  
11728.73898  
11750.99313  
11807.62279  
11787.57638  
11785.7088  
11786.96363  
11787.95376  
11794.00424  
11793.79334  
11797.91147  
11803.02869  
11773.9315  
11796.95488  
11799.59851  
11831.54333  
11826.84841  
11793.20006  
11796.43369  
11796.61732  
11802.64738  
11770.81577  
11764.76829  
11811.44889  
11846.53705  
11850.20014  
11819.87963  
11814.17323  
11815.41749  
11852.61957  
11827.57521  
11766.23723  
11805.26317  
11789.41762  
11745.79942  
11760.64275  
11703.68594  
11789.83764  
11746.0423  
11749.25827  
11749.48674  
11782.77674  
11678.74928  
11771.78993  
11829.2832  
11728.37463  
11823.33923  
11785.44001  
11790.4614  
11780.69226  
11793.83429  
11711.03318  
11823.44889  
11760.31142  
11836.50107  
11785.8101  
11772.79243  
11725.2541  
11762.12801  
11757.06188  
11697.70115  
11750.64047  
11748.36511  
11749.92559  
11745.05555  
11733.28501  
11762.89371  
11817.08398  
11851.97275  
11804.65448  
11790.49383  
11796.31815  
11724.54117  
11778.11584  
11780.23881  
11796.64862  
11858.69791  
11822.66232  
11848.86183  
11787.03793  
11762.41575  
11711.11874  
11730.72854  
11804.42341  
11765.92298  
11768.09717  
11830.29357  
11772.72312  
11759.77042  
11818.10171  
11787.89409  
11845.66633  
11811.5525  
11796.3675  
11790.52891  
11816.08349  
11845.96759  
11803.14848  
11789.22411  
11822.84456  
11791.99598  
11756.27734  
11827.48122  
11797.16094  
11812.34523  
11776.25442  
11719.52714  
11825.53101  
11834.17358  
11815.0539  
11746.48434  
11776.24921  
11751.88058  
11792.21429  
11730.64635  
11740.74954  
11794.34947  
11789.28159  
11810.91475  
11766.87916  
11800.01599  
11791.20268  
11744.52417  
11746.21234  
11685.30006  
11801.42053  
11832.00542  
11756.02289  
11783.00594  
11782.47693  
11790.63997  
11826.11676  
11806.63377  
11771.64381  
11748.28346  
11827.03857  
11784.84931  
11801.8749  
11754.83933  
11690.85753  
11750.976  
11772.20122  
11770.19835  
11765.34909  
11786.29747  
11774.59902  
11829.99182  
11816.07115  
11825.40346  
11803.35675  
11781.55432  
11778.18956  
11756.2015  
11758.9492  
11786.24897  
11845.65564  
11817.91822  
11837.68847  
11792.62971  
11841.70971  
11785.01411  
11778.18013  
11797.40113  
11831.03207  
11817.19148  
11783.04871  
11720.73767  
11732.53106  
11806.01863  
11802.25661  
11769.97455  
11793.52215  
11802.05746  
11778.62999  
11845.96028  
11754.08294  
11839.54564  
11795.96891  
11874.44876  
11783.81207  
11747.83938  
11815.77313  
11788.72913  
11776.92896  
11788.14455  
11706.37725  
11784.18588  
11818.71837  
11826.7835  
11814.50355  
11861.19481  
11819.23806  
11796.49787  
11857.90109  
11741.59347  
11799.96223  
11829.89431  
11849.38429  
11784.85615  
11785.12532  
11717.81087  
11775.25476  
11737.42501  
11804.80905  
11830.2837  
11806.98359  
11795.28729  
11749.95343  
11752.87746  
11789.4077  
11800.73163  
11793.04116  
11791.71421  
11747.09705  
11789.56203  
11715.98301  
11805.85392  
11813.70737  
11794.18467  
11820.78852  
11845.14706  
11759.97646  
11749.40554  
11734.70474  
11794.27054  
11696.39851  
11808.04616  
11786.93275  
11822.5119  
11731.54991  
11775.85439  
11784.06336  
11749.64297  
11761.89027  
11820.87252  
11845.21097  
11833.76915  
11794.69029  
11825.93392  
11784.7989  
11817.94796  
11740.73286  
11781.82369  
