10246.63547  
10193.92026  
10186.35306  
10141.09102  
10173.40497  
10220.88958  
10212.6502  
10205.75782  
10225.57809  
10238.7025  
10302.71543  
10309.09456  
10266.20893  
10281.06012  
10247.60815  
10265.67204  
10194.45799  
10257.23367  
10262.2159  
10280.9755  
10251.89308  
10292.33695  
10179.11972  
10213.91574  
10224.81426  
10244.68825  
10217.84232  
10208.32292  
10155.06463  
10201.55773  
10175.27901  
10203.72893  
10192.1931  
10222.12312  
10173.39595  
10200.95008  
10201.16954  
10159.16719  
10208.62365  
10207.03217  
10236.61776  
10230.00038  
10263.4727  
10211.55006  
10207.01485  
10213.60539  
10248.3316  
10196.10864  
10227.6028  
10254.65752  
10261.03106  
10283.70268  
10232.08126  
10271.28208  
10229.59935  
10210.61074  
10197.89577  
10227.94771  
10220.17512  
10248.65693  
10225.01862  
10311.27196  
10278.69518  
10267.55  
10229.77153  
10227.86417  
10239.34131  
10204.72132  
10174.98256  
10193.0158  
10202.71703  
10206.069  
10282.68171  
10295.45978  
10298.37929  
10285.69209  
10240.44416  
10270.31505  
10282.81802  
10227.61437  
10245.62887  
10250.39798  
10239.04213  
10221.83738  
10276.11874  
10267.42836  
10200.26145  
10214.46684  
10181.16951  
10172.05627  
10155.84328  
10227.07251  
10201.75336  
10247.41037  
10195.09579  
10209.68626  
10263.32733  
10205.38792  
10204.77534  
10140.18972  
10140.58816  
10167.78663  
10197.42664  
10182.28172  
10183.25585  
10176.00871  
10223.16008  
10212.65411  
10297.99806  
10215.73485  
10277.20589  
10263.10126  
10286.51079  
10323.19563  
10199.39049  
10186.44973  
10176.98686  
10188.3175  
10199.90948  
10203.44321  
10205.28089  
10237.20874  
10224.52485  
10252.81924  
10246.24722  
10244.48826  
10183.4984  
10157.77983  
10216.73076  
10169.67981  
10222.81698  
10241.14352  
10216.29801  
10223.81896  
10235.66013  
10210.23329  
10205.23205  
10190.21837  
10193.44986  
10256.2311  
10219.37153  
10167.8593  
10168.71641  
10195.10634  
10211.62449  
10222.353  
10272.49557  
10337.9153  
10323.95767  
10390.60881  
10318.91954  
10318.59227  
10201.65829  
10262.38289  
10217.54803  
10171.26961  
10207.73157  
10189.23183  
10190.17422  
10207.56699  
10211.703  
10179.63745  
10212.0383  
10170.41809  
10181.942  
10181.02919  
10226.43315  
10210.60106  
10189.00692  
10183.91194  
10185.47967  
10193.6094  
10169.66362  
10160.00072  
10258.51815  
10265.91122  
10220.61965  
10256.62785  
10253.87733  
10331.97372  
10333.95615  
10333.62852  
10269.88504  
10278.09241  
10270.22279  
10275.99075  
10259.47341  
10227.65918  
10174.47812  
10164.09431  
10216.52759  
10253.8984  
10280.93424  
10180.43458  
10211.2796  
10227.7777  
10278.61477  
10269.64626  
10247.75604  
10195.83783  
10162.55753  
10207.13192  
10119.89624  
10126.95257  
10145.72701  
10219.05985  
10186.15579  
10163.11323  
10206.56895  
10128.00589  
10111.13499  
10199.47611  
10263.49384  
10245.69693  
10285.76564  
10242.80526  
10232.44129  
10248.65499  
10269.50416  
10229.37828  
10221.02763  
10271.84496  
10245.2752  
10262.42756  
10291.47646  
10226.05646  
10255.39062  
10274.9591  
10229.84335  
10322.86348  
10232.94615  
10216.68614  
10187.61459  
10181.05127  
10145.95206  
10174.61832  
10235.58338  
10187.60135  
10196.21225  
10174.35392  
10178.05222  
10159.45903  
10143.33253  
10172.5981  
10183.69927  
10252.90677  
10233.34125  
10289.26003  
10255.23638  
10241.68166  
10226.74857  
10160.23856  
10190.73561  
10192.3993  
10198.68294  
10232.98367  
10271.47917  
10297.66979  
10339.86215  
10255.23888  
10287.1416  
10229.32473  
10227.8395  
10242.51818  
10256.62195  
10184.15214  
10191.29535  
10141.23426  
10161.78907  
10202.41996  
10250.80264  
10235.96889  
10223.31436  
10235.79364  
10230.24453  
10223.67256  
10220.32106  
10203.62575  
10233.32849  
10200.26975  
10233.97724  
10219.65533  
10218.19362  
10205.42259  
10198.41149  
10227.33845  
10178.08757  
10183.08908  
10240.32428  
10204.26195  
10273.09617  
10193.61738  
10227.22744  
10204.25796  
10262.52763  
10221.53208  
10257.74615  
10228.53539  
10289.59421  
10285.02874  
10278.02888  
10236.79938  
10259.76283  
10245.94999  
10265.33299  
10282.9818  
10288.06735  
10219.28991  
10214.77907  
10198.373  
10199.33065  
10204.9146  
10208.60319  
10248.31325  
10224.26805  
10243.50187  
10208.85962  
10219.68146  
10205.81369  
10194.71315  
10195.15074  
10233.37855  
10250.9834  
10262.59776  
10286.37518  
10256.54723  
10295.59209  
10247.91713  
10200.39868  
10241.79368  
10220.62943  
10254.11117  
10269.26538  
10258.20378  
10219.52311  
10237.32196  
10188.95871  
10281.18517  
10223.1978  
10278.2536  
10218.71302  
10107.17958  
10087.4852  
10058.49809  
10117.80515  
10141.06323  
10186.38237  
10273.10757  
10236.4076  
10217.93156  
10298.28495  
10315.53873  
10246.79096  
10264.11385  
10280.3357  
10269.93722  
10172.29083  
10237.95084  
10251.97994  
10149.19904  
10186.06681  
10110.34059  
10147.98772  
10177.19281  
10207.33279  
10214.51023  
10176.91298  
10207.7077  
10277.82191  
10340.81905  
10351.32848  
10314.66706  
10302.20512  
10247.03319  
10219.22972  
10207.95229  
10196.92607  
10178.43994  
10208.72296  
10205.54603  
10235.8071  
10206.51022  
10215.05669  
10215.33736  
10253.51564  
10283.05396  
10217.99576  
10262.93912  
10233.20681  
10273.69125  
10214.35443  
10203.86235  
10193.81559  
10184.10961  
10235.70284  
10223.04103  
10280.63516  
10269.47802  
10192.42989  
10195.15491  
10170.48673  
10368.95606  
10302.77959  
10245.24871  
10226.83531  
10216.33544  
10226.09468  
10219.32989  
10270.16518  
10212.56874  
10160.2076  
10190.6069  
10229.57592  
10258.71521  
10268.66005  
10175.80681  
10116.60289  
10247.13807  
10209.39564  
10235.84604  
10209.69211  
10271.31648  
10253.22242  
10296.5094  
10261.90996  
10259.58734  
10239.4962  
10228.23534  
10152.57065  
10176.64691  
10172.8732  
10220.29455  
10229.48813  
10175.13046  
10222.89987  
10234.3152  
10189.79714  
10174.0648  
10202.1979  
10222.22561  
10207.32811  
10248.558  
10252.34539  
10268.5562  
10219.23522  
10235.59468  
10231.33966  
10287.91156  
10316.77562  
10315.3567  
10396.02446  
10305.52712  
10214.96457  
10165.67313  
10115.02189  
10161.078  
10127.61497  
10185.35298  
10234.36312  
10263.76218  
10200.2411  
10197.14006  
10214.72353  
10203.59686  
10189.35835  
10141.47357  
10160.21358  
10187.71817  
10254.84404  
10254.1872  
10307.28694  
10284.93797  
10232.82851  
10160.47569  
10160.67948  
10235.62836  
10223.37287  
10232.63039  
10231.05263  
10204.17448  
10204.65003  
10297.05284  
10234.21746  
10253.41123  
10260.07059  
10238.64279  
10176.41508  
10269.88997  
10224.86175  
10198.14961  
10163.86344  
10194.10439  
10262.54524  
10213.09743  
10229.96945  
10168.94246  
10272.52954  
10199.31545  
10197.03355  
10274.79723  
10257.9547  
10218.55447  
10230.00309  
10251.8508  
10272.9551  
10253.8611  
10281.34742  
10238.60287  
10214.08673  
10224.18855  
10207.48305  
10210.62347  
10234.18243  
10210.41101  
10235.18571  
10206.47035  
10211.25837  
10203.29585  
10325.40566  
10301.37197  
10338.52275  
10277.80281  
10186.59235  
10168.86702  
10171.49743  
10204.00045  
10272.42873  
10290.10755  
10249.13961  
10242.88552  
10222.46615  
10182.32701  
10185.83208  
10172.45209  
10127.37281  
10175.87662  
10257.83345  
10243.38307  
10306.05774  
10341.49335  
10325.96591  
10279.99467  
10257.9118  
10207.50641  
10106.16571  
10255.3312  
10235.41875  
10211.97917  
10250.44701  
10201.81109  
10177.63065  
10058.22181  
10097.82884  
10082.98212  
10076.52566  
10130.88869  
10179.71233  
10226.2796  
10257.78521  
10227.60783  
10251.09058  
10227.42304  
10239.61206  
10248.57054  
10305.20091  
10346.09426  
10311.2944  
10228.29788  
10236.23634  
10253.38234  
10333.75245  
10239.39311  
10205.47066  
10201.1549  
10129.18801  
10190.13327  
10234.72458  
10284.0715  
10285.13138  
10273.96467  
10201.77827  
10177.97144  
10165.68551  
10155.93292  
10135.60837  
10170.69774  
10258.35797  
10306.57001  
10260.08707  
10203.30258  
10211.05227  
10241.64401  
10251.17555  
10314.44603  
10287.44924  
10251.20652  
10209.33986  
10233.2468  
10285.12086  
10255.10397  
10281.71699  
10333.71527  
10330.88537  
10255.21057  
10186.5089  
10197.38312  
10288.26371  
10291.49269  
10217.07317  
10124.96997  
10203.55983  
10148.20588  
10257.20367  
10295.3703  
10243.62739  
10136.32046  
10108.71041  
10132.34222  
10200.4697  
10229.48761  
10203.4339  
10249.53425  
10251.91959  
10316.78624  
10274.28942  
10346.286  
10240.95144  
10286.08799  
10208.34952  
10248.4613  
10195.12719  
10174.20063  
10155.36047  
10135.40849  
10126.42564  
10221.76634  
10301.84927  
10233.95115  
10216.7014  
10214.88771  
10158.5312  
10111.49217  
10148.07628  
10236.86364  
10256.31054  
10259.7267  
10218.31063  
10172.81668  
10218.01617  
10167.22204  
10237.17045  
10203.94483  
10242.34418  
10233.79583  
10228.63045  
10204.4792  
10261.52935  
10268.17614  
10205.27862  
10195.49447  
10225.55123  
10193.87625  
10217.49879  
10243.58436  
10244.69834  
10298.92924  
10274.98358  
10254.24324  
10251.86702  
10173.50096  
10140.29995  
10163.67369  
10184.96799  
10141.16391  
10089.71408  
10116.92876  
10185.4059  
10252.13893  
10257.57637  
10228.24615  
10220.51533  
10244.08702  
10235.81277  
10227.51718  
10247.3351  
10317.65913  
10240.98536  
10201.65982  
10183.93522  
10197.80897  
10228.28394  
10237.78642  
10261.02266  
10239.86174  
10246.82474  
10292.61278  
10261.20129  
10284.1565  
10295.47803  
10175.46249  
10220.4906  
10236.5795  
10316.7075  
10364.46032  
10313.34372  
10275.02564  
10249.0883  
10235.62655  
10231.04345  
10237.69703  
10187.24776  
10175.03211  
10173.52034  
10177.51977  
10175.63039  
10207.91512  
10265.68869  
10184.92724  
10235.35651  
10249.10887  
10201.3681  
10264.73477  
10327.72115  
10247.2706  
10184.93375  
10166.22122  
10210.21169  
10317.28157  
10354.88421  
10312.79779  
10252.07201  
10193.41014  
10190.06548  
10102.0552  
10132.69733  
10123.78013  
10244.08389  
10253.98506  
10218.62953  
10215.89343  
10186.5211  
10208.81379  
10172.58964  
10123.14447  
10204.81086  
10257.17313  
10299.18148  
10227.37565  
10179.26719  
10121.7761  
10196.11027  
10411.30962  
10511.20556  
10278.22767  
10208.81121  
10236.09828  
10303.71475  
10219.87569  
10226.54748  
10168.886  
10266.96998  
10309.88473  
10282.31574  
10182.71922  
10121.33899  
10016.25714  
10002.65695  
10039.92394  
10163.00172  
10256.30816  
10206.52346  
10142.9785  
10113.42881  
10273.09545  
10351.05694  
10289.47478  
10221.83316  
10211.24629  
10214.48768  
10245.9668  
10372.62088  
10343.65809  
10290.8402  
10260.87152  
10195.60971  
10165.99101  
10157.76761  
10185.82558  
10245.92388  
10223.93325  
10192.11902  
10222.93216  
10198.81638  
10244.86657  
10308.99126  
10308.41397  
10349.15892  
10259.75902  
10213.94496  
10254.4763  
10302.80263  
10296.2598  
10274.54735  
10313.98552  
10275.92242  
10225.73309  
10168.54982  
10168.83186  
10209.92932  
10270.13832  
10219.51644  
10203.27877  
10168.37517  
10115.20936  
10103.18546  
10188.09675  
10184.28867  
10252.53899  
10182.66238  
10125.10894  
10108.02948  
10084.64639  
10262.77312  
10267.60265  
10148.23795  
10106.87015  
10213.02498  
10326.04773  
10332.98973  
10285.54015  
10226.85017  
10226.17625  
10277.58432  
10252.07748  
10218.8669  
10195.69592  
10199.8065  
10203.05422  
10298.72009  
10292.94194  
10225.31191  
10204.93516  
10218.20211  
10248.87524  
10274.17385  
10289.4135  
10301.77839  
10212.92575  
10236.19986  
10240.26302  
10254.82732  
10195.84854  
10142.81148  
10183.55073  
10258.48289  
10295.87409  
10268.81871  
10226.0039  
10174.91265  
10095.78267  
10158.06351  
10236.56054  
10280.25075  
10295.03904  
10336.44121  
10313.31228  
10245.90959  
10206.11788  
10231.53593  
10222.18607  
10215.16503  
10193.00362  
10173.80295  
10134.32171  
10195.21238  
10251.74228  
10231.71203  
10298.99683  
10304.68812  
10300.97799  
10190.5935  
10188.36199  
10206.71668  
10204.5612  
10131.99416  
10136.12597  
10087.4107  
10244.96147  
10373.72318  
10292.93786  
10228.34233  
10238.3186  
10215.09087  
10171.32034  
10168.46225  
10250.24993  
10258.77077  
10257.8512  
10252.62904  
10229.17614  
10155.57281  
10164.24741  
10153.97427  
10202.24738  
10119.19775  
10230.36216  
10211.89436  
10216.7044  
10241.70959  
10340.05557  
10229.10043  
10206.83134  
10193.25259  
10224.07474  
10260.0665  
10194.97958  
10138.89512  
10313.83941  
10364.49012  
10277.45767  
10172.62646  
10143.56634  
10221.36229  
10319.71026  
10357.09256  
10411.92325  
10281.20867  
10203.9331  
10224.71158  
10214.1305  
10203.90292  
10195.30418  
10239.69605  
10219.56906  
10277.48451  
10244.08186  
10203.42035  
10187.57671  
10217.28157  
10248.20337  
10248.1424  
10256.05234  
10226.23031  
10302.23331  
10239.50643  
10226.20386  
10199.1953  
10216.41354  
10213.799  
10194.72296  
10220.35245  
10273.08963  
10225.34102  
10276.91326  
10244.4631  
10277.20057  
10152.67605  
10171.53299  
10186.84241  
10141.79581  
10104.07811  
10078.84467  
10097.59624  
10145.35434  
10195.15988  
10227.34077  
10237.83103  
10241.15371  
10276.3431  
10258.96277  
10232.28159  
10261.41823  
10299.43673  
10364.14512  
10391.13969  
10339.13898  
10341.28018  
10368.71938  
10306.66609  
10271.71954  
10214.92428  
10249.7396  
10172.08915  
10183.8503  
10158.46498  
10132.95391  
10156.54755  
10145.66658  
10187.81594  
10143.29633  
10184.24644  
10226.7394  
10223.05645  
10239.41162  
10290.39468  
10256.72302  
10032.51676  
10376.57891  
10307.01767  
10333.44949  
10351.56041  
10266.47791  
10257.99035  
10253.75517  
10153.1975  
10147.66225  
10162.9188  
10162.10662  
10145.58561  
10139.8911  
10161.55857  
10106.3923  
10220.26563  
10215.40482  
10210.81924  
10230.5065  
10245.44082  
10202.53014  
10237.11324  
10270.38521  
10242.53029  
10269.9856  
10271.30006  
10252.9082  
10236.48616  
10225.85443  
10219.97807  
10213.10158  
10299.1722  
10330.03088  
10296.26084  
10298.89617  
10212.59667  
10179.99805  
10151.04991  
10132.04899  
10152.21322  
10185.69395  
10140.1575  
10150.94542  
10145.82359  
10206.97505  
10181.66916  
10255.70824  
10264.59784  
10265.69646  
10262.25611  
10221.17108  
10240.75875  
10274.63771  
10301.1027  
10293.22721  
10225.9309  
10153.68765  
10226.07988  
10158.2458  
10329.1794  
10351.48206  
10285.98127  
10260.23548  
10216.23989  
10240.88391  
10245.70419  
10283.65156  
10228.69083  
10176.81375  
10186.66278  
10138.32538  
10163.0643  
10243.88545  
10251.05437  
10263.80671  
10187.76912  
10116.89733  
10124.7784  
10282.80338  
10310.38093  
10280.90595  
10174.94646  
10170.29011  
10190.18544  
10195.615  
10183.68073  
10206.62476  
10214.63711  
10217.40004  
10195.20235  
10189.50793  
10207.29086  
10159.10167  
10175.48712  
10223.85786  
10281.57004  
10268.9601  
10260.71828  
10200.52217  
10135.09089  
10204.10507  
10200.98433  
10256.40378  
10264.01236  
10304.60122  
10255.17094  
10234.23568  
10270.25237  
10321.39466  
10303.6803  
10383.55411  
10312.3682  
10293.37897  
10295.62625  
10363.60749  
10365.60019  
10210.99412  
10193.5184  
10146.14222  
10256.32957  
10297.00871  
10214.67879  
10187.44515  
10141.08096  
10114.80424  
10105.34254  
10127.8389  
10240.91336  
10263.97451  
10175.40954  
10210.18424  
10158.10742  
10170.16053  
10191.31693  
10210.33072  
10209.38013  
10190.70871  
10176.36785  
10132.00167  
10124.07577  
10200.52529  
10176.91636  
10172.48517  
10226.37912  
10233.7608  
10194.15124  
10187.47609  
10262.23006  
10357.14852  
10336.97921  
10302.29734  
10232.98687  
10262.1617  
10248.68776  
10277.35158  
10227.27314  
10292.38058  
10339.03382  
10257.31373  
10222.92704  
10208.19971  
10144.78554  
10186.9692  
10221.46404  
10173.56589  
10188.90337  
10128.55014  
10252.16715  
10233.73669  
10246.45955  
10195.7489  
10152.43233  
10217.06084  
10212.00322  
10201.7963  
10217.19138  
10252.32643  
10279.55022  
10210.09844  
10235.39228  
10238.68656  
10238.6599  
10221.97346  
10224.0202  
10252.54969  
10232.67541  
10136.3167  
10073.55716  
10112.38037  
10114.01424  
10207.24899  
10224.67204  
10168.11852  
10176.04529  
10212.26245  
10271.68203  
10289.81426  
10269.79161  
10210.06069  
10181.31851  
10232.77002  
10349.26938  
10283.95814  
10207.29759  
10170.90212  
10240.76056  
10212.45138  
10217.14716  
10457.45907  
10353.43702  
10255.08005  
10179.05627  
10151.29707  
10237.49477  
10210.92864  
10222.71725  
10227.03316  
10241.51265  
10222.44486  
10206.57652  
10233.67014  
10262.26355  
10284.05922  
10239.37083  
10300.76369  
10231.33861  
10225.79671  
10224.70125  
10190.0309  
10160.98788  
10196.15598  
10229.22752  
10241.01631  
10239.19732  
10277.7338  
10255.94286  
10261.11264  
10256.27967  
10208.11981  
10171.40642  
10189.10694  
10174.27128  
10236.95637  
10214.97228  
10264.7295  
10322.5323  
10307.08113  
10348.68957  
10366.21142  
10289.53756  
10234.0572  
10257.7227  
10240.31139  
10213.40331  
10242.51477  
10187.9066  
10235.03012  
10191.66443  
10232.1588  
10252.57986  
10314.29882  
10182.63829  
10185.28621  
10121.62973  
10093.13743  
10086.20675  
10103.37858  
10175.59043  
10172.28138  
10215.76541  
10253.50041  
10229.86254  
10221.27465  
10224.82204  
10228.71109  
10235.69222  
10232.95881  
10239.56971  
10247.43795  
10304.08535  
10289.07619  
10289.3154  
10252.87912  
10211.71158  
10162.88746  
10194.31497  
10251.43214  
10222.9978  
10240.02805  
10238.62093  
10189.40242  
10194.01232  
10192.88253  
10246.44973  
10270.56068  
10284.5544  
10289.54868  
10279.07769  
10279.43101  
10223.3501  
10253.3893  
10258.12845  
10187.0909  
10201.74782  
10199.09752  
10199.16094  
10158.52603  
10235.63835  
10212.41791  
10251.38489  
10236.8846  
10204.33067  
10167.27565  
10190.98108  
10193.44822  
10310.65287  
10293.9117  
10263.07774  
10216.4816  
10225.17776  
10155.61912  
10235.14829  
10263.87406  
10219.95078  
10199.6959  
10192.08678  
10241.89319  
10286.78368  
10246.61981  
10227.60365  
10175.01066  
10183.07002  
10213.33635  
10246.63696  
10303.38201  
10266.7024  
10242.41447  
10209.36263  
10208.48492  
10243.95536  
10020.96417  
10204.88826  
10270.05298  
10270.9746  
10269.73915  
10231.13972  
10249.94784  
10219.02799  
10195.31242  
10100.12775  
10170.80366  
10189.02022  
10219.9651  
10181.5232  
10152.1177  
10141.58988  
10222.1184  
10230.15927  
10222.38793  
10242.58715  
10193.25264  
10225.49589  
10210.28028  
10275.56336  
10262.65955  
10312.71614  
10325.86291  
10305.85136  
10290.81923  
10275.9729  
10236.70277  
10238.76376  
10174.96062  
10206.53365  
10192.67394  
10281.25631  
10252.4007  
10284.50979  
10224.24714  
10295.34542  
10263.29658  
10235.53026  
10238.68742  
10190.81118  
10218.08626  
10175.52726  
10201.12099  
10179.0747  
10193.37983  
10199.55713  
10262.22152  
10294.90135  
10287.47681  
10250.195  
10204.73515  
10198.47976  
10248.90499  
10214.78227  
10196.23374  
10165.62422  
10243.73767  
10221.78069  
10216.79229  
10212.23074  
10235.30156  
10219.27438  
10300.10886  
10270.50115  
10248.8741  
10274.93287  
10298.60051  
10211.73299  
10247.44062  
10259.97274  
10272.79639  
10168.04462  
10199.16849  
10162.87737  
10240.09791  
10257.54985  
10250.36032  
10179.47794  
10181.98805  
10194.15715  
10132.52575  
10217.90957  
10265.72955  
10293.214  
10328.427  
10230.37354  
10178.87797  
10223.54379  
10244.15963  
10281.70912  
10316.59749  
10315.40622  
10220.39581  
10224.03619  
10155.52023  
10157.65806  
10131.69134  
10206.68217  
10264.48211  
10221.26093  
10142.86034  
10162.96775  
10188.69392  
10192.60209  
10191.45177  
10188.72341  
10193.55986  
10208.54791  
10208.87996  
10240.96587  
10165.32718  
10212.68598  
10177.68459  
10170.46177  
10134.95676  
10224.6248  
10274.9634  
10223.6923  
10181.08024  
10224.50041  
10262.75801  
10347.76146  
10317.46677  
10258.53325  
10189.55295  
10260.74899  
10236.36391  
10271.62376  
10247.21053  
10246.17506  
10308.85834  
10310.56805  
10209.75663  
10194.58639  
10183.06586  
10224.94866  
10312.85842  
10284.47719  
10248.17081  
10225.02549  
10207.8114  
10174.38195  
10270.91013  
10300.11294  
10166.91556  
10163.59483  
10161.08511  
10175.12987  
10155.411  
10173.71636  
10161.83363  
10119.89082  
10087.25174  
10072.42886  
10097.54067  
10114.56446  
10110.28501  
10160.28094  
10251.24176  
10247.23112  
10258.82627  
10196.06983  
10223.68498  
10252.61648  
10256.02766  
10304.74601  
10315.25297  
10301.5689  
10379.14911  
10344.45946  
10329.97313  
10240.83061  
10235.67114  
10244.471  
10232.21707  
10223.34546  
10205.24812  
10164.44235  
10181.83087  
10175.48404  
10227.51259  
10236.58696  
10248.04251  
10207.3849  
10232.06472  
10139.94235  
10204.93601  
10206.03075  
10229.01127  
10233.1826  
10237.93603  
10286.44531  
10250.97434  
10305.22507  
10297.52032  
10240.15846  
10194.17615  
10158.71835  
10206.83604  
10305.88793  
10269.72147  
10297.0501  
10239.21436  
10239.60804  
10216.31932  
10237.46712  
10344.17178  
10266.85958  
10260.03914  
10252.03905  
10235.0551  
10265.59536  
10222.92981  
10213.44365  
10173.14382  
10168.48737  
10175.92294  
10225.66682  
10258.63701  
10203.94527  
10269.77341  
10184.55425  
10239.63241  
10171.13273  
10241.88524  
10198.62853  
10199.20061  
10201.31262  
10217.40579  
10255.78468  
10201.94828  
10282.45113  
10235.15759  
10243.37115  
10216.80034  
10244.8413  
10244.34766  
10153.55777  
10167.975  
10209.43226  
10189.06144  
10206.16267  
10166.52383  
10183.34423  
10184.99694  
10230.76521  
10309.43162  
10312.88298  
10250.2402  
10227.44877  
10195.52465  
10180.23007  
10188.41161  
10200.6977  
10272.38332  
10273.84554  
10261.96745  
10238.30283  
10279.29989  
10278.88778  
10298.26318  
10278.98707  
10231.62008  
10242.50234  
10243.27604  
10221.86095  
10225.0507  
10272.27688  
10256.40982  
10203.86022  
10259.11159  
10269.01466  
10299.12174  
10312.94067  
10246.75758  
10177.73101  
10160.96198  
10171.36132  
10197.207  
10181.71125  
10182.72604  
10184.14791  
10212.98088  
10260.99456  
10242.84904  
10185.17887  
10180.31578  
10259.00946  
10285.94382  
10268.92106  
10195.1845  
10187.6737  
10121.5306  
10164.67891  
10223.27368  
10191.87477  
10243.47676  
10298.82874  
10232.89992  
10167.26152  
10128.21791  
10148.10668  
10187.96426  
10229.03349  
10217.958  
10172.69948  
10114.63931  
10191.57393  
10274.96789  
10265.75812  
10286.89014  
10247.93747  
10212.33863  
10244.13357  
10215.08243  
10307.76629  
10309.83607  
10278.32831  
10230.84429  
10283.58134  
10374.29891  
10317.87016  
10316.32065  
10261.78939  
10264.02216  
10319.34376  
10305.3252  
10211.56082  
10165.88447  
10195.49181  
10155.77694  
10140.53511  
10148.98192  
10120.58664  
10101.82376  
