8251.723739  
8292.7625  
8287.77592  
8214.729069  
8304.770142  
8290.575488  
8247.364372  
8357.531641  
8343.402783  
8305.312614  
8295.283643  
8381.278923  
8375.441512  
8339.700659  
8324.171395  
8322.882821  
8254.162769  
8335.9264  
8365.223022  
8299.892017  
8306.524072  
8396.761629  
8289.468457  
8290.097559  
8328.928532  
8317.779818  
8313.360417  
8352.869678  
8247.892375  
8363.860042  
8261.269832  
8285.636702  
8291.862516  
8277.768148  
8227.103833  
8352.535205  
8263.199056  
8262.516691  
8348.455485  
8273.733651  
8320.473665  
8350.726196  
8272.753849  
8313.982121  
8319.953621  
8248.350366  
8343.933976  
8376.711523  
8258.106348  
8359.011719  
8379.205949  
8316.467513  
8277.676839  
8393.199325  
8291.68623  
8277.999772  
8325.282381  
8306.800732  
8233.566073  
8320.798763  
8280.063354  
8338.202311  
8335.640519  
8232.628621  
8336.213835  
8341.787028  
8307.5962  
8306.029622  
8280.018555  
8241.11534  
8267.087435  
8252.004858  
8249.070622  
8282.247054  
8242.923429  
8367.436418  
8282.065373  
8351.885042  
8331.141121  
8304.343791  
8344.37714  
8368.329012  
8327.086808  
8330.756901  
8322.735002  
8361.06932  
8335.671842  
8317.949919  
8293.092074  
8348.051367  
8238.135083  
8331.801628  
8334.900789  
8262.72688  
8343.319393  
8296.098779  
8275.002767  
8271.790674  
8303.546338  
8210.781006  
8315.223763  
8219.042008  
8386.993449  
8258.57124  
8271.870475  
8291.068107  
8254.786865  
8382.150545  
8273.657894  
8324.760734  
8376.531901  
8312.611792  
8341.499756  
8431.857503  
8283.304948  
8315.573014  
8289.496745  
8263.6139  
8327.934408  
8323.051937  
8244.446183  
8305.770174  
8346.995581  
8284.519743  
8283.965446  
8351.598633  
8240.428906  
8320.255021  
8321.057943  
8247.98737  
8288.135653  
8335.468205  
8329.050098  
8254.965088  
8312.431047  
8273.99856  
8304.302035  
8328.415894  
8273.718278  
8334.839803  
8267.990112  
8284.457194  
8308.407471  
8274.97373  
8271.940771  
8314.995101  
8280.049373  
8365.828833  
8348.683781  
8341.177987  
8329.072469  
8330.91967  
8311.105493  
8251.907072  
8355.846867  
8293.868685  
8277.353849  
8323.907544  
8362.640942  
8296.208219  
8372.969857  
8310.232454  
8296.247241  
8273.447257  
8326.964274  
8251.471769  
8302.400016  
8327.83597  
8300.760311  
8256.02159  
8270.58606  
8263.151229  
8302.792977  
8257.80577  
8238.1354  
8344.111816  
8284.48973  
8354.592944  
8351.211857  
8311.00769  
8343.674137  
8254.110392  
8379.792684  
8288.948511  
8392.108911  
8308.498608  
8312.372819  
8287.591471  
8312.065373  
8291.465177  
8271.777116  
8367.202637  
8328.392708  
8295.101302  
8265.157894  
8311.317399  
8279.11884  
8349.609749  
8288.823714  
8277.112305  
8261.484847  
8338.353613  
8283.488574  
8196.990552  
8312.735262  
8319.546395  
8228.018001  
8317.508691  
8280.620728  
8263.799194  
8273.524235  
8293.9073  
8317.186255  
8384.022257  
8361.688314  
8289.499601  
8370.579028  
8348.710636  
8282.88741  
8324.306559  
8249.579818  
8347.786694  
8351.097152  
8257.501815  
8332.286344  
8295.507487  
8348.794922  
8307.936751  
8284.32688  
8336.57972  
8303.479232  
8301.86766  
8272.352856  
8280.125643  
8244.203589  
8254.142342  
8347.170345  
8283.301025  
8345.650382  
8318.240177  
8278.176351  
8340.868359  
8268.915674  
8279.111393  
8288.674316  
8297.785929  
8423.549495  
8373.787996  
8341.263696  
8277.891097  
8354.587931  
8272.727279  
8205.810474  
8235.18396  
8177.850863  
8248.331543  
8283.680314  
8347.105924  
8354.366463  
8330.563639  
8344.983903  
8320.742464  
8348.929395  
8347.093286  
8385.946387  
8314.700781  
8232.433586  
8247.79882  
8291.635319  
8267.040348  
8356.804517  
8227.43881  
8284.477686  
8300.771899  
8318.376929  
8321.44764  
8283.099666  
8271.764689  
8337.63374  
8298.788924  
8356.110758  
8322.227384  
8311.702254  
8359.207959  
8258.5837  
8328.574544  
8296.059334  
8231.112362  
8328.305859  
8320.354508  
8254.244491  
8335.248771  
8303.303516  
8288.469588  
8328.988737  
8198.257007  
8312.087036  
8369.072835  
8305.662703  
8342.820841  
8337.656893  
8237.895386  
8311.048592  
8292.000024  
8301.230233  
8379.692814  
8358.466268  
8336.391105  
8351.082463  
8270.330884  
8312.899585  
8403.026522  
8366.230257  
8359.985758  
8254.008496  
8339.764355  
8361.101017  
8232.104736  
8344.03042  
8324.571753  
8253.122599  
8345.973364  
8274.098625  
8321.188086  
8373.0139  
8286.753979  
8367.897941  
8380.938761  
8300.945923  
8330.920125  
8324.154028  
8378.426449  
8331.677637  
8355.447567  
8334.895776  
8277.745687  
8181.130973  
8381.946696  
8386.715853  
8377.725854  
8340.787069  
8260.141968  
8305.024284  
8213.504696  
8201.375895  
8271.231917  
8218.523258  
8370.72972  
8296.074048  
8232.240096  
8395.585661  
8420.448975  
8262.190422  
8381.819092  
8381.6493  
8379.547046  
8317.508529  
8356.432056  
8387.209823  
8339.636572  
8261.018107  
8212.7979  
8279.664339  
8251.092399  
8293.408219  
8270.852743  
8233.100179  
8259.365837  
8340.340031  
8306.906681  
8303.300643  
8299.497249  
8289.539974  
8282.301522  
8308.633805  
8327.75009  
8352.454696  
8236.042342  
8298.881592  
8275.464591  
8336.653402  
8278.153117  
8280.009831  
8284.356527  
8290.266447  
8331.130908  
8256.016732  
8308.584839  
8274.20861  
8310.570378  
8277.217399  
8244.633211  
8249.382821  
8249.646517  
8283.561361  
8272.633936  
8314.538566  
8293.471631  
8278.951538  
8274.256991  
8282.937565  
8422.017741  
8336.85616  
8310.096948  
8330.906144  
8332.938346  
8354.499544  
8278.063468  
8392.616781  
8367.534635  
8341.173372  
8333.093986  
8319.203109  
8320.477311  
8411.605257  
8325.17356  
8246.125195  
8404.83418  
8261.917139  
8236.349202  
8328.193473  
8254.820223  
8298.552409  
8286.519906  
8359.711165  
8316.441162  
8287.374276  
8287.478809  
8267.660286  
8271.771924  
8311.832585  
8313.48313  
8285.274268  
8240.330339  
8342.355778  
8297.572363  
8291.570703  
8259.775928  
8259.335555  
8236.172021  
8269.757259  
8247.160783  
8310.614762  
8338.131144  
8371.80507  
8294.843612  
8253.063428  
8329.285775  
8399.091455  
8362.867122  
8395.14082  
8335.68855  
8328.099707  
8285.860563  
8253.919604  
8283.311589  
8231.725439  
8266.434009  
8302.909749  
8329.295728  
8325.390959  
8358.392415  
8277.680396  
8318.509456  
8272.852246  
8304.304704  
8279.259993  
8279.890853  
8283.510604  
8304.795605  
8305.05756  
8326.836263  
8312.908846  
8250.067367  
8344.544084  
8288.093197  
8282.444873  
8292.977995  
8315.620378  
8235.653117  
8271.379093  
8367.250822  
8335.002962  
8365.080973  
8361.488143  
8325.804777  
8341.779093  
8359.863005  
8417.339518  
8315.213298  
8283.900675  
8306.269149  
8347.703312  
8283.632503  
8366.779077  
8347.194531  
8326.166431  
8298.305973  
8308.85013  
8353.789738  
8345.893628  
8299.895492  
8356.222982  
8324.007812  
8296.01556  
8265.526742  
8326.784652  
8291.508309  
8279.858065  
8273.767586  
8257.082039  
8301.683203  
8292.134855  
8266.937354  
8296.684717  
8337.970947  
8310.426725  
8335.677897  
8295.777132  
8352.698641  
8397.750382  
8342.223511  
8288.958081  
8225.24738  
8290.433472  
8251.911646  
8260.203874  
8293.10236  
8306.446541  
8303.47452  
8265.191455  
8314.303239  
8247.424316  
8377.954712  
8297.056478  
8317.951733  
8326.095337  
8364.465234  
8266.65035  
8318.025423  
8347.138851  
8325.625928  
8312.003369  
8325.525651  
8377.195142  
8482.234416  
8314.559261  
8395.455697  
8259.397184  
8405.741366  
8271.244922  
8254.665576  
8230.006348  
8200.803337  
8253.072282  
8273.372616  
8277.207959  
8259.542033  
8299.576986  
8297.224699  
8273.652816  
8283.227132  
8292.260173  
8299.633561  
8247.318726  
8346.936719  
8384.9139  
8267.248258  
8374.457951  
8289.744287  
8373.28147  
8296.647542  
8282.764168  
8295.805485  
8177.386914  
8309.973812  
8284.108765  
8265.495394  
8358.694295  
8327.116252  
8290.806502  
8259.735596  
8247.064787  
8259.661605  
8299.241309  
8251.463175  
8344.988346  
8336.491146  
8397.546151  
8283.823796  
8264.255347  
8339.952474  
8312.013314  
8329.352474  
8321.276644  
8306.622762  
8246.435189  
8367.120321  
8336.68492  
8291.471313  
8318.968457  
8338.614461  
8346.983984  
8318.873063  
8240.60481  
8396.045646  
8298.272428  
8315.363867  
8329.809774  
8218.700773  
8416.340479  
8240.107438  
8286.509237  
8304.262256  
8363.905656  
8292.850374  
8394.922795  
8168.694092  
8367.187801  
8393.508781  
8274.0337  
8315.63693  
8434.894906  
8372.240153  
8356.816707  
8325.965544  
8394.413289  
8328.401864  
8311.238566  
8360.973844  
8306.921525  
8274.770524  
8308.273942  
8287.990861  
8218.535669  
8287.607292  
8243.273918  
8314.233781  
8316.051758  
8296.478516  
8284.951668  
8178.676139  
8221.371086  
8329.116715  
8270.60966  
8327.579972  
8342.039583  
8416.042155  
8246.786898  
8354.091097  
8367.136458  
8271.329224  
8323.977124  
8311.597087  
8292.313005  
8374.055843  
8245.432943  
8342.194963  
8262.96154  
8332.431641  
8296.37509  
8280.008553  
8251.876945  
8297.418351  
8248.10293  
8359.104419  
8371.825496  
8292.319092  
8333.145898  
8258.267993  
8263.516968  
8277.344312  
8295.870028  
8232.984513  
8273.270874  
8208.644889  
8240.332813  
8310.03868  
8277.175814  
8313.28693  
8344.700236  
8342.150358  
8394.030607  
8429.414323  
8375.23916  
8302.193994  
8357.401449  
8300.21569  
8200.618197  
8247.010197  
8268.902132  
8247.918473  
8309.263257  
8255.785295  
8371.917586  
8316.718742  
8318.028605  
8300.144474  
8322.041504  
8399.204793  
8287.54362  
8306.203328  
8352.268636  
8403.437801  
8239.337085  
8396.89222  
8331.190454  
8328.501733  
8324.138346  
8257.808089  
8303.457967  
8238.396574  
8294.53208  
8255.118587  
8221.590308  
8256.116862  
8365.351717  
8329.969067  
8299.765975  
8317.576969  
8315.472624  
8336.324723  
8378.272656  
8359.447412  
8232.525708  
8360.711361  
8248.186751  
8378.028076  
8313.697306  
8332.99755  
8294.743156  
8237.062256  
8258.057308  
8212.281429  
8331.622681  
8209.129289  
8279.57762  
8273.664657  
8311.807349  
8323.589445  
8220.881877  
8432.155501  
8216.396094  
8214.64585  
8325.108789  
8312.94528  
8434.508431  
8380.275358  
8360.674341  
8221.783976  
8207.158895  
8370.386336  
8444.67207  
8367.762297  
8158.837858  
8344.900505  
8328.356112  
8301.347534  
8350.797624  
8313.78741  
8310.678898  
8330.191878  
8342.366764  
8233.607039  
8391.074325  
8186.364974  
8246.400594  
8188.313354  
8266.11735  
8280.662777  
8280.282178  
8213.421582  
8257.87985  
8349.337492  
8330.116569  
8275.965324  
8331.83986  
8310.370589  
8299.964437  
8340.579671  
8384.484513  
8405.082292  
8340.746916  
8345.174089  
8230.298071  
8273.752808  
8225.076131  
8276.379769  
8313.304997  
8319.377686  
8328.049202  
8316.846159  
8318.487036  
8379.589494  
8343.782349  
8397.719027  
8375.136068  
8342.597087  
8402.482251  
8319.25752  
8394.601766  
8309.517594  
8294.285742  
8353.125716  
8329.543465  
8499.341382  
8308.091447  
8318.863696  
8296.879924  
8288.042822  
8282.816333  
8338.801237  
8244.716113  
8316.958333  
8183.287769  
8275.660238  
8240.530876  
8203.546232  
8313.102604  
8279.448185  
8256.013973  
8232.123291  
8329.460441  
8306.053687  
8363.780558  
8243.246159  
8267.481055  
8355.933732  
8409.79869  
8340.985352  
8369.258358  
8239.425423  
8365.894132  
8246.243506  
8250.356543  
8364.649593  
8292.760384  
8233.606462  
8406.060099  
8383.84563  
8275.410929  
8331.877612  
8310.588062  
8340.68182  
8355.864266  
8322.201245  
8292.565845  
8277.994588  
8272.434432  
8356.033813  
8334.794897  
8322.459098  
8292.785067  
8273.680786  
8293.361995  
8339.179036  
8314.212646  
8306.786971  
8397.951196  
8259.170931  
8274.130021  
8344.42679  
8277.818441  
8335.74847  
8369.277824  
8249.071257  
8358.136743  
8271.209245  
8309.080729  
8285.154622  
8231.038354  
8313.269816  
8360.62749  
8229.254207  
8271.976017  
8311.406991  
8245.711589  
8326.964404  
8399.347811  
8453.983797  
8201.992668  
8342.501286  
8302.276351  
8367.870337  
8303.019198  
8272.71582  
8162.555501  
8311.88549  
8419.959196  
8302.988265  
8340.077856  
8382.730363  
8284.429468  
8397.586434  
8292.473332  
8274.430949  
8271.863452  
8266.29353  
8406.296769  
8273.529793  
8179.948275  
8337.956038  
8237.88658  
8271.278573  
8249.932666  
8282.610685  
8327.095597  
8272.281486  
8254.97561  
8356.488322  
8320.596908  
8260.70367  
8338.160441  
8317.42172  
8376.539567  
8202.732682  
8292.548136  
8279.974699  
8315.85061  
8343.802653  
8286.467733  
8325.591195  
8279.789046  
8372.647461  
8392.422062  
8365.203328  
8341.452686  
8309.210799  
8359.411662  
8274.235148  
8429.394808  
8263.887329  
8382.680151  
8349.047835  
8337.083398  
8372.514917  
8235.076522  
8287.960506  
8319.336458  
8349.44764  
8346.65839  
8339.35245  
8345.957137  
8353.341781  
8239.111092  
8232.294523  
8243.7993  
8197.4309  
8265.244043  
8267.497111  
8308.038175  
8379.264884  
8225.894141  
8260.943148  
8476.627799  
8331.010368  
8309.889242  
8404.918229  
8295.808504  
8347.301034  
8260.345296  
8317.26106  
8241.905111  
8205.195793  
8275.379614  
8197.746281  
8343.194897  
8293.870622  
8362.878263  
8299.834147  
8315.810205  
8259.577653  
8369.84502  
8353.87255  
8395.13619  
8391.204712  
8396.675741  
8354.67133  
8303.681502  
8275.188615  
8336.049113  
8331.391406  
8242.250496  
8291.296598  
8255.688452  
8285.083252  
8292.967017  
8315.689486  
8276.476904  
8279.741536  
8267.27264  
8294.869832  
8276.628109  
8324.137118  
8346.11285  
8349.841528  
8270.590145  
8381.225382  
8339.480192  
8339.859937  
8366.677905  
8306.689022  
8357.281421  
8343.269458  
8274.72172  
8281.355111  
8281.323486  
8324.76984  
8253.298332  
8231.222827  
8199.65612  
8170.003589  
8297.02172  
8293.136068  
8294.196761  
8343.835539  
8290.225098  
8301.986873  
8287.478678  
8316.512638  
8263.321403  
8222.651799  
8311.988184  
8203.382349  
8310.028866  
8374.061011  
8268.79283  
8235.72863  
8329.630575  
8289.519214  
8326.950521  
8386.244385  
8292.852026  
8409.330054  
8295.101693  
8277.215894  
8208.441016  
8271.60363  
8267.683333  
8239.934261  
8270.842179  
8256.621403  
8220.684961  
8297.8229  
8313.88396  
8280.189185  
8309.474886  
8410.272795  
8316.958244  
8323.690251  
8362.142041  
8399.151888  
8312.683952  
8291.064673  
8344.88348  
8245.422062  
8313.507048  
8375.771737  
8366.712915  
8342.025423  
8397.79257  
8330.13623  
8361.93715  
8362.519865  
8381.336857  
8268.738607  
8373.654012  
8234.033333  
8280.786515  
8344.214966  
8281.254199  
8254.705257  
8258.896094  
8273.012939  
8243.60306  
8305.020036  
8321.061141  
8312.63182  
8327.147078  
8266.437964  
8298.207747  
8262.780192  
8349.795402  
8340.989583  
8314.636694  
8326.257031  
8255.275732  
8267.835229  
8290.609408  
8274.224447  
8308.962923  
8328.844328  
8308.480607  
8367.508773  
8320.13549  
8318.949577  
8202.22902  
8286.354948  
8241.515796  
8265.959375  
8273.467489  
8356.934953  
8323.128939  
8300.215202  
8362.621224  
8442.967749  
8285.398787  
8387.919767  
8420.545833  
8318.031405  
8313.260718  
8348.744393  
8323.347339  
8262.10437  
8370.700553  
8227.376579  
8306.922957  
8374.506543  
8302.824333  
8291.261344  
8368.681527  
8240.713159  
8249.244694  
8216.449658  
8260.668294  
8328.474715  
8278.587793  
8321.399447  
8285.012866  
8317.433748  
8250.053613  
8381.385156  
8266.764103  
8339.921387  
8324.605526  
8177.055599  
8276.032284  
8255.391121  
8261.84598  
8383.020841  
8349.603385  
8295.952214  
8367.906478  
8199.647013  
8340.693132  
8371.258618  
8355.297339  
8362.746696  
8420.415885  
8301.556152  
8311.314355  
8372.031543  
8276.353833  
8260.975952  
8381.819409  
8330.50144  
8304.265047  
8256.283512  
8361.823494  
8272.180509  
8281.851278  
8308.039258  
8266.108341  
8217.600684  
8303.328507  
8236.517651  
8315.629061  
8278.46617  
8203.088468  
8302.652352  
8394.478345  
8318.473315  
8219.75319  
8353.216748  
8323.178597  
8391.694702  
8373.455623  
8316.564771  
8315.177897  
8297.029346  
8338.226807  
8298.237492  
8387.259635  
8182.260571  
8258.263859  
8208.902083  
8259.595467  
8298.278125  
8272.74716  
8281.980664  
8208.792131  
8248.934172  
8320.194645  
8275.78099  
8320.432096  
8311.853613  
8303.021167  
8296.219548  
8431.438908  
8347.798079  
8348.661401  
8317.635278  
8362.659456  
8295.252913  
8246.926025  
8415.960457  
8338.749202  
8336.542505  
8290.026742  
8268.094751  
8363.262785  
8332.916772  
8320.560425  
8323.877271  
8307.159595  
8290.681877  
8260.734481  
8349.09467  
8395.934774  
8338.597266  
8328.706543  
8301.65695  
8345.228996  
8268.818335  
8316.887166  
8279.505371  
8313.138289  
8334.742944  
8265.416423  
8342.974325  
8276.937809  
8340.89165  
8339.564705  
8305.973511  
8349.350789  
8344.229134  
8261.586743  
8298.556958  
8281.713656  
8232.285685  
8297.879346  
8306.015405  
8375.835278  
8376.839819  
8356.747884  
8443.414608  
8334.156185  
8370.390845  
8337.350643  
8294.334554  
8347.346379  
8326.752661  
8231.386027  
8319.16307  
8356.891178  
8293.96381  
8269.16875  
8381.8882  
8313.157731  
8308.916097  
8321.656608  
8204.369255  
8281.468612  
8313.016862  
8261.061003  
8249.046191  
8307.635229  
8200.256405  
8218.125594  
8201.793107  
8297.434172  
8252.200863  
8262.93243  
8311.993156  
8335.393823  
8346.257153  
8349.542122  
8362.34174  
8264.995296  
8318.814852  
8307.842594  
8229.323787  
8309.012809  
8355.430176  
8284.628719  
8342.699552  
8313.106803  
8372.900993  
8269.072965  
8319.988818  
8365.057796  
8295.12133  
8365.705273  
8411.300228  
8345.489486  
8395.898429  
8327.715332  
8383.430705  
8350.27443  
8309.707601  
8314.438053  
8255.161027  
8284.479826  
8243.918148  
8276.730941  
8193.662882  
8272.321134  
8279.094784  
8298.118506  
8211.439193  
8225.867334  
8296.196517  
8330.156649  
8343.050065  
8339.989738  
8337.136654  
8240.429305  
8376.267627  
8329.135327  
8325.199007  
8301.063973  
8273.803499  
8243.331291  
8281.965348  
8309.41394  
8310.214705  
8279.263664  
8449.09231  
8258.569271  
8323.882568  
8332.980119  
8333.482707  
8326.215243  
8276.535994  
8389.704598  
8330.500244  
8341.940218  
8273.467537  
8350.216089  
8389.109871  
8376.064583  
8379.673617  
8340.712638  
8350.231405  
8325.042578  
8310.452458  
8262.57207  
8279.229818  
8259.359749  
8275.430762  
8293.588395  
8249.909033  
8244.160457  
8273.331787  
8282.220475  
8297.481755  
8293.18147  
8278.314111  
8207.64703  
8237.753003  
8326.167757  
8303.840625  
8299.881429  
8338.532861  
8316.898462  
8313.885229  
8316.669181  
8321.365983  
8346.646411  
8233.651416  
8319.293815  
8245.708268  
8275.041634  
8325.158464  
8273.254313  
8230.516398  
8348.711589  
8364.424121  
8313.922388  
8396.816056  
8316.06617  
8413.762419  
8277.704281  
8242.359163  
8294.134847  
8247.600366  
8278.899756  
8335.386646  
8367.021395  
8375.913436  
8382.487622  
8318.839087  
8281.533976  
8395.989429  
8287.811865  
8303.808024  
8266.513639  
8358.299862  
8243.3913  
8235.535596  
8320.114176  
8278.707585  
8299.326554  
8352.189274  
8239.709367  
8283.089933  
8375.965283  
8315.227824  
8484.847721  
8274.21875  
8260.452547  
8299.708748  
8197.719637  
8361.780339  
8257.970524  
8339.674227  
8341.547738  
8408.499951  
8329.245125  
8260.091463  
8306.786849  
8201.169149  
8292.652563  
8317.597974  
8294.301969  
8351.396908  
8375.628052  
8241.971639  
8474.011353  
8274.568091  
8317.903727  
8295.847559  
8366.804281  
8231.750789  
8382.211629  
8272.017887  
8320.434741  
8217.491862  
8319.809261  
8312.349723  
8360.08453  
8308.005721  
8282.459757  
8342.565682  
8225.67653  
8336.94834  
8279.105151  
8264.808105  
8296.467008  
8291.716683  
8308.911458  
8364.668783  
8270.234147  
8299.649585  
8218.492928  
8225.182772  
8310.321826  
8312.115055  
8261.456966  
8318.849015  
8308.228044  
8376.462964  
8369.495939  
8364.663143  
8337.224227  
8335.002913  
8373.170907  
8280.676245  
8307.370483  
8206.679614  
8267.328206  
8386.153068  
8398.872852  
8331.243726  
8401.78029  
8250.334123  
8265.995728  
8388.605339  
8301.945703  
8277.695231  
8322.606152  
8328.132747  
8297.875374  
8354.190381  
8296.017236  
8310.24939  
8299.819027  
8270.799715  
8318.809139  
8267.012378  
8268.871134  
8325.947892  
8263.861255  
8266.321403  
8235.975846  
8253.797062  
8197.855705  
8216.86276  
8247.247575  
8254.515397  
8300.320296  
8300.430176  
8265.665552  
8244.45577  
8275.021981  
8313.089876  
8367.982048  
8397.945964  
8309.714925  
8357.017814  
8367.334798  
8332.239673  
8266.57745  
8316.120288  
8280.497453  
8301.216951  
8363.450179  
8287.324146  
8354.971777  
8293.982153  
8260.496313  
8298.823185  
8286.306185  
8354.376742  
8368.470231  
8322.240145  
8328.539738  
8285.010701  
8313.09974  
8326.469653  
8284.271818  
8272.797974  
8310.422437  
8308.935897  
8295.983781  
8283.370264  
8314.515511  
8308.362313  
8294.938973  
8281.311174  
8367.962573  
8330.282633  
8363.469059  
8329.632308  
8250.593343  
8284.409798  
8321.366056  
8360.19231  
8310.229102  
8361.644718  
8343.956844  
8353.740666  
8359.229582  
8344.806486  
8335.785783  
8337.814201  
8219.066211  
8284.637736  
8300.5212  
8304.962834  
8273.284334  
8262.767139  
8293.73208  
8256.521859  
8284.101986  
8276.06901  
8267.717505  
8179.134017  
8266.422941  
8282.530265  
8322.073332  
8337.7712  
8372.870874  
8330.481128  
8298.139819  
8317.309627  
8339.528532  
8332.699618  
8321.843026  
8341.250708  
8304.787052  
8336.786051  
8331.951367  
8315.262256  
8230.114648  
8310.007894  
8318.775326  
8381.02194  
8363.57714  
8330.051074  
8326.893148  
8357.609627  
8276.645256  
8406.665129  
8297.662598  
8302.693783  
8320.796004  
8294.720231  
8289.82688  
8325.449438  
8330.561206  
8352.412044  
8342.164705  
8302.043709  
8290.417147  
8382.313534  
8254.697209  
8412.158285  
8266.664469  
8324.640454  
8201.412443  
8340.087012  
8282.62238  
8360.453695  
8330.12085  
8349.392065  
8260.592513  
8318.569385  
8248.100968  
8315.652165  
8308.538379  
8289.272241  
8288.32924  
8270.407292  
8302.406722  
8255.613664  
8247.665535  
8275.18536  
8314.490487  
8350.544523  
8283.389543  
8211.787402  
8348.977441  
8275.612036  
8296.354224  
8282.67627  
8268.28689  
8344.029688  
8324.397933  
8344.024609  
8201.025952  
8340.5646  
8287.495662  
8285.948478  
8251.144279  
8296.096029  
8286.058626  
8237.589575  
8285.420475  
8362.230599  
8309.572583  
8314.460319  
8296.560026  
8369.962402  
8248.316821  
8292.588664  
8367.515706  
8293.19672  
8323.659204  
8292.743604  
8317.917529  
8360.890902  
8304.284318  
8363.942603  
8338.86814  
8401.261369  
8387.037541  
8293.166121  
8295.420882  
8304.722835  
8316.68042  
8276.126156  
8300.070597  
8276.755705  
8236.141707  
8282.095711  
