10172.92428  
10112.49264  
10030.24301  
9940.607497  
9940.069035  
10029.35787  
9910.454703  
10049.26367  
10060.16399  
9892.2497  
9982.331881  
10099.86801  
10044.39078  
9891.206806  
9999.916692  
10024.79718  
9773.349384  
9986.903771  
10042.21034  
9905.536959  
10025.35306  
10134.36636  
9842.993765  
9998.189378  
10072.30409  
9987.116737  
10037.02847  
10096.13259  
9867.470252  
10017.42683  
9962.276517  
9993.633864  
9928.937951  
9938.880634  
9975.57512  
10057.97589  
9879.015325  
10005.76728  
10130.1401  
9923.687425  
10013.42398  
10068.44411  
9902.316707  
10003.07174  
10031.24069  
9830.942984  
10036.50796  
10057.7841  
9964.767052  
10083.68397  
10144.67706  
9920.763447  
10008.64671  
10107.97416  
9961.779672  
9963.87793  
9996.673678  
9947.64979  
9982.641376  
10057.71236  
9868.613807  
10042.86253  
10065.62049  
9915.502028  
10117.79853  
10032.75526  
9913.717623  
10000.86711  
9989.192758  
10000.06445  
9997.877329  
9932.917518  
9909.115986  
9847.653245  
9989.576547  
10155.62643  
9935.250451  
10013.56986  
9933.799279  
10078.47987  
10093.6579  
9953.213416  
9952.076623  
10094.91429  
10038.37372  
10074.28696  
10034.16076  
10071.6534  
10001.30461  
10077.44186  
9931.581881  
10071.72281  
10018.20974  
9957.135892  
10139.8463  
9932.00338  
9899.341046  
10050.1579  
9946.938777  
9997.882812  
10025.6848  
9866.003456  
9994.782151  
9876.805664  
10006.0018  
9907.477539  
9995.686899  
10098.18607  
9867.893029  
10108.52201  
10113.98032  
9905.966271  
10061.95185  
10098.22912  
9933.819862  
10077.74842  
9989.494291  
9901.586238  
10009.30611  
10108.67856  
9946.315805  
10086.33609  
10029.43224  
9962.120042  
10020.21792  
10127.10787  
9913.975361  
10001.30251  
9975.277719  
9832.223107  
9900.913762  
10109.74737  
9990.902719  
10023.38972  
10059.27862  
9906.142653  
10046.08616  
10061.20448  
10019.6428  
10069.18374  
9944.001277  
9980.424279  
10066.05086  
9981.337139  
9987.239333  
9957.371019  
9954.244441  
10100.5619  
9891.079402  
10092.33909  
10037.07377  
10084.5933  
10010.045  
9888.691857  
10038.80394  
9880.892353  
9924.688627  
10003.70328  
10077.23092  
9914.563101  
10119.12988  
9944.258639  
9961.845853  
9957.520733  
10012.62117  
9963.833459  
9997.690505  
10008.9695  
9969.172401  
9953.341797  
10007.72273  
9900.782302  
10067.37252  
9890.731145  
9886.758113  
10085.78696  
9916.576097  
10004.14348  
9963.393179  
10078.38972  
10105.52321  
9999.59713  
10191.45974  
9955.285231  
10089.87117  
9884.057392  
9996.382212  
9880.567007  
9948.139573  
9882.850811  
9868.377704  
10076.41331  
9972.305213  
10011.99887  
10055.33601  
10085.36621  
9857.113206  
9970.837966  
9973.681941  
10001.26833  
9908.136193  
10021.61584  
9892.59037  
9951.21229  
10139.7008  
9916.570312  
9985.788987  
10141.55995  
10074.38296  
10000.91872  
10050.56776  
9995.628906  
9986.623272  
10055.66106  
9980.301007  
9946.544471  
10041.84525  
9960.130634  
9979.675331  
10081.52607  
9905.775316  
10125.81085  
10019.34758  
9909.837891  
10126.56791  
10073.08136  
10052.28666  
9874.5628  
10010.91647  
10042.06934  
9937.144681  
10000.70981  
10032.16895  
9985.57512  
9902.471079  
9971.310021  
10007.88875  
9907.804688  
10082.58188  
10014.5752  
10010.9073  
10095.21252  
9931.17165  
10003.30897  
10062.41106  
9927.182392  
10123.79545  
10095.15002  
10025.42901  
9929.181791  
9951.966647  
9921.744066  
9835.192758  
9969.711163  
9757.443434  
9910.980769  
9989.242713  
9873.002254  
10038.25158  
10112.02577  
9923.735126  
10014.5806  
10077.4354  
10046.26345  
10028.73017  
10060.54139  
9978.313852  
10018.45696  
9978.830454  
9961.089393  
10082.30717  
9939.981971  
10035.51089  
9909.810021  
9987.997296  
10031.39844  
9883.810397  
9987.867638  
10003.02366  
9957.70921  
10086.83451  
10010.34075  
9913.622371  
10077.68352  
9925.880559  
10021.83954  
10021.14986  
9882.317383  
10097.96499  
10029.4085  
9953.13409  
10022.92285  
9921.98122  
9934.415865  
10052.99339  
9843.113206  
9992.981295  
10143.33586  
9900.921575  
10050.85645  
10026.77329  
9909.873047  
10008.16759  
9953.725661  
10068.01217  
10035.32227  
10030.97333  
9948.872746  
10107.15325  
9911.645207  
10075.90167  
10077.10509  
10093.27374  
9954.404823  
9952.986328  
10083.43577  
10053.25188  
9897.167743  
10073.84135  
9938.448167  
9933.953651  
10099.67488  
9886.884165  
10011.33136  
10035.04199  
9817.389874  
10065.03478  
9987.193885  
10014.7995  
10129.16309  
9920.419096  
10128.99361  
9969.998873  
10023.48295  
10057.66932  
10000.85164  
9740.419621  
10160.6105  
10047.67  
10211.92826  
10164.25736  
9959.070162  
10132.52006  
9877.080003  
9930.254132  
9942.298002  
9812.770508  
10014.87425  
9953.521034  
9862.220328  
10078.41932  
10093.66248  
9991.939378  
10217.3729  
10003.09743  
10053.6709  
10074.47641  
10022.34533  
10040.26765  
10032.19539  
9971.984901  
10017.39626  
9943.874324  
9999.78463  
10004.56002  
9958.637395  
9873.662635  
9994.471304  
9923.520358  
9961.566256  
9890.958759  
9985.433519  
9882.453125  
10025.06535  
9928.297551  
10098.97544  
9986.450721  
9890.298377  
10041.24932  
9908.2032  
10044.4535  
9878.350886  
9963.50338  
9933.890174  
9894.042293  
10110.0954  
9992.436448  
10052.96282  
10015.8143  
10049.28516  
9998.783278  
10018.12658  
9957.118765  
9913.570763  
9985.686373  
9931.369216  
9959.501277  
9894.974534  
10003.30206  
9843.728365  
9912.976863  
10022.5921  
9986.355093  
10027.18209  
9974.254357  
10045.13191  
10065.70335  
9985.413011  
10010.70666  
9953.807016  
9921.11561  
10052.00804  
9924.05912  
10051.2974  
10178.4351  
10150.2186  
9981.117788  
10142.64258  
9985.544997  
9892.774639  
10067.205  
10000.45312  
10134.18765  
10067.38108  
10156.9997  
9979.811298  
10030.47829  
9971.593299  
9998.339694  
9932.772311  
9997.100661  
10044.43727  
10027.30814  
9975.110126  
10081.63244  
10023.83819  
9990.233624  
9953.148212  
9942.165039  
9974.783954  
9908.50323  
9861.703726  
10042.90753  
10018.64558  
10085.04545  
9848.912034  
9942.120042  
9963.264198  
10169.68532  
9972.544546  
10145.05198  
10028.13311  
10096.3575  
10077.69246  
10063.10254  
9987.249249  
9859.944712  
9941.258939  
9857.81866  
9970.209811  
10042.19591  
10084.06686  
9941.954853  
10023.55341  
10057.82031  
9964.119066  
9961.183068  
9965.773888  
10015.76352  
9993.940204  
9942.583459  
10122.66046  
10071.38672  
9965.544471  
9985.672251  
9899.338041  
9870.016376  
9974.220102  
10033.02471  
9909.404297  
9948.88146  
10110.95065  
10046.42601  
10012.01562  
10127.68389  
10022.94358  
10122.7162  
9995.645132  
10060.90024  
10042.34518  
10013.48483  
9976.27509  
10171.5773  
9962.707858  
10016.67946  
10026.2666  
9957.832257  
9991.616511  
9894.387695  
9965.053335  
10002.65723  
9961.466496  
9986.141752  
10043.81258  
9933.979642  
9936.663086  
10048.17022  
10012.59097  
9915.857572  
9994.930589  
9956.485352  
10002.9523  
10002.93021  
9945.852163  
10023.84728  
10032.04507  
9978.315505  
10038.94937  
9884.641602  
10101.97251  
10033.80972  
10046.97281  
10180.25826  
10021.53193  
10030.53373  
9938.569336  
9872.318434  
9965.981971  
10099.43945  
9926.698392  
9900.251578  
9989.116662  
9949.195688  
10174.0332  
10008.61839  
9965.839844  
10089.43592  
10016.66121  
9918.710337  
10038.33504  
10056.6413  
10108.72468  
10008.39754  
9967.474609  
10014.84578  
10198.18232  
9925.270959  
10213.8152  
9844.283954  
10244.94246  
10049.42736  
9996.538386  
10017.41737  
9956.213867  
9878.389123  
9879.407452  
9915.239483  
9811.901442  
9921.936223  
9928.067007  
9960.855168  
10141.44178  
10028.04883  
9869.285306  
9925.983023  
10088.45425  
10104.5595  
10043.55138  
10036.88447  
9978.741587  
9996.85637  
9998.289964  
10037.11614  
9975.516151  
9749.836764  
10044.84991  
10047.75473  
9934.641301  
10123.30386  
9983.083383  
10005.38717  
10062.44088  
9973.734375  
10038.95252  
9976.071965  
9869.609826  
10081.16113  
10003.71867  
10064.76382  
9935.179688  
9994.325796  
10071.76916  
9962.50909  
9976.703425  
10010.04883  
10128.28839  
9950.283504  
10053.64295  
10007.43239  
9884.978365  
9832.716271  
10061.04928  
9950.673528  
10017.2029  
9782.551157  
10152.8273  
10053.53253  
10084.44464  
10138.8424  
9932.817233  
10207.33631  
9728.228816  
9840.354041  
9986.589844  
10062.85983  
10093.92405  
10178.17991  
9824.962365  
9930.648513  
10025.66812  
9990.430063  
9879.809871  
10074.95508  
10030.09465  
10044.01855  
9973.934721  
10036.98933  
9960.904372  
9978.417293  
10001.40317  
9955.660081  
10043.50969  
10108.10419  
9975.677209  
9883.50308  
9934.768404  
9799.504132  
10073.41947  
10015.62508  
10035.95035  
9991.363431  
10018.77712  
10036.69366  
9957.980694  
9884.29372  
10009.16038  
10034.79222  
10141.67127  
9830.944411  
10029.904  
10017.67473  
9848.394456  
10105.33872  
10049.3928  
10047.08181  
10149.66887  
9902.434345  
10039.21898  
10018.78253  
10046.2687  
9971.128305  
10086.42706  
9860.535306  
9808.783504  
9756.620793  
10035.15723  
9981.793269  
9839.597882  
10090.1902  
10011.98422  
10083.25691  
9999.82189  
10055.82542  
9973.939303  
9969.123122  
9865.751127  
9841.361779  
9935.50646  
9972.828425  
9907.402194  
10105.54094  
10053.81152  
10094.72581  
10091.00796  
10160.64213  
9935.342097  
10030.10945  
10072.55228  
10039.08008  
9933.771484  
9919.871695  
9953.772837  
10020.60614  
9916.829928  
10007.05191  
9948.671274  
9992.207707  
9924.411358  
10029.06596  
10223.43254  
9946.875826  
10059.36471  
9990.785907  
10047.27809  
9861.979041  
10261.72972  
10054.57978  
10028.23017  
10133.7838  
9969.444862  
10073.51495  
9928.147236  
10013.22055  
9911.205754  
9935.118014  
9864.16226  
10089.80048  
9991.228591  
10054.20801  
9896.092623  
9868.411058  
10034.13169  
10062.12665  
10205.18487  
10017.85975  
10185.09082  
9804.481145  
9949.927509  
9965.272386  
10030.2512  
9946.883714  
10012.14348  
10156.17939  
9948.619817  
10089.2962  
9798.69689  
9960.509165  
10010.25308  
10004.22183  
9986.33436  
9937.960862  
10338.55176  
9893.535607  
9859.044096  
9908.78418  
9970.895658  
10176.63462  
10180.64739  
10186.9218  
9844.329402  
9579.645433  
9852.022837  
9964.656776  
10046.56761  
9651.608323  
10012.16136  
9942.788311  
10011.5797  
10082.50541  
9907.457632  
9812.424279  
9993.571965  
10111.15602  
10008.99985  
10199.16188  
9851.217473  
9880.992263  
9817.551157  
9830.379958  
10050.69358  
10001.6748  
10021.05086  
9780.904222  
9978.804462  
10141.24241  
10022.04612  
10128.93878  
10030.05033  
10067.77269  
10044.78433  
10103.93735  
10064.86178  
10122.68998  
10124.36396  
9989.455829  
10078.72153  
10020.39686  
9930.329327  
9964.464243  
9944.213717  
9921.445162  
10019.72431  
9855.429011  
10097.48017  
9954.274264  
10111.07414  
9992.327073  
9978.893855  
10179.10149  
10001.65475  
10073.97806  
10108.91895  
10078.8412  
9995.117563  
10033.09037  
10425.41151  
10061.16001  
10044.77381  
9872.416842  
9984.569411  
10029.42082  
10118.36696  
10033.99609  
10007.52832  
9853.917293  
9897.173978  
9784.885667  
9755.522536  
10180.41744  
10067.65648  
10132.51262  
9723.669997  
9892.534105  
10100.17976  
10181.42578  
9927.660382  
9803.579853  
10004.08797  
10143.80349  
10110.04883  
10149.37861  
9832.135592  
10222.69133  
9809.469126  
10018.6431  
10063.98099  
9927.432242  
9803.050255  
10028.75436  
9981.341572  
10022.85367  
10180.54364  
9932.844576  
9913.89085  
9995.590069  
10078.54312  
9986.606145  
9999.561974  
9945.727088  
9949.648362  
10041.55882  
10076.53981  
10034.05754  
9892.533504  
9842.264348  
10075.90948  
10080.07707  
10125.10306  
10188.31949  
9808.586614  
9901.893254  
10067.8095  
9877.926908  
10058.94163  
10029.09518  
9983.971229  
10188.05048  
9913.454853  
10067.23332  
10001.07587  
9929.580003  
9981.438702  
10041.65377  
9852.445989  
9868.898362  
10018.14543  
9798.778621  
9934.73107  
10065.28005  
10330.0133  
9827.063927  
10086.0172  
9782.574594  
10214.59255  
10039.37154  
10000.03538  
9861.589093  
9900.658053  
10183.28914  
9934.865835  
10126.91001  
10116.78681  
9806.958984  
10310.39566  
10071.5939  
9924.339618  
9866.708008  
9877.633864  
10146.19073  
10027.63296  
10000.48415  
10156.89318  
9968.58436  
9993.895583  
9957.342548  
10035.93239  
10058.13236  
9996.536584  
9894.795974  
10047.2476  
10045.90415  
9974.343299  
10143.76938  
9897.645132  
10065.22559  
9929.745568  
9869.493314  
9823.196514  
9923.711764  
10178.49286  
10015.37658  
10063.12162  
9872.689603  
9917.211388  
9834.683293  
10117.72363  
10203.22476  
9992.257812  
10265.61538  
10045.0806  
10346.03501  
10061.00255  
10187.83992  
10011.37492  
9936.100661  
10066.0809  
9945.541316  
10002.21815  
9991.560472  
10062.61366  
10036.0166  
9949.986028  
9941.769156  
9940.058293  
9875.578125  
9832.599684  
9858.751202  
9851.276217  
9932.973107  
9857.118314  
9873.839919  
10027.71236  
9864.881385  
10071.17473  
10085.82497  
9901.365234  
9932.72491  
10149.54582  
9880.980093  
10264.49842  
10089.21379  
10087.82422  
9975.914288  
9898.999174  
9916.144381  
9819.708759  
10051.35975  
9842.86268  
10117.89784  
9847.004883  
9985.87162  
9875.686974  
9978.417894  
9938.577224  
10056.80236  
10179.72055  
10161.70478  
10035.487  
10094.38792  
10060.11013  
10086.48227  
10102.17999  
9961.647837  
10050.24677  
9902.623122  
10039.75083  
9996.96875  
10024.83151  
9877.00616  
9979.926608  
9993.350661  
9931.327825  
9954.498798  
10013.596  
9970.736779  
10039.61043  
9870.060021  
10086.513  
10012.78065  
9964.123648  
10250.97243  
9956.281325  
10123.11982  
10056.64461  
10031.06806  
10017.71004  
10133.77569  
9975.896409  
10027.66624  
10003.22078  
9941.181265  
9790.000901  
9948.349084  
9987.975511  
10011.91782  
9987.593675  
9792.518029  
9985.882212  
9869.181866  
9923.086238  
9930.725962  
9817.825496  
9850.530724  
9989.329703  
9962.771484  
10049.97664  
10015.60404  
9945.918119  
9915.595628  
9900.990685  
10066.4221  
10171.30972  
9915.568434  
10245.54229  
10037.79665  
9961.571439  
9870.224609  
9936.106596  
10022.35427  
9858.797927  
10114.63018  
9960.367413  
9972.896034  
9942.098858  
9977.149414  
9933.360126  
10060.85509  
10046.50631  
10046.7838  
9950.424129  
9986.721379  
10113.3904  
10036.88093  
9997.788537  
10023.57009  
9791.803486  
9894.723933  
10158.64536  
9931.181716  
10039.54139  
10210.11501  
10059.3726  
9966.262019  
9993.859901  
10122.2207  
9945.493239  
10203.08098  
10052.70921  
9852.481971  
10073.89611  
10011.59135  
9991.11884  
10107.34668  
10189.17428  
9753.141526  
9859.133489  
10115.04868  
10052.42413  
10132.81535  
9962.687425  
9908.610502  
9940.018254  
10011.43127  
10034.24294  
10109.20523  
10012.40054  
9929.314829  
9978.915039  
9950.567308  
9936.706881  
9992.053861  
10000.2047  
10051.45801  
10010.55724  
10004.0175  
10063.5172  
9900.941106  
9960.052659  
9924.689153  
9968.835337  
9811.009916  
10098.93742  
9927.683669  
9967.068735  
9947.884766  
10048.27704  
9868.511719  
10047.69396  
10180.40843  
9951.822716  
10009.55371  
10030.10855  
10012.27163  
10059.37147  
10164.38431  
9930.674204  
9977.054688  
9982.727239  
9931.336614  
9990.378005  
10066.97393  
10043.96943  
9841.638822  
9740.055664  
9896.306866  
9962.244441  
10047.36336  
10037.5616  
10136.66541  
9900.536133  
9828.015024  
10288.47799  
9999.30957  
10111.38116  
10057.50931  
9764.042668  
10136.57655  
9969.850736  
9886.532151  
10018.46837  
9949.333008  
9941.136193  
10300.81445  
9930.520808  
9995.850886  
9946.676382  
9986.555889  
10067.07144  
10151.32302  
10046.05228  
9957.711989  
10024.10021  
9883.094727  
9822.148137  
10089.85772  
10006.71169  
10096.80596  
9874.564303  
10056.64288  
10146.11944  
10019.97371  
10052.79815  
9896.691556  
9994.571064  
10009.81393  
9883.042293  
9982.797251  
10038.93081  
9833.834585  
10088.81498  
10057.40182  
10021.69779  
9761.233098  
10129.20275  
9908.325346  
10297.49947  
10169.26645  
10008.628  
10096.49369  
10157.44088  
9992.094952  
9946.894381  
10062.8288  
9832.848858  
9876.545147  
9861.85945  
9888.837064  
9971.44689  
10067.98828  
9926.665865  
9908.183969  
9856.02171  
10129.51908  
10041.43164  
10070.91436  
10033.31919  
9995.225285  
9924.905349  
10113.59352  
10103.46935  
9993.901968  
9984.788161  
10074.24001  
9975.156776  
9838.753005  
10102.94253  
10046.57595  
10052.48317  
10012.99527  
9846.810998  
10140.51397  
9964.35945  
9946.964168  
10038.82392  
10036.97551  
10052.57625  
9995.098783  
10018.07459  
9990.839017  
10041.6087  
9950.105919  
9910.865535  
10110.05702  
9947.170823  
10010.50098  
10004.30236  
10074.50391  
9990.47213  
9946.485577  
10044.18765  
9958.007212  
10038.96244  
10013.71695  
9893.491887  
10124.36396  
10033.27269  
9948.820012  
9899.152945  
9910.333534  
9817.606445  
9970.361403  
9924.423678  
10053.74084  
9980.999324  
9909.257061  
10087.80356  
10065.68412  
10151.90249  
10051.74046  
10006.84976  
9929.806716  
10092.03824  
9937.02201  
10035.44629  
10010.84292  
9951.136193  
10018.63935  
10198.41955  
9974.413386  
10126.80642  
10005.06295  
9982.232873  
10078.55176  
9991.650391  
9976.496319  
9904.469426  
9971.680664  
9768.343975  
9966.271559  
9906.139348  
9977.475285  
9962.485276  
9958.454552  
10035.45876  
10030.45838  
10029.92819  
10014.57106  
10055.66241  
9984.355619  
10038.21627  
10120.28441  
9954.19997  
10024.91031  
9945.976863  
9905.156926  
10043.40227  
10006.08819  
10019.47153  
9926.436448  
10121.2029  
10046.25481  
9901.161959  
9986.055514  
10093.52006  
9939.270733  
10067.59863  
10024.26044  
10120.47371  
10031.50496  
9985.418645  
9936.222281  
9976.325045  
9903.09976  
10001.18142  
10013.68397  
9726.202224  
9976.9061  
9969.605919  
9944.37793  
9849.12823  
9962.780574  
9980.494066  
9915.951773  
10077.78816  
9980.108924  
10040.3436  
9945.65332  
10170.82309  
10021.4348  
9951.337665  
10067.17676  
9927.007437  
9845.680889  
9947.270658  
9928.220928  
10083.66113  
9923.871319  
10301.91203  
9832.965895  
10028.96221  
10023.62996  
10129.49144  
10035.97604  
9983.267728  
10098.59548  
9978.122371  
10071.72326  
9837.737455  
9987.544847  
10090.3282  
10030.45711  
10124.86989  
10109.20147  
10075.39318  
10005.63604  
10043.7186  
9967.808143  
9992.005559  
10043.10795  
10025.29973  
10033.53193  
10034.4348  
9934.214243  
9945.672175  
9909.432692  
10023.40903  
9996.776893  
9951.085036  
9917.456881  
9905.535382  
10052.2494  
10005.01818  
9877.363657  
10085.75391  
10024.62275  
10063.30311  
10021.70425  
10013.78478  
10149.53313  
9964.874023  
10038.36208  
9948.244742  
9953.00924  
9956.289814  
10018.59383  
9834.853966  
10067.95936  
10022.87943  
10068.71845  
10152.88431  
9924.169772  
10071.14032  
9965.914213  
9900.69982  
9949.822867  
9912.718224  
9926.101337  
10101.86095  
9981.80296  
10088.60825  
10122.16106  
10005.73362  
9960.439153  
10121.9215  
9986.191256  
10106.64288  
10043.75766  
10025.91737  
9997.182843  
9933.505183  
10023.64633  
10032.45718  
9912.741286  
9989.886193  
9802.339618  
10053.48242  
10080.47371  
9942.290189  
10293.90385  
9965.666391  
10058.45508  
9954.966572  
9891.127554  
10036.36764  
9918.107722  
9994.945087  
9993.118014  
10164.8931  
10008.61283  
9950.90009  
9954.083308  
9886.540865  
9958.447791  
9923.860502  
9946.088492  
10005.49279  
10050.12966  
9927.65024  
10316.36418  
9915.475962  
10035.47611  
9905.115084  
10006.80041  
9773.05634  
10000.0652  
9986.348633  
9991.640475  
9944.448317  
9977.43765  
9942.376953  
10016.50541  
9952.53771  
10000.94839  
10004.57354  
9887.135216  
10049.40956  
10006.22018  
9968.897386  
10033.75729  
10084.07497  
10037.06693  
10053.25436  
9984.179537  
10119.11441  
9812.917218  
9959.406325  
9971.912034  
9905.172175  
10011.29567  
10015.94794  
9982.781926  
10008.32437  
10030.46928  
10155.5927  
10093.36396  
10089.74399  
10086.35179  
9884.752629  
10071.52178  
9712.448993  
9871.713116  
10085.74947  
10039.21537  
10014.98032  
10191.66594  
9741.41902  
9860.997596  
10103.20868  
9986.131085  
10061.58308  
10028.05183  
9997.848032  
9972.832858  
10159.36846  
9975.843149  
9905.522386  
10086.94719  
10062.45297  
10177.77577  
9815.420373  
10114.75255  
10087.80469  
9954.126427  
10006.09833  
9919.970928  
9897.490159  
9828.135517  
9871.833609  
9939.56588  
9888.803335  
9955.520132  
10007.41324  
9877.235502  
9871.177209  
10029.9701  
9928.606145  
9975.945012  
10061.70192  
9973.308218  
10163.16789  
10160.35472  
10016.69884  
10042.24857  
9939.873047  
10024.67616  
10068.84217  
10008.65753  
9971.233474  
9926.932467  
9995.78741  
9925.000451  
9963.44674  
9974.476562  
10106.83398  
9994.311373  
10022.90107  
10051.03471  
9986.998272  
10059.11306  
9994.792969  
10037.02689  
9904.866587  
10013.54868  
10092.27772  
10056.74076  
10018.80724  
10016.09615  
9875.270733  
9921.220553  
9961.722957  
10089.14476  
10052.75548  
10008.42796  
10074.69967  
9929.653996  
10046.04672  
10002.29199  
10003.90633  
9950.076097  
9991.066256  
10054.36704  
10084.38589  
10058.38334  
10009.75886  
10075.28358  
9947.647611  
9867.00616  
10043.81858  
9999.532527  
10051.79763  
10010.79868  
10051.34796  
10033.05904  
9963.40024  
10124.19343  
9963.669471  
9917.180965  
9772.094651  
9895.588041  
9887.92473  
10040.64829  
9886.135968  
9983.814303  
9940.957707  
9977.756611  
9971.071439  
9987.589844  
10054.25248  
10080.76848  
10014.40204  
10065.11005  
10156.00578  
10054.61786  
10150.54387  
9892.502629  
9994.66226  
10002.77982  
9949.391076  
10079.37102  
10051.67556  
10071.23588  
10078.37943  
9956.563702  
10108.86546  
9894.718224  
10099.82459  
10015.55379  
9923.286058  
9910.091947  
10023.64288  
9927.986704  
9957.002404  
9973.916992  
10042.08203  
9979.745343  
10068.56205  
9891.883864  
10177.14694  
9834.210562  
9962.250751  
9940.724609  
10095.66842  
9941.879507  
10056.85119  
10087.6434  
10149.54635  
9929.386869  
10010.5595  
9871.087665  
10070.67082  
9963.346755  
10044.112  
9926.653546  
10001.45282  
9964.993089  
10080.95005  
9998.787785  
9970.705529  
10035.43149  
10081.80717  
9930.064378  
9918.423603  
10043.37019  
10009.52186  
10038.79462  
9982.555889  
9972.043645  
10103.23745  
10007.50669  
9989.094126  
9862.083383  
10171.61779  
9911.124775  
9975.107046  
9993.230919  
9959.392879  
9993.304011  
9928.823167  
9868.279522  
10094.82685  
10019.81325  
10015.68457  
9960.598257  
10089.73438  
9891.890099  
9989.611178  
9927.436749  
9992.260442  
9962.996845  
9870.695989  
10016.85314  
10017.12605  
9946.769606  
10118.45981  
10114.92233  
10120.70906  
10005.32888  
9990.937876  
10090.16977  
10053.77719  
10052.29935  
10047.04823  
10095.28936  
9973.6404  
9836.133789  
9823.03125  
