10183.67139  
10090.77094  
10024.8703  
9919.03894  
9918.976776  
10019.21774  
9888.447784  
10021.14346  
10029.80753  
9873.628448  
9973.06662  
10075.14212  
10014.52527  
9879.8573  
9974.918701  
9979.02597  
9748.99762  
9988.153259  
10012.97556  
9897.022858  
10012.34729  
10093.38361  
9830.482056  
9993.067383  
10057.56384  
9975.348175  
10002.90469  
10057.77292  
9878.958313  
10015.87003  
9961.390045  
9961.630676  
9924.249786  
9908.122681  
9948.649048  
10043.54498  
9886.594116  
9985.93512  
10099.04428  
9932.301147  
9998.023071  
10040.29898  
9915.633972  
9983.022552  
10005.27637  
9837.944458  
10009.57635  
10049.91397  
9939.829254  
10037.87958  
10087.56958  
9917.627777  
9964.448883  
10075.6116  
9989.079773  
9933.295593  
10002.62979  
9942.068909  
9946.272095  
10023.70325  
9879.689636  
10017.1795  
10068.76001  
9882.254669  
10075.80591  
10011.55829  
9907.689362  
9994.020477  
9962.737396  
9965.739807  
9964.612732  
9927.962494  
9914.255432  
9847.732849  
9986.125031  
10128.60303  
9927.626801  
10007.03  
9931.585632  
10022.54013  
10066.46097  
9981.676361  
9925.447937  
10084.48035  
10002.746  
10018.47159  
10003.34763  
10035.22388  
9993.587738  
10040.00421  
9901.907166  
10033.52768  
9994.478394  
9917.667511  
10086.89496  
9927.640442  
9893.585175  
10035.92673  
9954.627899  
9997.690887  
10002.24905  
9863.691071  
10004.83237  
9877.830292  
10012.21533  
9908.268158  
9972.733978  
10072.13608  
9866.176392  
10066.3222  
10073.27008  
9894.506073  
10012.8468  
10069.56296  
9927.660858  
10031.37418  
9989.933655  
9910.93631  
9986.285736  
10049.6767  
9942.216583  
10052.23215  
9992.692841  
9936.736664  
9982.461243  
10081.88831  
9909.500458  
9967.495667  
9943.936066  
9838.775818  
9901.879608  
10071.89197  
9963.827271  
10012.06726  
10017.26419  
9919.45813  
9995.127319  
10061.54752  
10024.90259  
10048.54889  
9967.067841  
9958.758759  
10049.03882  
9963.554443  
9989.589447  
9930.185547  
9946.238007  
10075.67844  
9893.787384  
10043.81573  
10005.28961  
10006.46701  
10013.4924  
9877.726135  
10018.73447  
9883.493225  
9940.274658  
9997.311401  
10036.10193  
9925.485504  
10082.67584  
9938.386963  
9958.51947  
9948.472168  
9995.995026  
9961.311676  
9986.333069  
9988.626007  
9945.600098  
9937.70874  
9985.254303  
9883.038086  
10030.19177  
9870.753174  
9881.447662  
10069.07111  
9882.975098  
10007.82416  
9957.642426  
10019.75461  
10074.39496  
9966.433319  
10150.46622  
9928.326752  
10059.41977  
9913.881989  
9989.819336  
9900.049225  
9947.564545  
9894.699554  
9861.201752  
10035.49509  
9967.237366  
10000.0979  
9998.718109  
10056.6918  
9818.791809  
9983.627655  
9972.191223  
10004.37692  
9911.256287  
9975.689423  
9885.93338  
9928.108612  
10033.55759  
9883.126373  
9959.304321  
10096.09683  
10056.39056  
9962.35321  
10048.41016  
9981.508698  
9966.890747  
10034.74942  
9972.846527  
9938.311584  
10025.44974  
9930.645172  
9966.615784  
10051.25641  
9924.460236  
10094.58038  
9997.388733  
9913.6716  
10085.1857  
10056.17426  
10032.29095  
9858.817963  
9985.082428  
10035.49081  
9941.233887  
9988.898132  
9996.378967  
9978.270935  
9888.356995  
9973.145477  
10033.0994  
9912.513672  
10049.05591  
10002.79071  
9983.945496  
10055.57498  
9919.888824  
9994.993103  
10008.51633  
9899.265015  
10103.40109  
10082.16565  
10016.5365  
9921.813599  
9922.880432  
9904.253021  
9835.921692  
9965.415192  
9781.115692  
9891.422455  
9969.068146  
9873.621674  
10037.86761  
10111.8519  
9910.467438  
9997.36322  
10050.37619  
10018.08972  
10011.85248  
10039.32242  
9979.588806  
9973.282776  
9953.302429  
9946.082428  
10052.54105  
9913.297058  
9996.272827  
9897.790588  
9954.35321  
10034.39688  
9902.735352  
9989.419769  
9977.782227  
9947.377014  
10061.07449  
10010.9194  
9924.355255  
10051.0108  
9933.864838  
10007.32117  
9984.510315  
9884.040314  
10047.54666  
10008.03906  
9955.87558  
9985.646637  
9907.185547  
9937.27948  
10018.98901  
9855.99353  
9943.092133  
10108.95895  
9885.259766  
10031.89819  
10013.34787  
9877.008789  
10005.49521  
9955.55777  
10027.22733  
10010.68854  
10012.94446  
9928.532471  
10065.08203  
9930.506866  
10053.16391  
10069.14612  
10062.15051  
9935.885223  
9957.098175  
10059.84811  
10048.73209  
9882.365509  
10061.09039  
9915.305756  
9922.601837  
10080.38098  
9897.039398  
9973.013916  
10017.16647  
9805.234802  
10053.48621  
9982.319824  
9991.664032  
10080.36307  
9919.465454  
10076.29208  
9953.44632  
9993.251129  
10039.96701  
9944.92749  
9752.049835  
10118.17804  
10054.98859  
10167.13586  
10122.70029  
9949.036041  
10090.81512  
9877.490814  
9901.339447  
9925.662781  
9814.199829  
10013.23035  
9951.584625  
9846.295807  
10070.4697  
10062.67993  
9982.463898  
10159.68903  
9982.28949  
10028.909  
10037.28494  
9984.568115  
10041.21896  
10028.86206  
9973.953522  
9982.907684  
9916.848938  
9971.787537  
9976.795502  
9925.120697  
9899.420105  
9949.464874  
9936.262451  
9936.168671  
9918.904297  
9967.964294  
9884.865845  
9986.94577  
9906.739441  
10039.43469  
9976.692413  
9881.810822  
10018.52347  
9914.15625  
10018.47537  
9909.889618  
9940.067261  
9947.952667  
9895.334473  
10066.22443  
9959.0401  
10004.19601  
9993.588715  
10027.91953  
9967.622986  
9979.269928  
9950.503662  
9892.866272  
9978.483246  
9934.323364  
9931.771027  
9902.580383  
9979.357574  
9884.373596  
9930.69754  
10007.94537  
9962.64151  
10009.87372  
9960.0242  
10010.68698  
9997.525116  
9950.507263  
9992.252625  
9925.194855  
9934.25293  
10041.62564  
9918.115662  
10047.45874  
10131.67783  
10098.8811  
9978.713226  
10113.25983  
9960.396423  
9917.294434  
10025.87958  
10008.86511  
10096.20691  
10079.57608  
10116.07343  
9955.753021  
10010.22189  
9964.383545  
9978.422668  
9893.163086  
9985.909363  
10016.19138  
9997.708038  
9953.807709  
10043.49918  
10000.63943  
9981.747681  
9907.676514  
9947.397491  
9954.365845  
9901.655701  
9861.564331  
10050.15881  
10004.57275  
10060.74792  
9880.792877  
9936.215118  
9957.173828  
10136.4859  
9953.714691  
10111.24332  
9968.600891  
10078.62823  
10061.64111  
10005.39206  
9974.568787  
9841.513184  
9940.209229  
9875.519928  
9967.154755  
10014.08795  
10047.85422  
9906.682922  
9987.903992  
10027.2533  
9949.180847  
9961.630554  
9955.229309  
9979.133209  
9968.274933  
9931.561768  
10068.12994  
10035.13623  
9933.402679  
9976.652222  
9902.360504  
9890.799011  
9979.949493  
10022.87442  
9881.43689  
9924.625916  
10065.26126  
10015.69775  
9980.040588  
10087.59274  
10001.25299  
10107.09271  
9983.124084  
10064.21054  
10054.96353  
9997.565247  
9928.913422  
10123.40298  
9948.063904  
10005.64346  
10013.31061  
9974.831879  
9969.222229  
9883.039001  
9990.578125  
9995.391205  
9936.88559  
9956.900238  
10013.6123  
9913.178833  
9956.151001  
10027.78091  
9964.475677  
9927.895966  
9984.562317  
9972.367798  
9980.034851  
9949.045593  
9976.893066  
9975.780365  
10026.72427  
10006.99783  
9978.540649  
9884.271667  
10081.52182  
10018.12573  
10015.1897  
10143.27295  
10022.70523  
10007.56134  
9924.365479  
9853.387909  
9969.512939  
10058.34665  
9917.572235  
9895.908112  
9994.364868  
9886.483093  
10103.96875  
10004.94669  
9933.866058  
10070.15112  
10049.45428  
9910.588165  
10018.09988  
10018.02161  
10047.14249  
10018.48651  
9928.782745  
9969.421692  
10137.69702  
9914.194977  
10175.0246  
9884.158051  
10191.39124  
10021.28604  
9983.329132  
10000.81842  
9934.622803  
9889.80127  
9842.169128  
9937.916992  
9815.070374  
9945.719757  
9920.134125  
9930.383545  
10074.38635  
10027.07779  
9875.539246  
9911.327332  
10053.37531  
10083.71881  
9995.389709  
10015.74384  
9964.351868  
10006.55429  
9988.374146  
10012.63116  
9991.329254  
9755.279358  
9989.062317  
9994.539673  
9958.327576  
10088.24948  
9977.106232  
9964.740997  
9999.78006  
9945.874664  
10046.16217  
9928.668335  
9883.236633  
10037.30969  
9955.235809  
10046.52917  
9948.557831  
9937.278076  
10051.93823  
9917.410217  
9953.190216  
10006.83142  
10108.46609  
9935.985413  
10043.86514  
9989.170654  
9933.954163  
9820.033478  
10046.62637  
9926.821533  
10046.46991  
9810.836365  
10057.72272  
9992.565216  
10075.59058  
10142.90045  
9911.618042  
10133.48859  
9779.491119  
9863.037323  
10000.63388  
10046.43829  
10041.13419  
10096.12045  
9803.608734  
9956.840668  
9994.883636  
9997.127808  
9922.369171  
10068.04895  
9992.516785  
10017.69525  
9945.074249  
10019.45087  
9940.509583  
9989.218292  
9994.052368  
9940.414368  
10015.79144  
10071.27872  
9925.923462  
9893.742371  
9928.910645  
9840.677368  
10013.65723  
9989.376587  
10024.28983  
9999.601166  
10000.17303  
9983.995972  
9917.599579  
9873.558136  
9986.41806  
10029.12503  
10089.33282  
9872.33725  
9993.846954  
9992.495148  
9889.175232  
10057.23462  
10015.30521  
9968.95636  
10124.4119  
9884.044403  
10014.83426  
9998.6409  
10007.37918  
9937.230225  
10043.05576  
9855.737946  
9800.825592  
9796.118164  
10001.15564  
10002.9238  
9857.318176  
10085.72562  
9996.51593  
10051.10785  
9984.172119  
10030.98444  
9941.172028  
10003.95749  
9875.538391  
9789.564301  
9953.964294  
9985.289429  
9913.426117  
10060.02686  
10015.83325  
10045.86594  
10031.38617  
10093.07944  
9953.537628  
10020.85999  
10042.33716  
10010.59885  
9946.553894  
9928.136688  
9933.215088  
9994.998779  
9925.744415  
9958.749451  
9959.545715  
9993.414764  
9889.973846  
9976.623352  
10166.29004  
9950.975616  
10027.30542  
9937.335358  
10045.70618  
9881.906189  
10196.62402  
10024.28076  
10020.57822  
10078.58881  
9968.328094  
10053.14331  
9909.473419  
9980.371002  
9893.265198  
9938.200958  
9867.937561  
10089.51852  
9995.580231  
10006.32791  
9917.91687  
9884.767548  
10014.79977  
10046.26743  
10175.88318  
10006.26685  
10082.81912  
9806.396942  
9952.138733  
9937.558807  
10036.58554  
9978.802002  
9975.677032  
10098.39124  
9926.042114  
10010.34653  
9800.211578  
9929.729095  
9960.632721  
10009.66498  
9975.28302  
9932.832947  
10263.2825  
9904.131195  
9854.660187  
9927.435455  
9983.374237  
10098.0585  
10160.56909  
10166.2381  
9829.421967  
9613.097504  
9913.955597  
9932.431335  
10005.63324  
9676.85257  
9942.004211  
9864.639801  
10010.9668  
10103.25992  
9901.307129  
9813.676025  
9989.326294  
10076.24469  
9991.510681  
10189.04019  
9848.975006  
9844.226288  
9830.118469  
9850.65744  
10004.06033  
9983.727448  
10024.6832  
9748.966064  
9946.108124  
10080.38367  
10023.02927  
10146.54333  
10024.04416  
10050.61404  
10008.9216  
10060.78235  
10075.17142  
10112.95294  
10104.90466  
10006.76025  
10057.16876  
10030.7377  
9942.10788  
9914.24527  
9972.38327  
9947.162537  
9985.894501  
9892.009308  
10070.34885  
9992.372772  
10108.99072  
10019.67715  
9932.208801  
10111.27466  
10009.26599  
10040.87308  
10017.20969  
10020.73633  
9952.914734  
10020.57083  
10347.39975  
10049.92245  
9983.199615  
9849.779236  
9930.686768  
9983.893707  
10092.32425  
10004.10883  
9975.233429  
9852.38739  
9879.800842  
9780.235718  
9784.83728  
10108.49466  
9991.52594  
10080.923  
9716.849915  
9841.793396  
10060.88751  
10140.75439  
9898.984528  
9818.685516  
9973.962036  
10110.77219  
10095.2211  
10117.8847  
9852.03009  
10179.22717  
9803.126282  
9973.889771  
10033.43106  
9895.627472  
9825.443542  
10022.95966  
9989.48703  
9975.260986  
10116.96222  
9930.704834  
9936.440765  
10036.13998  
10011.28061  
9994.952667  
9954.151398  
9947.199768  
9972.889252  
10009.98651  
10060.3533  
10002.80246  
9888.448364  
9781.398468  
10072.14175  
10024.75433  
10093.82657  
10156.68164  
9843.204987  
9911.0271  
10032.40829  
9900.293488  
10021.98029  
9971.598358  
9945.383423  
10140.60709  
9925.734955  
10054.10434  
9945.345642  
9913.035553  
9959.287109  
10041.14706  
9866.526825  
9864.316986  
10001.08536  
9830.294922  
9964.571777  
10054.64874  
10276.10571  
9840.334137  
10075.10364  
9799.154388  
10200.67471  
10009.9202  
9970.938873  
9857.388641  
9925.463074  
10152.66483  
9920.759949  
10110.42673  
10095.25681  
9816.397186  
10214.51538  
10055.00699  
9939.164246  
9858.285736  
9873.704071  
10107.32312  
9989.486084  
9971.781677  
10124.02487  
9955.67157  
10011.64005  
9969.120728  
10024.34555  
10009.30569  
9967.262604  
9864.799561  
10041.67587  
10069.80142  
9937.979126  
10092.36188  
9851.359222  
10053.6983  
9943.889038  
9845.366272  
9840.406891  
9908.972717  
10094.94128  
9995.622894  
10082.88519  
9882.329651  
9866.097107  
9872.546661  
10118.92944  
10159.35944  
9980.961884  
10186.04449  
10018.23413  
10243.62201  
10053.96536  
10137.99463  
9995.558075  
9951.068176  
10050.99603  
9909.508728  
9965.660278  
9964.597412  
10026.6087  
10021.38116  
9949.919159  
9905.17099  
9917.933838  
9876.07254  
9818.371094  
9803.743439  
9832.328888  
9908.20993  
9841.553589  
9875.064453  
9966.199371  
9824.388184  
10031.3949  
10039.60104  
9963.097748  
9921.576172  
10167.0979  
9916.605103  
10242.09396  
10084.71957  
10030.32254  
9971.913116  
9903.110565  
9949.68161  
9870.173004  
9992.418427  
9879.123413  
10082.68268  
9864.37326  
9999.36792  
9900.140289  
9978.531311  
9923.620453  
10052.25165  
10113.14331  
10156.67249  
10001.78293  
10067.20142  
10045.59338  
10040.10403  
10095.94852  
9933.663574  
10052.86093  
9881.048004  
10009.98288  
9962.83313  
10024.26831  
9872.646393  
9955.538818  
9982.412415  
9932.660217  
9930.727173  
9998.737061  
9963.837036  
10031.7254  
9870.75647  
10080.78214  
10026.12372  
9984.135681  
10197.0173  
9926.561584  
10085.73059  
10003.49902  
10002.487  
9990.479034  
10107.32217  
9972.826172  
9986.952911  
10001.99933  
9916.184845  
9795.314514  
9938.832245  
9939.852386  
9957.270874  
10011.70883  
9761.634491  
9967.22876  
9832.237793  
9939.501434  
9900.309204  
9822.358917  
9906.602234  
9936.09848  
9948.921631  
9978.262177  
9986.574158  
9915.632507  
9898.21521  
9910.319458  
10042.12827  
10144.77124  
9891.799988  
10132.31125  
10003.16611  
9911.025146  
9914.134979  
9894.042725  
10005.29013  
9841.779938  
10096.05426  
9956.911163  
9938.775208  
9932.233124  
9995.496368  
9917.649811  
10019.51059  
10089.08948  
10010.96301  
9945.701508  
9982.124725  
10078.37143  
10016.72653  
9963.542603  
10021.62131  
9790.449677  
9906.04541  
10122.8627  
9930.887909  
10018.75378  
10173.59674  
10036.50684  
9983.470551  
10013.94196  
10076.3418  
9933.601044  
10109.35333  
10060.67462  
9839.410675  
10026.09305  
10016.13654  
9973.334534  
10064.67404  
10155.34604  
9779.811829  
9843.811432  
10096.34601  
10020.13614  
10095.73767  
9983.684204  
9912.084625  
9931.359375  
9955.2742  
9997.247437  
10047.50757  
9985.575745  
9940.806854  
9961.260803  
9925.698303  
9935.280426  
9957.14682  
9985.957184  
10008.17014  
9977.941254  
9957.281616  
10047.63065  
9885.073181  
9925.279968  
9906.294189  
9973.023834  
9832.813477  
10110.65131  
9907.322418  
9983.35675  
9933.139618  
10041.33612  
9854.472229  
10035.88986  
10115.18463  
9957.56189  
9973.797668  
9990.277679  
10001.38101  
10014.16232  
10162.37952  
9934.939209  
9969.534821  
9951.351074  
9934.977631  
9997.699463  
9998.880157  
10042.04092  
9853.95282  
9785.199799  
9877.859894  
9916.366913  
10037.25876  
9999.493195  
10063.88455  
9887.92511  
9828.582306  
10183.37463  
10020.32584  
10060.23553  
10064.37534  
9793.977631  
10085.45172  
9955.096497  
9888.014404  
10005.67947  
9937.424103  
9921.914093  
10183.38483  
9943.006989  
9985.570892  
9954.131134  
9995.93042  
10067.27139  
10095.79623  
10029.62341  
9942.410431  
10044.74875  
9873.14978  
9847.288696  
10046.01959  
10001.14014  
10072.20581  
9857.42218  
10000.07071  
10086.11835  
9974.296783  
10005.66837  
9903.97226  
9950.490845  
10001.46011  
9909.784729  
9960.10144  
10002.18213  
9822.652191  
10060.56546  
10023.87766  
10015.52686  
9795.659607  
10128.54691  
9896.947998  
10202.45358  
10114.67773  
9978.312805  
10083.85159  
10113.75168  
9964.180115  
9928.814545  
10012.39545  
9869.072693  
9905.858917  
9886.545532  
9893.712311  
9918.176117  
10031.75027  
9936.990387  
9893.098358  
9842.307098  
10069.11194  
10018.82501  
10036.60318  
10025.84647  
9957.531647  
9888.037811  
10086.72043  
10055.74655  
10001.81073  
9972.286499  
10011.52142  
9963.016571  
9855.970215  
10076.90854  
10022.56992  
10030.67139  
10018.21466  
9845.923462  
10115.16422  
9963.06076  
9958.81427  
10021.12872  
9992.354156  
10004.54453  
9954.534943  
10014.97238  
9986.697266  
10017.06302  
9933.772552  
9921.760681  
10049.67557  
9929.051727  
9974.804718  
9976.708344  
10053.76547  
9984.990021  
9957.948975  
10021.40216  
9943.073547  
10022.78186  
9978.976776  
9920.277405  
10073.37039  
9999.072693  
9949.343994  
9928.044403  
9909.201965  
9846.181305  
9963.858917  
9889.892578  
10056.85999  
9978.899323  
9961.154175  
10047.92142  
10027.81299  
10083.99072  
10034.64929  
10010.55875  
9918.158081  
10047.57394  
9911.750183  
10010.11813  
10015.74323  
9965.649506  
9980.797882  
10193.85721  
9956.889221  
10124.37143  
9987.979858  
9976.910095  
10029.80682  
10015.39825  
9945.671356  
9950.050385  
9949.190887  
9783.981018  
9931.651093  
9869.442505  
9951.341095  
9928.656311  
9951.161316  
10015.24255  
10012.97034  
9993.379242  
10013.73969  
10025.50015  
9966.443054  
9996.953918  
10078.80554  
9913.216217  
10024.87982  
9926.155457  
9926.619904  
9995.254028  
10013.92908  
10005.3172  
9909.034607  
10080.1214  
10014.78458  
9912.952454  
9973.175842  
10042.3692  
9958.05307  
10019.83691  
9993.967255  
10090.897  
9989.858795  
9969.442444  
9935.781219  
9956.566406  
9897.436798  
9995.079865  
9975.411591  
9752.135071  
9990.360535  
9941.473724  
9943.917511  
9845.745514  
9967.774963  
9972.076019  
9921.908081  
10079.31744  
9937.465332  
10002.53638  
9954.795074  
10126.44046  
9993.392517  
9944.89856  
10039.17685  
9915.510406  
9861.994568  
9913.899963  
9908.290436  
10042.70883  
9904.424164  
10208.12326  
9828.233673  
9980.817841  
10013.48648  
10096.63184  
10017.15976  
9972.252594  
10076.8783  
9962.586121  
10078.59164  
9819.023285  
9952.824615  
10074.35837  
10027.67264  
10121.15005  
10079.12677  
10051.64191  
10002.05551  
10035.64859  
9969.399506  
9992.581604  
10001.95587  
9984.639893  
10000.65759  
10023.23639  
9915.598663  
9922.875061  
9900.643402  
9994.160858  
10014.15073  
9914.886078  
9922.468353  
9880.37912  
10035.59952  
10000.48566  
9901.856323  
10061.51495  
10002.68146  
10024.65558  
9978.982178  
9971.647461  
10090.45175  
9918.216125  
10000.59229  
9939.913971  
9960.438263  
9969.159363  
9962.790131  
9851.806122  
10064.00034  
10000.73264  
9994.908813  
10137.96249  
9906.330811  
9983.788239  
9974.226593  
9904.422638  
9939.459442  
9917.217224  
9921.986725  
10066.93887  
9999.525696  
10062.96231  
10123.57733  
9992.868347  
9976.541199  
10065.35886  
9931.380127  
10039.98297  
9997.265747  
9985.597229  
10006.72391  
9926.258911  
10015.79169  
9978.035919  
9929.308533  
9970.264374  
9847.832123  
10046.22192  
10066.7598  
9922.307434  
10225.32922  
9961.809113  
10016.54236  
9982.570862  
9882.768707  
10019.50732  
9916.408203  
9983.558899  
9970.48645  
10093.58398  
10008.46402  
9924.863129  
9970.043182  
9918.35321  
9952.710785  
9897.877563  
9921.317566  
10037.25479  
10055.16129  
9880.081604  
10229.42776  
9894.732269  
10007.16949  
9880.367584  
9974.870972  
9795.200867  
9960.447723  
9959.948914  
9977.27655  
9928.65097  
9968.631775  
9951.819641  
9990.846252  
9943.70166  
9947.587952  
10008.22305  
9887.954102  
10009.08469  
9998.395874  
9943.294678  
10026.8873  
10043.04031  
10015.07513  
10006.19559  
9973.535278  
10073.21857  
9831.398895  
9922.697906  
9977.726288  
9915.474884  
10009.66309  
9994.170563  
9981.337708  
10016.41165  
10029.94135  
10101.64185  
10096.74359  
10053.67267  
10071.29269  
9874.148529  
10060.20462  
9737.726532  
9907.121948  
10083.73987  
10029.56387  
9971.492859  
10154.32224  
9796.922913  
9851.920593  
10035.46088  
9959.130768  
10037.57596  
9995.913025  
9982.487854  
9939.218964  
10107.36841  
9929.069061  
9893.394104  
10085.74194  
10040.88092  
10130.90729  
9824.660065  
10051.87576  
10030.61832  
9960.91333  
9977.19455  
9912.512482  
9896.048615  
9845.319794  
9872.178192  
9946.886169  
9891.184998  
9943.273621  
9988.865662  
9861.842468  
9876.818176  
9985.199921  
9912.973969  
9983.300507  
10008.47601  
9946.955383  
10086.67462  
10114.04257  
9997.84082  
10016.21985  
9929.493591  
10003.05499  
10068.93747  
10007.12845  
9938.875031  
9920.053497  
9984.416473  
9886.963379  
9972.330658  
9966.381134  
10056.63974  
9948.074066  
9989.749268  
10020.01837  
9973.631714  
10041.53339  
9956.050934  
9985.163361  
9900.754639  
9990.315216  
10048.80551  
10030.73654  
10006.01593  
9986.42627  
9915.205566  
9902.227448  
9957.001556  
10051.784  
10018.74478  
10011.7923  
10061.33704  
9939.181763  
10033.59332  
9958.22757  
9977.756012  
9966.99292  
9959.182465  
10028.83365  
10076.5332  
10034.72641  
10014.56894  
10080.69937  
9926.877228  
9883.226379  
10011.50705  
9998.851685  
10014.8363  
9997.588165  
10032.80133  
9987.597687  
9945.529755  
10072.08292  
9964.234131  
9873.125519  
9837.264435  
9883.70636  
9881.556  
10030.03406  
9893.286804  
9945.829102  
9919.345673  
9940.437714  
9984.434235  
9993.989563  
10009.45996  
10055.64078  
9995.875183  
10049.27759  
10107.55154  
10037.75461  
10096.63467  
9905.246765  
9999.86319  
9971.174042  
9930.58728  
10060.3681  
10032.5741  
10066.25427  
10052.51163  
9952.128967  
10034.51779  
9904.672424  
10054.02283  
9993.306915  
9890.230957  
9894.309082  
9997.582153  
9914.28772  
9973.61496  
9963.003601  
10036.52747  
9988.266541  
10022.72107  
9932.976166  
10110.8064  
9864.883789  
9951.680847  
9967.495697  
10065.76965  
9940.763184  
10021.95752  
10047.24789  
10095.6636  
9927.190857  
10000.4664  
9888.543823  
10035.7753  
9964.74469  
10024.55957  
9904.168945  
9980.80484  
9958.313782  
10030.2995  
9976.77179  
9969.584961  
10009.38123  
10048.52728  
9881.971649  
9911.164978  
10012.33978  
9985.005707  
9996.554535  
9938.811188  
9975.939941  
10064.35861  
9986.713593  
9968.514954  
9891.635101  
10117.7995  
9929.675079  
9980.166687  
9957.138824  
9947.745667  
9988.374298  
9938.819122  
9855.310913  
10068.05991  
9984.725372  
9991.428375  
9953.631653  
10037.86487  
9931.981903  
9999.505157  
9959.53717  
9994.584351  
9925.490173  
9899.732025  
10032.87692  
10020.76868  
9940.638275  
10086.73169  
10082.25076  
10076.59393  
9969.252899  
10025.18921  
10058.05588  
10018.65826  
10028.72797  
10002.97052  
10057.85815  
9939.652252  
9812.380829  
9770.265625  
