7584.151426  
7553.886202  
7557.460691  
7527.367113  
7552.040007  
7582.094058  
7583.789705  
7591.979672  
7620.169928  
7469.744299  
7629.076858  
7635.244114  
7600.535238  
7588.377732  
7529.669378  
7608.801261  
7530.091229  
7598.57927  
7595.774442  
7617.51213  
7604.135458  
7623.019043  
7542.773527  
7583.070462  
7543.823164  
7537.394886  
7561.96954  
7569.727616  
7536.518975  
7567.352305  
7566.87743  
7548.736085  
7524.992063  
7570.667214  
7544.252216  
7585.000603  
7612.869933  
7597.181975  
7612.916983  
7581.764746  
7604.782278  
7573.417876  
7554.489309  
7557.580414  
7564.436234  
7542.151238  
7597.92936  
7563.607261  
7574.577299  
7640.138386  
7573.924922  
7632.152784  
7577.594072  
7578.550999  
7564.176496  
7553.01558  
7552.086191  
7567.173043  
7555.175481  
7529.536346  
7552.259999  
7645.431174  
7647.084966  
7555.985456  
7574.223838  
7559.174355  
7538.836531  
7579.130613  
7542.440889  
7565.623928  
7547.70608  
7536.714029  
7599.828576  
7619.730702  
7649.129948  
7601.167605  
7603.752298  
7596.871863  
7602.185504  
7588.284316  
7654.385581  
7633.850724  
7653.387593  
7631.365782  
7651.654508  
7690.121253  
7584.224545  
7589.280942  
7563.145994  
7562.539394  
7516.799052  
7565.540061  
7533.77398  
7540.521266  
7485.948178  
7485.662719  
7503.176612  
7542.886947  
7558.248442  
7539.280793  
7505.376241  
7489.673659  
7512.129698  
7496.833934  
7547.818443  
7528.99457  
7620.69262  
7584.650504  
7640.18593  
7609.177537  
7676.487476  
7631.471446  
7617.985735  
7636.249684  
7585.041098  
7569.045181  
7573.339222  
7574.055278  
7581.657701  
7592.282626  
7561.125015  
7629.818494  
7567.370542  
7574.542239  
7595.382128  
7560.541698  
7564.404168  
7566.156736  
7550.138693  
7515.189127  
7610.573137  
7581.199004  
7551.272483  
7606.943847  
7640.120867  
7587.256851  
7587.072906  
7571.147332  
7538.957619  
7603.601205  
7512.438265  
7461.107778  
7488.630484  
7485.823312  
7510.501921  
7520.64393  
7584.001391  
7682.8884  
7612.881387  
7624.846672  
7566.129079  
7596.40139  
7520.978127  
7607.739493  
7625.705686  
7560.648665  
7603.145505  
7623.1882  
7646.713787  
7588.173853  
7584.053961  
7535.552386  
7508.654634  
7530.551374  
7596.18122  
7577.334458  
7623.9641  
7582.832968  
7550.383157  
7509.798306  
7494.044301  
7488.934769  
7499.2912  
7492.591651  
7557.615073  
7584.412165  
7606.804766  
7616.162879  
7583.8274  
7625.471881  
7584.940221  
7608.258722  
7611.35391  
7616.277994  
7616.205526  
7565.273042  
7604.797737  
7544.616707  
7546.59508  
7525.222241  
7553.452936  
7574.53686  
7584.342065  
7575.941012  
7596.550017  
7601.184046  
7541.995164  
7538.316714  
7545.37148  
7580.660538  
7557.377872  
7640.052646  
7536.014742  
7580.178351  
7540.05978  
7602.689624  
7545.389635  
7522.148677  
7589.284705  
7566.370782  
7472.208063  
7507.395974  
7584.252309  
7559.352405  
7630.710483  
7602.578155  
7646.92285  
7692.231767  
7696.223288  
7605.320958  
7540.399915  
7605.305979  
7584.570343  
7525.569811  
7574.536257  
7538.778484  
7575.339833  
7579.263635  
7541.131645  
7637.402385  
7551.967802  
7588.634571  
7578.693267  
7570.017141  
7543.461149  
7569.64695  
7613.696076  
7580.740796  
7571.658348  
7518.855925  
7546.413904  
7526.142766  
7541.484342  
7566.596111  
7600.205126  
7526.093504  
7585.587483  
7572.139454  
7549.023051  
7569.716589  
7582.380439  
7515.781912  
7541.124501  
7576.818779  
7531.873546  
7545.671731  
7558.903098  
7602.796833  
7589.602036  
7570.114037  
7570.888983  
7582.014201  
7607.936504  
7640.316334  
7641.290219  
7567.311376  
7550.732742  
7500.140983  
7557.539685  
7551.414561  
7611.903227  
7505.964281  
7490.156983  
7527.925767  
7531.000424  
7615.573301  
7605.79845  
7643.432196  
7627.376151  
7584.406623  
7617.1994  
7623.309821  
7587.993563  
7606.521279  
7549.474452  
7597.889255  
7601.197756  
7617.992233  
7600.386481  
7603.645358  
7543.300778  
7534.506351  
7610.5514  
7579.280508  
7626.720062  
7556.424005  
7535.827913  
7530.169308  
7527.551283  
7591.378522  
7627.519984  
7562.772389  
7660.155923  
7646.167454  
7639.998089  
7665.536526  
7660.400858  
7546.017084  
7580.262451  
7532.163686  
7488.255302  
7506.527359  
7440.112518  
7532.150353  
7477.515625  
7574.097229  
7527.707826  
7488.67017  
7549.977286  
7553.919424  
7579.003282  
7618.989252  
7577.730738  
7613.868238  
7587.058822  
7558.289964  
7648.995909  
7654.45606  
7606.630488  
7606.57441  
7567.011843  
7582.929924  
7622.557126  
7578.709543  
7551.617746  
7556.819565  
7547.088397  
7652.57806  
7511.827596  
7697.694374  
7604.482332  
7450.569094  
7364.68372  
7359.035163  
7378.161843  
7480.532171  
7481.333618  
7599.424007  
7544.936101  
7542.184597  
7641.678436  
7685.816839  
7539.238816  
7638.783463  
7679.62809  
7682.087458  
7571.588263  
7650.157942  
7635.724122  
7617.731591  
7599.339891  
7519.67398  
7579.662382  
7543.577507  
7589.251175  
7595.305527  
7558.988587  
7523.840869  
7602.373367  
7601.368051  
7605.46874  
7576.679115  
7560.803939  
7577.378911  
7587.855126  
7611.071361  
7589.243379  
7575.926852  
7615.070487  
7569.263267  
7574.097488  
7572.730299  
7533.411361  
7511.450468  
7494.251305  
7599.930348  
7493.161801  
7591.361284  
7576.018782  
7574.510458  
7551.401096  
7516.884277  
7527.924617  
7530.304527  
7624.292146  
7561.248852  
7622.001817  
7604.977191  
7541.578399  
7383.133994  
7588.365706  
7683.351338  
7583.284964  
7595.912759  
7619.958054  
7627.908862  
7617.426438  
7537.965149  
7624.656968  
7539.304255  
7488.125387  
7530.287677  
7425.164712  
7612.733696  
7694.370271  
7556.292912  
7505.725214  
7617.572471  
7657.315455  
7645.617833  
7606.055791  
7649.146374  
7599.472621  
7583.335365  
7620.559849  
7518.826333  
7524.999556  
7559.456312  
7547.036212  
7564.555134  
7579.493101  
7636.73554  
7631.261488  
7604.043377  
7682.188927  
7613.595749  
7600.166316  
7543.450685  
7548.235031  
7515.60127  
7497.545323  
7523.75676  
7576.100506  
7582.781206  
7608.775532  
7617.625425  
7589.694886  
7672.959937  
7700.157642  
7598.335155  
7664.711823  
7592.426097  
7598.937734  
7584.957929  
7549.551383  
7615.336424  
7549.563755  
7560.174666  
7527.645992  
7548.042353  
7503.702843  
7499.18509  
7516.414963  
7545.291445  
7559.96921  
7550.636934  
7573.967064  
7542.845158  
7549.846388  
7518.288962  
7585.566683  
7617.243374  
7593.918537  
7566.656015  
7604.610946  
7614.456361  
7560.61753  
7513.416402  
7564.876671  
7565.445784  
7540.021886  
7572.492826  
7580.531266  
7565.239934  
7595.233887  
7584.135647  
7553.460849  
7582.688911  
7531.779933  
7494.493081  
7440.551184  
7510.752217  
7574.063201  
7530.989633  
7532.257851  
7451.490503  
7673.047367  
7606.744264  
7583.623671  
7621.359103  
7655.263776  
7651.786069  
7625.755728  
7607.927235  
7595.148081  
7565.930397  
7545.683818  
7567.939252  
7585.882232  
7610.340877  
7592.827329  
7591.971241  
7612.919463  
7589.083896  
7578.76447  
7588.785048  
7564.685023  
7574.770054  
7634.544896  
7672.97209  
7689.54566  
7673.745703  
7599.186642  
7522.397466  
7568.127679  
7572.872429  
7565.125166  
7609.015652  
7529.408764  
7545.708128  
7537.848102  
7545.615299  
7578.61847  
7577.023391  
7540.302279  
7539.154262  
7508.238532  
7541.080027  
7540.286569  
7524.901487  
7558.983422  
7605.72454  
7587.633  
7570.015466  
7633.176084  
7676.225023  
7569.350812  
7612.151131  
7583.125761  
7604.745704  
7482.244173  
7456.507093  
7484.946505  
7485.510071  
7473.416842  
7472.861019  
7481.890801  
7553.186773  
7576.384696  
7563.188046  
7552.5699  
7514.083061  
7531.961643  
7564.80646  
7582.084474  
7628.034531  
7662.595087  
7609.92132  
7625.839981  
7642.604707  
7731.533028  
7646.19253  
7645.850057  
7612.774317  
7459.423118  
7496.588113  
7526.970838  
7573.115035  
7585.778083  
7598.953092  
7564.101642  
7560.560907  
7563.627114  
7584.036076  
7585.480397  
7555.500393  
7591.624285  
7679.921298  
7647.121594  
7622.75613  
7616.276032  
7648.367988  
7611.333038  
7641.660574  
7587.3207  
7550.99797  
7552.114361  
7616.245553  
7614.100246  
7543.459996  
7602.237939  
7641.437941  
7595.75724  
7593.800852  
7519.810959  
7595.552197  
7596.976826  
7628.864954  
7579.64536  
7466.10071  
7575.721779  
7525.812118  
7582.443444  
7615.038399  
7612.63659  
7549.978966  
7531.705544  
7475.873823  
7487.492345  
7514.820797  
7500.233437  
7535.989608  
7548.372677  
7558.505109  
7544.625164  
7619.535238  
7575.480012  
7621.657329  
7628.538531  
7672.626728  
7649.394511  
7674.43158  
7630.239946  
7537.46765  
7486.952942  
7526.955927  
7515.249688  
7510.16739  
7589.774037  
7573.896781  
7569.137927  
7513.558293  
7536.771237  
7601.118062  
7554.679663  
7545.222645  
7557.380591  
7559.376461  
7566.133268  
7532.467411  
7572.770396  
7594.286095  
7671.156211  
7634.852386  
7446.156146  
7615.01779  
7572.151475  
7570.294521  
7532.840395  
7548.377227  
7579.783401  
7544.03914  
7551.769149  
7601.975161  
7670.224538  
7638.104929  
7615.700016  
7567.397055  
7554.839238  
7525.843089  
7455.491003  
7478.603258  
7511.480962  
7514.445239  
7502.33337  
7474.041883  
7529.442799  
7570.600783  
7616.006804  
7548.427726  
7610.625177  
7625.014908  
7690.662613  
7445.882369  
7646.525769  
7649.260305  
7611.935487  
7589.247078  
7560.633528  
7560.327625  
7540.651692  
7536.235262  
7534.565773  
7535.36784  
7581.141829  
7612.062148  
7572.470675  
7598.10338  
7650.064162  
7624.000526  
7679.967088  
7633.653082  
7595.436115  
7596.073324  
7544.913768  
7633.662955  
7655.254139  
7623.290398  
7647.95632  
7599.393697  
7587.275299  
7527.541141  
7501.378389  
7506.828484  
7529.353102  
7582.928031  
7615.305208  
7599.998452  
7620.297251  
7627.497118  
7572.841655  
7576.863824  
7591.599151  
7578.969782  
7559.957261  
7606.985822  
7594.278957  
7679.233753  
7649.993666  
7628.845029  
7578.190564  
7571.095724  
7599.534982  
7493.200005  
7524.33114  
7488.124986  
7559.418947  
7580.793626  
7572.76574  
7560.371927  
7557.465294  
7653.518221  
7604.700972  
7549.427421  
7586.03688  
7620.776932  
7664.409039  
7574.499945  
7553.768949  
7488.417573  
7494.562045  
7618.524502  
7712.986874  
7560.207733  
7451.982345  
7569.1806  
7625.178579  
7582.999297  
7638.598008  
7534.112551  
7575.171789  
7585.224432  
7539.25913  
7500.423859  
7538.795899  
7436.713055  
7443.419942  
7504.372349  
7594.31724  
7606.665975  
7597.520921  
7614.131759  
7306.952552  
7630.301981  
7625.017899  
7593.69655  
7540.8597  
7550.101665  
7571.486119  
7606.477308  
7701.869629  
7697.229294  
7703.604142  
7644.140627  
7513.877299  
7405.72321  
7376.621536  
7433.47418  
7450.717931  
7468.715196  
7506.204659  
7540.763783  
7524.526448  
7577.740079  
7609.910235  
7610.631767  
7648.421239  
7550.872439  
7606.168894  
7604.320751  
7602.184763  
7599.931744  
7587.198435  
7612.86564  
7573.853556  
7609.140682  
7548.030166  
7604.988064  
7599.851299  
7616.850221  
7604.52569  
7650.70454  
7561.883141  
7507.610375  
7466.371097  
7607.835494  
7565.699379  
7572.320848  
7572.062993  
7521.321369  
7514.214729  
7520.77627  
7630.222916  
7665.693985  
7635.911449  
7557.127995  
7651.838663  
7687.302805  
7648.919593  
7597.540767  
7593.371293  
7523.182246  
7621.94324  
7533.297738  
7580.326039  
7566.399139  
7601.930182  
7560.453154  
7581.178208  
7553.635086  
7621.306059  
7563.460877  
7589.291473  
7605.413248  
7612.041917  
7598.720316  
7609.350452  
7580.523155  
7610.521445  
7618.832515  
7642.211753  
7637.88792  
7609.27654  
7525.477686  
7531.908585  
7532.54218  
7536.429283  
7567.30198  
7526.46477  
7486.399978  
7507.892371  
7595.313297  
7595.35146  
7651.69184  
7657.434555  
7600.763942  
7569.169823  
7578.666059  
7589.566472  
7566.142996  
7547.275989  
7544.87564  
7533.171312  
7524.105564  
7570.664912  
7598.560422  
7536.316056  
7625.4378  
7627.953327  
7578.312479  
7533.415479  
7533.491094  
7584.455314  
7637.138452  
7560.962056  
7556.407928  
7479.068862  
7564.321388  
7673.997767  
7620.811188  
7625.819364  
7612.231009  
7590.164199  
7517.485303  
7487.495121  
7512.794092  
7554.054126  
7537.344145  
7548.564957  
7530.808566  
7510.224043  
7542.561934  
7514.819559  
7585.425838  
7553.576875  
7568.154946  
7502.504143  
7523.885654  
7481.879133  
7552.709574  
7536.187499  
7620.719892  
7581.954512  
7576.408273  
7608.833107  
7551.836232  
7601.480111  
7690.05946  
7675.17797  
7609.755805  
7565.396182  
7544.583472  
7596.093885  
7647.94689  
7655.279601  
7696.630779  
7658.142138  
7518.872018  
7548.362724  
7491.786395  
7494.25333  
7499.007277  
7591.693309  
7597.526757  
7656.464744  
7623.661302  
7580.285644  
7566.841325  
7574.040155  
7623.767134  
7611.684239  
7567.059802  
7463.058081  
7667.585344  
7619.559132  
7611.006416  
7609.412884  
7589.899037  
7564.768616  
7546.093862  
7560.838011  
7619.826574  
7579.991627  
7599.561522  
7535.782451  
7600.691516  
7485.932601  
7514.910808  
7551.088123  
7535.132479  
7480.317402  
7418.446206  
7424.099191  
7410.520212  
7519.349451  
7493.608145  
7612.353071  
7617.054031  
7684.145736  
7647.757128  
7574.98611  
7548.196056  
7554.752225  
7589.917022  
7569.173417  
7627.629204  
7598.710694  
7620.160287  
7612.878533  
7609.069685  
7553.415683  
7566.345355  
7528.509014  
7531.836932  
7563.388767  
7581.137623  
7630.877447  
7558.319738  
7522.234752  
7443.425942  
7447.579349  
7441.885485  
7457.478608  
7448.057179  
7532.34024  
7636.266383  
7586.846638  
7748.239536  
7726.669042  
7683.980135  
7724.324263  
7553.856812  
7612.589728  
7643.971191  
7574.367731  
7562.743215  
7569.806091  
7610.991283  
7541.87972  
7504.753002  
7469.414262  
7447.008827  
7519.038046  
7558.120509  
7603.049195  
7626.56285  
7698.346933  
7661.324507  
7654.777752  
7690.725215  
7647.400149  
7689.564767  
7673.519819  
7642.227451  
7620.025344  
7603.165372  
7575.811284  
7574.697474  
7604.54736  
7591.420918  
7607.072983  
7618.303029  
7597.967632  
7584.735582  
7575.651067  
7596.139368  
7555.920059  
7554.299008  
7549.661402  
7520.144411  
7545.11901  
7543.271647  
7486.872853  
7565.87019  
7530.361428  
7526.519603  
7560.453643  
7544.100524  
7571.07804  
7577.707601  
7645.305757  
7639.858102  
7589.687992  
7569.650532  
7636.192684  
7535.243433  
7634.623051  
7660.038241  
7617.816063  
7684.778481  
7584.740782  
7546.512509  
7551.513884  
7582.860479  
7576.065805  
7575.742704  
7606.567051  
7514.211715  
7535.477661  
7601.764507  
7561.136656  
7621.141362  
7567.666598  
7498.047377  
7480.398745  
7591.68012  
7550.801968  
7591.34183  
7569.122086  
7545.138738  
7601.064128  
7624.467752  
7659.074719  
7644.987893  
7594.566078  
7533.989024  
7555.043723  
7524.878051  
7563.207389  
7503.359568  
7585.130121  
7577.016307  
7600.291486  
7599.711436  
7591.915729  
7582.031998  
7462.985658  
7544.836172  
7499.387086  
7506.039167  
7470.27293  
7547.461795  
7533.845914  
7553.223632  
7578.655866  
7597.888223  
7577.990861  
7633.082109  
7620.190667  
7569.619496  
7578.714161  
7615.750404  
7583.12192  
7549.096779  
7540.181619  
7439.058968  
7550.054051  
7573.109257  
7529.775703  
7544.259519  
7516.258563  
7471.809424  
7491.496043  
7568.23582  
7609.367211  
7630.313239  
7544.928109  
7601.729675  
7560.221984  
7544.902568  
7600.86616  
7632.700016  
7602.373646  
7643.094634  
7523.223858  
7439.520207  
7466.353888  
7494.590884  
7458.314423  
7527.509059  
7585.794071  
7605.883838  
7579.497493  
7600.078535  
7662.793843  
7677.165033  
7592.780781  
7568.659933  
7582.818752  
7559.987718  
7585.522085  
7584.599534  
7632.977075  
7628.335093  
7651.624611  
7614.117403  
7593.327915  
7511.312256  
7531.214049  
7532.357  
7572.998716  
7594.51849  
7539.68181  
7457.040949  
7575.669137  
7550.891605  
7597.043319  
7596.060432  
7595.777747  
7638.451043  
7653.787255  
7598.520236  
7627.264281  
7656.45544  
7663.492888  
7630.306475  
7700.636556  
7658.498051  
7591.200754  
7597.651532  
7558.65974  
7545.73008  
7520.763737  
7497.680317  
7469.083556  
7444.683168  
7475.686175  
7560.599802  
7574.173123  
7591.654361  
7558.672817  
7541.555469  
7554.361945  
7563.634507  
7595.351922  
7580.249157  
7562.337678  
7602.039231  
7697.069019  
7670.771092  
7611.733346  
7561.765884  
7594.227613  
7554.090186  
7544.117503  
7705.801859  
7620.857689  
7551.349128  
7457.832334  
7452.881171  
7555.452351  
7562.865076  
7557.66023  
7597.512789  
7624.832876  
7650.413801  
7620.744706  
7639.928422  
7655.246704  
7601.906654  
7579.964821  
7624.643062  
7586.470673  
7547.077531  
7565.48139  
7515.805897  
7565.400847  
7555.694806  
7528.688761  
7556.447384  
7569.586509  
7596.20855  
7599.139216  
7529.114864  
7572.784249  
7559.304374  
7505.393311  
7521.600792  
7474.918268  
7496.330628  
7474.495722  
7539.407755  
7587.778656  
7605.110283  
7590.926209  
7684.471076  
7592.426967  
7603.263397  
7616.981771  
7641.018296  
7568.537969  
7542.745612  
7509.15854  
7558.832833  
7552.475412  
7527.278371  
7554.28449  
7599.830829  
7517.497723  
7538.164896  
7484.212035  
7468.626906  
7461.340879  
7407.954245  
7433.467444  
7455.564987  
7578.544088  
7673.503319  
7630.335764  
7591.29639  
7613.033249  
7641.699274  
7612.40478  
7649.935138  
7620.699123  
7632.214872  
7616.686957  
7599.020297  
7659.516015  
7677.692494  
7649.077458  
7541.090023  
7486.45553  
7529.403076  
7478.881275  
7509.473133  
7541.810694  
7554.80171  
7540.831087  
7587.350298  
7664.898324  
7617.086862  
7640.783363  
7620.118693  
7599.522118  
7637.705084  
7599.91068  
7583.180349  
7627.636519  
7567.181021  
7484.736482  
7520.807844  
7569.491954  
7516.299057  
7539.161949  
7558.09274  
7605.826181  
7646.56164  
7598.271945  
7562.622062  
7575.865752  
7587.817587  
7649.88836  
7618.934919  
7589.897439  
7595.522196  
7604.078733  
7572.617617  
7570.083769  
7607.519758  
7538.667041  
7522.931463  
7478.991254  
7511.759725  
7599.675273  
7658.026641  
7592.814356  
7610.736183  
7579.626532  
7571.586893  
7603.862481  
7581.204197  
7590.45124  
7589.75581  
7612.64101  
7592.821776  
7657.118518  
7498.079727  
7579.257704  
7606.44095  
7544.974625  
7565.592176  
7577.88998  
7559.919778  
7542.962751  
7516.293306  
7452.398224  
7537.119891  
7547.071182  
7571.783876  
7525.605087  
7462.527183  
7501.565436  
7610.704332  
7586.093082  
7627.115873  
7628.637673  
7591.002714  
7585.725212  
7530.94717  
7579.951657  
7537.889466  
7612.635591  
7624.828409  
7594.318882  
7584.191613  
7572.363892  
7593.683027  
7615.510964  
7586.855345  
7593.641337  
7562.978292  
7544.340204  
7518.785154  
7552.662195  
7539.756892  
7622.079783  
7605.516424  
7610.738226  
7625.532563  
7618.340301  
7652.708151  
7598.477623  
7596.620941  
7541.47471  
7499.208649  
7519.997908  
7540.093808  
7538.63393  
7551.752872  
7554.067449  
7582.158398  
7592.636268  
7669.741346  
7645.191839  
7559.354867  
7496.214887  
7536.145057  
7529.436288  
7544.709413  
7502.428032  
7553.439391  
7527.84302  
7616.2923  
7596.613103  
7600.237049  
7649.002106  
7668.014549  
7614.503105  
7598.591068  
7649.530981  
7611.003272  
7615.014971  
7568.905198  
7477.459622  
7581.714802  
7617.657985  
7616.791542  
7588.858859  
7607.229772  
7612.518364  
7538.124845  
7628.674526  
7578.937124  
7606.733881  
7645.615746  
7621.961473  
7538.362141  
7614.587548  
7506.241744  
7595.03414  
7587.851298  
7611.468699  
7559.477418  
7596.72741  
7560.058715  
7563.863271  
7527.124738  
7565.302902  
7580.707267  
7558.132205  
7484.437009  
7557.424894  
7548.636128  
7561.811322  
7533.579503  
7569.646696  
7554.300333  
7537.440997  
7493.210716  
7550.945193  
7495.751305  
7554.378783  
7531.102938  
7496.555295  
7453.865774  
7502.437498  
7588.799571  
7571.737167  
7552.605452  
7565.007276  
7605.523624  
7638.650815  
7643.811634  
7553.005072  
7563.037497  
7585.257779  
7514.256259  
7544.841887  
7544.665675  
7561.149997  
7593.697356  
7630.93052  
7596.846084  
7596.181712  
7559.697102  
7584.392482  
7634.791867  
7606.295434  
7569.604839  
7538.016723  
7571.884013  
7569.157821  
7627.304922  
7666.301178  
7595.333447  
7546.910082  
7493.26103  
7499.884301  
7490.901182  
7497.475336  
7505.100539  
7481.660909  
7533.232192  
7560.230273  
7551.163094  
7520.16232  
7453.890598  
7479.400434  
7538.867665  
7582.86586  
7600.084846  
7615.185491  
7573.621799  
7574.985084  
7587.879669  
7620.059965  
7648.090971  
7609.2302  
7722.026557  
7667.848469  
7716.810644  
7558.974321  
7563.737224  
7574.886104  
7613.23323  
7650.076943  
7625.673991  
7570.04034  
7573.259997  
7566.757595  
7587.427463  
7626.903779  
7677.602179  
7638.322974  
7637.331086  
7535.738068  
7555.592139  
7560.978538  
7542.626861  
7568.696175  
7506.710152  
7535.81372  
7507.439022  
7580.007826  
7622.589488  
7561.010597  
7472.225159  
7487.183291  
7477.022006  
7595.096167  
7569.687895  
7612.604974  
7563.743079  
7588.203487  
7595.79105  
7530.132154  
7646.652832  
7587.178327  
7611.154461  
7644.923397  
7654.931257  
7672.071254  
7649.490672  
7634.044867  
7578.915842  
7495.151932  
7493.287011  
7555.395235  
7547.444921  
7488.458248  
7585.306772  
7528.833058  
7556.24501  
7502.043804  
7586.005324  
7531.640232  
7503.873949  
7509.964802  
7531.227655  
7561.489584  
7504.729645  
7613.925695  
7593.252422  
7597.740264  
7604.423653  
7641.775316  
7666.274024  
7630.299383  
7606.860079  
7551.196134  
7538.986018  
7542.242265  
7571.945199  
7541.770451  
7477.906361  
7552.977131  
7601.491979  
7650.042977  
7604.695292  
7634.965929  
7631.600527  
7579.692914  
7616.743492  
7610.964755  
7654.512938  
7565.900045  
7596.316339  
7578.621757  
7611.058826  
7595.10862  
7602.964941  
7590.94521  
7571.587299  
7583.447485  
7625.086633  
7632.923657  
7629.920814  
7568.460023  
7599.031633  
7546.166554  
7614.433396  
7569.036131  
7574.689365  
7631.332407  
7621.14125  
7527.43271  
7518.03482  
7493.266502  
7552.081166  
7530.589699  
7525.752516  
7520.07971  
7549.292696  
7592.265697  
7620.771293  
7553.734459  
7492.648467  
7577.868438  
7583.569185  
7580.786108  
7524.900878  
7572.153186  
7544.97371  
7564.211088  
7626.723324  
7589.596381  
7671.434456  
7695.113464  
7582.564907  
7500.876074  
7502.418365  
7497.1027  
7543.31345  
7552.280666  
7542.698996  
7518.956645  
7489.096597  
7554.431376  
7622.41069  
7568.337451  
7599.833388  
7615.225869  
7552.676505  
7571.544838  
7506.613894  
7591.116435  
7587.190178  
7610.988587  
7576.575421  
7650.460309  
7631.755631  
7594.059346  
7631.638244  
7606.270425  
7642.485727  
7621.432595  
7653.397612  
7615.510741  
7583.31623  
7604.760346  
7555.887145  
7513.756175  
7498.98335  
7556.652033  
7389.295114  
