8298.438068  
8072.867344  
8113.009478  
8186.763295  
8323.040955  
8044.619214  
8130.849252  
8206.931073  
8362.275324  
8200.9513  
8286.082989  
8301.550721  
8392.923244  
8300.396944  
8311.276622  
8282.632892  
8268.130754  
8265.886221  
8156.432729  
8256.778675  
8311.214553  
8222.470234  
8307.50473  
8267.585934  
8257.865988  
8169.746876  
8239.550194  
8223.100803  
8134.16756  
8157.45001  
8201.919571  
8240.596878  
8167.473891  
8175.181641  
8254.928283  
8202.512963  
8204.388359  
8142.816362  
8221.275365  
8184.894209  
8197.589174  
8198.383939  
8262.462658  
8189.692609  
8347.831597  
8317.47339  
8155.426885  
8166.215642  
8204.415416  
8269.317313  
8189.253121  
8240.191805  
8226.356072  
8383.848326  
8297.296987  
8156.497839  
8124.576411  
8217.219695  
8231.724469  
8085.755518  
8339.948156  
8456.262357  
8184.145329  
8165.696257  
8214.65879  
8253.649743  
8213.627926  
8384.10139  
8176.197741  
8192.260902  
8293.485945  
8222.327468  
8298.086927  
8166.640204  
8157.333972  
8183.338414  
8252.079465  
8225.938071  
8199.672631  
8157.180035  
8142.411892  
8159.184953  
8226.204855  
8242.287377  
8334.106081  
8414.952764  
8254.699733  
8230.198797  
8216.245478  
8251.162767  
8090.216162  
8257.230376  
8156.124266  
8075.554847  
8247.992459  
8118.778225  
8270.036653  
8464.130843  
8571.115707  
8354.550504  
8237.035638  
8196.853835  
8104.774644  
8182.398919  
8219.314364  
8086.067029  
8163.994766  
8095.496426  
8224.181921  
8248.875067  
8213.234225  
8254.967936  
8278.662298  
8312.042027  
8240.640226  
8274.98509  
8243.321701  
8310.752885  
8353.952905  
8255.921575  
8321.399759  
8309.926426  
8186.014033  
8275.76312  
8274.841708  
8202.436683  
8321.421364  
8246.056513  
8286.743541  
8253.09406  
8276.598588  
8300.336241  
8253.610323  
8236.58175  
8259.069154  
8273.960653  
8247.779287  
8225.370337  
8270.648524  
8214.390338  
8262.003542  
8372.919178  
8176.629155  
8153.78626  
8267.510059  
8248.7697  
8160.18959  
8112.753945  
8248.106551  
8238.563052  
8102.037598  
8243.687136  
8218.748289  
8183.832679  
8151.969206  
8192.242708  
8137.937711  
8144.5045  
8234.674671  
8228.312267  
8206.630224  
8187.131846  
8123.668441  
8145.558287  
8265.018532  
8204.889955  
8253.809494  
8204.119511  
8155.138235  
8208.904865  
8170.965839  
8288.914292  
8195.434404  
8237.893421  
8225.208882  
8233.660383  
8210.03238  
8248.028461  
8326.283273  
8195.803002  
8330.086362  
8223.719921  
8227.68292  
8292.155695  
8265.262549  
8262.436938  
8274.983536  
8343.890277  
8261.809656  
8129.554461  
8306.292263  
8150.409125  
8362.913003  
8210.257931  
8146.128909  
8177.803564  
8247.479339  
8161.825412  
8248.635353  
8175.26214  
8249.289072  
8185.715728  
8225.562312  
8192.656907  
8304.735345  
8345.36135  
8205.124116  
8306.139929  
8238.338277  
8275.082475  
8251.4898  
8280.6468  
8330.721118  
8279.391196  
8247.823849  
8145.820265  
8178.234139  
8305.048579  
8193.497827  
8205.76176  
8172.526208  
8251.241291  
8233.660076  
8429.62814  
8287.781694  
8281.697767  
8206.925019  
8167.226339  
8214.5846  
8222.922319  
8217.937427  
8186.202401  
8066.931848  
8005.281359  
8030.181736  
8154.583333  
8205.741217  
8220.296696  
8305.364631  
8389.560467  
8297.541459  
8142.993879  
8228.561986  
8201.561137  
8296.89794  
8189.699707  
8260.256699  
8239.362905  
8180.970269  
8150.309641  
8228.540993  
8273.47302  
8271.747859  
8215.437028  
8210.153633  
8204.542184  
8140.758294  
8152.391062  
8240.468485  
8277.044663  
8204.894305  
8200.077934  
8252.867698  
8306.921907  
8368.238201  
8333.69964  
8121.510177  
8468.502888  
8337.447738  
8260.632822  
8127.823565  
8183.292053  
8021.285967  
8186.405857  
8093.009143  
8150.854626  
8281.887405  
8175.701612  
8136.853337  
8229.035992  
8312.511575  
8224.939801  
8237.6214  
8195.965875  
8175.602223  
8223.808045  
8263.907227  
8308.929078  
8401.916951  
8205.309912  
8347.388611  
8341.510653  
8265.540451  
8362.088491  
8216.996515  
8267.085108  
8210.029894  
8194.645565  
8200.140501  
8210.286519  
8224.956275  
8272.011792  
8266.038542  
8206.398176  
8240.662958  
8268.151808  
8287.48148  
8230.276026  
8217.369061  
8246.815388  
8147.959201  
8234.834489  
8171.112761  
8182.764878  
8228.666341  
8166.137233  
8365.467678  
8228.613699  
8235.123069  
8223.29398  
8231.708088  
8151.053309  
8180.879867  
8300.571059  
8341.740758  
8253.877496  
8236.578993  
8235.848403  
8164.040097  
8141.903292  
8166.303564  
8127.63324  
8216.762395  
8303.833585  
8072.930335  
8092.074532  
8129.96943  
8208.265938  
8060.260599  
8341.277826  
8185.087801  
8119.618844  
8188.198568  
8200.3508  
8398.244517  
8298.930485  
8212.667346  
8142.948166  
8228.692016  
8181.641972  
8222.421141  
8175.003504  
8192.429589  
8206.485961  
8266.610058  
8307.68569  
8049.905098  
8237.205349  
8239.35028  
8328.281151  
8312.732116  
8340.248612  
8219.051991  
8179.823884  
8285.0508  
8227.083506  
8220.090233  
8233.894735  
8177.949599  
8278.506019  
8272.76971  
8211.533273  
8269.919813  
8229.258061  
8223.309395  
8214.583148  
8325.608667  
8271.266962  
8210.427811  
8274.890603  
8310.31594  
8268.919536  
8260.241728  
8333.843817  
8234.708346  
8214.663427  
8218.088797  
8216.20834  
8306.979955  
8267.720732  
8215.174703  
8377.585484  
8288.52886  
8243.699366  
8258.15446  
8262.459667  
8283.103062  
8261.997233  
8370.103755  
8333.379152  
8205.385011  
8350.326213  
8277.877751  
8215.421929  
8172.919737  
8127.925092  
8152.723349  
8151.246541  
8173.690417  
8131.965105  
8204.527044  
8220.666028  
8192.008055  
8195.253501  
8244.628858  
8264.638062  
8276.514588  
8229.407945  
8298.744999  
8214.968284  
8248.128954  
8341.355826  
8132.145125  
8178.183622  
8231.189408  
8253.582679  
8187.915553  
8244.832127  
8207.285332  
8210.790017  
8240.530324  
8213.179617  
8165.601259  
8161.089103  
8239.912275  
8282.721319  
8234.924674  
8239.949918  
8276.410306  
8176.508767  
8189.632685  
8206.027819  
8356.249706  
8178.998069  
8297.224169  
8205.057509  
8126.534422  
8412.236267  
8324.85461  
8094.139559  
8190.438627  
8154.734774  
8168.043128  
8171.295538  
8157.401409  
8118.210038  
8142.704963  
8238.512102  
8205.119629  
8168.889253  
8200.605443  
8226.879532  
8215.155427  
8187.103519  
8281.051155  
8263.732214  
8265.233769  
8187.732371  
8240.301167  
8211.419673  
8196.097803  
8281.594372  
8264.53087  
8253.979157  
8271.774353  
8220.826995  
8185.000019  
8243.25368  
8433.944093  
8218.818573  
8305.197511  
8250.182573  
8206.734161  
8118.448903  
8189.28439  
8327.04774  
8245.718131  
8120.204896  
8158.46365  
8091.774794  
8110.907897  
8156.893478  
8200.483896  
8238.382653  
8157.415301  
8306.925781  
8133.074391  
8128.70106  
8161.762261  
8256.120548  
8107.682078  
8234.339917  
8324.064708  
8244.909358  
8275.983086  
8326.360237  
8258.511971  
8293.061642  
8237.541303  
8270.642907  
8284.449464  
8284.278818  
8106.368397  
8270.936913  
8257.986015  
8241.505416  
8276.561498  
8276.510758  
8204.332235  
8286.668495  
8360.740675  
8246.635228  
8259.924119  
8336.824739  
8225.944773  
8263.936938  
8234.008914  
8185.958694  
8237.167985  
8257.757104  
8242.259692  
8179.808284  
8297.108679  
8194.505125  
8193.240052  
8194.539433  
8258.687171  
8230.216704  
8119.920905  
8206.082334  
8234.59105  
8158.435598  
8126.275451  
8217.735498  
8473.198797  
8258.760765  
8143.941441  
8186.492459  
8274.981554  
8350.387376  
8387.051755  
8263.605549  
8195.767652  
8217.305045  
8330.622316  
8254.384102  
8283.277289  
8301.117136  
8249.73778  
8219.388184  
8243.194374  
8291.208742  
8246.909505  
8259.396395  
8197.598176  
8222.186536  
8275.210334  
8219.498902  
8097.801362  
8163.339643  
8257.426378  
8256.119367  
8295.466656  
8325.611009  
8222.679531  
8162.828042  
8176.470671  
8196.830767  
8294.983252  
8157.362889  
8211.057027  
8118.297635  
8165.420758  
8163.090741  
8250.124888  
8302.906834  
8194.790358  
8211.747179  
8268.712291  
8145.195622  
8365.579791  
8312.469417  
8447.661551  
8438.096826  
8220.719254  
8191.116626  
8238.950438  
8227.000326  
8156.032191  
8169.859649  
8169.966414  
8180.590817  
8191.427023  
8274.91442  
8162.628459  
8167.257739  
8231.802233  
8223.508211  
8204.390449  
8203.386862  
8170.908398  
8086.131731  
8188.854604  
8206.701548  
8192.895907  
8194.829175  
8215.500629  
8221.787515  
8194.30245  
8168.576884  
8144.258869  
8150.85709  
8192.023243  
8239.015963  
8217.045155  
8276.885085  
8228.759829  
8164.769062  
8185.861641  
8335.452193  
8372.34997  
8348.97497  
8140.937127  
8228.050092  
8191.66823  
8056.324851  
8130.885844  
8111.483884  
8270.728806  
8219.17895  
8178.890191  
8256.488495  
8481.922966  
8340.647538  
8321.865518  
8277.565685  
8267.770093  
8330.355938  
8180.83888  
8321.166849  
8393.352916  
8310.274787  
8270.921869  
8199.611054  
8343.843718  
8404.660434  
8396.022672  
8291.742915  
8201.572112  
8311.730226  
8255.225656  
8330.99686  
8184.588181  
8210.294577  
8125.507021  
8120.663281  
8084.85558  
8144.877473  
8086.839158  
8195.065723  
8059.751787  
8084.861906  
8120.842142  
8230.029504  
8266.664248  
8191.105849  
8248.269812  
8361.396427  
8158.582679  
8074.638646  
8015.66749  
8403.508004  
8564.436431  
8227.440446  
8244.994798  
8163.067577  
8164.926589  
8120.064846  
8162.142632  
8156.128128  
8219.343  
8300.880958  
8331.311054  
8348.666935  
8315.062503  
8243.541673  
8425.629028  
8353.305351  
8361.844896  
8328.121636  
8365.328575  
8342.205356  
8237.193146  
8257.948807  
8234.449774  
8208.760832  
8193.971558  
8257.408222  
8325.445536  
8312.977252  
8270.967882  
8245.704673  
8231.973346  
8272.344494  
8241.669277  
8203.246588  
8269.281193  
8267.289181  
8203.152041  
8151.722375  
8142.793987  
8170.045442  
8146.860687  
8206.31933  
8165.551799  
8172.251634  
8048.022975  
8196.633929  
8314.449592  
8248.16051  
8340.191949  
8278.133582  
8258.295362  
8327.203482  
8246.792838  
8180.608976  
8172.908758  
8161.018184  
8225.320721  
8224.424262  
8258.560387  
8291.797443  
8382.465747  
8372.896931  
8118.434861  
8151.443056  
8248.288967  
8345.187184  
8179.626516  
8235.592068  
8249.937717  
8252.220027  
8194.634689  
8068.937624  
8129.818717  
8144.359107  
8036.65221  
8097.483574  
8044.782424  
8101.185298  
8211.366233  
8322.718724  
8167.936657  
8241.538322  
8274.144879  
8214.689696  
8230.755623  
8184.297852  
8170.398939  
8213.736756  
8245.390341  
8252.868333  
8347.577196  
8375.307863  
8297.296023  
8439.689629  
8362.324018  
8177.732664  
8047.170557  
8179.034499  
8202.50764  
8209.414653  
8253.610141  
8119.77847  
8212.521277  
8394.850359  
8286.17582  
8222.185483  
8223.977999  
8242.740863  
8238.949784  
8322.373746  
8261.60663  
8227.565299  
8156.970828  
8134.901964  
8222.743493  
8272.190892  
8260.415936  
8244.881325  
8227.115952  
8174.771172  
8221.804062  
8208.997555  
8175.44933  
8212.746282  
8228.967292  
8227.601403  
8174.752339  
8206.702155  
8230.507251  
8202.354505  
8255.267087  
8133.691524  
8180.407265  
8170.239701  
8197.633368  
8209.357498  
8168.099526  
8175.722576  
8180.893472  
8094.515338  
8060.02241  
8225.610205  
8402.933003  
8348.411947  
8287.26425  
8295.569923  
8064.658015  
8230.215211  
8273.04376  
8124.318331  
8353.547418  
8452.026705  
8291.771012  
8365.903445  
8224.072125  
8184.575505  
8009.959335  
8154.434108  
8234.408436  
8217.050462  
8179.534081  
8246.851735  
8265.653241  
8258.576909  
8207.614318  
8227.653043  
8261.995254  
8268.205863  
8410.369524  
8261.291721  
8256.286777  
8136.147956  
8321.903601  
8244.873114  
8266.809114  
8222.655334  
8192.582963  
8249.698766  
8228.259281  
8261.630783  
8269.600752  
8190.948641  
8261.762153  
8152.130926  
8187.882149  
8244.542152  
8279.073453  
8250.639013  
8205.989204  
8258.792978  
8288.093207  
8289.59217  
8282.912547  
8284.850079  
8048.263378  
8276.451529  
8126.267243  
8449.042289  
8186.872233  
8147.250756  
8257.280222  
8199.200205  
8110.497929  
8151.052505  
8187.159065  
8113.818021  
8191.259963  
8255.363955  
8150.936332  
8154.720228  
8198.025011  
8176.762376  
8249.172794  
8261.575192  
8271.952943  
8215.34556  
8293.129296  
8323.829644  
8203.854393  
8183.840954  
8347.331607  
8213.756769  
8331.512402  
8249.865059  
8133.220004  
8443.296285  
8277.882251  
8175.616224  
8129.879126  
8290.268169  
8130.343622  
8154.435799  
8320.363939  
8330.396063  
8317.765443  
8242.65924  
8205.629755  
8173.584824  
8098.927655  
8264.1989  
8222.855667  
8231.764294  
8166.838002  
8157.560821  
8278.672504  
8247.584032  
8214.939013  
8332.132005  
8338.895032  
8283.158695  
8231.924782  
8148.855475  
8227.266314  
8248.83656  
8240.761026  
8210.249933  
8230.17281  
8286.924626  
8252.684076  
8288.697074  
8198.23149  
8222.54999  
8225.133684  
8266.195344  
8197.891729  
8229.48921  
8223.355529  
8206.290045  
8183.238492  
8284.254615  
8275.71951  
8205.730571  
8183.919408  
8282.402966  
8187.277481  
8220.849976  
8219.955917  
8221.337431  
8310.640357  
8336.357029  
8373.311868  
8179.633144  
8083.130582  
8235.474364  
8228.586081  
8249.447144  
8325.180039  
8288.295094  
8165.88091  
8163.794389  
8225.240713  
8233.487589  
8212.848751  
8217.551078  
8217.19672  
8123.367586  
8129.798914  
8257.797733  
8230.99483  
8309.225334  
8296.744919  
8209.458892  
8241.848786  
8234.861389  
8204.689839  
8142.421141  
8185.932059  
8211.843641  
8198.263152  
8178.743971  
8204.446142  
8262.979084  
8246.343412  
8137.595678  
8097.801678  
8245.916392  
8349.617299  
8291.572923  
8254.694693  
8280.477619  
8223.04452  
8168.927521  
8216.053794  
8287.453808  
8244.05912  
8271.07127  
8155.940213  
8234.259708  
8247.995851  
8220.221338  
8213.800194  
8189.372198  
8199.144381  
8320.551697  
8349.159129  
8190.288188  
8168.577736  
8146.962054  
8158.254206  
8217.236181  
8316.796275  
8280.197562  
8243.549304  
8336.578502  
8337.324129  
8292.725583  
8251.283698  
8297.273932  
8255.9761  
8195.325333  
8246.682869  
8278.496681  
8287.634392  
8265.086707  
8266.229856  
8219.902088  
8228.249378  
8189.949611  
8216.022892  
8211.846434  
8240.419995  
8245.54639  
8222.844353  
8237.323711  
8181.547663  
8202.078939  
8241.465776  
8234.769104  
8194.118815  
8209.445137  
8209.195941  
8288.917219  
8233.75389  
8211.193911  
8235.099396  
8288.721961  
8242.568002  
8262.596523  
8304.251117  
8329.559222  
8273.350426  
8231.195855  
8251.999052  
8311.187931  
8247.328288  
8299.624231  
8220.118486  
8252.215208  
8267.644914  
8242.443666  
8302.692469  
8258.386457  
8215.004589  
8309.760228  
8317.501886  
8260.696812  
8038.539165  
8186.471546  
8374.062787  
8284.193506  
8249.359104  
8109.399248  
8326.74205  
8162.759558  
8108.018054  
8139.236475  
8144.906486  
8158.777755  
8005.54046  
8165.34098  
8221.413392  
8116.025544  
8110.691397  
8051.961531  
8214.95173  
8284.57359  
8232.856212  
8237.469813  
8299.175162  
8134.660175  
8207.579931  
8264.029297  
8274.384  
8225.355009  
8251.128313  
8245.991425  
8172.298024  
8136.605963  
8261.29939  
8271.944186  
8414.306286  
8428.261783  
8331.314823  
8258.263423  
8109.209393  
8282.381861  
8281.013298  
8197.066202  
8220.738897  
8262.326845  
8231.835507  
8299.060052  
8104.556178  
8248.621754  
8254.610259  
8191.701513  
8184.186019  
8206.387038  
8299.637354  
8183.859882  
8221.703393  
8175.94455  
8209.480118  
8216.998775  
8199.945188  
8253.327592  
8149.119811  
8186.869469  
8146.022914  
8198.821672  
8248.119134  
8252.205659  
8250.351413  
8271.357668  
8202.010324  
8263.721389  
8234.619546  
8194.319202  
8285.070239  
8364.88159  
8203.295155  
8183.990423  
8242.030452  
8242.237534  
8187.124464  
8224.645693  
8252.91015  
8247.165148  
8213.345457  
8223.384086  
8308.711987  
8231.058868  
8277.865305  
8215.008926  
8155.115566  
8255.505269  
8234.326635  
8180.019787  
8233.705238  
8324.153882  
8336.015105  
8181.72264  
8147.750645  
8123.843444  
8151.347398  
8163.135994  
8266.974951  
8205.745752  
8158.056925  
8214.358513  
8203.549157  
8166.049106  
8213.809889  
8195.562845  
8386.115678  
8266.551116  
8211.848662  
8142.797472  
8080.391598  
8112.754915  
8210.037119  
8320.923598  
8259.437174  
8170.496221  
8342.361255  
8234.281094  
8267.445785  
8141.086745  
8131.171074  
8017.642562  
8161.474986  
8257.963586  
8189.958209  
8173.283608  
8067.594695  
8265.969002  
8082.2374  
8232.691461  
8100.926643  
8217.687273  
8268.739705  
8249.083755  
8261.576625  
8253.763276  
8276.981583  
8298.992487  
8249.632828  
8183.94184  
8206.067932  
8303.58371  
8336.995165  
8303.044159  
8268.441965  
8174.637159  
8167.015552  
8197.823376  
8354.292745  
8497.511562  
8365.851084  
8179.547832  
8180.23157  
8277.102874  
8216.927578  
8165.246636  
8249.367044  
8289.589534  
8276.900438  
8200.274583  
8259.726952  
8267.023396  
8271.827241  
8312.407169  
8241.54025  
8239.787122  
8242.472082  
8222.425867  
8233.021561  
8225.391694  
8247.958238  
8458.361082  
8221.409585  
8233.299428  
8226.736631  
8377.436657  
8378.151048  
8090.266732  
8042.753881  
8182.613256  
8059.005786  
8288.907594  
8283.027372  
8219.764058  
8247.565956  
8174.293106  
8223.339228  
8270.65985  
8274.232846  
8361.422261  
8197.907137  
8261.932691  
8174.091727  
8298.640038  
8189.384102  
8166.879592  
8356.478276  
8230.632063  
8198.27106  
8156.925204  
8049.849903  
8263.093846  
8266.068069  
8326.033647  
8246.297258  
8355.622329  
8352.999646  
8345.57141  
8215.649344  
8400.96538  
8251.754723  
8225.645377  
8268.517572  
8197.075837  
8135.387925  
8186.033704  
8191.185362  
8228.995672  
8299.711742  
8219.9734  
8157.321206  
8159.947824  
8241.940519  
8145.293553  
8224.792752  
8341.860272  
8290.669047  
8311.181181  
8274.620443  
8293.663127  
8244.792474  
8311.583384  
8276.80531  
8221.372338  
8248.283155  
8400.35747  
8313.65791  
8311.901409  
8188.862049  
8257.864287  
8221.699423  
8257.137654  
8158.022786  
8230.975586  
8265.808  
8241.548394  
8214.511441  
8201.138793  
8266.483558  
8134.173841  
8186.775544  
8157.443414  
8111.657176  
8105.58679  
8200.25719  
8213.038083  
8265.15154  
8156.652717  
8268.142709  
8414.604738  
8364.888515  
8257.1121  
8241.933913  
8305.812168  
8311.524596  
8145.180709  
8069.640264  
8275.620794  
8284.251902  
8227.233577  
8044.748813  
8134.228946  
8075.175858  
8118.110071  
8133.379296  
8079.833104  
8168.255872  
8208.519187  
8135.973888  
8178.65474  
8062.170388  
8096.017594  
8047.256842  
8254.718709  
8239.536497  
8211.810461  
8277.763506  
8312.783468  
8146.962642  
8442.426413  
8462.121821  
8524.389281  
8255.74731  
8042.350854  
8172.357543  
8335.909735  
8141.736433  
8234.821104  
8066.686252  
8080.917589  
8147.887954  
8252.588143  
8225.517262  
8236.46552  
8243.875348  
8264.528665  
8273.53028  
8121.858465  
8211.831077  
8321.315506  
8426.822898  
8271.063773  
8405.806267  
8223.727932  
8218.523552  
8182.188569  
8262.381147  
8104.909926  
8137.214895  
8286.747705  
8319.532466  
8319.638851  
8181.619016  
8288.320322  
8299.79293  
8305.053318  
8187.211474  
8204.629229  
8145.019729  
8308.083158  
8254.550363  
8213.588746  
8245.99229  
8241.330394  
8110.607192  
8181.341261  
8188.990056  
8282.379653  
8187.128823  
8104.934104  
8175.958381  
8229.663817  
8168.736127  
8166.442124  
8243.409757  
8166.504276  
8248.480392  
8266.200393  
8264.356602  
8171.899079  
8321.803079  
8302.88774  
8218.068404  
8248.925906  
8325.954532  
8334.135733  
8245.217515  
8272.559452  
8261.96823  
8254.784435  
8333.920841  
8242.103136  
8252.34533  
8197.900429  
8157.956208  
8226.889361  
8269.165652  
8265.765705  
8328.954615  
8293.849562  
8255.758457  
8181.446812  
8229.021181  
8230.915744  
8265.63909  
8123.345218  
8091.320194  
8180.430836  
8280.97459  
8360.009459  
8188.449155  
8352.203639  
8195.235447  
8076.230293  
8199.534116  
8346.304627  
8194.562226  
8155.017782  
8160.009545  
8145.631973  
8132.67889  
8062.131054  
8227.131654  
8339.163705  
8287.560158  
8211.975069  
8219.458589  
8257.274124  
8362.936246  
8257.388298  
8299.044596  
8226.506606  
8340.876044  
8328.13721  
8283.682738  
8273.646571  
8225.347312  
8210.34226  
8294.410593  
8253.758843  
8305.632193  
8285.849242  
8187.896682  
8232.659113  
8233.03619  
8284.878507  
8279.490885  
8247.275001  
8285.219538  
8231.258917  
8268.574097  
8218.384785  
8221.857783  
8113.609436  
8233.021634  
8432.670487  
8071.175373  
8116.027245  
8292.299833  
8212.024296  
8259.287202  
8279.161034  
8261.342521  
8212.387383  
8184.685537  
8131.953498  
8146.655679  
8150.140951  
8191.877783  
8217.871381  
8276.709096  
8200.592352  
8167.733906  
8252.019694  
8214.186176  
8276.556998  
8135.111149  
8217.201797  
8228.62439  
8189.177894  
8281.316981  
8342.33812  
8229.130081  
8120.683674  
8144.542765  
8305.130626  
8123.822763  
8388.298065  
8132.136467  
8219.617775  
8213.629503  
8246.92597  
8241.791568  
8239.804927  
8326.874122  
8232.966341  
8153.011403  
8156.120395  
8243.022898  
8197.066435  
8202.29796  
8179.253399  
8353.953961  
8202.038003  
8086.098234  
8225.804423  
8312.172089  
8390.555007  
8232.874738  
8126.93241  
8235.655656  
8216.929263  
8285.804279  
8157.958404  
8191.241706  
8222.077637  
8172.746975  
8189.884992  
8269.632513  
8156.292177  
8255.187337  
8122.00576  
8243.818324  
8253.681995  
8214.051799  
8309.090798  
8285.725398  
8185.046489  
8203.027155  
8298.456237  
8202.253878  
8071.854649  
8226.563129  
8261.906684  
8313.679949  
8298.453824  
8254.51011  
8210.232534  
8176.204539  
8252.903706  
8187.650809  
8238.447148  
8235.227383  
8247.399009  
8169.864446  
8225.741399  
8246.604939  
8178.539905  
8170.814153  
8204.938189  
8179.555351  
8207.520112  
8232.553695  
8261.912476  
8252.490471  
8301.723467  
8193.535498  
8198.40879  
8217.808916  
8242.20347  
8418.132554  
8265.142367  
8217.006999  
8254.50577  
8297.069282  
8353.834958  
8295.720649  
8283.807646  
8297.360042  
8393.216216  
8428.236612  
8313.415077  
8196.523383  
8183.002639  
8312.074583  
8299.878788  
8245.155219  
8213.065714  
8201.682971  
8209.844768  
8267.548535  
8304.278805  
8217.288303  
8152.175686  
8151.990758  
8257.418738  
8253.870114  
8331.282332  
8244.575371  
8211.097774  
8082.82389  
8171.75106  
8072.022193  
8103.151224  
8135.145447  
8098.383039  
8102.84794  
8231.385088  
8149.345307  
8151.786139  
8337.946605  
8160.83027  
8171.737525  
8284.93367  
8408.877872  
8366.763567  
8316.933466  
8334.963883  
8238.974041  
8221.78544  
8205.164512  
8173.961253  
8200.440219  
8224.308118  
8327.267849  
8302.496422  
8248.928963  
8223.646839  
8221.877853  
8170.576083  
8175.107183  
8191.304442  
8159.75128  
8179.944824  
8039.225343  
8298.540856  
8335.097312  
8137.005125  
8222.089295  
8296.43869  
8210.786369  
8203.769844  
8304.823568  
8181.518478  
8140.981726  
8191.175807  
8158.877808  
8377.667232  
8256.26881  
8321.719098  
8321.037655  
