9764.078701  
9641.786514  
9639.952994  
9660.221735  
9746.531358  
9715.597411  
9734.902332  
9786.463991  
9812.135276  
9867.291814  
9959.742851  
9845.031926  
9963.983656  
9929.702415  
9861.25731  
9853.449117  
9861.025756  
9568.490965  
9888.546848  
9855.771855  
9879.019775  
9900.752316  
9865.606055  
9860.56925  
9861.681158  
9746.315336  
9694.913733  
9706.896519  
9696.174045  
9743.36432  
9771.984119  
9838.967759  
9857.750327  
9837.396918  
9813.987414  
9763.207182  
9787.850148  
9782.081313  
9773.750633  
9780.495583  
9787.777733  
9809.872195  
9870.552778  
9853.729654  
9834.403547  
9909.182654  
9872.073231  
9760.616716  
9894.291152  
9820.510376  
9796.617145  
9825.63467  
9753.864555  
9745.640112  
9747.519932  
9751.146851  
9762.125892  
9799.059853  
9802.214429  
9777.627087  
9798.515  
9770.614285  
9740.25942  
9764.155676  
9738.304237  
9788.907611  
9771.816092  
9813.231882  
9822.920132  
9861.458542  
9893.391269  
9789.448775  
9768.048106  
9763.857835  
9774.488567  
9808.949609  
9809.342959  
9907.946144  
9882.50626  
9883.747374  
9862.995848  
9841.69591  
9903.407493  
9862.404545  
9871.857034  
9841.671522  
9823.83794  
9769.458085  
9744.390246  
9753.253665  
9796.323023  
9819.025425  
9766.344485  
9704.460727  
9675.360092  
9731.614901  
9783.004385  
9788.686599  
9721.201181  
9665.216396  
9655.484869  
9649.72863  
9651.787223  
9646.45257  
9691.901451  
9729.175887  
9725.740501  
9707.483105  
9740.992131  
9821.501693  
9807.218085  
9860.396739  
9873.059322  
9845.219138  
9857.890465  
9885.478705  
9885.760617  
9838.357321  
9938.891604  
9861.71955  
9892.635929  
9878.39823  
9801.975409  
9843.950067  
9848.490596  
9838.277625  
9850.383243  
9838.276299  
9805.633465  
9802.520026  
9812.471423  
9821.736707  
9817.043899  
9789.629813  
9781.878992  
9810.485591  
9784.826704  
9825.376195  
9829.903918  
9829.997219  
9852.570575  
9872.917218  
9884.519033  
9844.76672  
9747.395996  
9639.40732  
9644.166062  
9671.322034  
9679.757518  
9728.505035  
9712.645026  
9708.659523  
9740.344236  
9755.765192  
9759.842028  
9852.485968  
9767.637708  
9764.503663  
9785.29241  
9791.846251  
9833.451255  
9796.491064  
9767.726904  
9755.484178  
9800.328221  
9832.016621  
9799.091258  
9801.834081  
9817.572622  
9838.722331  
9843.208789  
9898.003125  
9887.464132  
9880.095861  
9875.744185  
9855.461457  
9864.940934  
9836.514728  
9842.644237  
9777.373006  
9769.313853  
9774.054834  
9772.328604  
9763.039827  
9752.365758  
9737.014581  
9751.293369  
9756.061765  
9747.462001  
9785.540938  
9843.868924  
9752.040116  
9788.382382  
9708.711916  
9700.444333  
9692.274932  
9752.221923  
9769.420576  
9822.803937  
9823.044028  
9872.217282  
9831.438597  
9836.564184  
9854.467766  
9856.864071  
9857.275423  
9849.407316  
9866.965448  
9848.800656  
9844.273156  
9839.145149  
9790.011833  
9760.376437  
9813.106578  
9809.755415  
9791.88366  
9822.23952  
9825.310681  
9832.163364  
9857.501269  
9770.556177  
9737.101668  
9790.658028  
9893.167453  
9845.881272  
9801.179459  
9771.750539  
9776.657378  
9768.808903  
9773.534011  
9675.972222  
9608.110864  
9637.968121  
9661.439542  
9673.432292  
9673.701526  
9727.671345  
9795.184577  
9797.938926  
9774.154007  
9780.552728  
9816.506283  
9868.171934  
9872.059399  
9910.894497  
9806.332553  
9802.153252  
9823.931942  
9835.859244  
9852.985833  
9870.896788  
9893.264625  
9909.116185  
9936.236594  
9881.51565  
9817.404886  
9850.578088  
9898.734369  
9934.529824  
9902.432777  
9842.29978  
9769.993617  
9744.664175  
9725.695635  
9824.393826  
9809.388187  
9783.244849  
9803.482916  
9703.955806  
9714.475286  
9662.987767  
9665.740907  
9685.968329  
9710.308961  
9724.475104  
9712.001071  
9677.583095  
9770.851332  
9781.33887  
9801.516182  
9839.099909  
9760.26206  
9744.295802  
9726.52492  
9696.570711  
9805.561803  
9886.12568  
9871.442325  
9836.749675  
9803.566736  
9787.704885  
9797.006018  
9740.474341  
9760.838865  
9731.9124  
9780.461197  
9799.326854  
9798.191285  
9789.094658  
9817.467381  
9766.12707  
9803.214624  
9815.549742  
9793.241092  
9772.404518  
9780.748177  
9820.795874  
9876.919359  
9861.113555  
9856.621702  
9859.321204  
9827.051375  
9827.049796  
9835.781426  
9886.430253  
9875.357985  
9900.962565  
9838.308845  
9861.076092  
9877.609762  
9862.955031  
9862.003975  
9888.285938  
9915.076515  
9892.537704  
9808.298982  
9767.129113  
9750.352004  
9729.972748  
9726.803214  
9758.389959  
9777.987461  
9776.537624  
9718.220484  
9739.019278  
9781.395595  
9755.931612  
9752.944803  
9706.40322  
9747.050844  
9724.697974  
9746.572845  
9821.133008  
9848.238263  
9830.922991  
9801.080788  
9769.439661  
9722.391515  
9794.568276  
9789.870104  
9791.163334  
9799.755756  
9782.514294  
9773.822163  
9820.974816  
9782.399583  
9695.045375  
9822.984888  
9776.034797  
9773.415651  
9730.012102  
9687.829117  
9678.708956  
9675.993566  
9781.887363  
9792.949425  
9781.837886  
9749.322759  
9791.692263  
9799.971459  
9807.658087  
9797.064923  
9831.883088  
9809.253545  
9839.166175  
9853.232674  
9860.427453  
9845.119856  
9864.640703  
9870.730927  
9866.070161  
9804.577254  
9774.373698  
9801.746985  
9802.166303  
9829.602834  
9834.890281  
9818.630621  
9851.995665  
9837.912598  
9805.80009  
9819.550885  
9787.260576  
9757.411157  
9758.486982  
9785.987624  
9813.899706  
9796.272357  
9813.371991  
9866.038802  
9786.295976  
9871.903252  
9774.669877  
9705.662635  
9708.179319  
9734.322644  
9797.164757  
9782.51343  
9756.375347  
9812.673026  
9835.967397  
9822.44676  
9815.313205  
9772.549586  
9794.277255  
9783.088332  
9851.659838  
9818.919254  
9839.962629  
9892.105811  
9834.115891  
9798.311332  
9765.732796  
9756.815174  
9804.949145  
9751.108378  
9764.633452  
9791.713439  
9787.907553  
9763.635914  
9806.807168  
9799.521719  
9772.053513  
9832.996348  
9822.367908  
9797.17874  
9846.717143  
9791.270633  
9749.708558  
9720.005646  
9701.839238  
9739.854702  
9734.82077  
9742.432966  
9844.035255  
9803.031532  
9817.417224  
9816.099161  
9739.897033  
9636.170338  
9664.843631  
9671.25983  
9700.259409  
9722.838887  
9740.776307  
9791.105188  
9808.517416  
9806.521884  
9744.471046  
9812.699713  
9824.276144  
9839.642341  
9823.968049  
9873.744444  
9903.924343  
9889.411455  
9907.455619  
9945.738845  
9939.535099  
9884.353754  
9861.179846  
9838.384741  
9845.701183  
9820.87784  
9813.560956  
9829.265503  
9814.24755  
9786.120518  
9812.965091  
9871.839969  
9860.906896  
9771.400402  
9874.874988  
9780.232031  
9696.006889  
9710.35365  
9716.839116  
9691.099792  
9745.266211  
9710.673217  
9725.504542  
9764.239695  
9738.390923  
9789.664147  
9815.875011  
9856.129568  
9904.524112  
9881.527762  
9889.78347  
9874.350074  
9754.335949  
9797.358588  
9835.509946  
9821.278713  
9786.176129  
9755.66362  
9774.480864  
9808.490975  
9786.660039  
9773.867117  
9765.004379  
9765.604594  
9811.327785  
9831.045766  
9822.817734  
9798.526567  
9782.084797  
9781.172199  
9802.10959  
9868.141736  
9909.54476  
9885.543083  
9837.043609  
9818.630459  
9811.881158  
9814.600287  
9803.351149  
9741.175474  
9732.053487  
9785.245799  
9775.913444  
9753.864346  
9722.56346  
9720.754692  
9685.912534  
9735.03335  
9814.663795  
9762.715219  
9755.466289  
9731.027075  
9786.987726  
9810.402907  
9835.778387  
9822.188585  
9810.746683  
9796.072531  
9825.783843  
9930.167022  
9999.814076  
9983.442561  
9952.673493  
9865.098653  
9799.41538  
9769.423309  
9772.266488  
9766.720504  
9749.068371  
9779.827581  
9793.287056  
9816.216773  
9747.664979  
9728.68313  
9767.58337  
9747.510224  
9756.290862  
9757.167618  
9793.202122  
9798.930893  
9788.452083  
9752.853398  
9747.124032  
9789.813273  
9805.174973  
9807.631631  
9816.536391  
9829.848861  
9805.930487  
9792.769219  
9783.696255  
9725.925097  
9754.315538  
9754.017251  
9769.657966  
9773.473544  
9841.217198  
9823.533267  
9797.228701  
9785.095412  
9834.231363  
9809.801962  
9856.405772  
9854.517159  
9899.144333  
9838.542721  
9804.406991  
9782.525646  
9714.169215  
9662.298063  
9663.071421  
9647.476671  
9652.968529  
9690.139583  
9703.253004  
9747.432673  
9776.43329  
9774.798992  
9837.589156  
9834.141388  
9794.229436  
9816.172523  
9816.688011  
9774.766775  
9788.704133  
9816.350261  
9816.084548  
9830.21481  
9827.232627  
9889.186968  
9841.093021  
9842.791419  
9805.775267  
9788.136667  
9825.693268  
9859.993128  
9830.335981  
9827.512756  
9874.109452  
9848.24376  
9903.286572  
9905.707652  
9840.87222  
9801.655441  
9832.441851  
9852.478699  
9795.145282  
9722.238965  
9744.810468  
9690.054453  
9789.454046  
9774.498599  
9735.60562  
9758.038013  
9743.819506  
9784.071211  
9769.546586  
9797.269302  
9786.998706  
9799.226077  
9816.291527  
9863.019892  
9877.624884  
9860.764881  
9868.710846  
9825.496568  
9888.380437  
9872.129379  
9877.306171  
9874.16838  
9868.977841  
9911.314729  
9935.014017  
9867.68294  
9754.079628  
9707.256663  
9688.209204  
9654.304167  
9651.21244  
9759.909452  
9671.116081  
9734.820514  
9757.770784  
9770.645869  
9768.912089  
9786.893929  
9769.549495  
9757.27911  
9821.367604  
9872.71285  
9897.887228  
9888.107882  
9947.171184  
9875.878382  
9803.419386  
9668.230426  
9710.182807  
9762.943623  
9799.5071  
9742.569425  
9726.228836  
9733.13518  
9716.367535  
9750.284107  
9773.628061  
9859.947904  
9854.559489  
9876.676242  
9919.568847  
9862.067819  
9808.476439  
9795.928901  
9757.008234  
9785.915312  
9786.196204  
9746.530539  
9759.403797  
9745.486554  
9788.530584  
9857.440505  
9876.762352  
9857.009264  
9797.205303  
9787.495692  
9767.321379  
9758.312874  
9777.234921  
9731.131585  
9791.793556  
9839.812324  
9837.877799  
9802.573806  
9763.303502  
9728.023663  
9708.770283  
9719.685556  
9710.211257  
9775.150982  
9745.388362  
9796.036691  
9825.560304  
9851.323046  
9864.554357  
9883.892545  
9849.032233  
9840.33949  
9802.14668  
9818.093228  
9822.048736  
9772.666561  
9836.692119  
9795.609936  
9845.418571  
9832.569394  
9854.152022  
9890.786138  
9767.539776  
9799.870792  
9727.034593  
9737.5606  
9719.294132  
9713.424827  
9717.603769  
9749.260908  
9778.933507  
9833.967072  
9858.724502  
9856.709467  
9808.23036  
9800.026007  
9793.838453  
9768.550052  
9790.11775  
9764.191855  
9810.212075  
9780.837261  
9810.902314  
9848.196056  
9790.949062  
9818.239265  
9783.572176  
9795.333734  
9791.664867  
9828.926629  
9784.62707  
9826.019493  
9840.244568  
9791.644046  
9779.421411  
9725.706159  
9765.013408  
9755.345082  
9769.492168  
9826.333535  
9774.825405  
9749.808583  
9787.523372  
9786.367014  
9814.964718  
9817.100734  
9815.928693  
9782.481721  
9814.070842  
9828.946696  
9859.284937  
9800.545365  
9781.482382  
9738.480737  
9820.955621  
9803.012278  
9803.382895  
9744.630955  
9754.838737  
9793.8943  
9863.701687  
9864.753911  
9809.962935  
9799.467782  
9812.63566  
9825.274785  
9837.099278  
9808.762038  
9826.965289  
9812.490434  
9812.258536  
9821.381998  
9778.944431  
9766.694775  
9781.586805  
9840.504753  
9777.087501  
9782.370835  
9753.36632  
9682.475423  
9921.592032  
9929.70451  
9917.249106  
9856.0003  
9836.895449  
9830.151255  
9805.241523  
9765.387342  
9788.243412  
9744.677405  
9765.929167  
9751.145596  
9691.804897  
9634.628991  
9631.15296  
9666.178483  
9696.61315  
9700.780313  
9755.19574  
9775.303095  
9756.481934  
9778.829381  
9773.520508  
9779.351445  
9816.11736  
9827.445321  
9824.322294  
9942.090697  
9652.423453  
9854.991788  
9796.872237  
9648.218507  
9832.100031  
9832.079981  
9840.545167  
9868.673316  
9812.629837  
9799.652819  
9816.436094  
9849.356063  
9879.149935  
9870.107085  
9851.065894  
9813.40346  
9788.068339  
9793.396774  
9800.872976  
9817.760711  
9769.195987  
9771.986257  
9751.769536  
9714.988725  
9811.02049  
9814.661185  
9759.017139  
9744.819945  
9610.298527  
9724.083153  
9746.298068  
9757.750381  
9749.411701  
9724.632905  
9725.461917  
9783.886806  
9839.344511  
9836.963392  
9794.440742  
9806.331899  
9853.546461  
9877.696112  
9827.705234  
9827.017122  
9817.058694  
9840.108508  
9864.792872  
9910.776375  
9874.131858  
9855.420886  
9847.86602  
9851.154212  
9901.434477  
9866.384136  
9808.008565  
9766.091025  
9779.668894  
9844.457388  
9910.801759  
9855.681921  
9776.483477  
9800.403832  
9798.476739  
9849.103402  
9831.823397  
9784.473505  
9753.098426  
9726.783643  
9768.651096  
9788.751148  
9778.165999  
9820.199599  
9867.15433  
9859.610373  
9757.723174  
9683.678935  
9712.185191  
9794.019875  
9783.381561  
9775.835068  
9694.091196  
9718.58454  
9709.34978  
9713.639759  
9722.83589  
9761.162249  
9769.257669  
9788.708444  
9763.267112  
9789.664894  
9785.514543  
9788.588778  
9769.412098  
9808.668609  
9864.727416  
9874.020306  
9871.151114  
9877.065002  
9858.413197  
9814.550822  
9812.116149  
9807.43037  
9797.332815  
9769.906965  
9823.279922  
9845.414369  
9784.945988  
9745.157204  
9759.117991  
9788.010044  
9833.933015  
9783.039435  
9778.595226  
9778.935769  
9749.199665  
9750.011842  
9770.107758  
9790.83153  
9809.12028  
9776.450752  
9785.907225  
9802.309781  
9799.903265  
9856.902019  
9815.414389  
9815.9868  
9839.517458  
9814.850196  
9811.446766  
9807.315952  
9855.914496  
9875.180063  
9832.884744  
9797.861835  
9787.705644  
9808.251261  
9832.199095  
9797.051643  
9782.821462  
9839.796238  
9879.722074  
9890.301237  
9827.626488  
9829.588466  
9809.092549  
9816.437283  
9657.836351  
9851.104336  
9881.876341  
9874.21691  
9848.709489  
9818.565315  
9779.358325  
9795.08744  
9815.184099  
9785.879359  
9779.519626  
9745.749869  
9773.519611  
9774.611273  
9796.921282  
9800.555835  
9813.421992  
9782.97855  
9741.982458  
9746.638135  
9858.554032  
9852.142847  
9740.73833  
9734.596421  
9750.864656  
9783.890831  
9829.431643  
9854.581545  
9843.684191  
9769.550962  
9761.69005  
9726.443022  
9716.179008  
9728.305732  
9757.640272  
9699.099362  
9737.367004  
9791.114576  
9775.207548  
9758.363275  
9784.362942  
9810.839732  
9826.217074  
9776.825225  
9773.184534  
9783.476182  
9814.974243  
9859.990751  
9819.030241  
9856.08312  
9838.971854  
9845.882758  
9829.632145  
9876.395315  
9835.029216  
9815.343116  
9840.898215  
9790.320358  
9809.979921  
9768.319363  
9774.385584  
9872.379184  
9884.692685  
9880.43423  
9853.859128  
9867.59175  
9784.373736  
9785.093481  
9778.969532  
9774.964921  
9721.2544  
9761.508532  
9798.403122  
9835.50875  
9829.625514  
9826.11045  
9753.208366  
9755.902691  
9734.602335  
9747.858231  
9780.297283  
9771.430684  
9770.226409  
9768.749456  
9835.492265  
9835.562274  
9822.06805  
9795.182046  
9776.788871  
9728.018409  
9636.047773  
9642.556989  
9692.519183  
9738.439386  
9773.857306  
9799.012192  
9773.072734  
9798.19938  
9824.149974  
9744.113945  
9674.361043  
9854.013388  
9865.676168  
9869.728382  
9848.214806  
9846.509624  
9826.452759  
9825.318257  
9809.118626  
9817.004522  
9853.020947  
9818.708836  
9837.774471  
9794.769301  
9826.813558  
9895.106653  
9917.503827  
9892.016086  
9810.655361  
9774.439145  
9797.767675  
9822.161827  
9857.672756  
9607.27821  
9691.110807  
9712.332458  
9728.438431  
9745.166723  
9733.297386  
9745.914084  
9753.783382  
9716.524644  
9748.338248  
9766.564956  
9811.153619  
9809.467884  
9821.039512  
9788.968534  
9749.000012  
9792.091299  
9822.886865  
9793.60905  
9770.94343  
9774.685978  
9798.756681  
9827.492216  
9820.625322  
9815.734499  
9894.597548  
9895.756739  
9870.418636  
9824.881806  
9818.683805  
9867.28867  
9927.91246  
9809.870576  
9739.757547  
9742.81976  
9789.64132  
9859.271442  
9801.657148  
9796.308639  
9787.565576  
9787.152574  
9820.72044  
9884.278583  
9843.156871  
9812.046228  
9786.547192  
9788.04112  
9835.480324  
9829.569985  
9790.537578  
9816.939624  
9826.579054  
9874.563942  
9843.897442  
9763.223518  
9751.51342  
9761.453021  
9788.919105  
9803.492885  
9874.008775  
9848.112104  
9813.480968  
9811.201018  
9795.886859  
9807.672333  
9869.2615  
9845.006003  
9847.951513  
9799.886367  
9768.603041  
9740.106107  
9760.862118  
9822.588581  
9811.793223  
9859.822507  
9763.156786  
9722.93236  
9822.414922  
9793.107606  
9717.3293  
9626.720143  
9617.766159  
9486.017778  
9703.487073  
9731.524242  
9743.311272  
9752.620574  
9769.251049  
9800.850019  
9706.10172  
9765.04073  
9730.646444  
9720.395334  
9714.679888  
9745.852213  
9797.904224  
9807.159531  
9836.326861  
9865.911267  
9870.808607  
9833.262437  
9770.10147  
9761.798334  
9769.707578  
9806.8739  
9838.186057  
9799.095024  
9799.638219  
9817.558261  
9721.305963  
9758.467375  
9812.611843  
9750.568016  
9697.582403  
9735.692415  
9786.345668  
9812.103001  
9830.384342  
9790.26924  
9654.000832  
9898.179179  
9883.593652  
9880.50811  
9904.193681  
9949.470811  
9928.620094  
9894.967156  
9899.318099  
9871.848789  
9896.18987  
9917.244011  
9889.894831  
9834.307194  
9786.766431  
9785.470572  
9761.789499  
9838.215287  
9865.522916  
9769.430039  
9714.549809  
9768.939344  
9732.433534  
9745.827279  
9702.543625  
9654.453408  
9695.231236  
9691.953571  
9717.104413  
9748.484217  
9733.90166  
9747.725193  
9760.099411  
9815.742098  
9839.876855  
9820.414355  
9811.931611  
9860.689235  
9853.758781  
9879.457112  
9841.372821  
9835.981621  
9801.059562  
9848.753013  
9876.470858  
9846.491104  
9859.27158  
9781.127882  
9851.87943  
9855.474007  
9804.351062  
9844.756231  
9777.280315  
9689.974154  
9738.869933  
9702.364774  
9723.391973  
9675.077529  
9752.048591  
9795.015395  
9861.970814  
9872.852327  
9825.183348  
9803.704932  
9776.500181  
9782.32402  
9835.424154  
9842.022545  
9864.497908  
9836.427206  
9875.2656  
9849.96974  
9849.050941  
9848.851869  
9900.969963  
9914.197223  
9755.493111  
9931.664712  
9920.557998  
9875.82234  
9807.144804  
9780.848108  
9785.62973  
9801.857868  
9813.067755  
9793.717867  
9758.627662  
9754.430873  
9757.805855  
9734.340814  
9712.780049  
9724.501311  
9770.4859  
9821.327453  
9747.791639  
9790.499867  
9807.689139  
9876.405464  
9868.998144  
9858.674111  
9853.53218  
9872.335783  
9867.931169  
9794.682208  
9796.208048  
9755.616265  
9742.782448  
9620.757432  
9685.262564  
9664.155707  
9659.596226  
9664.880823  
9661.693321  
9640.820089  
9659.982389  
9721.067538  
9742.910949  
9617.804077  
9819.260543  
9814.19131  
9811.559536  
9803.457099  
9620.356264  
9745.632813  
9801.772353  
9851.000597  
9866.743191  
9892.489286  
9920.932486  
9847.22772  
9849.824122  
9896.713883  
9938.006591  
9965.581042  
9890.48949  
9784.939747  
9726.479049  
9700.99364  
9704.902333  
9689.810157  
9661.108741  
9564.803916  
9744.882569  
9741.973006  
9731.256742  
9749.006533  
9779.015028  
9799.144023  
9801.182404  
9844.845692  
9841.363822  
9867.809418  
9876.822683  
9890.71268  
9942.757449  
9933.306579  
9828.66011  
9790.932693  
9788.062663  
9801.613169  
9837.197954  
9912.703751  
9963.46764  
9892.469296  
9909.614553  
9881.011268  
9871.807408  
9851.142448  
9810.690623  
9798.82431  
9820.826887  
9839.915599  
9863.488205  
9773.957075  
9787.590837  
9807.433627  
9841.915751  
9792.213743  
9773.04747  
9758.924946  
9783.779715  
9819.519501  
9653.146888  
9835.56898  
9766.597277  
9745.51762  
9746.91132  
9771.517031  
9785.434981  
9753.889282  
9812.729724  
9826.548774  
9781.664432  
9767.563773  
9719.236192  
9756.933506  
9833.422965  
9820.926507  
9786.075368  
9775.639095  
9799.698907  
9807.404446  
9794.189844  
9841.11085  
9804.505291  
9741.945531  
9843.912901  
9821.715011  
9640.370394  
9864.754332  
9897.345624  
9796.903299  
9811.511487  
9785.677743  
9776.609479  
9809.436968  
9812.050819  
9592.388184  
9908.452029  
9867.847709  
9837.773089  
9813.64256  
9731.261303  
9792.961237  
9817.409008  
9763.929539  
9741.674899  
9647.96585  
9669.575943  
9730.863433  
9711.063152  
9736.517368  
9696.570084  
9795.325614  
9783.412644  
9746.285101  
9732.632152  
9755.268909  
9761.113363  
9797.547625  
9809.957675  
9823.322152  
9829.039692  
9841.72302  
9856.625541  
9908.209844  
9898.463882  
9873.204684  
9900.366377  
9918.837703  
9852.181884  
9855.427968  
9819.111476  
9811.443208  
9788.308147  
9803.605472  
9870.206393  
9920.717403  
9879.672347  
9875.900253  
9871.205246  
9853.844013  
9758.001887  
9724.208704  
9752.024195  
9779.975661  
9803.080866  
9777.177159  
9676.725342  
9731.897651  
9809.582204  
9773.730912  
9779.091252  
9793.182229  
9794.90075  
9784.366921  
9746.103341  
9748.491364  
9761.863162  
9796.054136  
9834.592418  
9857.200955  
9941.674881  
9779.236989  
9821.553796  
9757.843598  
9732.894697  
9758.396253  
9742.542572  
9801.20117  
9776.46652  
9765.469905  
9802.768543  
9825.043771  
9768.05337  
9713.93934  
9717.051453  
9839.143562  
9844.680294  
9840.037139  
9735.042301  
9744.498235  
9841.404928  
9869.450032  
9855.054227  
9788.324751  
9769.973003  
9725.190752  
9720.622416  
9727.619814  
9813.289233  
9867.096775  
9839.219058  
9827.624456  
9798.473382  
9766.704754  
9781.745086  
9861.005306  
9852.791109  
10010.79104  
9966.070962  
9843.588554  
9783.024477  
9776.060295  
9759.790409  
9752.370274  
9779.013937  
9806.734299  
9792.302882  
9757.455119  
9754.990924  
9707.653437  
9713.515028  
9770.94991  
9754.404315  
9787.657977  
9825.97397  
9829.688402  
9811.138885  
9803.099936  
9802.841379  
9770.745966  
9733.233171  
9814.442053  
9864.288661  
9870.84542  
9887.608393  
9880.25107  
9824.618846  
9844.871294  
9795.070859  
9742.104726  
9782.176061  
9784.186312  
9752.591087  
9789.232255  
9749.006168  
9780.723311  
9815.949816  
9750.650734  
9759.802994  
9740.84646  
9771.026958  
9810.352707  
9760.272042  
9770.369122  
9748.695404  
9744.514952  
9722.898213  
9750.57078  
9810.488026  
9887.675693  
9854.575859  
9806.846452  
9787.492046  
9830.848977  
9799.785365  
9809.962744  
9817.657615  
9825.485626  
9849.444901  
9813.810491  
9852.383457  
9838.161519  
9780.80659  
9783.565507  
9803.054222  
9792.221198  
9824.899057  
9800.687045  
9797.894171  
9808.527315  
9782.738788  
9873.694067  
9831.582983  
9797.936184  
9810.274424  
9840.292342  
9664.080736  
9805.187562  
9716.480282  
9638.729935  
9618.098334  
9683.829211  
9640.160296  
9624.275149  
9677.91453  
9774.818949  
9770.168413  
9875.090716  
9836.114743  
9784.297937  
9750.016148  
9754.661281  
9861.039203  
9957.316894  
9861.129212  
9852.941056  
9847.509338  
9877.680736  
9883.146185  
9826.611288  
9775.580756  
9626.383758  
9881.584134  
9846.148536  
9873.777229  
9888.88592  
9892.770093  
9837.400907  
9810.163038  
9814.375448  
9806.960784  
9831.967835  
9817.965376  
9762.778903  
9758.669925  
9866.779596  
9913.887243  
9701.608873  
9820.65492  
9759.449373  
9674.179713  
9712.499949  
9716.514821  
9734.0322  
9729.991686  
9735.412384  
9788.031098  
9857.656146  
9841.666583  
9833.037177  
9824.767821  
