8101.670833  
8003.407446  
8047.80425  
8019.918323  
8063.504047  
8043.716608  
8095.984164  
8171.542727  
8177.958516  
8235.816156  
8314.734788  
8237.313199  
8233.220107  
8232.056648  
8179.763053  
8154.860818  
8154.316498  
8059.93519  
8184.176099  
8192.670762  
8235.81346  
8237.765149  
8180.791346  
8181.8391  
8150.243944  
8096.894338  
8064.141929  
8076.09874  
8084.771821  
8065.865181  
8112.486395  
8163.699677  
8154.439048  
8135.428864  
8131.911203  
8083.791089  
8098.862036  
8094.53775  
8092.135619  
8108.073604  
8109.845601  
8137.094233  
8173.431156  
8154.58663  
8116.717778  
8193.253834  
8148.29076  
8077.014434  
8166.793828  
8105.141543  
8095.494127  
8120.057355  
8095.370234  
8101.21527  
8118.49757  
8112.928318  
8129.772114  
8132.9465  
8179.672529  
8151.802271  
8158.640369  
8107.482036  
8119.977468  
8126.251138  
8097.684313  
8135.054669  
8118.675047  
8113.690985  
8134.911013  
8144.40185  
8209.180884  
8149.945252  
8118.855584  
8133.409377  
8149.042713  
8154.139349  
8145.567572  
8166.572761  
8135.960242  
8135.663835  
8113.101142  
8111.624658  
8175.68854  
8132.815114  
8127.38772  
8162.899865  
8165.287012  
8128.238058  
8129.795155  
8120.39659  
8126.664475  
8185.823158  
8136.597716  
8096.885862  
8049.001805  
8064.240252  
8218.06396  
8158.311582  
8107.454202  
8042.752761  
8020.577668  
8047.253559  
8040.257454  
8069.530845  
8089.795208  
8111.526744  
8120.785934  
8109.007715  
8133.198942  
8148.118978  
8149.704723  
8159.10695  
8187.813757  
8164.868744  
8166.438007  
8182.67474  
8195.344311  
8229.773221  
8272.283056  
8191.281902  
8248.031585  
8235.328136  
8194.868858  
8194.004095  
8164.333177  
8194.853625  
8210.206557  
8196.326477  
8178.726757  
8148.499191  
8167.151418  
8176.59458  
8139.14665  
8147.205538  
8141.84352  
8163.585666  
8127.967987  
8116.755627  
8137.463395  
8116.53944  
8176.209017  
8194.023822  
8138.085213  
8103.753847  
8030.132287  
8010.326213  
8019.773719  
8038.724641  
8017.865038  
8061.023238  
8063.373944  
8063.90199  
8105.110428  
8105.087157  
8121.395138  
8210.159901  
8164.606447  
8175.244258  
8186.638415  
8178.771613  
8190.485881  
8151.901063  
8153.545183  
8122.408621  
8184.015385  
8186.032549  
8158.643808  
8149.999509  
8163.820981  
8164.426674  
8139.503648  
8177.176536  
8136.075568  
8145.677013  
8178.068534  
8167.257694  
8139.730443  
8171.069837  
8179.645381  
8132.017806  
8139.367652  
8108.079066  
8123.59104  
8134.776352  
8144.375153  
8144.481213  
8160.725651  
8170.333807  
8131.063661  
8294.01851  
8203.735062  
8078.201358  
8090.806297  
7994.139339  
8033.914185  
8072.288899  
8150.506618  
8124.661939  
8148.629152  
8162.495122  
8183.42494  
8144.338302  
8149.728584  
8128.791774  
8149.38004  
8133.697616  
8151.405406  
8186.304426  
8179.96362  
8160.886134  
8155.722413  
8145.443642  
8119.894063  
8134.571655  
8156.290702  
8135.056773  
8159.239693  
8131.26837  
8157.564801  
8195.003942  
8115.092857  
8101.058497  
8112.065892  
8275.87211  
8174.524952  
8119.251953  
8221.66612  
8167.536424  
8099.380362  
8068.406344  
8011.788655  
7992.991773  
8013.491309  
8054.713007  
8087.622092  
8103.308978  
8106.558705  
8140.700472  
8150.422712  
8122.259642  
8126.484919  
8131.720183  
8174.103304  
8143.750013  
8198.12668  
8129.128847  
8129.043441  
8141.848884  
8165.18705  
8185.524525  
8173.300356  
8182.073579  
8163.457852  
8198.953721  
8167.666605  
8150.337135  
8157.297927  
8136.934314  
8165.127476  
8148.540938  
8123.020409  
8093.142081  
8079.128033  
8146.841031  
8212.138077  
8225.111725  
8225.560395  
8197.609635  
8057.798985  
8063.867814  
8066.645494  
8062.843245  
8072.936075  
8084.892016  
8098.879678  
8120.211237  
8141.3239  
8154.015798  
8147.185299  
8161.621864  
8157.127801  
8104.716236  
8105.93812  
8104.395406  
8104.252135  
8133.169081  
8194.520184  
8206.730404  
8218.518095  
8164.886792  
8171.046584  
8179.842586  
8099.022905  
8127.472231  
8094.196289  
8097.73015  
8091.844929  
8112.093006  
8147.252627  
8185.042079  
8141.168929  
8166.708085  
8150.25656  
8148.140968  
8156.569737  
8163.339297  
8147.164072  
8196.877746  
8158.674113  
8169.24895  
8151.42523  
8157.997794  
8137.2326  
8111.204132  
8137.033658  
8131.680491  
8198.793928  
8161.295872  
8166.666923  
8191.236305  
8179.556832  
8141.524946  
8135.645581  
8108.096279  
8130.80807  
8116.080713  
8114.529572  
8139.817563  
8129.73607  
8126.335746  
8140.626996  
8158.075839  
8190.816604  
8109.2251  
8145.970902  
8125.427188  
8066.802172  
8051.715799  
8036.252308  
8099.119773  
8043.088413  
8074.555617  
8126.146295  
8159.674408  
8109.223338  
8129.936066  
8106.675422  
8087.603937  
8133.042364  
8136.453695  
8102.733433  
8150.472201  
8111.927921  
8120.175913  
8199.708258  
8161.178785  
8043.905802  
8193.324379  
8076.001437  
8066.29996  
8049.463175  
8093.914702  
8106.432861  
8037.362897  
8100.848367  
8153.601642  
8139.127058  
8106.587001  
8137.406444  
8140.896679  
8146.37771  
8165.808923  
8172.344865  
8139.444556  
8134.205688  
8170.621097  
8225.024329  
8167.072125  
8177.872382  
8162.275752  
8162.344672  
8136.71277  
8136.297788  
8141.950895  
8130.32478  
8101.794872  
8115.717018  
8112.044018  
8164.925807  
8151.004607  
8139.298103  
8165.05291  
8147.977795  
8113.354614  
8121.999649  
8120.693741  
8167.314887  
8170.067669  
8208.865879  
8248.202765  
8214.708442  
8222.216824  
8161.429202  
8056.987679  
8034.773092  
8008.824761  
8103.192499  
8074.546252  
8120.046594  
8150.006466  
8188.197145  
8206.985857  
8213.191684  
8142.438558  
8179.197415  
8182.539506  
8251.524716  
8183.774726  
8172.718156  
8203.51819  
8164.729651  
8167.942478  
8144.673698  
8134.263477  
8176.416569  
8122.046388  
8139.935564  
8158.720791  
8160.557032  
8145.174532  
8125.732526  
8110.214088  
8102.464824  
8163.732058  
8169.288516  
8124.242742  
8140.655724  
8127.487162  
8111.761705  
8092.311753  
8108.053005  
8099.901368  
8133.880961  
8099.193432  
8269.284677  
8285.151541  
8161.702219  
8113.938122  
8005.760231  
7914.945877  
8014.404496  
8041.907854  
8038.681974  
8041.497243  
8034.286866  
8091.467707  
8135.826263  
8149.905327  
8084.993255  
8128.860597  
8149.114863  
8183.054534  
8121.437149  
8162.190648  
8203.950702  
8183.430475  
8171.412336  
8195.030626  
8204.79496  
8171.957449  
8186.162838  
8165.783864  
8179.651693  
8150.548481  
8158.171289  
8153.603746  
8158.050379  
8174.013834  
8212.627359  
8232.576091  
8208.363097  
8208.050586  
8217.648976  
8078.671397  
7988.631487  
7999.841416  
8056.57843  
8067.667208  
8111.726842  
8082.829216  
8071.060787  
8151.039752  
8114.666827  
8175.406976  
8183.727134  
8195.15931  
8126.446259  
8133.367243  
8168.30916  
8207.001543  
8091.630278  
8141.5795  
8192.745168  
8196.149228  
8142.126911  
8114.331522  
8123.69589  
8154.257187  
8129.49069  
8124.814528  
8113.530466  
8114.697674  
8124.417294  
8155.022704  
8165.335358  
8135.440236  
8126.999381  
8152.971414  
8130.516884  
8187.831337  
8203.622492  
8186.790577  
8179.140618  
8174.859565  
8145.022659  
8137.325745  
8191.042533  
8184.745953  
8147.17789  
8125.052287  
8128.375949  
8127.830999  
8137.060464  
8133.829307  
8109.153725  
8134.621935  
8162.141524  
8144.101504  
8145.606307  
8096.051867  
8126.710832  
8125.410936  
8112.458543  
8118.756669  
8115.404195  
8132.976794  
8144.074898  
8202.925378  
8198.193432  
8202.828573  
8232.248511  
8181.324301  
8141.841338  
8118.662338  
8165.20537  
8179.863477  
8175.77328  
8178.488791  
8180.075851  
8191.510437  
8154.08606  
8163.538461  
8173.191146  
8141.76106  
8125.372828  
8123.328455  
8126.522057  
8095.911866  
8116.210646  
8121.442705  
8126.648991  
8138.260315  
8176.818174  
8197.436524  
8203.061909  
8162.450632  
8075.846486  
8125.933433  
8072.250441  
8024.899293  
8053.934404  
8041.958645  
8111.329291  
8136.316893  
8202.682957  
8166.151605  
8127.737903  
8132.916218  
8192.890543  
8185.932131  
8219.753587  
8153.476544  
8212.446157  
8136.004455  
8038.77996  
8019.226799  
8044.141191  
8048.508365  
8057.241638  
8044.423744  
8044.742187  
8054.26059  
8055.086359  
8077.228795  
8083.399709  
8060.859319  
8075.956657  
8117.035088  
8133.905392  
8161.369251  
8170.290564  
8129.343664  
8140.696584  
8152.553133  
8155.635206  
8153.07139  
8130.262628  
8152.439578  
8120.12064  
8132.885561  
8108.561129  
8090.798942  
8113.636387  
8180.760635  
8153.379921  
8161.750788  
8170.970213  
8111.990934  
8174.27219  
8225.117026  
8264.603383  
8248.030976  
8141.427918  
8202.862236  
8166.591917  
8011.689547  
8051.081095  
7979.100372  
8080.273776  
8169.79284  
8153.969802  
8131.113034  
8149.435116  
8145.670222  
8114.451666  
8151.901634  
8140.073754  
8162.296404  
8214.683545  
8267.099832  
8327.804158  
8223.803213  
8245.548827  
8147.712365  
8221.925476  
8221.324176  
8238.717978  
8233.855578  
8201.320283  
8215.859781  
8229.713864  
8135.329689  
8125.38057  
8053.50007  
8062.055999  
8020.830745  
7983.74321  
8091.821277  
8046.295525  
8094.240257  
8108.335509  
8119.399566  
8134.622668  
8158.162576  
8127.358886  
8106.501898  
8212.470207  
8234.908439  
8236.827714  
8206.39005  
8233.334244  
8102.924748  
8097.430101  
8002.08664  
7996.710136  
8041.830563  
8101.741246  
8062.976141  
8065.030718  
8087.351209  
8072.994547  
8127.353906  
8167.523314  
8277.875013  
8241.713103  
8232.045225  
8292.431698  
8226.52272  
8180.397821  
8202.97018  
8179.244639  
8207.756413  
8175.377035  
8126.104323  
8145.414149  
8112.649925  
8143.855558  
8166.876213  
8196.456156  
8209.104488  
8147.503553  
8122.734003  
8090.442153  
8082.932016  
8121.536007  
8103.352774  
8111.015463  
8127.950537  
8180.327492  
8112.519902  
8089.977228  
8129.429845  
8116.182755  
8167.271169  
8093.379811  
8127.539552  
8103.111421  
8157.909808  
8176.560177  
8154.319663  
8172.52954  
8178.669393  
8175.871062  
8172.188887  
8166.163158  
8187.766854  
8151.51787  
8094.353908  
8159.783556  
8098.39821  
8154.867095  
8243.523081  
8272.83577  
8258.111025  
8075.767835  
8160.483421  
8047.709908  
8102.329772  
8064.926921  
8077.521226  
8096.103787  
8108.024905  
8120.050256  
8095.236174  
8113.098756  
8144.159612  
8089.76866  
8089.798961  
8088.88432  
8093.884963  
8149.375444  
8158.562918  
8187.7549  
8186.929626  
8179.551642  
8113.90135  
8113.51385  
8147.515657  
8126.809323  
8123.728977  
8123.936323  
8138.031478  
8123.704124  
8180.884023  
8162.770891  
8141.150782  
8131.364167  
8052.60424  
8073.485596  
8098.242194  
8122.151998  
8180.845079  
8091.424054  
7983.747492  
8137.309909  
8161.580471  
8137.175355  
8138.466415  
8125.504631  
8094.827142  
8107.482065  
8157.226565  
8163.59126  
8165.768265  
8150.001142  
8069.593428  
8111.955261  
8103.398916  
8127.665388  
8138.086678  
8119.113971  
8118.329921  
8192.748744  
8199.178145  
8148.141153  
8159.355359  
8163.521745  
8162.852208  
8181.548073  
8158.40671  
8143.615931  
8098.194965  
8081.063782  
8088.7223  
8098.508085  
8098.131821  
8102.09995  
8152.999115  
8099.3996  
8124.301321  
8117.477184  
8118.41608  
8162.247222  
8187.866439  
8193.883701  
8137.694873  
8140.879206  
8111.556871  
8080.520068  
8101.842763  
8207.166083  
8097.049035  
8170.141224  
8149.694381  
8080.658253  
8106.810531  
8064.75665  
8041.643546  
8037.747132  
8055.742002  
8123.697253  
8100.289497  
8050.2984  
8098.27821  
8115.511902  
8123.972964  
8151.713524  
8165.935156  
8182.553891  
8255.269762  
8201.919976  
8212.778312  
8176.794883  
8117.729952  
8122.878583  
8169.586013  
8170.969252  
8170.081395  
8118.300358  
8115.353866  
8104.042508  
8128.170746  
8163.426689  
8160.670438  
8178.739435  
8161.155964  
8149.819011  
8128.048469  
8143.567733  
8178.110656  
8152.536613  
8160.676152  
8182.859038  
8193.314404  
8246.971448  
8267.498742  
8076.778381  
8152.456945  
8073.549714  
8017.943757  
8058.45018  
8043.626563  
8049.332316  
8053.970161  
8060.061556  
8066.364141  
8119.524195  
8142.291384  
8142.604005  
8131.083013  
8178.063036  
8184.839791  
8192.808667  
8215.794982  
8193.214914  
8174.263159  
8179.956263  
8224.740352  
8171.687241  
8151.103576  
8144.663999  
8131.636953  
8153.754014  
8160.642138  
8134.469928  
8119.741638  
8124.223112  
8182.032783  
8214.643481  
8200.876929  
8155.281487  
8125.761025  
8097.059944  
8147.968736  
8137.245693  
8095.363413  
8076.486244  
8075.14255  
8116.788709  
8109.111724  
8113.102759  
8119.626102  
8128.87391  
8194.216093  
8147.69652  
8106.114517  
8119.223405  
8174.293738  
8161.287089  
8180.458297  
8150.949681  
8152.279387  
8133.359227  
8125.512028  
8126.728579  
8130.576194  
8126.66176  
8140.140741  
8099.526247  
8115.104595  
8132.144952  
8145.378782  
8141.891132  
8163.894597  
8186.122286  
8161.430866  
8170.990509  
8183.664755  
8151.202473  
8124.650053  
8106.88338  
8136.501488  
8145.786933  
8139.602791  
8188.616702  
8211.673459  
8160.541976  
8124.244102  
8105.240255  
8137.984696  
8157.231995  
8141.54872  
8160.842433  
8148.922763  
8091.091656  
8074.656832  
8079.142405  
8109.413046  
8155.534574  
8133.522405  
8145.066096  
8160.139029  
8155.288451  
8199.357257  
8148.922011  
8122.893179  
8128.598384  
8114.072575  
8118.304126  
8146.228129  
8192.93126  
8234.723674  
8197.189491  
8154.025786  
8129.49215  
8115.184166  
8128.26135  
8103.277281  
8101.630861  
8111.309887  
8153.906987  
8181.313969  
8158.191956  
8148.233016  
8120.060896  
8135.55039  
8092.070581  
8153.371906  
8244.112851  
8224.461536  
8188.0728  
8138.114727  
8124.231545  
8151.795527  
8171.649609  
8132.54617  
8133.1993  
8124.037843  
8131.774348  
8111.154874  
8107.216708  
8118.745267  
8119.989562  
8082.199672  
8047.502176  
8064.228931  
8181.669825  
8148.749291  
8055.097263  
8085.830888  
8089.920163  
8115.823409  
8170.689148  
8176.676199  
8230.843217  
8205.088661  
8216.345803  
8164.713016  
8138.506508  
8113.883168  
8164.322062  
8127.150733  
8101.876747  
8109.12519  
8145.303839  
8095.675204  
8114.092186  
8147.283578  
8148.85929  
8084.5641  
8090.753181  
8105.226345  
8128.855924  
8178.151624  
8145.904239  
8172.2449  
8152.899919  
8165.970734  
8159.454314  
8205.536577  
8178.811782  
8152.253879  
8196.265229  
8159.300001  
8169.728504  
8133.372357  
8127.471364  
8164.169799  
8160.898405  
8153.180502  
8161.288916  
8176.461552  
8130.70386  
8125.608909  
8136.964053  
8174.426385  
8172.210886  
8177.496104  
8206.773974  
8210.594519  
8215.023667  
8218.169585  
8131.609189  
8109.66187  
8117.615175  
8131.205347  
8148.481272  
8148.672529  
8084.90512  
8084.194679  
8281.985118  
8231.352302  
8137.177073  
8093.175156  
8069.352523  
8050.195743  
7988.686082  
7995.854527  
8006.533084  
8029.967694  
8052.850128  
8083.502447  
8090.35572  
8102.253491  
8107.056005  
8095.001888  
8161.098213  
8188.738698  
8180.543799  
8181.051404  
8153.957922  
8114.959094  
8107.835442  
8125.893351  
8122.101607  
8141.177052  
8182.941365  
8170.255255  
8184.551651  
8117.266048  
8118.34217  
8147.068264  
8179.352765  
8181.966016  
8158.669929  
8132.221138  
8134.676558  
8164.431121  
8185.875302  
8126.054299  
8152.837663  
8124.390393  
8114.526944  
8101.693324  
8098.680136  
8131.165058  
8162.26692  
8117.939014  
8141.114532  
8140.404203  
8178.67791  
8174.803625  
8133.634315  
8126.609947  
8121.241313  
8113.176875  
8147.834683  
8130.905693  
8122.407061  
8131.530385  
8107.335526  
8125.267173  
8092.448778  
8102.559683  
8149.746113  
8183.028002  
8191.867719  
8144.655879  
8146.169341  
8179.330256  
8288.271459  
8209.329361  
8186.824669  
8152.3384  
8127.371372  
8154.854439  
8126.715825  
8152.894434  
8112.943588  
8089.636956  
8098.720496  
8187.564293  
8177.492662  
8125.369988  
8110.801019  
8109.654527  
8167.43124  
8174.00213  
8141.802712  
8135.514233  
8147.903808  
8195.271747  
8162.719035  
8112.889881  
8117.031799  
8122.335153  
8128.44137  
8117.361283  
8151.606375  
8134.878749  
8120.458932  
8130.373949  
8127.140141  
8139.467701  
8210.631866  
8183.754241  
8129.757243  
8097.051511  
8094.197967  
8054.478381  
8092.683434  
8087.652365  
8075.618184  
8185.811269  
8144.312965  
8065.640695  
8095.545638  
8077.100697  
8043.103457  
8004.905705  
7999.96048  
7998.073  
8030.565125  
8139.607204  
8136.01794  
8117.984662  
8115.158708  
8101.208891  
8030.450508  
8073.684374  
8017.563044  
8067.412132  
8123.94987  
8142.220492  
8159.873818  
8136.356918  
8157.225805  
8164.669368  
8206.626683  
8188.058103  
8170.580015  
8197.50259  
8193.161752  
8206.589007  
8230.500634  
8178.467396  
8172.193493  
8157.956424  
8040.784202  
8060.168409  
8136.577816  
8118.079789  
8109.507341  
8129.389528  
8144.097672  
8140.096654  
8182.659049  
8195.997922  
8167.218941  
8286.308257  
8272.292869  
8219.169973  
8204.027773  
8211.26952  
8161.872805  
8158.402451  
8161.531307  
8117.246393  
8143.396203  
8164.759278  
8165.380926  
8155.543603  
8148.374418  
8185.316746  
8146.111891  
8243.359735  
8232.625237  
8045.102564  
8083.61522  
8151.094578  
8020.670473  
8041.885661  
8046.414652  
8023.061366  
8073.262108  
8026.323326  
8088.546695  
8103.682437  
8105.619719  
8108.569109  
8149.762595  
8256.56061  
8205.897016  
8247.989398  
8213.558659  
8220.371082  
8193.858718  
8171.986173  
8127.439909  
8135.181609  
8136.500387  
8161.764618  
8188.219364  
8143.809926  
8137.029155  
8167.577124  
8236.618918  
8218.454882  
8196.392935  
8171.495983  
8139.088779  
8053.03534  
8065.551272  
8036.09392  
8073.962647  
8074.285215  
8157.183309  
8166.394568  
8201.769103  
8208.675462  
8170.294386  
8180.439569  
8133.901197  
8110.709956  
8169.269471  
8180.9665  
8176.587189  
8156.623736  
8188.561804  
8200.581485  
8197.363769  
8209.02361  
8242.556973  
8220.836695  
8107.667549  
8111.713071  
8150.806277  
8158.575608  
8133.164387  
8111.948524  
8104.876808  
8118.386113  
8143.109617  
8167.045239  
8167.795263  
8157.44011  
8137.549492  
8098.784097  
8104.581136  
8104.091496  
8131.005179  
8153.35659  
8098.653721  
8105.762551  
8087.382784  
8131.048311  
8183.84565  
8151.440423  
8166.207041  
8209.335525  
8198.706616  
8121.47811  
8200.820324  
8169.990693  
8193.621659  
7994.603485  
8086.206987  
7948.397359  
7977.018344  
7991.439705  
7975.878733  
7978.488563  
8034.185136  
8076.324352  
8099.860014  
8091.807017  
8134.420926  
8142.719221  
8145.715223  
8149.926695  
8076.99751  
7991.549462  
8095.610676  
8145.84526  
8143.470239  
8160.590129  
8205.860517  
8146.965237  
8202.002017  
8276.570931  
8366.510243  
8416.839457  
8279.720172  
8162.388572  
8100.047758  
8005.100575  
8005.231204  
8009.856363  
7992.237022  
7973.827805  
8079.814208  
8108.323431  
8103.921774  
8092.941377  
8098.643972  
8118.218958  
8132.504892  
8165.427474  
8156.295722  
8180.326153  
8225.279606  
8182.816668  
8246.174124  
8240.433185  
8168.902638  
8148.553185  
8120.888758  
8127.980589  
8154.785093  
8215.675529  
8246.873537  
8187.554209  
8221.359618  
8196.573701  
8190.481954  
8188.968428  
8136.61263  
8113.82063  
8117.87794  
8174.59267  
8222.607307  
8131.633592  
8123.091592  
8095.155168  
8170.152366  
8146.583509  
8119.506104  
8106.438872  
8077.618471  
8106.133299  
8094.556086  
8163.278891  
8143.455836  
8116.291757  
8107.643681  
8138.331129  
8154.726494  
8095.20878  
8167.258721  
8184.179624  
8157.275866  
8145.368422  
8110.135808  
8127.135345  
8170.849179  
8180.75065  
8173.860147  
8158.799293  
8164.663702  
8177.577092  
8136.706618  
8181.770092  
8171.326033  
8075.519887  
8162.606893  
8145.195484  
8132.147257  
8095.919677  
8226.913441  
8152.443427  
8183.135087  
8150.567678  
8127.939542  
8167.264848  
8186.888341  
8109.475308  
8126.39252  
8147.466057  
8117.782658  
8124.244967  
8067.408976  
8151.962856  
8178.057455  
8035.772232  
8047.347355  
7972.364544  
7977.529621  
8067.613478  
8105.902783  
8114.136452  
8052.625089  
8082.958903  
8154.834072  
8170.228447  
8166.132527  
8160.666325  
8120.98353  
8144.148407  
8173.550593  
8239.250777  
8210.163725  
8214.496482  
8228.717324  
8250.765781  
8233.754904  
8196.507371  
8220.441357  
8149.582499  
8138.57472  
8147.307702  
8141.32444  
8131.928814  
8126.199998  
8135.784076  
8162.817158  
8222.594992  
8204.640337  
8203.889676  
8169.002631  
8175.891363  
8121.110708  
8092.79554  
8106.02561  
8171.775983  
8212.395952  
8175.156658  
7971.486113  
8197.227529  
8176.426371  
8144.044543  
8105.734421  
8105.87331  
8108.693657  
8123.247701  
8136.543659  
8100.733703  
8106.732242  
8123.190705  
8137.267174  
8149.270589  
8221.170395  
8034.826878  
8138.904675  
8091.431682  
8062.789903  
8087.804368  
8112.905892  
8208.779939  
8189.570042  
8108.822099  
8120.289806  
8144.083283  
8150.112672  
8097.426273  
8054.097401  
8115.436855  
8114.698326  
8107.179249  
8074.59939  
8136.935667  
8152.27744  
8184.446481  
8192.031499  
8162.628999  
8160.012075  
8108.546728  
8113.246768  
8101.991283  
8129.217004  
8148.306308  
8155.114357  
8118.628103  
8148.358425  
8110.516247  
8090.429901  
8116.846941  
8130.740579  
8228.91832  
8211.526794  
8144.783276  
8109.476818  
8104.429781  
8096.415224  
8106.385198  
8131.171782  
8164.216751  
8166.36965  
8135.376191  
8137.63171  
8107.702605  
8055.962263  
8153.996592  
8127.199794  
8132.950972  
8150.64499  
8173.426023  
8152.856745  
8138.970878  
8126.629653  
8103.453406  
8081.195748  
8105.927682  
8157.449278  
8174.243196  
8205.010489  
8183.184447  
8135.869279  
8134.813931  
8114.786452  
8080.391069  
8137.6559  
8147.028304  
8120.533095  
8130.78861  
8121.970796  
8136.869595  
8181.520333  
8105.719706  
8118.910623  
8102.236824  
8120.718786  
8157.052203  
8124.111648  
8129.362232  
8159.591636  
8158.215817  
8137.249412  
8118.147563  
8045.661862  
8136.307028  
8117.660613  
8114.108476  
8095.930353  
8142.799538  
8110.761513  
8155.765426  
8197.98614  
8229.614151  
8268.412928  
8218.80486  
8220.438991  
8190.908965  
8137.862155  
8145.142078  
8163.627493  
8139.960046  
8165.232916  
8167.578234  
8172.043028  
8168.58826  
8144.560637  
8191.966901  
8116.060728  
8097.350025  
8238.240379  
8208.209537  
8126.094532  
8145.432214  
8105.845862  
8062.224322  
8035.356183  
8065.131683  
8002.063356  
8039.810285  
8054.499624  
8096.950299  
8093.083048  
8152.440691  
8152.064252  
8111.874149  
8133.188662  
8109.767988  
8195.438585  
8279.444863  
8223.215976  
8167.820421  
8157.572354  
8153.802551  
8167.906171  
8154.04079  
8127.990271  
8114.038366  
8170.537272  
8143.587947  
8225.375113  
8207.697676  
8197.242607  
8155.608833  
8128.896676  
8127.530415  
8135.938801  
8130.722763  
8158.86666  
8119.41633  
8004.556564  
8133.854692  
8185.698433  
8136.378498  
8150.625824  
8139.909143  
8061.649143  
8072.72419  
8076.848892  
8108.129103  
8109.466453  
8129.308508  
8161.351408  
8230.299358  
8171.143276  
8161.174878  
8133.556821  
