10939.66413  
10834.53715  
10868.22238  
10882.36782  
10949.21748  
10912.66614  
10957.22994  
11078.75074  
11087.23993  
11172.73036  
11326.89589  
11292.19569  
11284.49147  
11260.81559  
11173.86891  
11151.28988  
11136.47959  
10951.18348  
11122.21655  
11146.77491  
11196.66511  
11236.82445  
11179.24509  
11219.26258  
11177.4933  
11018.7395  
10946.5952  
10952.48632  
10947.20043  
10941.48312  
11053.13656  
11113.05562  
11115.51562  
11066.89314  
11055.13943  
11040.75024  
11058.75264  
11011.70269  
10993.7114  
10989.20503  
10991.32326  
11032.80035  
11118.27494  
11112.52829  
11045.01881  
11230.01953  
11208.30822  
11095.0445  
11212.41892  
11110.71145  
11095.76017  
11139.54763  
11019.4738  
10996.67871  
11005.5931  
11048.96201  
11086.90579  
11115.59367  
11111.0976  
11023.02342  
11035.29939  
10962.93451  
10966.31148  
10999.06895  
10964.39648  
11029.63487  
10993.39946  
11039.72992  
11048.68964  
11092.11323  
11116.76932  
11020.26177  
11011.2501  
11012.76982  
11029.36351  
11050.51824  
11045.23584  
11171.34433  
11206.66871  
11222.3259  
11178.93811  
11127.90852  
11203.88581  
11144.66342  
11145.98793  
11106.35154  
11072.89503  
11033.13863  
11035.78186  
11056.9013  
11110.95033  
11140.06583  
11007.3999  
10934.48957  
10959.73752  
11033.30926  
11133.62117  
11087.83513  
10995.42722  
10920.65101  
10899.33228  
10913.71133  
10953.0758  
10969.69557  
10969.60312  
10967.61653  
10946.71926  
10941.19213  
11020.7118  
11116.32644  
11099.7615  
11120.25313  
11132.67519  
11072.33866  
11128.66468  
11148.43278  
11107.59666  
11138.21898  
11272.23519  
11173.57104  
11260.93945  
11223.59845  
11107.99844  
11127.8331  
11137.05781  
11159.09962  
11146.34271  
11094.43099  
11088.82858  
11086.73043  
11106.38097  
11106.293  
11047.20066  
11005.06171  
11015.3193  
11084.11859  
11049.06576  
11101.86551  
11105.73046  
11061.34998  
11133.90715  
11216.18318  
11170.1004  
11132.96149  
10966.2296  
10876.55277  
10903.79953  
10926.31196  
10944.02362  
10994.85689  
10960.41543  
10954.16109  
11031.21479  
11037.67773  
11058.34837  
11143.84083  
11057.40186  
11038.63647  
11096.86694  
11099.67346  
11138.7748  
11094.23523  
11058.80043  
11048.48298  
11127.47154  
11168.63243  
11110.91302  
11101.18328  
11132.43691  
11169.74589  
11155.84755  
11200.8931  
11119.14404  
11074.5367  
11106.85457  
11089.87266  
11080.52004  
11046.9941  
11104.14018  
11037.32764  
11036.88834  
11006.66171  
10994.37799  
11017.92817  
10980.90262  
10998.7256  
11050.80244  
11079.83598  
11069.24904  
11222.16642  
11131.32443  
10992.67193  
11038.04462  
10932.29813  
10971.93059  
10954.88332  
11008.0403  
11028.7324  
11082.66402  
11070.02405  
11151.47133  
11086.88724  
11119.39111  
11109.24486  
11137.5973  
11136.96182  
11127.66929  
11154.79706  
11100.85611  
11068.78546  
11047.8739  
11053.33212  
11115.32653  
11114.03186  
11097.34963  
11052.69359  
11146.23125  
11160.75999  
11133.7987  
11115.22934  
10992.91201  
11010.65402  
11074.10415  
11211.87542  
11075.04225  
11012.89904  
11072.1259  
11076.4558  
11029.0749  
11048.81654  
10922.32046  
10841.32445  
10870.49526  
10905.63124  
10940.00611  
10957.71722  
10991.48884  
11057.43189  
11058.02389  
11047.06172  
11082.46873  
11144.65614  
11224.2528  
11187.83014  
11198.71632  
11040.47923  
11031.49753  
11074.84417  
11077.00322  
11126.78823  
11169.48972  
11197.36762  
11206.16672  
11240.3805  
11140.98329  
11081.32059  
11110.8007  
11181.81419  
11229.34965  
11190.77694  
11096.53438  
11029.9987  
10995.05798  
11039.31831  
11116.49097  
11082.18297  
11133.72451  
11089.96744  
10966.0471  
10977.15834  
10930.38514  
10948.52452  
10960.21995  
10980.59132  
10988.37802  
10983.70424  
10998.74202  
11035.12047  
11046.37898  
11086.86005  
11140.2223  
11003.72133  
10984.93681  
10956.17378  
10994.5694  
11123.5144  
11210.86266  
11217.62972  
11123.94177  
11021.32237  
11020.77507  
11078.8675  
10963.73616  
11043.89106  
11033.46634  
11090.43371  
11085.40324  
11070.96042  
11043.90082  
11079.13997  
11016.07298  
11084.39202  
11061.85571  
11042.4025  
11034.40281  
11057.57596  
11075.47458  
11144.26009  
11139.28387  
11149.29565  
11132.22879  
11103.96018  
11127.34763  
11168.44152  
11226.08074  
11168.41341  
11180.44132  
11115.10891  
11158.4539  
11205.88359  
11199.93889  
11190.60298  
11264.39721  
11257.88361  
11192.76076  
11071.98711  
11021.8228  
11010.3867  
10994.7786  
11000.07063  
11056.90801  
11064.03271  
11082.99469  
10944.4187  
10984.42664  
11046.22006  
11014.6778  
10999.76832  
10917.97827  
10984.58156  
10952.3357  
10954.62633  
11033.56634  
11072.33916  
11056.1874  
11056.24058  
11006.97328  
11029.69841  
11070.24376  
11074.97384  
11074.41099  
11107.87314  
11086.49891  
11067.37712  
11078.25169  
11016.98627  
11022.719  
11149.66724  
11002.29461  
10976.11294  
10962.94286  
10963.52612  
10967.97124  
10951.85844  
11060.88414  
10998.66697  
10978.70533  
10997.62528  
11066.18013  
11050.18075  
11012.55209  
10992.55379  
11095.5608  
11104.16863  
11166.09484  
11157.57616  
11188.20018  
11104.8016  
11117.80266  
11109.74459  
11104.34157  
11048.55773  
11011.89457  
11075.97609  
11107.53189  
11147.23146  
11141.95939  
11094.22202  
11124.03656  
11121.2603  
11116.65034  
11171.90522  
11080.64603  
11014.56139  
11020.90056  
11032.4406  
11098.67644  
11110.11572  
11129.63946  
11167.85274  
11119.20128  
11174.80294  
11033.57805  
10929.08631  
10979.42686  
11007.49121  
11123.45954  
11081.05466  
11034.68164  
11090.99491  
11119.37185  
11137.88465  
11143.02656  
11090.85016  
11075.19763  
11037.96029  
11132.07749  
11080.93519  
11127.15113  
11205.05373  
11140.02706  
11092.33445  
11026.22034  
11035.92345  
11111.02935  
11020.31169  
11012.74343  
11066.26179  
11061.70541  
11056.7273  
11068.36641  
11059.12474  
11016.56495  
11125.58959  
11090.12735  
11094.00222  
11151.50652  
11102.07695  
11068.66725  
11023.78819  
10977.37005  
11019.60512  
11068.83047  
11035.18162  
11121.1563  
11046.63978  
11070.20946  
11014.38715  
10902.38027  
10796.82528  
10902.483  
10893.57695  
10909.62137  
10944.41198  
10963.79195  
11034.11417  
11034.95198  
11024.54273  
10982.16611  
11102.42695  
11108.85008  
11112.39215  
11085.63484  
11162.35677  
11227.12973  
11199.79034  
11198.03255  
11204.14587  
11198.15343  
11143.45291  
11118.27768  
11120.91433  
11150.63547  
11087.99587  
11068.7341  
11108.09319  
11107.56695  
11056.91183  
11174.5766  
11193.13515  
11169.49086  
11105.65592  
11168.34248  
10994.91059  
10913.91761  
10970.95835  
10982.34809  
10935.38783  
11006.24072  
10987.77429  
10973.25216  
11019.09062  
10961.67789  
11052.97615  
11103.65772  
11176.49554  
11171.84857  
11115.77772  
11128.44408  
11174.56958  
11029.90439  
11092.73724  
11180.66668  
11153.2672  
11079.66706  
11032.70016  
11037.17462  
11101.39648  
11076.6642  
11085.99889  
11045.95115  
11034.99539  
11064.26879  
11125.72585  
11130.84192  
11048.07162  
11035.35586  
11045.39009  
11077.4532  
11166.86897  
11195.16235  
11118.6779  
11078.39957  
11087.61762  
11077.63218  
11074.0452  
11067.64891  
11012.70824  
11020.90977  
11096.98768  
11069.47169  
11000.42076  
10968.18948  
10976.28918  
10940.99702  
11016.23993  
11085.74119  
11013.08093  
11011.86729  
10991.80237  
11074.64633  
11057.52612  
11085.31364  
11100.19108  
11086.94042  
11102.73208  
11139.72536  
11319.75491  
11357.07944  
11237.64788  
11242.44628  
11135.74374  
11089.0514  
11069.76665  
11106.02651  
11095.33806  
11061.1463  
11059.31678  
11066.00798  
11097.9814  
11036.74638  
11031.32202  
11089.13093  
11054.92381  
11043.40874  
11045.56786  
11083.25119  
11052.16846  
11013.28939  
10989.9804  
11007.22754  
11050.54401  
11101.32276  
11124.88977  
11133.76051  
11107.08512  
11055.8153  
11126.20078  
11082.65602  
10973.2499  
11032.36943  
11025.94616  
11049.95967  
11068.15803  
11135.64046  
11093.04423  
11064.66069  
11045.55173  
11156.02833  
11165.49624  
11204.94359  
11119.73148  
11151.9809  
11092.66378  
11037.55387  
11034.07408  
10940.48083  
10892.22364  
10912.27262  
10895.11606  
10908.97124  
10945.12818  
10960.76512  
11010.79216  
11051.27841  
11064.98275  
11065.48015  
11045.94012  
11038.37394  
11056.01332  
11066.38524  
11043.70391  
11036.41256  
11053.80611  
11049.46348  
11110.2278  
11133.23333  
11202.89468  
11100.31888  
11082.33342  
11054.91721  
11062.88788  
11112.65074  
11176.07364  
11135.07698  
11124.53953  
11154.83813  
11098.34736  
11182.28138  
11202.72789  
11132.90857  
11042.94592  
11047.91822  
11149.9518  
11019.34914  
10911.75325  
10982.65283  
10949.10907  
11074.11198  
11034.68433  
10957.13485  
10989.08963  
11025.08026  
11079.52717  
11027.25755  
11056.93815  
11049.49754  
11065.63198  
11104.7167  
11140.69774  
11163.86527  
11118.41595  
11109.6575  
11056.61526  
11156.43275  
11194.15719  
11239.66381  
11204.55327  
11236.82808  
11230.98784  
11230.32268  
11103.32782  
11068.93267  
10939.98216  
10907.18275  
10892.02796  
10903.21189  
11019.48041  
10986.41378  
11021.92313  
11028.58795  
11032.33185  
11004.91785  
11020.82053  
10997.69968  
10974.35756  
11137.23286  
11199.58991  
11256.57891  
11268.22225  
11259.20332  
11128.89731  
11106.61012  
10959.31397  
10908.319  
11020.51569  
11064.08981  
10997.47652  
10972.70359  
11015.1274  
10995.16653  
11035.68507  
11038.4385  
11183.17219  
11177.44981  
11213.17623  
11295.52504  
11198.71287  
11140.05016  
11127.55712  
11086.80897  
11130.57921  
11128.38955  
11065.75647  
11059.9988  
11022.74696  
11078.44825  
11155.7977  
11117.48156  
11047.76653  
11005.35646  
11026.81995  
10991.50422  
10973.44814  
11005.8079  
10987.48633  
11090.13591  
11111.15638  
11062.59011  
11007.12959  
10940.21971  
10955.38657  
10949.14234  
10977.94292  
10914.0758  
11013.19411  
10983.89361  
11075.90282  
11144.25164  
11179.26698  
11225.44937  
11213.64741  
11167.74187  
11125.19959  
11053.04795  
11094.43183  
11059.68037  
11017.48715  
11115.49872  
11061.97769  
11155.87902  
11230.60201  
11212.90278  
11179.60017  
11032.32103  
11053.16315  
10952.29736  
11004.30562  
10963.74696  
10969.50895  
10973.09206  
10988.29282  
10987.86208  
11072.52511  
11106.70607  
11083.09431  
11025.49775  
11061.49455  
11063.27272  
11069.84103  
11122.00107  
11081.60359  
11113.0166  
11138.94872  
11161.72662  
11129.4189  
11079.33206  
11048.08854  
11023.79358  
11051.19637  
11061.2426  
11102.94607  
11104.98221  
11145.6822  
11142.0997  
11076.80131  
11080.33692  
10978.03509  
11034.57207  
11053.1623  
11030.91805  
11065.61284  
11013.08644  
10958.97824  
11052.57576  
11082.47433  
11062.69344  
11053.66732  
11083.57216  
11099.18797  
11124.17352  
11121.9162  
11138.98361  
11081.55298  
11056.00698  
11027.21223  
11136.78262  
11077.85878  
11029.61251  
10988.19889  
11018.20072  
11035.09792  
11109.57034  
11082.81265  
11044.09929  
11036.38077  
11060.79071  
11079.76622  
11099.46708  
11070.89823  
11098.32056  
11109.68285  
11119.30969  
11152.10202  
11082.11359  
11062.57515  
11115.60779  
11206.93033  
11131.77688  
11104.35863  
11067.75507  
11024.02554  
11193.04452  
11201.03541  
11204.16986  
11166.24666  
11140.57831  
11086.40408  
11021.83188  
10980.22951  
11070.25213  
10979.02058  
11029.01492  
10997.73663  
10910.02968  
10906.25009  
10882.80882  
10892.05488  
10869.3122  
10887.42435  
11015.56114  
11042.62122  
11003.16696  
11010.8713  
11013.59829  
11025.72115  
11089.9405  
11142.7585  
11180.90975  
11218.62205  
11059.62045  
11141.10186  
11107.25632  
10988.33125  
11117.32583  
11125.81184  
11128.68978  
11129.13472  
11079.51298  
11048.20062  
11096.83574  
11145.52583  
11220.39134  
11181.32174  
11121.36078  
11057.8179  
11060.76574  
11102.88688  
11123.53786  
11108.63317  
11046.87265  
11036.79406  
11052.41333  
11017.29292  
11119.97519  
11154.23106  
10986.66569  
11039.24323  
10982.24919  
10951.51305  
11005.25579  
10940.5304  
10909.51046  
10940.90895  
10996.82251  
11073.43832  
11099.11657  
11045.07955  
10999.50372  
11057.69564  
11168.79171  
11172.09329  
11106.16405  
11070.41682  
11062.85915  
11082.43571  
11101.40736  
11185.19689  
11114.27256  
11106.15482  
11107.6069  
11103.4415  
11165.35355  
11133.97473  
11091.59404  
11071.43885  
11100.26243  
11201.92171  
11220.80673  
11128.47589  
11035.61937  
11097.59731  
11087.57961  
11110.72558  
11088.20225  
11078.62699  
11029.49136  
11008.9322  
11094.01529  
11099.92513  
11074.07073  
11124.39985  
11128.86814  
11146.37964  
11004.21452  
10954.26913  
11013.03562  
11103.24105  
11065.34634  
11049.05851  
10984.27627  
11031.31895  
11019.04557  
11007.30254  
11000.95048  
11025.20808  
11022.96029  
11026.35347  
11022.31617  
11036.77634  
11025.54706  
11056.7329  
11060.95161  
11107.25014  
11162.83994  
11130.6282  
11142.08783  
11131.3475  
11099.44172  
11081.46899  
11111.40626  
11123.99545  
11063.72036  
11000.02826  
11081.61636  
11111.38503  
11042.85426  
11004.93897  
11013.21625  
11058.91888  
11078.84881  
11028.70063  
11054.37964  
11060.66476  
11009.26379  
11001.25616  
11032.95486  
11071.85459  
11114.08836  
11028.62581  
11037.12342  
11055.38055  
11047.14965  
11117.35128  
11102.71624  
11108.69582  
11108.01659  
11070.54744  
11045.28874  
11056.82345  
11129.72891  
11162.35594  
11095.85675  
11055.12682  
11045.73126  
11071.83285  
11112.08065  
11063.51335  
11056.9836  
11135.86462  
11197.91928  
11195.91413  
11137.74529  
11117.23038  
11078.49712  
11104.86502  
10997.40903  
11119.84828  
11208.60902  
11226.79322  
11145.75927  
11085.83475  
11026.52993  
11089.51455  
11121.08672  
11056.35132  
11017.66971  
10974.50566  
11021.05812  
11021.8037  
11043.01658  
11030.13356  
11055.7765  
11026.79588  
11014.63814  
11011.40197  
11110.85384  
11053.19162  
10957.92702  
10974.43659  
11011.35684  
11061.59345  
11123.42599  
11131.96631  
11127.13488  
11056.89483  
11048.3616  
11019.66084  
11015.91992  
11040.79314  
11089.18727  
10986.37672  
10976.33065  
11013.87323  
11042.30285  
10995.33927  
11050.75158  
11103.6908  
11103.93077  
11026.04391  
11024.73208  
11054.90878  
11105.88655  
11163.97224  
11123.53051  
11158.42979  
11149.51211  
11177.70606  
11146.31251  
11214.57865  
11113.89609  
11055.68363  
11105.51928  
11079.87035  
11100.715  
11079.68156  
11084.30418  
11202.29717  
11229.38118  
11199.33786  
11111.45728  
11115.61462  
11005.26167  
11005.56234  
10989.92962  
11044.07541  
11033.80914  
11103.71348  
11173.62311  
11212.59762  
11147.72473  
11089.06934  
10997.53857  
11019.49637  
11018.91157  
11026.75714  
11063.07185  
11028.07984  
11045.71764  
11000.43387  
11245.40557  
11222.97207  
11132.05766  
11043.99405  
10987.4964  
10934.44362  
10817.85345  
10885.22132  
10936.86417  
10975.73396  
11014.87499  
11029.28161  
11006.51939  
11058.18511  
11101.32316  
11027.91913  
11129.18612  
11095.83328  
11124.98984  
11152.87729  
11155.3055  
11114.34591  
11119.59998  
11084.97034  
11052.42868  
11053.88812  
11122.09168  
11101.04685  
11095.73116  
11035.00242  
11102.33546  
11200.23263  
11212.50641  
11152.36202  
11048.66414  
10989.51118  
11039.40066  
11112.32032  
11175.35901  
11014.21975  
11002.10108  
11009.36932  
11019.4039  
10997.07548  
10957.08636  
10968.78926  
11035.58306  
10983.54487  
11034.51589  
11051.06832  
11112.46187  
11092.06869  
11095.81592  
11057.89158  
11002.97053  
11037.16176  
11084.93736  
11054.61384  
11027.795  
11052.38291  
11069.55099  
11117.54976  
11087.76348  
11136.84778  
11156.44784  
11177.88851  
11162.55541  
11102.98135  
11098.09785  
11147.31361  
11272.11044  
11102.35648  
11003.82  
11000.67033  
11058.15996  
11158.07452  
11067.96304  
11041.92575  
11046.90287  
11034.91278  
11052.46982  
11131.28968  
11089.14075  
11031.98088  
11017.7144  
11031.99117  
11098.6705  
11066.04791  
11024.17235  
11078.71469  
11116.48719  
11190.39826  
11128.60741  
11018.45317  
11019.11469  
11034.41171  
11047.44155  
11098.87631  
11191.20429  
11163.38861  
11084.08307  
11045.84691  
11040.82229  
11028.75901  
11105.18021  
11111.5239  
11101.10617  
11044.62825  
11014.02481  
10995.36164  
11048.03225  
11119.90939  
11125.89729  
11154.83109  
11053.79689  
10996.86155  
11121.32343  
11107.1961  
10990.84719  
10830.6275  
10839.32208  
10839.88691  
10943.712  
11000.03273  
10972.37384  
10934.94886  
11049.26161  
11045.09868  
10903.37007  
10943.92119  
10931.47679  
10952.91157  
10952.5609  
10989.12696  
11087.63746  
11132.63402  
11153.5348  
11209.2932  
11191.09142  
11107.60858  
11051.17407  
11086.71461  
11105.24838  
11154.82857  
11181.71663  
11108.8463  
11126.87812  
11062.17696  
10976.61608  
11008.98309  
11097.22788  
10979.82516  
10932.10779  
10989.70463  
11080.96019  
11095.68465  
11087.54564  
11039.95933  
11037.0237  
11169.04793  
11179.4133  
11129.03676  
11137.49249  
11209.14051  
11185.83215  
11176.11373  
11179.32436  
11173.42825  
11195.73289  
11232.33177  
11183.86903  
11092.42594  
11059.4371  
11066.77304  
11028.19983  
11170.28458  
11128.33096  
10940.18739  
11070.8561  
11066.23045  
10979.70512  
10982.35783  
10990.43086  
10913.07083  
10971.23685  
10975.83794  
11020.34179  
11012.60462  
10981.36139  
11008.94447  
11031.69777  
11100.57636  
11100.40716  
11100.31634  
11095.36522  
11085.26647  
11142.81898  
11131.86502  
11126.38629  
11109.15142  
11050.71352  
11117.76334  
11210.58736  
11213.13335  
11200.54982  
11149.93991  
11140.50124  
11096.65944  
11071.38773  
11088.02945  
11043.13587  
10886.43836  
10934.91367  
10921.36574  
11001.50718  
10953.57928  
11081.82024  
11138.14425  
11204.94138  
11190.95074  
11086.19429  
11091.07347  
11069.38704  
11078.20153  
11108.53589  
11122.55608  
11135.39278  
11112.12317  
11157.37136  
11167.87507  
11154.48582  
11169.77872  
11230.94244  
11259.40197  
11192.76124  
11177.63503  
11167.11754  
11111.50971  
11011.90229  
10992.84994  
11045.10099  
11069.1628  
11081.12445  
11061.24866  
11023.52015  
11025.92555  
11037.7303  
10991.9816  
11019.72725  
11013.46257  
11082.12677  
11137.45193  
11047.24775  
11083.40951  
11111.94912  
11206.27348  
11228.11602  
11121.15904  
11105.71666  
11137.20184  
11115.37265  
11078.79183  
11088.32661  
11016.92465  
11006.05263  
10924.78077  
11028.2458  
10914.54066  
10898.65616  
10903.57049  
10861.31985  
10832.1671  
10887.33472  
10957.95109  
10979.49011  
10949.47304  
11000.68261  
11032.15886  
11035.94997  
11012.78254  
11013.71282  
10989.5696  
11095.60388  
11151.81566  
11160.82339  
11183.28465  
11233.95289  
11166.70736  
11141.74442  
11218.01351  
11232.91681  
11245.81846  
11093.66366  
11047.30405  
11021.17975  
10932.74923  
10919.26133  
10916.73443  
10852.43979  
10816.15894  
10983.56079  
10967.70912  
10943.31804  
10980.93431  
11026.63048  
11049.7679  
11039.27105  
11093.58858  
11109.53976  
11126.13818  
11130.52881  
11133.48362  
11199.0602  
11186.49203  
11094.43741  
11050.26265  
11069.3103  
11080.19417  
11124.5355  
11235.9486  
11285.91368  
11205.89058  
11240.33837  
11168.13864  
11162.14531  
11142.98324  
11088.53022  
11035.08438  
11073.16743  
11139.8826  
11141.45197  
11022.91109  
11048.13521  
11077.26546  
11153.05564  
11061.50643  
11039.05928  
11033.99597  
11062.03283  
11138.89411  
11056.17928  
11140.186  
11053.28198  
11002.77157  
11005.09178  
11076.8641  
11079.4821  
11008.53481  
11063.32438  
11094.25289  
11046.60016  
10999.18435  
10969.08182  
11014.80025  
11078.03624  
11060.35598  
11015.83029  
11021.6213  
11088.02678  
11129.20346  
11120.1076  
11206.89771  
11101.36878  
11019.96018  
11099.78628  
11102.62186  
11099.07306  
11049.31407  
11153.81088  
11072.22956  
11106.21291  
11066.88695  
11055.91459  
11095.3195  
11102.10965  
11052.86084  
11155.59387  
11204.11718  
11185.42952  
11155.21766  
11065.09694  
11024.51267  
11003.311  
11050.8434  
10918.8039  
10813.02625  
10832.03159  
10945.55913  
10952.32587  
10999.95078  
10984.32379  
10994.27409  
10974.20108  
10963.48162  
10999.12395  
11029.87502  
11013.05847  
11047.00291  
11063.34169  
11110.64777  
11117.84572  
11171.34764  
11196.9928  
11240.70145  
11200.2141  
11129.51315  
11201.84341  
11226.04044  
11180.31724  
11143.94037  
11093.36859  
11068.40796  
11085.41417  
11121.41803  
11202.35674  
11278.79975  
11164.17485  
11143.91438  
11139.6624  
11139.61819  
11058.69946  
11019.41942  
11063.21322  
11079.05728  
11073.29354  
11046.92589  
10798.20958  
11080.63463  
11115.28389  
11069.11317  
11074.32182  
11085.99413  
11092.9279  
11052.96485  
11008.41361  
11015.84652  
11060.67565  
11103.62585  
11200.34429  
11215.9112  
11276.49061  
11012.56367  
11049.51549  
10981.24968  
10986.56046  
10988.80911  
10965.12365  
11051.25478  
11007.83278  
11012.62448  
11059.93888  
11071.42784  
11011.82472  
10947.51893  
10979.01914  
11129.78112  
11127.11178  
11112.78471  
10984.94346  
11048.00198  
11099.69011  
11135.40192  
11051.29142  
11009.3427  
11032.21439  
10991.84687  
11023.41294  
11046.81606  
11145.00918  
11166.24756  
11140.16029  
11121.12154  
11120.34493  
11083.13247  
11133.23804  
11227.3463  
11241.26563  
11301.00348  
11249.99701  
11076.42054  
11044.38653  
11058.53817  
11008.78259  
11011.87315  
11038.90387  
11032.66282  
10992.78839  
10930.20701  
10949.52688  
10927.46669  
10931.46668  
11016.56107  
10993.66158  
11006.51809  
11041.62236  
11060.67492  
11045.34093  
11052.4028  
11039.70545  
10996.38432  
10991.32533  
11060.66284  
11162.17987  
11149.68539  
11168.86452  
11142.12941  
11069.07736  
11075.13863  
11031.05443  
10995.56352  
11037.29623  
11045.27812  
11061.44991  
11121.38059  
11056.33791  
11070.29203  
11125.34939  
11074.41307  
11062.50868  
11006.88549  
11050.45512  
11116.06982  
11078.21013  
11057.02828  
11013.52997  
11019.30342  
11038.47897  
11059.39041  
11120.99895  
11190.17939  
11117.35893  
11058.18239  
11062.41765  
11129.57948  
11118.38093  
11127.60034  
11100.19425  
11108.12223  
11153.08289  
11136.25401  
11208.92009  
11154.48621  
11066.22597  
11049.71797  
11065.4962  
11052.27357  
11064.74607  
11068.29351  
11099.82221  
11094.59511  
11041.28206  
11152.98773  
11122.18632  
11096.10304  
11130.27861  
11112.75351  
10982.13877  
11023.54817  
10927.63671  
10840.24185  
10838.42805  
10898.01117  
10847.62787  
10864.14476  
10970.83221  
11082.43128  
11101.73122  
11200.84411  
11168.23259  
11064.49137  
11064.93003  
11069.18881  
11207.68994  
11299.4772  
11156.36006  
11093.15576  
11088.31925  
11099.58874  
11095.3593  
11040.13581  
10974.41036  
11015.23757  
11031.46276  
11048.37984  
11114.4074  
11147.19466  
11194.17082  
11124.25087  
11082.96726  
11113.72535  
11132.25729  
11147.19961  
11131.78215  
11109.47398  
11047.39524  
11181.53715  
11220.13609  
11054.48233  
11022.74475  
10977.6556  
10899.65071  
10962.64156  
10982.9766  
11037.06067  
10973.7489  
10989.79483  
11023.05311  
11177.89674  
11131.18772  
11125.68897  
11078.97567  
