9515.561549  
9219.747267  
9237.059082  
9160.166084  
9186.500385  
9113.693214  
9185.519608  
9200.534796  
9314.989249  
9235.926955  
9334.777035  
9274.880748  
9286.315772  
9344.116614  
9337.393743  
9334.881108  
9319.707777  
9188.135245  
9353.161373  
9332.103944  
9394.349644  
9340.654914  
9237.180227  
9305.213542  
9346.445064  
9285.377913  
9265.200581  
9246.338293  
9279.513595  
9157.607516  
9246.635083  
9187.167558  
9226.062303  
9263.315096  
9296.542566  
9232.590401  
9258.745434  
9259.731959  
9266.555304  
9236.426706  
9181.80951  
9258.821837  
9303.847254  
9236.498629  
9293.544716  
9282.958642  
9280.588499  
9187.147529  
9345.787255  
9215.994329  
9321.835621  
9338.207048  
9270.407758  
9339.093707  
9260.687312  
9299.506125  
9206.964681  
9159.904939  
9329.262301  
9242.291444  
9361.777052  
9336.492025  
9269.201472  
9261.50526  
9244.055458  
9285.830446  
9267.570724  
9213.792575  
9302.661715  
9271.253101  
9315.204419  
9268.601408  
9296.476271  
9247.827029  
9269.431367  
9210.59142  
9290.245237  
9266.12446  
9232.468279  
9183.934656  
9217.109949  
9287.776239  
9287.276556  
9230.310761  
9257.567785  
9439.381742  
9341.262541  
9222.1443  
9236.818651  
9225.05999  
9099.289362  
9277.975466  
9157.033383  
9172.66282  
9334.28854  
9113.526213  
9386.9752  
9468.72317  
9498.372918  
9332.151693  
9310.442571  
9300.857568  
9160.254429  
9200.830147  
9213.990149  
9144.042566  
9317.815772  
9214.189864  
9288.837342  
9164.202157  
9249.066218  
9298.121085  
9334.744954  
9302.322403  
9362.633335  
9346.510434  
9250.002835  
9409.133207  
9441.47407  
9269.75986  
9420.365731  
9367.811926  
9219.698088  
9351.210089  
9360.643503  
9311.061686  
9297.413823  
9246.12572  
9403.322317  
9322.353918  
9327.551398  
9363.850971  
9235.694079  
9293.347159  
9315.549702  
9335.283392  
9305.668106  
9285.143966  
9439.855563  
9280.279648  
9274.790373  
9312.714578  
9297.815592  
9349.926706  
9281.973367  
9329.433697  
9174.834173  
9195.518049  
9149.297021  
9161.73327  
9127.220326  
9299.900348  
9222.322848  
9242.152112  
9211.486465  
9119.559536  
9225.466831  
9242.691423  
9230.42137  
9255.408948  
9167.638809  
9188.202405  
9186.941929  
9263.008395  
9250.901401  
9254.893683  
9212.802083  
9258.433285  
9143.287135  
9294.205661  
9193.710895  
9304.121419  
9171.066184  
9202.445878  
9257.305133  
9278.8563  
9314.739421  
9260.609238  
9449.235814  
9303.733236  
9373.351374  
9247.089047  
9268.805853  
9305.089561  
9233.306855  
9342.769446  
9461.65117  
9342.191672  
9288.191775  
9294.209404  
9407.077662  
9227.837008  
9357.534274  
9265.035593  
9151.560984  
9232.399097  
9280.355375  
9211.169365  
9273.857602  
9239.98321  
9296.878212  
9250.040365  
9288.688519  
9242.75245  
9368.199844  
9308.148403  
9278.905034  
9341.075024  
9252.451634  
9320.960963  
9263.124083  
9429.209867  
9250.394231  
9300.167275  
9301.532646  
9199.153843  
9342.176141  
9261.608852  
9280.472142  
9240.945081  
9181.740466  
9261.448414  
9234.097374  
9700.141687  
9330.622679  
9503.525442  
9021.508198  
9234.959687  
9402.675978  
9279.265522  
9354.370862  
9155.304071  
9102.827448  
9051.946306  
9078.298631  
9139.303745  
9146.52127  
9186.857927  
9313.089296  
9310.810624  
9270.639486  
9220.738932  
9223.837754  
9212.103687  
9227.972048  
9267.683063  
9295.056152  
9176.065909  
9146.918774  
9217.125428  
9316.347065  
9372.957494  
9269.253075  
9285.682754  
9296.268323  
9257.831757  
9206.112348  
9170.883326  
9299.782227  
9295.511967  
9218.486808  
9309.822668  
9200.260065  
9530.723282  
9423.167455  
9358.495871  
8992.986388  
9609.475098  
9407.30515  
9335.70154  
9089.579735  
9181.034103  
9082.449707  
9163.045573  
9101.23554  
9227.567271  
9257.860189  
9211.160722  
9110.25418  
9358.244929  
9386.163232  
9304.774226  
9323.234195  
9217.60343  
9253.891687  
9213.684339  
9320.529828  
9555.638304  
9465.946683  
9173.976974  
9368.152455  
9405.682429  
9397.048426  
9442.867393  
9303.423014  
9345.057506  
9224.60265  
9222.332717  
9187.409796  
9275.225235  
9285.481916  
9307.916692  
9281.141739  
9301.665896  
9320.543748  
9321.863513  
9266.329239  
9287.192528  
9323.077191  
9301.427229  
9259.317074  
9275.188699  
9247.622636  
9224.393238  
9296.371471  
9304.011864  
9357.611791  
9319.418911  
9318.473282  
9306.015017  
9317.597271  
9178.029186  
9153.270619  
9270.253324  
9308.272701  
9243.318882  
9183.053908  
9243.622156  
9175.315121  
9128.740671  
9189.112073  
9114.260417  
9341.284779  
9193.828442  
9152.178805  
9151.075684  
9148.225886  
9181.681469  
9177.90063  
9192.601168  
9209.33102  
9036.807129  
9148.101768  
9238.989849  
9294.753504  
9342.265308  
9254.85331  
9208.130971  
9304.027344  
9274.67137  
9159.242239  
9266.078656  
9298.168174  
9270.463336  
9400.659839  
9306.436266  
9260.53663  
9316.42477  
9296.859281  
9362.078862  
9377.570038  
9421.748518  
9402.277112  
9105.241528  
9447.643606  
9271.015419  
9169.528038  
9224.574973  
9214.03669  
9244.017038  
9320.39729  
9361.127356  
9351.322017  
9243.524603  
9278.625634  
9205.60827  
9359.319439  
9349.363581  
9285.373038  
9221.861328  
9336.422894  
9281.585989  
9214.365586  
9247.139546  
9258.682403  
9231.873321  
9279.943556  
9186.368447  
9329.118815  
9365.834456  
9287.764734  
9382.04792  
9317.369218  
9318.368712  
9331.61562  
9230.835646  
9387.715846  
9452.436523  
9363.154048  
9408.856548  
9232.589398  
9498.204076  
9452.451198  
9394.749786  
9240.054645  
9144.599652  
9144.587882  
9137.500857  
9300.407715  
9167.157192  
9142.06656  
9192.751088  
9194.109469  
9298.157115  
9314.068719  
9261.067074  
9291.286013  
9296.67023  
9368.04284  
9298.693916  
9326.499315  
9310.535739  
9236.652943  
9234.881356  
9302.331457  
9241.717259  
9238.486654  
9211.068659  
9249.934236  
9279.042712  
9278.874717  
9253.46367  
9215.371197  
9197.43583  
9281.514768  
9291.399868  
9238.290784  
9230.263295  
9274.841411  
9206.192914  
9258.740243  
9243.418748  
9564.865346  
9202.788274  
9492.734683  
9313.223847  
9204.075624  
9326.371693  
9348.17358  
9188.391088  
9152.520945  
9243.713182  
9228.361071  
9136.167052  
9140.41103  
9134.656079  
9114.150622  
9295.65093  
9246.394848  
9228.183448  
9245.661475  
9305.400245  
9212.142235  
9187.356163  
9254.327405  
9344.833847  
9307.793902  
9173.962342  
9194.513158  
9178.963722  
9207.888997  
9294.326189  
9348.585389  
9253.018229  
9269.717731  
9242.779665  
9119.906918  
9328.428137  
9705.907715  
9362.546301  
9439.800807  
9276.170736  
9391.273155  
9163.918808  
9386.198713  
9264.69921  
9203.374366  
9108.034308  
9184.774243  
9159.583505  
9070.649645  
9168.748544  
9141.238093  
9213.527943  
9236.356068  
9403.853601  
9170.619612  
9228.536792  
9327.413977  
9362.952637  
9007.60074  
9300.905907  
9425.340383  
9285.953313  
9380.274988  
9351.206834  
9308.978404  
9306.751045  
9313.814196  
9316.754729  
9343.747841  
9278.819559  
9153.165998  
9306.179645  
9166.90619  
9360.740363  
9291.39651  
9283.12243  
9241.043928  
9310.36102  
9370.727316  
9333.144463  
9396.446478  
9369.448945  
9265.216197  
9248.695809  
9236.061386  
9189.64884  
9296.218305  
9295.226631  
9305.198396  
9205.961786  
9305.467585  
9240.069387  
9203.015  
9195.689196  
9337.790116  
9308.863581  
9236.258952  
9239.249537  
9254.648292  
9205.703965  
9150.103002  
9303.67286  
9409.871582  
9265.793286  
9198.961623  
9217.609272  
9289.414482  
9539.708547  
9420.785362  
9332.621779  
9382.820381  
9289.338679  
9326.069704  
9307.793406  
9334.304345  
9364.984101  
9257.279365  
9289.119749  
9310.826857  
9333.872679  
9336.633318  
9310.8024  
9266.297663  
9239.661767  
9311.015222  
9204.102231  
9168.593613  
9179.746942  
9298.463387  
9311.702157  
9455.529777  
9355.751876  
9153.498133  
9215.041547  
9304.282561  
9331.729278  
9293.550738  
9238.382615  
9165.614515  
9178.033503  
9214.21367  
9179.955686  
9327.912957  
9278.820989  
9279.690781  
9282.700589  
9314.628264  
9357.163137  
9436.341034  
9153.150776  
9565.152181  
9497.567777  
9367.171344  
9274.912315  
9287.430356  
9203.737921  
9193.543517  
9165.724584  
9179.726974  
9176.744243  
9183.004377  
9215.78101  
9229.39412  
9128.831534  
9170.312269  
9291.211957  
9205.393084  
9206.3707  
9201.950838  
9099.030428  
9167.094632  
9214.392792  
9197.594273  
9231.965906  
9240.64723  
9218.352291  
9212.892261  
9137.693334  
9166.874623  
9178.772667  
9139.129386  
9185.67304  
9256.796678  
9288.700409  
9244.252407  
9119.686352  
9224.510742  
9546.772735  
9523.943377  
9461.777558  
9052.802417  
9361.156481  
9335.588156  
9021.143855  
9206.754566  
9203.180279  
9257.249443  
9409.603404  
9172.638612  
9405.418705  
9470.554302  
9463.395208  
9324.634723  
9393.850757  
9318.533906  
9272.950187  
9297.905213  
9499.865037  
9568.879429  
9321.493627  
9387.16587  
9181.867719  
9417.438631  
9475.679807  
9492.443368  
9333.375206  
9164.337771  
9381.018101  
9178.778346  
9386.784043  
9209.033229  
9303.654871  
9172.397778  
9145.450529  
9078.965109  
8978.610103  
9186.635348  
9160.458239  
9055.343647  
9052.360326  
9126.010716  
9247.985994  
9225.322026  
9191.400939  
9576.49092  
9396.166769  
9184.844298  
9081.298905  
9141.25562  
9437.064607  
9506.665193  
9197.369509  
9230.399877  
9183.641567  
9184.826497  
9139.162443  
9219.388603  
9195.845883  
9219.781319  
9257.483013  
9368.212694  
9414.525896  
9257.610095  
9417.2074  
9444.659951  
9467.220155  
9444.973547  
9433.80838  
9457.777429  
9435.05097  
9318.097913  
9349.928437  
9338.256108  
9207.906841  
9331.021322  
9318.152275  
9388.736063  
9337.870229  
9303.481788  
9372.642133  
9255.944207  
9285.286655  
9330.14621  
9245.555193  
9289.881048  
9298.767467  
9308.735694  
9214.575487  
9183.506964  
9232.410756  
9097.045102  
9345.026239  
9140.26374  
9110.255191  
9128.140599  
9386.484384  
9341.402464  
9362.632735  
9398.394617  
9369.183183  
9300.666255  
9431.977419  
9339.3229  
9259.464415  
9130.30491  
9131.232379  
9309.371633  
9226.08102  
9409.114746  
9494.121411  
9451.552623  
9435.432043  
9054.404657  
9178.456089  
9239.422834  
9401.657989  
9196.137361  
9224.348179  
9285.319953  
9245.909128  
9116.138132  
9031.589158  
9082.654794  
9047.51135  
9090.220643  
9114.599824  
9057.253486  
9216.784728  
9293.799916  
9345.557746  
9270.046053  
9275.66635  
9321.080798  
9252.292566  
9277.797766  
9137.827774  
9271.569147  
9255.73321  
9314.085946  
9319.088533  
9412.03657  
9443.838079  
9380.802906  
9450.020593  
9417.031824  
9129.430733  
9177.261171  
9126.294768  
9291.777961  
9232.73106  
9194.224404  
9097.148429  
9340.84435  
9420.142715  
9358.943831  
9305.527806  
9324.547817  
9255.139323  
9275.626088  
9316.260417  
9281.281087  
9192.586126  
9169.602385  
9229.785627  
9236.869175  
9280.659574  
9258.08246  
9245.357859  
9326.984572  
9248.289791  
9269.666829  
9174.919065  
9229.962171  
9283.021202  
9227.36849  
9251.215992  
9174.204701  
9219.733535  
9286.432095  
9297.357713  
9296.736499  
9117.607482  
9223.073139  
9148.122096  
9227.376405  
9194.113632  
9213.488598  
9257.754806  
9199.649671  
9037.349695  
9092.921729  
9202.806898  
9448.282004  
9381.843227  
9393.03298  
9326.392784  
9077.672869  
9244.690712  
9438.87966  
9162.773549  
9401.261111  
9629.066655  
9391.881845  
9388.341163  
9242.572565  
9201.626234  
9121.456783  
9182.227136  
9281.957528  
9300.261693  
9240.242984  
9280.107696  
9321.786073  
9225.310658  
9227.83234  
9234.241211  
9238.394788  
9346.767595  
9425.06531  
9342.281062  
9347.981445  
9088.056178  
9429.435564  
9313.616442  
9319.442203  
9252.82941  
9286.108707  
9275.239155  
9276.997079  
9272.295539  
9300.419314  
9198.634389  
9268.314136  
9241.713148  
9243.177503  
9268.70112  
9281.950358  
9302.425584  
9231.301338  
9288.193428  
9412.698388  
9333.194679  
9299.867667  
9393.501533  
9126.013775  
9481.55593  
9096.068351  
9488.727907  
9220.394446  
9189.443471  
9324.197386  
9249.021973  
9192.239592  
9187.761539  
9152.683551  
9093.347631  
9158.676835  
9372.098633  
9245.626867  
9178.080258  
9190.45853  
9243.833685  
9271.596723  
9258.735043  
9222.617976  
9246.88964  
9352.529083  
9307.591643  
9187.706963  
9287.1538  
9308.70256  
9290.294476  
9291.366605  
9336.314042  
9187.619817  
9364.294811  
9310.320458  
9321.18188  
9198.666881  
9341.76512  
9212.770636  
9173.65888  
9326.584704  
9353.75675  
9300.995271  
9284.046412  
9282.771433  
9218.706988  
9152.492342  
9286.980237  
9259.252878  
9308.856325  
9205.884346  
9214.623758  
9362.211469  
9257.390651  
9226.575504  
9460.357131  
9368.506433  
9315.63516  
9234.263612  
9213.509723  
9282.474318  
9280.790733  
9301.524508  
9244.354689  
9300.55778  
9360.983724  
9268.668337  
9353.879112  
9290.12291  
9299.504249  
9312.382675  
9298.877176  
9224.665193  
9262.088773  
9179.442777  
9255.944165  
9273.162092  
9269.610497  
9232.189924  
9176.636959  
9313.973761  
9313.014571  
9184.256313  
9360.036364  
9293.065216  
9292.433011  
9296.792206  
9363.609923  
9391.696289  
9241.783726  
9144.989104  
9300.97102  
9323.581749  
9245.060735  
9292.80569  
9295.156755  
9240.84112  
9210.449125  
9300.276873  
9277.300216  
9254.57128  
9312.005859  
9267.681195  
9212.095969  
9222.182412  
9285.206089  
9312.746685  
9332.462488  
9347.62739  
9280.343322  
9259.24313  
9285.391936  
9235.744081  
9146.071195  
9284.919416  
9298.318574  
9258.552914  
9225.551381  
9271.872439  
9278.946006  
9296.909599  
9172.311738  
9167.443608  
9232.498758  
9367.385485  
9394.048605  
9355.762961  
9317.377561  
9239.225475  
9242.209815  
9264.54601  
9213.015762  
9245.947745  
9209.836117  
9239.045907  
9216.278569  
9162.441715  
9218.992282  
9251.940627  
9224.580763  
9166.988435  
9484.713867  
9390.133284  
9281.252775  
9175.667669  
9211.760254  
9166.96086  
9181.089176  
9229.977385  
9268.328048  
9258.002321  
9378.568753  
9383.292506  
9286.217885  
9313.163317  
9237.636316  
9308.39968  
9318.378735  
9268.278046  
9340.417086  
9268.100243  
9281.073336  
9301.033512  
9268.17609  
9307.465306  
9248.702911  
9310.42071  
9244.798845  
9303.84196  
9327.466943  
9282.455147  
9329.020319  
9301.550807  
9297.932669  
9265.193008  
9279.625403  
9282.427315  
9253.710355  
9281.625574  
9310.015788  
9305.826129  
9223.980315  
9270.644583  
9282.760605  
9314.480606  
9257.723444  
9418.573079  
9435.673665  
9275.122259  
9339.329024  
9319.273549  
9347.919785  
9270.228584  
9335.680107  
9307.085766  
9258.827166  
9367.422852  
9377.134337  
9355.951943  
9292.88725  
9323.65093  
9319.415485  
9416.493447  
9303.320107  
9050.577054  
9068.98076  
9619.761796  
9428.072137  
9383.776025  
9140.050079  
9260.076275  
9257.642338  
9149.813751  
9173.023086  
9202.726597  
9152.70274  
9083.702894  
9196.027515  
9263.057078  
9173.184382  
9112.629206  
9062.165998  
9250.323396  
9334.926115  
9260.418988  
9282.35833  
9241.676843  
9166.574459  
9154.693693  
9328.957639  
9251.918183  
9298.522667  
9263.226871  
9307.391764  
9191.114189  
9154.959575  
9364.327405  
9255.851742  
9315.796952  
9383.333213  
9386.77898  
9326.621308  
9226.194473  
9302.355272  
9280.885973  
9222.251962  
9365.684005  
9315.293526  
9299.194105  
9293.306444  
9158.657552  
9327.086032  
9294.144703  
9255.250171  
9257.377433  
9249.114678  
9280.992873  
9270.313331  
9203.278457  
9157.493798  
9278.891413  
9278.39107  
9287.885005  
9234.394026  
9195.129506  
9219.845026  
9191.036655  
9259.866725  
9247.476871  
9296.987613  
9261.875788  
9314.113761  
9274.406207  
9223.171866  
9241.545393  
9294.223179  
9350.983261  
9419.301389  
9275.06567  
9329.349387  
9243.747027  
9248.434228  
9252.655368  
9280.722948  
9278.990089  
9151.80515  
9234.160379  
9244.444456  
9372.228242  
9281.434125  
9280.261359  
9262.713687  
9252.088961  
9296.074493  
9252.387464  
9254.515514  
9229.165056  
9306.586237  
9326.488984  
9254.763492  
9214.279939  
9199.083633  
9225.787281  
9213.905008  
9282.535499  
9267.373921  
9131.25986  
9258.2742  
9200.572394  
9217.136453  
9224.906764  
9266.006142  
9272.864995  
9276.390419  
9252.970635  
9152.287426  
9090.417258  
9176.367753  
9157.596731  
9463.010871  
9498.841994  
9116.859795  
9242.293586  
9331.709935  
9237.375026  
9293.655231  
9143.123252  
9030.428137  
9240.040861  
9288.890394  
9164.993421  
9336.140891  
9074.186686  
9281.806144  
9075.308037  
9292.708804  
9111.987005  
9306.633601  
9324.768409  
9336.95423  
9297.546292  
9329.223067  
9325.143538  
9314.324339  
9228.935393  
9256.030839  
9240.938982  
9525.457939  
9373.268452  
9264.843287  
9230.839989  
9314.449947  
9196.17304  
9209.213627  
9488.851485  
9470.067863  
9426.689059  
9297.802109  
9228.973453  
9298.346723  
9202.393341  
9118.469444  
9237.619723  
9387.413052  
9338.890111  
9346.591651  
9341.836297  
9354.45471  
9446.893786  
9388.857653  
9300.446923  
9289.211914  
9268.90583  
9259.027841  
9208.918114  
9191.073294  
9312.54296  
9370.739249  
9299.748955  
9349.010374  
9283.667498  
9560.794425  
9344.727462  
9100.839141  
9096.533657  
9217.66264  
9018.061455  
9351.119646  
9431.302366  
9236.255568  
9199.374169  
9140.961786  
9247.231428  
9318.042643  
9359.859426  
9288.026299  
9327.914285  
9264.539568  
9078.055304  
9412.262164  
9150.756639  
9307.955841  
9402.405727  
9250.877587  
9322.611611  
9175.729586  
9072.868627  
9315.23064  
9312.174471  
9369.916984  
9316.543851  
9456.341343  
9380.057729  
9322.401693  
9272.728815  
9508.924907  
9319.331731  
9215.453956  
9346.828039  
9105.576874  
9189.208128  
9206.011025  
9254.242564  
9254.095369  
9352.837282  
9312.635914  
9246.091985  
9273.484238  
9278.033623  
9160.752064  
9291.168123  
9379.735754  
9288.122199  
9376.359735  
9357.851545  
9368.161073  
9290.161167  
9363.450889  
9357.771596  
9355.801021  
9309.152335  
9370.922243  
9406.604347  
9337.770208  
9225.473479  
9258.461537  
9218.807532  
9252.645945  
9211.220112  
9210.943873  
9332.627587  
9272.239866  
9283.992522  
9243.433294  
9275.602959  
9204.000702  
9138.988187  
9088.677066  
9121.512927  
9148.117599  
9252.909257  
9224.055707  
9257.324767  
9225.820852  
9401.202817  
9463.364241  
9423.539431  
9262.145097  
9435.308988  
9386.051672  
9370.410362  
9249.571597  
9317.598179  
9115.343099  
9361.195407  
9249.657586  
9140.119475  
9112.10277  
9074.362296  
9107.373818  
9130.63671  
9055.739318  
9238.121539  
9224.704804  
9212.826352  
9265.152969  
9204.459216  
9080.62076  
9138.637909  
9235.740012  
9191.146253  
9187.002793  
9288.434014  
9334.606831  
9227.895439  
9482.718793  
9523.915459  
9686.902378  
9418.2742  
8875.464398  
9270.342285  
9341.646236  
9276.554182  
9225.12291  
9137.139374  
9257.204273  
9145.999837  
9314.703982  
9230.004155  
9295.504317  
9241.198208  
9261.909291  
9260.001388  
9245.214433  
9253.475363  
9415.303325  
9359.782252  
9365.314487  
9395.701703  
9329.631236  
9278.939051  
9223.145319  
9224.202885  
9185.10618  
9126.93087  
9268.364977  
9266.897598  
9314.734863  
9278.115654  
9317.782723  
9340.363855  
9302.187594  
9199.236422  
9214.649457  
9200.532869  
9301.085561  
9262.945458  
9236.453708  
9273.856051  
9246.2543  
9208.490971  
9232.720772  
9241.132795  
9344.239326  
9255.700409  
9208.604329  
9205.984503  
9289.024551  
9254.850886  
9236.818685  
9289.521587  
9268.275553  
9259.012344  
9329.045376  
9391.778894  
9343.649234  
9288.122173  
9301.040467  
9252.89227  
9307.740346  
9304.532698  
9387.588936  
9300.298648  
9306.72317  
9318.032501  
9324.014391  
9315.061198  
9371.489232  
9312.130431  
9207.494946  
9244.455147  
9161.597296  
9160.403517  
9307.445167  
9389.18206  
9267.220515  
9296.312826  
9302.164011  
9252.135871  
9262.320792  
9288.336768  
9194.30479  
9073.777841  
9267.181538  
9220.044014  
9358.482799  
9306.665767  
9577.986722  
9222.83652  
9200.382161  
9226.605237  
9267.853336  
9108.55503  
9224.407227  
9175.872901  
9210.38384  
9126.232131  
9147.594358  
9359.431512  
9402.214595  
9368.236071  
9268.741545  
9317.306229  
9283.103439  
9325.962565  
9398.486208  
9391.109615  
9273.811738  
9385.384457  
9406.91569  
9312.659094  
9336.210055  
9294.14227  
9261.859495  
9336.074073  
9295.230837  
9314.10092  
9318.789953  
9254.873364  
9268.957999  
9241.063836  
9365.251619  
9319.020499  
9326.747636  
9370.28764  
9288.307  
9250.966711  
9258.549094  
9227.044793  
9220.524174  
9316.700504  
9419.125248  
9258.204299  
9249.984769  
9308.594735  
9198.36227  
9327.138663  
9323.644343  
9256.096131  
9252.283297  
9270.352856  
9194.622027  
9208.73267  
9163.755542  
9228.644771  
9323.405667  
9426.614095  
9255.726074  
9259.814607  
9274.471851  
9160.31304  
9178.337865  
9184.13623  
9130.610215  
9240.488281  
9324.961734  
9256.174188  
9384.218998  
9302.950915  
9125.733261  
9184.830327  
9218.64884  
9221.881896  
9356.179251  
9191.617599  
9296.19706  
9251.837814  
9171.771707  
9180.034796  
9270.44282  
9405.937132  
9296.230195  
9200.639194  
9143.17083  
9194.337282  
9188.868892  
9189.015342  
9254.582442  
9415.322009  
9205.966497  
9142.138141  
9185.186995  
9250.4188  
9523.389931  
9379.852865  
9240.229843  
9347.446992  
9194.474267  
9302.80228  
9225.051235  
9209.887524  
9230.424993  
9256.942982  
9241.548494  
9312.990303  
9199.345746  
9193.241751  
9270.662486  
9244.158966  
9265.222177  
9273.116519  
9347.880157  
9318.241528  
9266.811326  
9237.411159  
9347.416924  
9223.993704  
9138.176158  
9263.411201  
9222.313691  
9362.818419  
9438.845686  
9241.403629  
9280.546018  
9183.469101  
9283.980203  
9261.106797  
9354.783923  
9278.735146  
9327.669622  
9225.492487  
9246.324339  
9275.736405  
9246.810316  
9253.127013  
9246.992761  
9220.051604  
9291.185864  
9283.973701  
9270.528252  
9293.880422  
9381.943668  
9256.478199  
9247.140753  
9200.228344  
9333.36377  
9443.662563  
9343.925524  
9196.385494  
9249.003075  
9270.978216  
9331.190216  
9374.211683  
9318.253701  
9320.990731  
9320.911578  
9395.670127  
9351.895319  
9272.094607  
9233.024303  
9371.94067  
9303.892424  
9298.513997  
9282.796695  
9304.689659  
9290.937551  
9253.624101  
9277.786587  
9269.218938  
9099.742796  
9381.267415  
9341.361919  
9370.045008  
9463.81465  
9377.705695  
9270.491999  
9213.586957  
9207.200041  
9109.935581  
9216.671687  
9144.995708  
9101.783931  
9144.861003  
9262.615012  
9204.700675  
9230.387139  
9385.724001  
9237.766276  
9187.134928  
9309.507436  
9515.367993  
9407.522255  
9386.073885  
9322.419699  
9250.409188  
9265.349584  
9204.428471  
9182.371745  
9257.228858  
9223.400125  
9328.348179  
9387.485017  
9332.919759  
9300.791393  
9330.773934  
9292.966668  
9235.75741  
9182.914217  
9183.621359  
9331.855246  
8913.307283  
9345.722665  
9373.68087  
9241.4669  
9298.857251  
9367.405685  
9244.646047  
9260.015068  
9291.298965  
9255.559827  
9217.800499  
9147.364917  
9213.487339  
9345.617941  
9320.237125  
9323.861774  
9341.612733  
