6392.592259  
6298.84144  
6349.641759  
6366.673361  
6432.708386  
6382.400312  
6424.029864  
6451.815629  
6466.159489  
6503.478867  
6511.537619  
6495.555696  
6525.941322  
6522.375625  
6465.414735  
6465.961006  
6484.356309  
6396.298844  
6417.036632  
6454.961116  
6445.111932  
6460.957268  
6471.491704  
6483.883579  
6450.729135  
6377.112457  
6402.512932  
6459.546775  
6447.459315  
6379.152848  
6409.47325  
6441.333774  
6415.319541  
6374.418037  
6407.573856  
6375.520051  
6465.14787  
6424.891371  
6413.70858  
6397.305549  
6424.449607  
6408.445475  
6434.424133  
6417.197953  
6443.647844  
6458.235478  
6395.063823  
6371.103054  
6404.629521  
6438.40939  
6440.219013  
6454.560783  
6408.551558  
6455.253733  
6433.186413  
6398.699098  
6437.556247  
6412.813923  
6404.962917  
6409.428039  
6415.881505  
6408.484669  
6415.652575  
6401.361186  
6423.171397  
6417.25388  
6448.645833  
6440.771579  
6425.844648  
6435.321111  
6437.462087  
6457.35822  
6419.646343  
6400.782904  
6443.186613  
6399.808352  
6428.147109  
6414.634508  
6457.78041  
6456.959756  
6411.828829  
6413.606944  
6447.182197  
6450.678223  
6448.47882  
6473.28806  
6416.241263  
6438.109632  
6452.537388  
6422.975528  
6407.017352  
6424.901651  
6425.948321  
6391.751759  
6405.568333  
6395.562185  
6484.338048  
6472.983845  
6463.319803  
6429.21613  
6375.113013  
6413.396159  
6399.475313  
6398.418972  
6435.334189  
6380.681803  
6416.074718  
6336.692498  
6416.297736  
6441.236449  
6435.189574  
6436.130586  
6475.320165  
6453.865255  
6453.328955  
6450.215631  
6430.382403  
6458.321279  
6559.389281  
6487.296838  
6517.712555  
6487.067609  
6439.169696  
6486.702112  
6476.376418  
6505.324985  
6503.1617  
6441.759183  
6457.479382  
6459.950621  
6442.298424  
6457.020256  
6427.876943  
6422.955824  
6411.900443  
6449.500651  
6440.805029  
6410.895986  
6409.392342  
6394.769936  
6463.401703  
6471.566569  
6453.035807  
6426.986449  
6393.443212  
6401.222756  
6359.821678  
6356.264197  
6365.08913  
6420.641434  
6394.086678  
6404.484386  
6419.367545  
6456.9808  
6400.090547  
6433.506841  
6432.411432  
6417.483866  
6447.794901  
6439.133889  
6435.605091  
6430.523816  
6442.930885  
6419.755686  
6461.710223  
6463.894447  
6421.443428  
6457.288936  
6455.889633  
6450.479755  
6430.137753  
6439.071289  
6444.961274  
6399.420384  
6468.687857  
6426.142688  
6437.018177  
6437.322208  
6431.460528  
6427.797883  
6449.792848  
6412.881668  
6428.141512  
6443.846165  
6454.9763  
6458.556877  
6436.782851  
6457.164703  
6422.540039  
6435.504169  
6498.805906  
6418.412655  
6478.869807  
6389.710916  
6433.769106  
6395.42293  
6415.425372  
6373.82067  
6427.342364  
6433.428307  
6458.75504  
6440.089912  
6403.427603  
6428.776157  
6464.151782  
6470.47568  
6472.314033  
6482.510721  
6409.974058  
6451.359879  
6464.855852  
6479.236722  
6456.209877  
6459.591954  
6482.870537  
6438.627562  
6401.885548  
6478.436597  
6447.915506  
6400.955461  
6418.499412  
6411.148149  
6424.890032  
6528.907043  
6448.041357  
6483.445838  
6422.605689  
6407.822827  
6414.504741  
6432.392594  
6407.567829  
6384.38265  
6369.866972  
6340.844716  
6357.968634  
6385.233503  
6409.982511  
6416.812621  
6445.405972  
6420.368736  
6441.45364  
6417.669812  
6446.861234  
6463.035372  
6506.996845  
6445.826035  
6414.488423  
6448.113097  
6471.320612  
6432.999144  
6452.151546  
6427.088447  
6413.864578  
6452.179892  
6405.774094  
6401.983341  
6432.852208  
6448.460759  
6449.007308  
6446.735593  
6416.390299  
6431.379988  
6411.765089  
6447.433914  
6523.002672  
6474.052976  
6428.586016  
6428.435116  
6446.038464  
6429.668342  
6432.461179  
6403.488176  
6374.733582  
6405.529496  
6374.444703  
6399.581023  
6408.314028  
6418.553244  
6415.363218  
6441.672804  
6444.77516  
6412.076975  
6399.872443  
6380.305549  
6411.951581  
6471.045867  
6447.663044  
6434.874244  
6487.812374  
6461.381983  
6432.074403  
6447.783166  
6420.366762  
6447.802304  
6388.796723  
6451.070601  
6456.985504  
6425.935353  
6439.263567  
6427.943963  
6429.934838  
6462.764659  
6422.260863  
6428.318942  
6461.348591  
6479.127835  
6461.520161  
6453.992839  
6437.072376  
6452.10571  
6398.523028  
6467.054005  
6405.385774  
6448.45354  
6416.965826  
6434.272897  
6449.201083  
6421.650774  
6418.361585  
6434.730731  
6446.641959  
6444.796087  
6472.200258  
6464.899887  
6511.859475  
6434.132665  
6464.396253  
6434.067798  
6441.943764  
6420.27107  
6418.178191  
6400.33452  
6417.342763  
6390.453787  
6424.833375  
6404.764102  
6425.930843  
6423.100607  
6402.447623  
6459.302467  
6375.12374  
6421.29121  
6433.533329  
6424.698804  
6447.79163  
6475.361528  
6465.947061  
6407.901577  
6409.525506  
6385.32624  
6400.942493  
6426.626801  
6375.961919  
6400.532809  
6425.414052  
6450.639396  
6366.793483  
6444.81219  
6418.099079  
6482.426747  
6432.323064  
6429.826718  
6415.331601  
6392.798954  
6402.272981  
6424.360451  
6429.770949  
6396.538663  
6456.531959  
6464.517263  
6452.379878  
6398.473817  
6446.914782  
6438.086463  
6446.261246  
6438.296549  
6449.892919  
6463.521736  
6427.836053  
6443.08714  
6478.529103  
6452.475449  
6440.683893  
6454.169743  
6479.603621  
6440.540659  
6442.081784  
6452.310489  
6475.066679  
6442.580734  
6454.663522  
6439.107705  
6458.684759  
6417.943743  
6433.693853  
6464.954779  
6454.807328  
6411.525506  
6444.338489  
6500.395518  
6447.81375  
6457.990665  
6446.205587  
6382.488974  
6430.577558  
6401.750058  
6429.348822  
6380.915669  
6359.510023  
6410.102161  
6495.572486  
6461.395146  
6393.485724  
6437.576644  
6435.624422  
6450.19946  
6453.488838  
6407.814385  
6446.895865  
6440.673602  
6438.567409  
6458.945853  
6410.457514  
6386.098958  
6435.213531  
6423.405825  
6428.897907  
6462.128465  
6436.311392  
6443.597446  
6419.049673  
6421.870626  
6435.032699  
6427.089518  
6440.488722  
6444.908718  
6429.331044  
6420.366904  
6446.91306  
6416.282353  
6412.737882  
6465.710171  
6472.125168  
6428.004636  
6457.686555  
6467.596942  
6342.893607  
6490.267457  
6467.134682  
6376.006957  
6431.352424  
6366.629673  
6427.275958  
6393.978243  
6408.118941  
6413.56565  
6421.443202  
6429.070234  
6390.971302  
6395.637816  
6445.785025  
6447.301847  
6439.347362  
6452.20124  
6496.390189  
6447.061292  
6440.901157  
6433.82288  
6456.652564  
6449.251523  
6425.764774  
6452.803212  
6485.10403  
6449.943585  
6427.42156  
6442.617723  
6415.076734  
6390.332609  
6486.022702  
6474.849525  
6456.20858  
6418.169911  
6454.495012  
6387.901341  
6367.624863  
6487.560778  
6441.555092  
6384.835355  
6378.565398  
6391.731235  
6357.630292  
6425.867986  
6406.919397  
6430.702217  
6403.755844  
6453.397356  
6415.013457  
6462.986528  
6468.608356  
6491.403063  
6427.331475  
6424.860493  
6475.136409  
6451.519946  
6454.272225  
6441.500252  
6426.524965  
6448.106766  
6416.825731  
6440.574171  
6445.685347  
6422.332126  
6420.610094  
6466.585932  
6447.966487  
6404.161768  
6456.706233  
6407.207073  
6452.237908  
6491.036994  
6512.139134  
6463.297138  
6442.351237  
6465.283156  
6410.82099  
6419.453697  
6490.086389  
6399.243285  
6418.22986  
6422.518975  
6415.0301  
6397.244813  
6423.646731  
6426.349714  
6405.433037  
6408.612851  
6432.639349  
6400.735121  
6437.709688  
6406.162955  
6410.358997  
6381.320433  
6431.549495  
6445.951923  
6385.295153  
6395.313844  
6433.235121  
6463.391182  
6456.102403  
6535.001271  
6479.581858  
6468.84259  
6461.834536  
6438.868689  
6468.898852  
6479.474378  
6482.427887  
6459.499286  
6436.404202  
6456.70941  
6426.922006  
6414.252174  
6459.356844  
6446.06805  
6407.57027  
6439.97787  
6418.448909  
6398.599226  
6400.600029  
6425.732994  
6450.898663  
6444.7243  
6463.276315  
6436.9978  
6437.718435  
6418.504998  
6430.631568  
6463.313246  
6463.342968  
6380.637858  
6392.204228  
6387.764444  
6448.83169  
6402.605469  
6409.018513  
6422.086526  
6414.449581  
6411.722851  
6453.610504  
6389.317708  
6492.364347  
6447.742093  
6474.461862  
6441.384193  
6455.195491  
6444.901546  
6427.292732  
6379.236591  
6366.510606  
6398.833255  
6409.758322  
6381.822623  
6420.233456  
6405.249081  
6429.448883  
6399.433294  
6465.596827  
6483.138808  
6401.325111  
6415.06471  
6434.845204  
6420.834116  
6455.269027  
6438.77621  
6412.807192  
6430.802209  
6426.263294  
6456.920358  
6450.80747  
6410.009382  
6410.03922  
6381.541541  
6389.169371  
6475.471265  
6478.049164  
6446.48994  
6470.265772  
6446.187852  
6447.100775  
6465.769143  
6474.693706  
6471.238932  
6428.974216  
6362.309408  
6418.463757  
6363.060347  
6438.000326  
6433.966172  
6425.41359  
6448.60507  
6411.606178  
6410.726421  
6493.951424  
6447.359023  
6445.233703  
6459.81071  
6443.524398  
6470.179246  
6465.173991  
6487.742865  
6466.075962  
6447.563734  
6452.878103  
6381.966865  
6494.951261  
6522.879227  
6502.717206  
6506.091839  
6460.433163  
6481.317294  
6457.269494  
6468.860966  
6450.680108  
6384.387092  
6408.728232  
6379.458486  
6403.719112  
6403.433494  
6383.461767  
6400.564899  
6375.932454  
6423.190776  
6397.783187  
6447.546224  
6415.869261  
6403.336741  
6432.571961  
6480.966282  
6432.099042  
6374.118427  
6367.368028  
6432.622674  
6499.131306  
6442.038243  
6370.360982  
6419.886482  
6389.059481  
6405.255723  
6398.172038  
6437.012522  
6408.923959  
6453.859632  
6462.156077  
6504.470656  
6475.23753  
6441.177477  
6512.445418  
6468.059513  
6467.435657  
6471.228705  
6506.578697  
6455.394473  
6486.786763  
6438.658712  
6441.774881  
6407.930365  
6407.571447  
6448.121141  
6481.732858  
6467.491731  
6432.314983  
6457.175713  
6396.868994  
6425.649351  
6441.717138  
6415.411926  
6434.878954  
6461.672563  
6406.599987  
6397.399514  
6407.247674  
6392.586494  
6384.072281  
6419.465742  
6369.820454  
6430.080209  
6374.825043  
6432.320628  
6499.369146  
6460.013719  
6484.306998  
6468.392604  
6478.549542  
6444.651435  
6431.660162  
6431.206154  
6416.872522  
6382.388436  
6434.678359  
6446.246818  
6456.012254  
6499.590815  
6495.52329  
6482.896143  
6357.598885  
6400.213883  
6406.280688  
6426.791105  
6396.656318  
6414.69546  
6434.401798  
6424.499433  
6427.265079  
6389.718535  
6430.158082  
6440.857695  
6376.126244  
6392.369939  
6362.815498  
6383.460974  
6398.45135  
6448.642468  
6433.022062  
6477.369781  
6458.164645  
6433.143738  
6430.700421  
6436.606403  
6444.913149  
6433.32215  
6459.31754  
6441.768381  
6486.412377  
6516.379389  
6451.458979  
6437.127798  
6464.177404  
6398.643607  
6404.23134  
6432.507077  
6421.644473  
6436.957304  
6426.860966  
6369.684759  
6438.807234  
6447.461211  
6467.491878  
6421.519841  
6461.242534  
6471.276241  
6442.734133  
6474.883873  
6440.593629  
6419.214476  
6389.848202  
6421.634928  
6426.129736  
6416.470152  
6412.275343  
6417.167339  
6430.104702  
6459.468493  
6490.27422  
6462.521369  
6409.15205  
6413.823074  
6424.11567  
6429.537535  
6439.709021  
6431.750446  
6446.896589  
6432.673744  
6418.13999  
6387.186235  
6397.712261  
6417.362578  
6425.140882  
6446.682512  
6406.654712  
6377.189353  
6426.727634  
6297.423686  
6416.17051  
6418.551669  
6452.323841  
6444.455934  
6462.012779  
6456.032647  
6442.055417  
6403.135642  
6474.238344  
6379.267541  
6487.61158  
6471.635144  
6417.852371  
6406.764417  
6390.339508  
6414.740591  
6377.349368  
6386.012123  
6405.499795  
6408.085297  
6431.847373  
6433.334746  
6441.387554  
6434.233167  
6424.95375  
6439.216592  
6445.931725  
6432.286233  
6422.193816  
6449.695591  
6475.516796  
6341.749748  
6435.671544  
6509.820901  
6474.339224  
6488.622002  
6420.556835  
6473.887107  
6466.854518  
6472.126869  
6518.808694  
6486.641087  
6471.928385  
6420.372091  
6427.693176  
6449.454858  
6490.783072  
6477.556032  
6432.229293  
6431.198347  
6475.736386  
6387.838064  
6433.974158  
6468.567267  
6387.664656  
6368.633899  
6396.555444  
6423.588993  
6408.091697  
6400.191438  
6403.673387  
6424.488596  
6390.92135  
6402.058546  
6431.71214  
6417.077138  
6420.920127  
6417.13088  
6431.989153  
6412.457908  
6430.289372  
6400.758653  
6468.042795  
6408.361197  
6460.894668  
6472.419192  
6453.334898  
6461.463683  
6415.491836  
6439.54918  
6461.596333  
6453.526115  
6420.836662  
6426.378449  
6435.782983  
6522.201707  
6481.032447  
6432.259876  
6448.639827  
6435.882413  
6460.588967  
6433.819892  
6438.20669  
6421.588662  
6374.652328  
6413.459399  
6456.488985  
6455.954978  
6424.479151  
6421.309271  
6405.111795  
6494.632461  
6442.961709  
6411.347373  
6457.518602  
6484.993337  
6428.498026  
6410.392972  
6403.962009  
6408.974321  
6430.628208  
6405.544176  
6386.106409  
6397.73783  
6425.178574  
6440.382408  
6417.886456  
6408.987378  
6436.682612  
6409.121152  
6418.713416  
6428.492697  
6439.629783  
6429.084095  
6435.867602  
6431.661416  
6467.502279  
6418.934051  
6402.773222  
6477.140798  
6464.146101  
6446.894699  
6428.365429  
6462.755103  
6451.109485  
6429.190823  
6450.904937  
6437.507539  
6470.16548  
6439.84323  
6483.677136  
6446.423387  
6388.255754  
6401.515084  
6443.08694  
6450.772876  
6432.829653  
6420.088699  
6406.469333  
6420.603552  
6415.487887  
6445.34825  
6449.988024  
6399.33725  
6396.630203  
6447.664997  
6428.939017  
6453.991337  
6475.542717  
6484.295547  
6463.724961  
6454.787388  
6437.028609  
6474.684959  
6440.173329  
6434.981876  
6415.423466  
6393.298335  
6421.01331  
6443.711022  
6403.309964  
6412.649545  
6407.74801  
6417.761488  
6396.997286  
6431.742728  
6500.003633  
6480.569966  
6431.602607  
6413.702148  
6419.421066  
6412.967905  
6478.506605  
6445.828676  
6397.035151  
6411.538254  
6437.477508  
6461.251953  
6455.000693  
6454.247706  
6445.006285  
6419.348507  
6407.766407  
6422.101163  
6439.561151  
6423.240492  
6378.454464  
6443.373477  
6429.20847  
6481.864783  
6450.976888  
6437.186949  
6482.01238  
6465.561917  
6474.310536  
6447.985152  
6416.994897  
6424.840815  
6454.08494  
6409.452705  
6441.087838  
6460.501979  
6444.009062  
6419.607201  
6427.505644  
6441.288411  
6465.57698  
6420.927887  
6446.165685  
6439.270114  
6462.151855  
6437.36335  
6418.033991  
6433.490612  
6432.256327  
6454.599951  
6401.592185  
6463.594317  
6438.589539  
6404.7954  
6397.855358  
6450.7886  
6398.283067  
6407.386661  
6406.97599  
6470.726584  
6489.224363  
6444.493259  
6446.743605  
6489.27381  
6419.688645  
6459.854613  
6456.817824  
6477.398101  
6465.754809  
6421.494813  
6436.631946  
6460.706202  
6426.845456  
6470.917764  
6445.067262  
6454.930528  
6420.353978  
6469.816979  
6448.842994  
6412.980695  
6379.638142  
6397.165664  
6473.26331  
6459.836048  
6418.655  
6427.99571  
6493.562973  
6397.959021  
6372.650464  
6350.095  
6380.856482  
6342.955908  
6390.484349  
6352.500278  
6400.120674  
6371.174647  
6387.545211  
6371.386341  
6453.302598  
6410.138451  
6453.451755  
6429.195176  
6452.479308  
6455.988055  
6419.120175  
6449.460769  
6432.676831  
6400.380187  
6441.225612  
6446.530678  
6444.39356  
6441.886808  
6486.793111  
6450.821252  
6500.720913  
6517.109013  
6426.205157  
6429.695922  
6403.453902  
6433.278845  
6452.237956  
6471.614305  
6420.562033  
6430.691779  
6448.842611  
6460.570901  
6438.746173  
6451.058678  
6469.453424  
6437.36304  
6432.856755  
6389.39198  
6426.074817  
6444.720588  
6427.789766  
6367.829138  
6399.090217  
6423.394311  
6437.899503  
6436.06805  
6417.055076  
6411.597651  
6423.83862  
6398.023611  
6433.989951  
6474.881243  
6438.724179  
6466.597194  
6452.437075  
6469.68047  
6426.227959  
6444.560206  
6516.147345  
6468.176406  
6446.058599  
6388.513257  
6458.442236  
6454.316438  
6465.442645  
6430.048828  
6433.622165  
6421.822848  
6386.898017  
6471.39513  
6493.63245  
6414.289026  
6441.582635  
6437.517688  
6447.680349  
6459.540979  
6429.40509  
6448.814773  
6408.610955  
6466.692997  
6407.230679  
6397.435557  
6397.064017  
6384.72809  
6395.032221  
6431.086363  
6461.370653  
6464.815073  
6427.084698  
6440.521967  
6423.763205  
6379.730821  
6403.028194  
6452.805102  
6445.818617  
6401.417822  
6388.687547  
6373.34112  
6400.33799  
6440.278793  
6434.895156  
6506.852172  
6405.817131  
6435.117429  
6442.720057  
6461.372963  
6419.02579  
6367.076781  
6390.923308  
6286.0581  
6382.052829  
6451.178107  
6407.596543  
6408.222767  
6377.58137  
6434.479613  
6373.193018  
6433.891544  
6427.360399  
6427.176978  
6452.568223  
6416.317215  
6405.503423  
6400.524692  
6395.080593  
6440.113287  
6460.896327  
6412.725045  
6411.90993  
6438.689395  
6441.001181  
6453.782395  
6480.635648  
6422.537556  
6410.910839  
6423.86996  
6415.704884  
6505.17994  
6503.521274  
6422.617466  
6406.619246  
6476.009041  
6437.319604  
6420.534909  
6448.728321  
6461.968225  
6468.95333  
6470.28996  
6498.049049  
6452.015089  
6493.502147  
6489.744156  
6494.780531  
6460.552325  
6449.574171  
6425.340757  
6455.429414  
6457.982081  
6447.971816  
6444.832231  
6437.250373  
6410.289887  
6422.721669  
6510.770256  
6520.016843  
6441.535576  
6350.801543  
6428.863402  
6398.237919  
6446.679572  
6458.469769  
6409.828844  
6412.138226  
6371.425986  
6444.742629  
6412.337628  
6418.967584  
6455.081569  
6434.669953  
6470.849063  
6415.810437  
6463.794764  
6393.774703  
6420.836914  
6492.592458  
6456.104865  
6406.520555  
6415.179304  
6379.050456  
6414.662955  
6449.384162  
6459.540732  
6484.989342  
6463.110425  
6535.136241  
6536.355558  
6399.744671  
6457.060741  
6407.031502  
6371.737126  
6422.236685  
6397.04614  
6407.126643  
6401.076335  
6425.333108  
6438.031187  
6457.876607  
6410.784201  
6408.218088  
6390.77034  
6407.468592  
6415.442729  
6431.282809  
6453.392069  
6443.999071  
6455.799773  
6451.674988  
6447.995495  
6451.785529  
6424.147928  
6432.342516  
6462.632072  
6466.689065  
6553.249585  
6469.300277  
6462.43656  
6460.439007  
6420.793184  
6470.97451  
6459.6938  
6447.121577  
6421.695486  
6413.662671  
6418.735619  
6416.145356  
6441.575894  
6429.317546  
6370.270891  
6417.76447  
6442.418226  
6368.253633  
6369.065099  
6389.855479  
6451.048928  
6450.375462  
6406.320659  
6481.294239  
6462.081506  
6506.943485  
6477.572066  
6523.402801  
6495.839109  
6453.607747  
6396.910035  
6372.166499  
6414.238024  
6385.843414  
6354.265783  
6381.497926  
6358.344333  
6327.090038  
6385.249648  
6388.159615  
6370.489226  
6419.830708  
6403.783691  
6407.848229  
6439.424301  
6393.724756  
6394.063687  
6447.66831  
6459.993295  
6467.903378  
6474.103678  
6461.780321  
6454.415475  
6469.429992  
6501.90636  
6539.987242  
6578.077616  
6542.243469  
6347.79047  
6371.411884  
6364.560762  
6390.440823  
6443.944294  
6335.335601  
6358.473355  
6369.120962  
6402.906218  
6425.190472  
6397.541336  
6466.347467  
6443.485961  
6400.859884  
6403.74087  
6446.978762  
6445.00284  
6470.703498  
6448.017788  
6523.390163  
6460.448001  
6468.86683  
6426.455288  
6472.07214  
6417.368595  
6436.256169  
6465.839235  
6520.919224  
6430.700138  
6434.465605  
6451.800571  
6419.990381  
6448.897923  
6434.182276  
6410.692698  
6428.198772  
6434.77936  
6454.909678  
6416.449397  
6428.809807  
6453.784363  
6455.796576  
6439.281686  
6427.462812  
6430.144915  
6390.79739  
6423.293709  
6409.059444  
6462.883537  
6431.875373  
6398.578015  
6397.212901  
6403.547741  
6411.837681  
6411.146327  
6470.3513  
6451.315655  
6431.953435  
6427.67145  
6442.036164  
6457.671124  
6439.782227  
6469.668594  
6416.115208  
6433.443239  
6431.745395  
6473.364583  
6448.927209  
6455.958827  
6416.367644  
6403.057801  
6444.950584  
6428.92292  
6479.67261  
6435.611339  
6500.246813  
6435.388289  
6425.952857  
6457.926306  
6432.887223  
6437.16096  
6415.518628  
6306.224237  
6406.830409  
6437.039714  
6439.510249  
6500.890783  
6425.907463  
6482.056026  
6488.648543  
6366.921928  
6413.37867  
6419.413411  
6396.210675  
6424.842726  
6387.769316  
6401.289089  
6434.184003  
6426.697376  
6446.783245  
6417.252856  
6451.362609  
6427.867818  
6430.303737  
6442.689017  
6457.297269  
6441.112908  
6427.693454  
6432.30536  
6480.394925  
6481.635096  
6423.466508  
6397.523553  
6418.240266  
6408.648091  
6450.834273  
6466.198016  
6465.266255  
6435.82981  
6445.015767  
6428.972577  
6443.519563  
6444.816285  
6445.161164  
6449.64073  
6465.996561  
6435.30767  
6413.766948  
6441.314506  
6395.637286  
6454.139202  
6453.866258  
6423.092637  
6332.133017  
6451.451965  
6447.46644  
6403.187542  
6421.182974  
6454.011698  
6442.442666  
6405.743532  
6424.170106  
6406.033718  
6409.735005  
6428.639496  
6450.520251  
6491.291299  
6505.979797  
6393.162246  
6432.418909  
6433.606729  
6454.759582  
6450.22641  
6456.825195  
6425.957661  
6428.86556  
6385.115723  
6418.849709  
6461.991122  
6421.313813  
6392.381573  
6377.895854  
6438.185468  
6426.142568  
6460.474436  
6411.710339  
6465.107595  
6478.376612  
6494.362473  
6471.622863  
6461.961741  
6460.213295  
6415.848638  
6407.790596  
6381.798083  
6466.534159  
6427.415144  
6445.914866  
6403.044392  
6405.925897  
6421.327348  
6352.662451  
6461.03765  
6503.859149  
6562.487824  
6482.342091  
6420.345981  
6416.111328  
6444.699886  
6428.015394  
6406.481792  
6408.652197  
6425.503182  
6439.906071  
6419.190283  
6414.099074  
6376.097619  
6398.736286  
6442.120621  
6467.320738  
6426.217684  
6415.885711  
6450.302976  
6411.594706  
6429.874806  
6416.411422  
6406.334053  
6355.797138  
6421.800928  
6462.504011  
6450.691249  
6470.119933  
6431.311928  
6471.819168  
6452.661705  
6436.147424  
6445.252987  
6442.586531  
6408.23898  
6420.916373  
6450.392683  
6398.630529  
6441.551826  
6466.089518  
6417.6596  
6436.10843  
6450.943995  
6445.951986  
6425.133348  
6422.513262  
6434.668651  
6425.603642  
6399.403105  
6433.907106  
6452.793735  
6408.594107  
6443.319362  
6463.259939  
6429.022319  
6397.477628  
6452.591876  
6457.376129  
6477.034295  
6449.43027  
6455.461095  
6493.853978  
6467.618091  
6468.855947  
6454.327574  
6453.172967  
6458.736706  
6442.189784  
6445.462786  
6451.701608  
6449.797542  
6405.326119  
6446.833218  
6448.406376  
6452.250173  
6444.842962  
6420.159132  
6395.13087  
6449.199702  
6440.203771  
6441.91359  
6416.382266  
6405.757077  
6358.610772  
6368.168063  
6314.150417  
6340.534111  
6357.138562  
6392.608813  
6395.132167  
6433.484007  
6399.263887  
6370.674794  
6416.298938  
6372.967695  
6478.255135  
6494.676285  
6479.547783  
6474.153956  
6469.891712  
6468.785613  
6427.30012  
6459.166892  
6430.973066  
6443.331868  
6421.13476  
6434.25996  
6466.086405  
6465.96308  
6496.833433  
6425.503764  
6384.983792  
6398.377305  
6410.77506  
6410.691905  
6420.560809  
6395.144032  
6340.054336  
6446.630172  
6472.599741  
6447.701655  
6433.687101  
6481.915569  
6416.125793  
6418.022204  
6428.291173  
6469.625121  
6446.323552  
6417.690293  
6420.890189  
6481.650811  
6449.943134  
6450.940099  
6414.529082  
