6013.381743  
5874.937483  
5865.358145  
5845.72017  
5925.6235  
5911.520426  
5985.369538  
6056.847833  
6046.981513  
6103.407535  
6153.367067  
6141.993257  
6130.202017  
6158.671914  
6096.40824  
6046.666831  
6096.309039  
6079.00844  
6045.380445  
5995.638813  
6035.921778  
6045.043091  
6092.266417  
6071.812118  
6043.250384  
6011.43059  
5954.241614  
6004.444731  
5984.198225  
5947.403828  
5957.620604  
6018.252191  
6024.220538  
5972.471399  
5974.593372  
5980.34933  
5989.68012  
5968.730738  
5978.849311  
6007.848141  
6036.579772  
6053.678321  
6036.176826  
6018.762571  
5996.859133  
6058.107197  
6037.954404  
5980.170379  
6006.459418  
5983.109493  
6011.400427  
6042.19123  
6002.465177  
5967.035925  
5966.156192  
6001.402421  
5986.202443  
6028.976415  
6016.425161  
5960.857263  
6010.102775  
5972.53008  
6017.70646  
5986.903795  
5953.651119  
5985.794  
6005.488206  
6014.117308  
6041.933332  
6050.170521  
6051.693189  
6018.557571  
5964.785563  
6009.211534  
6030.524325  
6034.150387  
6032.933336  
6052.727328  
6078.363948  
6074.834112  
6004.728523  
5985.82175  
6111.174842  
6075.772804  
5974.984243  
6087.354748  
6000.441902  
5980.642493  
6032.91108  
5990.941383  
6017.549822  
6029.127757  
5985.30708  
5957.826528  
5973.413068  
6010.83443  
6081.256518  
5992.458434  
5950.003371  
5984.857556  
5948.065635  
5916.092446  
5921.761571  
5912.138306  
5903.457812  
5988.185909  
5993.57473  
5945.005733  
5965.557272  
6013.7685  
6004.714764  
6049.062531  
6069.332289  
6056.566307  
6070.106147  
6055.336598  
6064.909496  
6118.194398  
6132.145839  
6096.690174  
6196.205063  
6168.194284  
6104.184535  
6083.591103  
6054.371038  
6080.371741  
6116.025836  
6062.999076  
6044.439854  
5980.603242  
6043.169509  
6028.966072  
6018.858455  
5994.247411  
5969.274156  
6014.430211  
6015.782316  
6024.477568  
6033.737657  
6011.89786  
6003.48603  
6033.41395  
6000.07524  
6013.215539  
6013.581033  
5927.655419  
5871.388466  
5861.326354  
5857.758568  
5931.07852  
5945.40866  
5964.201877  
5995.888131  
5948.359997  
5978.152859  
6059.921158  
6045.563668  
6014.641435  
6017.465466  
5993.263439  
6021.505013  
6072.986904  
6056.563258  
6028.669782  
6075.578394  
6085.450596  
6062.298551  
6029.272343  
6049.404097  
6046.782166  
6045.684999  
6081.231408  
6078.625393  
6099.682592  
6097.819855  
6072.115814  
6071.702375  
6041.356461  
6056.31963  
6025.368623  
6019.918079  
5991.046449  
6024.689052  
5978.868402  
6008.93264  
5980.454807  
6063.514435  
6020.140001  
6024.842326  
6090.914576  
6034.838879  
5935.180569  
5997.587131  
5883.103841  
5922.588183  
5917.554465  
5995.923237  
5960.828989  
6012.105486  
5952.690377  
6057.851206  
5990.973951  
6036.495385  
6026.43718  
6103.296861  
6015.673681  
6070.301103  
6046.87269  
6040.252277  
6028.30019  
6044.638684  
6020.316428  
6015.102138  
6035.183369  
6013.987314  
6001.938806  
6031.736415  
5983.982379  
6031.654374  
6060.462964  
6005.443545  
5974.901352  
6004.219682  
6190.061419  
6082.354556  
6102.434055  
6120.630807  
5983.780485  
5986.855571  
6027.506586  
5975.663549  
5854.854893  
5898.505565  
5898.768318  
5905.404332  
5931.220941  
5937.569396  
5989.477322  
5989.753278  
5953.785664  
5969.99825  
5986.880621  
6024.91433  
6041.905539  
6161.699548  
6028.595814  
6033.748047  
6029.371803  
6041.225896  
6062.311806  
6070.624423  
6082.765516  
6072.907027  
6145.591855  
6048.503418  
6023.285511  
6035.349144  
6071.354391  
6118.338168  
6098.093996  
6052.757663  
6006.395316  
5998.71333  
6065.635984  
6112.889926  
6089.636428  
6077.10356  
6002.172764  
5909.822275  
5995.57208  
5922.457467  
5933.501918  
5994.111439  
5933.108712  
5995.058239  
5989.005183  
5985.394636  
6006.267853  
5996.802004  
6046.041397  
6026.200664  
6032.505452  
5966.916368  
6017.753823  
5964.150995  
6019.717737  
6092.669244  
6145.129189  
6078.686037  
6111.469572  
6021.230025  
5963.196764  
5939.548284  
5999.268219  
5928.471585  
5991.93023  
6021.582725  
6020.88381  
5994.3156  
6033.751837  
6001.705198  
6004.922582  
6015.667887  
6029.68538  
6049.239779  
6043.696603  
6046.271541  
6106.348511  
6042.514898  
6021.75504  
6010.848528  
6059.344112  
6021.265592  
6040.17807  
6049.05846  
6030.12679  
6064.295077  
6021.719632  
6069.975851  
6051.086106  
6059.4449  
6018.6639  
6137.792682  
6049.844845  
6090.611785  
6035.701619  
6055.871743  
6036.807735  
6020.118957  
6056.130662  
6012.017818  
5980.443491  
5991.264478  
5930.555992  
5995.229262  
6037.974344  
5961.017398  
5985.805213  
5980.948442  
6026.74776  
5938.716985  
5948.235011  
6049.912743  
6075.650145  
6019.800303  
6071.750715  
6057.064595  
5975.925231  
5977.311115  
5998.97316  
5944.19625  
5955.526016  
5952.150179  
5952.993449  
6024.267411  
5988.703392  
5986.147905  
6050.316214  
5952.50455  
5918.256278  
6019.875271  
5992.427457  
5939.104287  
5837.030186  
5921.242498  
5937.79356  
5935.254373  
5918.124382  
6005.669273  
5985.085141  
6007.417254  
5981.995962  
6031.911156  
6006.420931  
6045.260173  
6053.500539  
6067.279628  
6062.061062  
6069.6291  
6054.631652  
6110.888337  
6058.980703  
5997.985828  
6076.803108  
6062.736353  
5980.542473  
5999.970945  
5979.527815  
6059.434491  
5981.246134  
5981.143438  
6009.113853  
5992.743368  
5955.794676  
5955.446047  
5953.42148  
6024.997655  
6057.635384  
6062.147678  
6157.293881  
6019.060481  
6068.634983  
6014.675093  
5918.556918  
5908.65257  
5914.944402  
6023.102688  
5933.454243  
5978.652195  
5985.010384  
6051.287224  
6069.228707  
6056.860429  
6050.142398  
6064.999178  
6096.470567  
6153.313298  
6048.833455  
6057.29883  
6109.99796  
6082.090999  
6076.954084  
6017.923191  
6070.146081  
6105.003867  
6014.548014  
6036.615727  
6028.839295  
6095.637796  
6008.198961  
6009.28391  
5991.120762  
5964.971684  
6072.115184  
6032.739109  
6022.233641  
6081.547929  
6015.146329  
6040.571626  
6016.899573  
6010.29586  
5973.050994  
6084.710848  
6019.951021  
6136.83076  
6156.479153  
5929.69067  
5971.842283  
6006.608817  
5848.345959  
5887.57375  
5883.421799  
5913.057082  
5881.372747  
5902.596007  
5974.760444  
5972.895328  
6007.025424  
5938.805852  
5985.95316  
5991.438021  
6015.549171  
5976.280089  
6047.815813  
6090.632582  
6069.002178  
6029.420999  
6062.707169  
6103.442267  
6052.869143  
6065.973608  
6047.10083  
6081.925043  
6072.57854  
6042.21733  
6003.974933  
6030.27137  
6002.038855  
6122.726983  
6144.619956  
6167.110082  
6043.522207  
6092.015445  
5964.943204  
5939.445888  
5986.029121  
5965.783151  
5967.066877  
5997.333736  
5933.957932  
5911.5733  
6033.312787  
5987.072876  
6042.25484  
6039.459849  
6105.186198  
6061.335751  
6019.63607  
6095.721406  
6034.839222  
5988.960802  
5975.724022  
5989.533813  
6066.64941  
6004.628395  
5969.558311  
6017.154688  
5978.981957  
5980.331849  
6004.197839  
5969.365362  
5975.599722  
6031.603934  
5975.050394  
6032.124764  
6016.371627  
6010.003767  
6035.269024  
6054.036191  
6088.570638  
6137.474164  
6079.248059  
6051.493209  
6057.487386  
6028.019184  
6059.949823  
6120.738965  
6057.237884  
6034.97564  
6002.648798  
5996.779961  
5976.565926  
5998.643119  
5969.130237  
5959.120522  
6003.263633  
6065.029884  
6000.583252  
5971.138864  
5959.637463  
5992.025877  
6011.774978  
6012.686002  
6019.153816  
6004.847916  
5971.986913  
5973.09643  
6081.681639  
6093.904774  
6098.25318  
6110.106953  
6058.667039  
6049.594853  
6022.839976  
6093.20409  
6084.69868  
6070.361572  
6063.846563  
6002.98259  
6026.246239  
5999.677151  
6032.053878  
6052.449168  
6002.855878  
5999.797933  
6011.469186  
5984.485619  
5982.473565  
6023.7439  
6013.998657  
5966.356986  
5988.749975  
6067.68849  
6000.43209  
5998.610867  
5996.804751  
5839.22967  
6001.189509  
5983.355808  
5942.624735  
5949.189224  
5945.345246  
5985.672197  
5984.600264  
6040.890615  
6029.519855  
6051.232457  
6018.413435  
6042.917289  
6072.33381  
6112.614122  
6001.131063  
6089.577584  
6056.432499  
5985.428298  
5974.256974  
5987.587588  
5959.693708  
5923.203565  
5933.86282  
5922.838515  
5934.313639  
5932.448138  
5936.963303  
5992.211038  
5972.756489  
5994.797743  
5969.173361  
6018.529504  
6015.415568  
6028.888116  
6000.882334  
6002.644033  
6015.157891  
6008.12269  
6025.460724  
6020.23615  
6068.729124  
6028.537092  
6071.569241  
5993.036175  
5992.738855  
6000.719145  
6083.667761  
6061.938874  
6064.961899  
6085.179306  
6023.529097  
6103.27565  
6196.815344  
6176.515677  
6141.855856  
6037.163973  
6055.714437  
6013.376817  
5903.774707  
5987.980461  
5964.41015  
6057.148544  
6058.182249  
5961.264798  
6001.561301  
5941.088092  
5999.514796  
5981.489643  
6030.938405  
5976.481222  
6039.930941  
6051.339863  
6069.002273  
6120.015474  
6049.263362  
6093.738859  
6001.833058  
6122.25311  
6111.664002  
6080.73714  
6180.793976  
6137.105599  
6093.606116  
6063.530475  
6044.760975  
6075.136283  
5987.545032  
5957.86486  
5901.059942  
5883.244435  
5974.04425  
5943.209502  
5986.235689  
5973.43807  
5979.751988  
5991.97489  
6012.031622  
6014.657674  
6019.552341  
6060.15757  
6054.679734  
6142.294426  
6046.459945  
6041.704923  
6007.095552  
6019.149472  
5962.538167  
5897.216925  
5903.985764  
5999.893797  
6000.168048  
5955.722869  
6000.776278  
5982.04331  
6028.919751  
6063.275586  
6074.152739  
6004.702164  
6045.064757  
6078.118509  
6012.937717  
5985.348292  
6055.122685  
6052.024007  
6068.714199  
6026.812155  
6021.110638  
6047.571264  
6017.497002  
6026.602932  
6074.675942  
6090.675121  
5999.955165  
5930.859745  
5964.920815  
5957.213373  
5994.351328  
6019.380538  
6025.569791  
6004.242124  
6000.164254  
6038.461199  
6026.025985  
5972.570553  
6017.474202  
5980.683555  
6044.454503  
5993.279462  
6040.556637  
5982.876786  
6045.277429  
6013.246307  
6005.792475  
6075.236431  
6007.928155  
6003.075416  
6018.078466  
6020.589528  
6073.572585  
6032.037332  
5999.084897  
6029.616459  
5990.155618  
6038.180327  
6133.623293  
6104.736289  
6105.612188  
5886.789998  
6029.314587  
5974.922931  
6026.620427  
6000.317032  
5990.382805  
5959.002395  
5956.578551  
5959.173944  
6033.896095  
6026.218903  
6018.293389  
5980.378809  
6015.220544  
5985.842177  
5975.143869  
5993.733365  
6007.800442  
6047.154119  
5996.203111  
6033.958585  
6014.879896  
6018.026239  
6053.134578  
6021.596728  
6021.490688  
5996.772816  
6028.278468  
5985.703908  
6092.433884  
6043.196996  
6009.736243  
5980.258617  
5993.683007  
5994.036578  
5996.310169  
5990.86973  
6046.369557  
5962.50901  
5923.740736  
6008.738558  
6006.396316  
6081.61922  
6069.853492  
5995.360307  
6001.329476  
5985.376093  
6022.533306  
6006.458703  
6030.130898  
6004.832802  
5972.517406  
6013.791488  
6051.636013  
6053.135161  
6006.450463  
6006.579662  
5994.174363  
6084.915971  
6067.598962  
5982.434378  
6044.850828  
6048.5945  
6053.107722  
6063.952172  
6040.072483  
6081.990242  
5986.084504  
6026.278634  
6018.009853  
5950.358608  
6015.660088  
6011.445247  
6057.56896  
5963.695923  
5960.9293  
5950.662336  
5945.933237  
6057.761399  
6027.17917  
6057.174437  
6004.820756  
6004.023773  
6014.527646  
5957.188682  
5973.057096  
6046.069563  
5949.633679  
6026.017132  
6067.720333  
5980.695995  
5953.356277  
5897.919649  
5884.518295  
5905.063405  
5891.777499  
5979.149075  
6016.251192  
5992.805658  
6035.103812  
5999.888889  
6004.303668  
6009.139904  
6050.939939  
6054.983831  
6050.875653  
6052.259545  
6043.331522  
6035.087433  
6016.614254  
6042.567912  
6083.684888  
6070.844035  
6071.984852  
6001.368486  
6047.806499  
6072.151547  
6104.578036  
6115.391875  
6047.314821  
6052.766181  
6051.207661  
6032.029743  
6008.159604  
6055.536741  
6072.80337  
6014.535885  
6016.147788  
5996.792568  
5944.469327  
6061.297088  
6124.826538  
5882.95267  
5960.414673  
5898.42475  
5906.107486  
6030.507983  
5970.056466  
5928.688043  
5955.270415  
5956.063785  
5974.633175  
6029.624115  
6004.337918  
6014.487086  
6024.101344  
6039.560272  
6056.334225  
6058.405454  
6061.61357  
6043.229934  
6047.50105  
6062.295707  
6052.883064  
6036.072434  
6015.923973  
6012.638492  
6026.315753  
6130.960614  
6091.204425  
6030.418335  
6017.583293  
5999.833126  
6014.678302  
6112.900424  
6035.147792  
5981.492217  
6031.332886  
6015.309599  
6039.399569  
6071.345242  
5964.081307  
5998.370443  
5967.37389  
6051.886068  
6042.81642  
6031.160127  
6025.128412  
6048.143351  
6072.912745  
5986.25374  
5986.269283  
6011.968802  
6062.89581  
6008.745813  
6002.494561  
5959.79909  
5981.425791  
5959.193983  
5940.919959  
5958.657277  
5955.484046  
5978.784416  
6035.107054  
5986.607356  
5981.224363  
5986.249998  
5963.892937  
6025.839106  
6016.335379  
6080.051382  
6056.797755  
6094.824755  
6066.041227  
6054.307637  
6027.541002  
6009.279264  
6095.660708  
6056.360896  
6016.566807  
6067.560378  
6077.949535  
6006.966179  
6001.365992  
6007.109815  
6049.040024  
6079.143652  
5986.869022  
6051.893361  
6024.321405  
5944.745121  
5951.755877  
6016.657794  
6043.640842  
6046.468153  
5982.539245  
6010.204836  
5998.757034  
6002.455146  
6073.932929  
5997.709754  
6004.737407  
6019.779206  
6027.208577  
6044.025369  
6048.546447  
6043.316552  
6097.306474  
6047.426178  
6034.084967  
6000.609571  
6015.70129  
6035.643376  
6023.798055  
6038.582194  
6016.153196  
6032.25415  
6039.758789  
6000.051025  
6026.451701  
6010.037722  
5976.654576  
6008.683758  
5992.354192  
6124.937587  
6114.865686  
6016.193726  
6050.80504  
5952.953813  
6043.946305  
6038.693557  
6026.149152  
5978.683448  
5971.922447  
5989.791733  
5972.270649  
6043.874818  
6015.075587  
6013.814821  
5998.807489  
5906.518677  
5950.755214  
6118.887414  
6066.661704  
5987.270899  
6004.081431  
6027.147823  
6049.114626  
6076.183853  
6025.655857  
6033.360997  
6034.8046  
6071.853876  
5963.738895  
5979.062252  
5985.913287  
6062.679097  
5988.041362  
5982.945572  
6023.791508  
5991.080849  
5964.435634  
5992.590545  
5993.284687  
6005.280851  
5991.360458  
5976.560326  
6046.092349  
6083.034546  
6065.117141  
5996.899379  
6027.310743  
5987.313217  
6003.041517  
6019.870005  
6069.623181  
6025.998667  
6013.168004  
6044.215603  
6009.739765  
6036.907905  
5986.82177  
6008.679827  
6057.054432  
6093.880681  
6037.173485  
6028.611305  
6102.134818  
6023.117629  
6012.748425  
6060.655973  
6051.848127  
6053.778125  
6020.606149  
6033.47955  
6068.146684  
6051.657205  
6089.926068  
6029.152185  
5994.53559  
6003.690833  
6043.413696  
6040.035191  
5984.307152  
5914.040423  
5952.71936  
6119.374717  
6062.870607  
6070.47796  
6029.387151  
6071.498704  
5982.231922  
5890.476411  
5876.767706  
5876.093663  
5928.344087  
5964.104357  
5981.611995  
5980.08082  
6003.391115  
5987.39096  
5977.815408  
6031.584612  
6011.594232  
5973.471263  
5988.532614  
6008.784284  
5991.251881  
5987.82988  
6058.536286  
5986.751438  
6022.412662  
6065.271577  
6038.095318  
6026.435233  
5977.781041  
6046.96756  
6101.845356  
6106.114913  
6128.423443  
6011.909645  
6036.630299  
6008.072153  
6071.570768  
6087.444948  
6034.266828  
6020.194266  
6019.164394  
6031.607116  
6002.226489  
5975.778919  
6015.720461  
6081.361136  
5979.822979  
5975.414539  
5957.661699  
5958.725917  
6005.105296  
5966.828462  
6006.420255  
5991.782236  
5968.569847  
6019.649439  
5973.67788  
5977.701997  
5962.53549  
5997.597112  
6001.945409  
6009.934551  
6057.791113  
6073.286662  
6066.368637  
6083.276332  
6026.464189  
6084.657881  
6055.761199  
6152.092874  
6046.433605  
6009.139464  
5995.978861  
6035.158467  
6085.638236  
6021.08007  
5970.456444  
6005.119604  
5983.751628  
6013.119265  
6095.96652  
6108.973143  
6045.701422  
6029.223265  
6022.558057  
6072.183689  
6052.37524  
6027.035125  
5998.638918  
6051.808539  
6066.680705  
6011.902406  
5956.535282  
5968.429567  
5945.588859  
5984.719792  
5996.989027  
6063.49173  
6057.241021  
5998.97895  
6026.330285  
5973.563387  
6040.189887  
6091.689269  
6043.386151  
6017.135827  
5976.110805  
5956.809559  
5949.515639  
5972.34493  
6040.841111  
5994.544424  
6016.919304  
6037.478965  
5929.739049  
6015.43918  
6062.26894  
6054.614812  
5958.473313  
5886.424189  
5826.638749  
5863.953418  
5965.753792  
5950.300752  
5979.718841  
5946.763218  
5982.045914  
5906.605176  
5979.774187  
5993.783465  
6000.094134  
5942.152733  
5930.425826  
5944.806639  
5940.277791  
6006.544476  
6045.554284  
6089.91134  
6038.399802  
6003.379798  
6002.91984  
6012.205028  
6065.503048  
6097.649205  
6061.735365  
5948.596069  
6036.682482  
6013.723034  
6085.594376  
6142.70048  
6049.542413  
5959.752203  
6014.279475  
6046.307247  
6057.43217  
6031.18718  
6039.989578  
6019.831101  
6106.545807  
6114.649807  
6073.037766  
6044.013964  
6094.850208  
6045.303273  
6037.255747  
6085.596137  
6038.382828  
6078.518855  
6063.969996  
6064.812657  
6070.884634  
5995.376279  
6011.073225  
5960.20495  
6121.253922  
6143.485706  
5969.71042  
5986.186587  
6063.018853  
5896.855027  
5976.841111  
6042.784094  
5937.466845  
5902.449692  
5858.132937  
5932.623103  
6004.541215  
5942.54704  
5932.474096  
6045.452672  
6042.380569  
5981.20359  
6055.138732  
6070.27628  
6103.320398  
6092.838797  
6085.409447  
6026.532833  
6012.215729  
6049.648788  
6024.599883  
6015.886986  
6055.336331  
6014.565156  
6082.884029  
6053.28144  
6070.561692  
5993.383299  
6034.783707  
5994.925739  
5978.79915  
5964.430497  
5896.959475  
6001.9226  
5959.883624  
5999.946487  
6014.758421  
6014.858457  
6005.14817  
5988.828811  
6040.924905  
6026.085428  
6012.131321  
6070.165351  
6081.390375  
6050.1396  
6054.576356  
6084.021294  
6108.33326  
6043.643272  
6069.733974  
6079.463627  
6121.026662  
6071.643816  
6066.826988  
6080.231968  
6077.888511  
6052.108705  
6026.617596  
6034.3478  
6088.154574  
6059.182569  
6015.436182  
6022.999349  
5977.62439  
5999.498841  
6012.249039  
6015.997642  
5974.512126  
5999.447155  
6052.293157  
5994.99088  
5996.84891  
5980.108739  
6050.209573  
6096.95476  
5982.136287  
6017.968734  
6050.702631  
5995.117468  
6054.542461  
6139.718494  
6068.634671  
6118.038127  
5899.120332  
5933.469262  
5805.452925  
5934.650309  
5895.632074  
5856.682532  
5876.22737  
5891.874632  
5926.031855  
5915.102865  
5924.931674  
5994.764718  
5993.71733  
5997.554178  
6002.97254  
6025.996443  
5891.545881  
5976.314333  
6035.071874  
6088.999578  
6068.768332  
6091.486592  
5999.280669  
5988.96303  
6105.21122  
6132.967113  
6141.075374  
6103.059287  
6034.538454  
6006.910894  
5929.810657  
5995.773343  
5996.543488  
5918.902315  
5960.154617  
5939.29262  
5999.044546  
5987.195035  
6007.026505  
6057.83002  
6014.79064  
6023.302136  
6020.319377  
5975.679329  
6045.151398  
6035.082866  
6110.023003  
6159.487431  
6124.086236  
6025.710765  
6010.257745  
6036.408715  
6065.957161  
6060.980147  
6116.207547  
6123.982249  
6056.168752  
6048.199934  
6064.344116  
6055.024885  
6059.785532  
6004.945588  
5975.882842  
6031.587949  
6037.632811  
6110.90719  
5982.171662  
5988.498545  
6009.834705  
6062.066784  
6018.952906  
5990.987948  
5980.079966  
5999.70161  
6051.63176  
6036.094599  
6071.294488  
6025.675601  
5981.63512  
6006.798404  
6006.704923  
5973.176405  
5917.23032  
6056.163154  
6077.853719  
6016.148503  
5985.758157  
5951.716386  
5997.339303  
6064.720901  
6018.846978  
5970.827381  
6002.187895  
6028.003788  
6007.123095  
5963.017906  
6062.296974  
6027.532099  
6006.651505  
6010.84232  
6041.69775  
6029.299593  
5971.261601  
6099.815511  
6047.723462  
6031.666056  
6006.026712  
5980.918635  
6015.478911  
6038.173324  
5954.842182  
5928.917252  
6051.138286  
5993.013352  
6012.618013  
6036.776927  
6014.01328  
5990.729312  
5981.739955  
5942.016819  
5873.614465  
5936.84438  
5961.154148  
5929.449668  
5935.0312  
5962.107463  
5971.172731  
6033.633279  
6039.792252  
6031.838524  
6047.410457  
5997.491523  
6033.165095  
6059.282434  
6108.48291  
6078.004689  
6059.065511  
6078.32213  
6094.088106  
6129.342339  
6033.460841  
6072.842233  
5992.487642  
6038.851384  
6081.761701  
6068.917628  
6073.965869  
6016.571506  
6000.251463  
6019.659618  
6089.891623  
6061.639524  
6081.955134  
6045.4877  
6042.745538  
6013.042573  
6008.275623  
5996.143018  
6057.169158  
6064.183772  
6013.748531  
5913.67366  
6029.246528  
6089.830404  
6020.32965  
6020.977578  
5978.407554  
6041.782744  
6010.832597  
5984.847497  
5969.478868  
5951.142679  
5993.594025  
6059.395196  
6082.096401  
6135.236272  
5925.390642  
6024.057844  
5978.264974  
5990.04735  
6039.983272  
6020.755538  
6046.85543  
6029.831024  
5996.635523  
5987.883694  
6056.203569  
5981.645942  
5953.090072  
5920.412979  
6046.44608  
6045.6007  
6038.712939  
5939.939027  
6025.821574  
6082.03515  
6054.087918  
6052.878877  
6023.761019  
6047.991905  
5948.852679  
5975.993521  
5932.744146  
6067.325734  
6031.065527  
6034.504236  
6003.656948  
5992.898031  
5916.018115  
5934.114789  
6030.255203  
6093.250515  
6169.392725  
6101.53279  
6012.761843  
6004.674679  
5993.722683  
6005.510213  
6012.995972  
6031.854258  
6034.850877  
6006.963205  
6001.439862  
6023.666271  
6002.430098  
6001.091652  
6023.715745  
6048.754809  
6073.582055  
6037.340871  
6080.563606  
5990.804782  
6044.347121  
6023.908378  
6009.12791  
5983.571905  
6011.87489  
6034.238491  
6041.03138  
6078.274536  
6050.962178  
6009.221561  
6054.658434  
6011.114725  
5989.517605  
6040.292678  
6053.027528  
5983.685289  
6014.80953  
5979.858499  
6009.079607  
6050.022554  
5948.620216  
5996.942648  
5982.78548  
5983.794552  
6021.219463  
6003.362807  
5965.072277  
5997.446103  
5983.017776  
5941.944258  
5953.357499  
5973.83146  
6050.305275  
6028.327331  
6017.28561  
5986.462422  
6046.974013  
6050.674756  
6062.607472  
6089.346899  
6061.127841  
6097.529834  
6045.629879  
6040.101456  
6064.387455  
6007.919102  
6033.331425  
6098.926938  
6014.902495  
6056.902165  
5986.23752  
5982.969153  
5987.274445  
5975.315716  
6072.52399  
6013.581694  
5970.335062  
6089.693768  
6076.826881  
6013.179469  
5985.974702  
5976.320909  
5933.249335  
5837.910331  
5914.746239  
5798.949039  
5866.989579  
5868.377203  
5904.795745  
5949.459754  
6010.960751  
5960.065809  
5929.464034  
5987.478008  
5965.053599  
6089.078352  
6148.687023  
6099.432607  
5998.018464  
6049.639398  
6092.238134  
6112.688116  
6107.871291  
6017.142807  
6055.299328  
6067.153495  
6060.790876  
6158.743052  
6127.816139  
6143.137831  
6026.989376  
5963.767206  
5972.271618  
6016.250409  
6028.062512  
6035.053157  
5933.068625  
5884.273711  
6069.751382  
6115.111811  
6014.182204  
6018.535933  
6009.868889  
5939.038832  
5981.124636  
6007.523835  
6054.964741  
6009.441815  
5968.24695  
6004.659757  
6042.182263  
5993.23812  
6009.001339  
5999.833138  
