10839.31083  
10798.33988  
10761.70776  
10782.93035  
10801.48822  
10777.91043  
10739.93496  
10786.00806  
10828.813  
10849.50959  
10824.98793  
10884.29447  
10936.24003  
10912.57178  
10824.91678  
10815.64111  
10894.9557  
10914.91204  
10851.53611  
10785.87936  
10816.93393  
10851.86523  
10881.83971  
10893.47448  
10911.95393  
10879.08369  
10847.56788  
10835.62001  
10870.26723  
10871.38865  
10898.80833  
10821.84418  
10825.82359  
10792.43134  
10769.7809  
10782.28381  
10784.98976  
10807.69324  
10866.88985  
10804.17453  
10825.97337  
10798.10277  
10781.14327  
10795.75823  
10795.23929  
10824.82914  
10856.95087  
10795.71162  
10794.95824  
10757.65413  
10815.98032  
10839.39476  
10858.09246  
10846.59813  
10803.99783  
10792.35445  
10816.20259  
10797.3801  
10836.49203  
10864.69173  
10844.52728  
10801.11001  
10779.85711  
10807.41792  
10860.53132  
10885.7586  
10858.09543  
10888.13246  
10899.5384  
10925.33496  
10914.08271  
10905.17829  
10902.98511  
10880.38988  
10851.7944  
10849.1702  
10819.35855  
10782.75979  
10778.49023  
10813.77795  
10820.72583  
10798.84271  
10861.38347  
10899.74604  
10809.07897  
10734.55212  
10797.57557  
10857.32994  
10838.629  
10780.81985  
10786.8021  
10789.08778  
10792.06929  
10847.77527  
10852.19006  
10848.61446  
10787.43919  
10768.04528  
10796.5352  
10843.07627  
10825.59324  
10847.36668  
10819.26749  
10825.47448  
10832.0964  
10837.83061  
10812.35814  
10862.99872  
10913.34757  
10908.82376  
10866.86591  
10829.28163  
10845.6264  
10846.53494  
10837.80828  
10867.66042  
10820.71628  
10792.81814  
10804.03748  
10850.93338  
10843.76521  
10783.58617  
10770.44254  
10779.96255  
10767.27361  
10780.46557  
10858.63986  
10809.21828  
10796.84276  
10827.13198  
10884.0018  
10897.95796  
10904.34368  
10853.49251  
10822.22786  
10853.54482  
10844.30954  
10874.39899  
10819.03312  
10823.06517  
10833.32835  
10874.15392  
10882.32865  
10915.85182  
10837.94749  
10794.45197  
10823.15699  
10816.81234  
10850.69806  
10845.55263  
10867.39237  
10848.58494  
10777.70356  
10792.84775  
10745.31616  
10788.35045  
10769.32802  
10827.52162  
10788.77074  
10856.13039  
10865.11872  
10845.36312  
10814.16465  
10816.08509  
10832.65021  
10827.24786  
10835.62992  
10792.78552  
10750.01801  
10824.65266  
10896.2938  
10934.55016  
10958.53594  
10908.77786  
10843.96522  
10844.94247  
10876.94609  
10891.39781  
10876.71664  
10873.33721  
10842.49035  
10851.40609  
10859.71974  
10801.46725  
10804.13016  
10780.4811  
10815.84932  
10811.36615  
10774.13985  
10797.73671  
10750.56915  
10773.38795  
10797.34427  
10760.53769  
10773.68271  
10831.51771  
10781.88842  
10778.77956  
10846.41406  
10936.31364  
10882.56775  
10827.48888  
10832.04688  
10763.63601  
10813.32537  
10860.53263  
10791.82842  
10765.30957  
10739.01874  
10781.69757  
10809.31022  
10831.5421  
10855.64579  
10870.44244  
10843.0954  
10811.3985  
10782.54758  
10846.69778  
10927.94908  
10901.00078  
10900.87483  
10894.48911  
10834.95119  
10842.5115  
10819.63722  
10834.44041  
10844.42026  
10793.35306  
10809.67548  
10787.124  
10847.33999  
10859.36475  
10816.48426  
10834.62781  
10779.56831  
10829.00532  
10854.02548  
10867.9442  
10882.47858  
10840.94864  
10854.67924  
10841.2349  
10843.07093  
10869.09376  
10830.29073  
10810.39798  
10807.72066  
10816.39069  
10809.78227  
10816.29904  
10817.99559  
10847.58007  
10866.1994  
10838.26578  
10847.02899  
10829.35354  
10795.08981  
10822.4797  
10806.71647  
10823.91888  
10775.40215  
10832.85844  
10808.27143  
10804.52377  
10759.60971  
10757.2779  
10776.40549  
10795.36683  
10840.62997  
10813.7034  
10824.64719  
10847.61855  
10864.11875  
10854.95973  
10893.89782  
10862.03596  
10917.6677  
11021.39668  
10945.85271  
10846.05281  
10777.57166  
10794.66146  
10805.23773  
10784.69399  
10802.83695  
10738.14757  
10753.45925  
10795.38538  
10811.74689  
10876.40429  
10934.78519  
10879.68377  
10835.52974  
10811.46124  
10816.38971  
10833.55144  
10839.08292  
10821.73653  
10823.32064  
10825.52649  
10859.30535  
10844.30671  
10844.08337  
10846.3613  
10828.92523  
10828.27465  
10856.92939  
10896.33422  
10862.42224  
10867.13895  
10839.79232  
10841.90371  
10860.02727  
10835.78228  
10829.14182  
10832.81669  
10847.983  
10828.32458  
10843.91741  
10814.2045  
10821.97627  
10822.95209  
10850.62611  
10849.13372  
10866.7675  
10833.72551  
10815.52139  
10869.87113  
10881.76285  
10847.32345  
10851.90166  
10842.67001  
10833.2893  
10833.88223  
10781.68821  
10746.81509  
10791.20101  
10816.55161  
10815.39553  
10812.6398  
10854.26726  
10832.57501  
10815.6434  
10817.26219  
10815.23843  
10813.2194  
10806.75412  
10780.7726  
10818.95843  
10874.66137  
10872.35673  
10859.45946  
10803.55717  
10773.28187  
10769.09532  
10823.49282  
10853.50278  
10848.41058  
10788.66  
10807.04514  
10876.37756  
10891.54337  
10901.76735  
10846.76497  
10809.99506  
10786.06704  
10785.30154  
10776.57164  
10788.25095  
10831.5388  
10804.94172  
10794.62807  
10751.3364  
10763.72647  
10783.02152  
10814.48501  
10785.96144  
10773.0084  
10758.88525  
10793.81411  
10826.93685  
10803.88041  
10810.44257  
10822.72497  
10839.36079  
10751.29914  
10746.29031  
10802.06057  
10868.06928  
10903.99803  
10833.07255  
10832.18186  
10860.15188  
10903.94302  
10944.11623  
10871.08562  
10836.6733  
10880.42583  
10895.0189  
10924.89731  
10903.17194  
10872.39107  
10838.28011  
10865.34336  
10902.84212  
10970.66475  
10927.96567  
10829.92119  
10792.48059  
10817.60004  
10854.86151  
10874.07063  
10870.4948  
10897.98967  
10862.68118  
10820.13522  
10818.63015  
10858.21971  
10903.86275  
10908.24643  
10878.18979  
10877.11488  
10893.74282  
10925.59289  
10844.99023  
10796.94131  
10768.34238  
10807.53088  
10858.77297  
10844.02828  
10835.99999  
10802.36826  
10829.0529  
10855.27753  
10816.35672  
10755.11597  
10735.23685  
10740.85299  
10787.24485  
10872.91583  
10853.15701  
10861.72909  
10865.41532  
10797.3062  
10750.11952  
10747.37612  
10768.73266  
10808.7206  
10850.27824  
10845.25966  
10822.29752  
10817.04995  
10786.6158  
10880.49638  
10894.28339  
10862.96729  
10761.74272  
10785.92204  
10779.36653  
10808.74054  
10834.86343  
10849.08595  
10860.74199  
10888.5794  
10906.71789  
10821.55706  
10759.47063  
10817.80377  
10814.87838  
10870.09131  
10892.91305  
10912.82667  
10846.29104  
10807.58022  
10772.75779  
10792.72364  
10754.53744  
10712.9599  
10741.71015  
10787.59318  
10812.25889  
10805.08323  
10787.25061  
10850.20661  
10821.22362  
10796.10618  
10799.48422  
10840.08402  
10830.85175  
10780.08548  
10734.31835  
10742.30862  
10759.34535  
10823.47395  
10837.69436  
10817.04185  
10763.29241  
10829.41923  
10870.68425  
10876.11949  
10839.29707  
10823.9771  
10872.47596  
10926.24004  
10941.99923  
10911.84881  
10904.26095  
10911.6776  
10929.88359  
10887.51993  
10801.83644  
10841.4845  
10835.2237  
10840.9337  
10884.9179  
10862.16027  
10837.18524  
10859.35863  
10827.30863  
10861.24447  
10865.84343  
10807.23112  
10789.79822  
10750.57412  
10808.78517  
10803.55687  
10793.42655  
10764.52684  
10741.59757  
10789.30925  
10865.30164  
10920.43185  
10856.07804  
10796.6243  
10795.50629  
10850.7997  
10887.66391  
10922.55367  
10919.61425  
10896.14034  
10882.35856  
10837.4346  
10801.39633  
10804.94981  
10911.34892  
10870.82275  
10820.6491  
10829.40085  
10864.65226  
10874.44958  
10848.32858  
10851.40063  
10814.84524  
10804.56914  
10806.29182  
10788.11996  
10786.2974  
10813.02176  
10848.73328  
10872.1181  
10831.91475  
10826.51946  
10788.98524  
10747.12846  
10750.77933  
10765.74279  
10775.86359  
10836.76652  
10846.61211  
10895.84576  
10854.81595  
10854.14398  
10817.58822  
10819.10108  
10863.36732  
10874.24631  
10825.91672  
10848.38579  
10850.72217  
10852.1768  
10907.18366  
10843.10297  
10783.97877  
10817.73341  
10877.24783  
10908.34564  
10873.2188  
10855.40758  
10849.10466  
10841.24903  
10813.58638  
10795.23296  
10791.68919  
10777.82438  
10762.73572  
10785.88052  
10800.82481  
10826.06007  
10836.32656  
10766.02606  
10786.84101  
10803.63181  
10829.93171  
10771.54606  
10813.02613  
10830.18914  
10880.00571  
10867.21597  
10882.11724  
10827.94017  
10814.55333  
10792.71951  
10843.7252  
10882.34777  
10854.52783  
10842.40447  
10811.53628  
10904.73121  
10948.15592  
10927.48168  
10824.91276  
10735.61147  
10731.51252  
10750.02301  
10797.32569  
10855.86964  
10829.95779  
10837.27665  
10830.56772  
10829.29721  
10839.98913  
10787.86873  
10767.54575  
10810.86082  
10818.77636  
10871.06608  
10868.09263  
10879.99471  
10875.06815  
10844.1226  
10833.24857  
10859.32251  
10894.4511  
10870.66246  
10859.6137  
10824.50675  
10838.92674  
10815.87789  
10814.98477  
10822.14728  
10825.48636  
10908.53838  
10897.74598  
10883.95769  
10842.30345  
10840.05013  
10854.34967  
10857.50391  
10841.35535  
10835.7426  
10832.74512  
10855.42099  
10870.05688  
10907.72591  
10883.7416  
10855.96227  
10846.99042  
10766.44259  
10790.66033  
10812.17025  
10830.4696  
10828.9625  
10829.91432  
10815.00683  
10807.38941  
10826.78733  
10867.80244  
10850.77197  
10856.7377  
10831.40345  
10802.96441  
10807.94969  
10830.03693  
10838.67392  
10810.68843  
10827.75003  
10874.03958  
10854.33059  
10839.76148  
10822.62088  
10825.2385  
10823.30075  
10792.24536  
10770.52543  
10788.77133  
10768.04152  
10800.57479  
10828.4387  
10837.16734  
10795.82414  
10759.12527  
10791.22536  
10850.60007  
10894.27014  
10880.36256  
10775.90623  
10733.89373  
10781.80697  
10794.79475  
10861.36567  
10888.14624  
10876.55326  
10886.39437  
10810.61493  
10818.45359  
10813.64005  
10819.33314  
10831.96001  
10864.18958  
10895.03812  
10905.37773  
10894.35195  
10864.46808  
10862.02677  
10869.97985  
10853.32515  
10831.16036  
10815.72333  
10786.94814  
10777.55977  
10794.84142  
10807.05598  
10828.82074  
10849.86954  
10791.42874  
10763.08427  
10758.49305  
10815.16279  
10787.71853  
10793.84099  
10809.32469  
10855.48521  
10917.9478  
10922.36859  
10922.51975  
10887.0368  
10857.92453  
10789.52815  
10785.84296  
10793.32389  
10824.66312  
10837.36796  
10849.27552  
10826.84403  
10833.82437  
10833.49867  
10858.28238  
10844.14415  
10807.57747  
10790.93104  
10789.78092  
10856.09271  
10845.84046  
10814.58917  
10809.52655  
10817.91937  
10853.39703  
10830.40589  
10889.42522  
10872.84271  
10866.35995  
10833.59221  
10785.57213  
10839.26514  
10867.59166  
10881.55007  
10862.21831  
10857.9041  
10884.12501  
10819.54232  
10800.85558  
10806.20072  
10839.60985  
10835.76483  
10794.62627  
10834.73627  
10859.83252  
10829.04059  
10811.17771  
10805.75843  
10795.52592  
10756.43078  
10786.53202  
10808.94054  
10801.38913  
10804.30355  
10878.99824  
10846.34871  
10861.52755  
10827.07692  
10812.47383  
10810.67993  
10817.54255  
10816.83685  
10819.4266  
10821.77579  
10821.44848  
10814.79142  
10834.32437  
10822.51714  
10830.34766  
10777.07559  
10774.57366  
10786.61861  
10805.79991  
10829.41157  
10818.71779  
10768.90353  
10796.19635  
10840.0539  
10865.83799  
10887.75366  
10853.62777  
10859.90921  
10819.64683  
10800.06743  
10776.19773  
10779.2257  
10838.90163  
10843.91855  
10824.4363  
10827.28964  
10875.33342  
10922.61687  
10925.16064  
10886.59917  
10831.5237  
10812.53746  
10824.85376  
10829.74788  
10793.98961  
10795.51209  
10847.73382  
10871.86289  
10837.41539  
10825.42437  
10791.12163  
10852.98254  
10879.0346  
10854.46579  
10835.7146  
10832.50476  
10800.00363  
10803.13082  
10844.76766  
10824.82558  
10808.18208  
10784.86058  
10820.60721  
10801.95396  
10799.72237  
10789.93668  
10826.66287  
10847.25152  
10867.52542  
10856.25696  
10864.60283  
10834.2065  
10850.30739  
10915.92996  
10919.08707  
10838.65697  
10802.73234  
10805.37623  
10852.40407  
10893.56378  
10906.4892  
10861.04517  
10810.92048  
10803.31673  
10797.29068  
10830.18043  
10865.95336  
10818.65884  
10813.22053  
10824.72885  
10823.9702  
10805.32494  
10820.85702  
10818.78967  
10828.78561  
10837.59446  
10840.11329  
10866.73399  
10826.44882  
10786.58718  
10776.86722  
10825.10141  
10840.15677  
10824.20002  
10789.79077  
10841.57138  
10829.63635  
10847.9467  
10816.00328  
10800.20086  
10832.29693  
10825.02064  
10828.19146  
10840.62359  
10820.51368  
10794.79727  
10829.52001  
10859.87354  
10848.70796  
10852.83157  
10819.67988  
10853.19538  
10854.11685  
10901.98165  
10889.00756  
10893.37299  
10847.7299  
10844.0161  
10825.58644  
10825.77038  
10819.55392  
10808.06274  
10801.94116  
10833.79348  
10796.50083  
10913.05681  
10942.46073  
10915.18296  
10824.75137  
10806.99939  
10816.72662  
10787.92508  
10801.15975  
10794.14779  
10875.86863  
10896.2811  
10884.82391  
10806.88252  
10792.08095  
10783.92533  
10796.43235  
10789.91368  
10806.05808  
10834.97382  
10852.17077  
10882.26387  
10864.36269  
10889.6963  
10862.38444  
10854.59278  
10837.81565  
10831.15461  
10825.27324  
10866.81004  
10904.85436  
10853.44899  
10876.73602  
10862.59867  
10876.70386  
10843.62125  
10807.12072  
10843.04223  
10853.03772  
10892.85832  
10896.68596  
10879.59068  
10892.95152  
10829.79074  
10774.29531  
10738.8201  
10711.569  
10792.45994  
10820.74426  
10845.10787  
10809.59811  
10801.40715  
10835.44305  
10831.11407  
10810.41345  
10831.30677  
10827.54525  
10802.88154  
10820.52903  
10820.01664  
10801.48868  
10852.4641  
10882.90898  
10858.45134  
10831.89723  
10839.25194  
10745.98658  
10751.26939  
10792.67605  
10840.04181  
10814.93755  
10794.11829  
10801.65119  
10802.59706  
10800.07494  
10834.54107  
10882.43254  
10887.09039  
10890.26651  
10863.24248  
10857.10787  
10876.12234  
10878.60577  
10861.24425  
10853.01158  
10828.76328  
10818.27021  
10810.37419  
10792.99322  
10770.46423  
10775.69226  
10786.94546  
10822.67357  
10759.64925  
10741.38916  
10771.31598  
10787.19422  
10798.21882  
10760.82269  
10748.24564  
10750.11104  
10786.58944  
10803.06834  
10790.05031  
10880.50964  
10959.6425  
10939.6008  
10852.34737  
10816.45642  
10811.78325  
10852.3902  
10876.43558  
10884.337  
10802.28509  
10836.35782  
10839.6229  
10839.29852  
10840.49015  
10860.36968  
10854.92722  
10819.5102  
10802.83684  
10823.23507  
10815.02998  
10817.00476  
10839.51212  
10879.8878  
10830.84564  
10817.54132  
10853.34847  
10906.18363  
10901.17278  
10848.17043  
10835.81043  
10834.63515  
10851.75787  
10914.86498  
10878.75364  
10855.30561  
10841.53018  
10793.11938  
10779.19906  
10816.19203  
10807.33877  
10828.94098  
10875.67088  
10813.77159  
10762.97339  
10753.08075  
10751.77507  
10803.41148  
10813.5521  
10861.55363  
10876.83618  
10839.88464  
10835.77548  
10832.01202  
10839.46487  
10817.97291  
10829.1002  
10884.52336  
10889.58971  
10890.0786  
10875.94117  
10898.2507  
10905.93024  
10902.14841  
10856.47371  
10875.27909  
10861.62168  
10831.17416  
10796.38775  
10807.85119  
10837.79762  
10854.50574  
10912.96602  
10870.39628  
10854.35803  
10778.41518  
10755.73661  
10774.39717  
10811.89057  
10780.45044  
10784.10192  
10793.65464  
10804.93103  
10805.18853  
10834.80024  
10826.21201  
10814.1846  
10828.5444  
10812.18371  
10833.77679  
10878.4219  
10850.57505  
10798.34962  
10828.4612  
10815.11353  
10852.40711  
10844.44782  
10828.61955  
10803.02477  
10806.59155  
10818.59148  
11041.2545  
10591.99659  
10968.1191  
10946.66718  
10921.38348  
10897.71817  
10869.50888  
10905.56658  
10867.86296  
10888.60623  
10862.62847  
10876.79494  
10847.65809  
10885.50592  
10841.41622  
10906.92088  
10908.22526  
10918.70037  
10898.79391  
10826.73308  
10795.76897  
10804.81788  
10770.16335  
10786.59925  
10787.81643  
10828.77165  
10848.02245  
10752.83868  
10764.97693  
10741.04471  
10726.31134  
10723.41977  
10758.86785  
10787.86109  
10808.23443  
10766.23931  
10780.48336  
10770.67222  
10777.81927  
10812.47872  
10774.61132  
10803.3195  
10806.32936  
10823.36145  
10873.4863  
10847.01331  
10862.98098  
10850.61699  
10847.78623  
10875.75322  
10807.21342  
10815.50188  
10819.71554  
10804.71295  
10803.57739  
10857.64008  
10862.70497  
10841.55765  
10789.87862  
10837.38483  
10864.26685  
10853.5781  
10833.24518  
10813.31679  
10871.03451  
10872.80391  
10887.27229  
10920.32119  
10900.12785  
10876.13479  
10851.72746  
10826.001  
10791.22318  
10820.58007  
10823.72956  
10844.72979  
10840.66477  
10824.56837  
10809.81387  
10796.52591  
10783.53355  
10812.82001  
10863.13662  
10889.70126  
10909.13677  
10846.0758  
10862.55376  
10824.65592  
10791.22736  
10764.68349  
10759.68976  
10834.26491  
10854.74208  
10804.20256  
10782.78732  
10773.53476  
10801.89361  
10777.83841  
10752.51284  
10806.05392  
10860.77809  
10883.70299  
10859.74604  
10846.82802  
10829.0609  
10835.88471  
10858.61432  
10817.52122  
10822.26802  
10817.13486  
10862.14064  
10857.92569  
10870.76708  
10888.99864  
10868.55636  
10818.82152  
10781.35072  
10758.12077  
10764.41815  
10781.6976  
10803.47388  
10847.38846  
10818.38992  
10818.24518  
10788.6541  
10781.35345  
10777.14925  
10757.86217  
10796.5933  
10747.48874  
10770.9236  
10789.32853  
10778.80251  
10776.15881  
10844.50323  
10891.44301  
10874.10689  
10896.82466  
10873.59383  
10895.90213  
10899.84066  
10866.25647  
10838.11131  
10824.48095  
10820.9989  
10829.33335  
10896.46261  
10840.31683  
10832.18306  
10809.49723  
10836.09355  
10870.80525  
10867.60034  
10865.00436  
10790.61587  
10810.72636  
10845.4836  
10817.46417  
10835.50411  
10857.88253  
10894.18724  
10911.81104  
10891.1367  
10928.97756  
10931.61877  
10931.78438  
10916.7552  
10889.56018  
10885.63636  
10922.64775  
10897.27475  
10886.64144  
10824.26377  
10860.14187  
10886.34812  
10801.68465  
10761.18282  
10730.76529  
10735.77564  
10755.16447  
10772.18536  
10753.96773  
10784.79555  
10771.51554  
10760.70167  
10772.64361  
10763.87262  
10714.95647  
10734.3521  
10714.76723  
10758.02816  
10765.2667  
10805.03254  
10869.51118  
10838.09732  
10807.65858  
10818.29515  
10879.59577  
10851.56408  
10867.0653  
10818.44753  
10769.34153  
10762.98784  
10782.79528  
10839.28544  
10841.53738  
10899.60802  
10909.59908  
10911.24669  
10897.7328  
10898.64212  
10880.59409  
10868.05682  
10896.6334  
10897.1626  
10893.29489  
10892.41545  
10870.51992  
10777.86865  
10789.95318  
10848.84547  
10836.99568  
10846.5576  
10856.27427  
10855.6927  
10834.48715  
10820.44799  
10774.52634  
10805.13261  
10806.29259  
10807.26159  
10818.13804  
10851.78672  
10840.52964  
10859.96329  
10817.35387  
10795.06228  
10792.56919  
10834.06292  
10873.1866  
10860.75872  
10893.31844  
10888.06877  
10895.603  
10866.02484  
10845.65141  
10832.43171  
10819.0525  
10824.77237  
10788.58671  
10808.62109  
10784.0876  
10789.08596  
10855.01063  
10885.90283  
10914.62246  
10874.88664  
10881.52259  
10884.71635  
10878.56182  
10854.13402  
10821.5084  
10811.06086  
10795.00787  
10804.50042  
10800.58761  
10790.42623  
10759.58319  
10774.48904  
10772.0974  
10808.21241  
10834.2962  
10843.16669  
10848.85209  
10815.53836  
10793.81357  
10801.11742  
10760.67822  
10724.3078  
10815.33596  
10826.88579  
10843.89511  
10860.69224  
10818.82585  
10823.02305  
10841.57419  
10858.48707  
10865.72651  
10867.68596  
10881.42539  
10855.91714  
10844.66295  
10857.86995  
10842.25937  
10858.66242  
10841.31381  
10904.15137  
10916.82196  
10884.64826  
10872.29747  
10843.66127  
10847.58673  
10862.18783  
10889.49395  
10895.83023  
10877.53996  
10857.33287  
10816.87802  
10828.82836  
10828.4826  
10854.46679  
10796.53093  
10807.2858  
10811.00872  
10803.98434  
10826.93438  
10833.68154  
10843.8173  
10833.55898  
10815.26885  
10801.45292  
10797.50806  
10829.17918  
10814.70343  
10791.09532  
10798.98806  
10805.94382  
10876.26339  
10866.12208  
10822.85527  
10811.90916  
10848.82379  
10835.96617  
10812.32106  
10761.52246  
10749.29149  
10810.07384  
10819.8801  
10829.64649  
10812.97678  
10793.48559  
10791.92861  
10796.24772  
10810.07613  
10781.36169  
10775.75411  
10755.2922  
10791.0664  
10775.37423  
10782.62978  
10762.80086  
10828.82912  
10828.43764  
10774.62162  
10730.89409  
10751.99262  
10799.11171  
10904.17308  
10930.68056  
10693.99556  
10900.24618  
10986.10427  
10928.15361  
10854.14621  
10812.87337  
10800.6689  
10839.86263  
10828.84597  
10859.63159  
10887.75578  
10863.68426  
10862.24176  
10892.89377  
10910.10308  
10889.1827  
10858.32427  
10825.37185  
10837.8844  
10873.45812  
10883.01654  
10808.33659  
10802.41271  
10845.81424  
10857.54266  
10864.95533  
10855.28911  
10856.39159  
10830.36773  
10799.52082  
10766.02589  
10745.21613  
10746.66552  
10722.32286  
10785.00339  
10773.82008  
10820.38476  
10866.35206  
10844.2736  
10886.98009  
10875.51122  
10844.16245  
10904.9347  
10877.91534  
10854.45064  
10898.5669  
10894.29461  
10854.19162  
10860.36067  
10885.09427  
10851.40083  
10921.40652  
10918.23493  
10843.19297  
10829.17459  
10853.98288  
10896.7071  
10891.19199  
10836.72545  
10812.57093  
10771.66443  
10800.18841  
10776.28628  
10778.20357  
10779.84275  
10786.32189  
10732.21889  
10708.06897  
10742.11885  
10817.88895  
10827.21318  
10856.41236  
10841.31612  
10820.93892  
10774.63006  
10759.91122  
10804.04032  
10851.14807  
10897.77044  
10877.87766  
10876.51035  
10880.68155  
10871.07782  
10872.64254  
10875.21347  
10826.25121  
10812.56732  
10830.91552  
10823.45472  
10803.53836  
10833.79265  
10838.73287  
10810.76148  
10833.41673  
10848.9979  
10885.85202  
10901.84914  
10861.30997  
10873.50275  
10833.79359  
10813.55211  
10811.38441  
10894.13877  
10841.96316  
10798.18448  
10774.62434  
10745.63002  
10713.20616  
10735.14114  
10740.74164  
10752.02305  
10784.25374  
10838.53844  
10830.9708  
10829.02215  
10822.39963  
10840.05217  
10829.23007  
10811.7482  
10803.56811  
10841.38005  
10875.83664  
10879.48541  
10898.05953  
10854.7347  
10823.94929  
10846.50873  
10856.39568  
10814.08582  
10819.7762  
10826.17691  
10827.93649  
10842.87412  
10814.50704  
10837.36957  
10859.5163  
10868.27112  
10868.95464  
10883.06674  
10883.74962  
10860.12183  
10839.6753  
10845.07493  
10931.46239  
10953.18662  
10955.3972  
10917.42116  
10915.33452  
10859.19666  
10841.84141  
10836.67381  
10803.57535  
10829.77564  
10832.76037  
10878.02458  
10873.16449  
10859.82326  
10832.28576  
10820.76485  
10791.27392  
10806.55693  
10804.58357  
10824.48338  
10856.57484  
10782.82917  
10736.71513  
10774.42758  
10782.4597  
10738.80933  
10781.10571  
10790.79751  
10866.75107  
10874.85606  
10839.96161  
10803.20528  
10828.46765  
10858.95813  
10861.30695  
10825.66658  
10788.45139  
10788.78429  
10778.77769  
10790.04565  
10787.82249  
10796.4948  
10802.20662  
10841.35652  
10910.7585  
10886.99972  
10884.17889  
10879.89968  
10914.53829  
10943.28644  
10918.06605  
10902.30264  
10929.57443  
10910.62576  
10901.36441  
10863.63503  
10903.99525  
10872.86201  
10797.29498  
10744.59604  
10729.05921  
10754.20593  
10744.79145  
10805.2869  
10791.31656  
10873.25029  
10829.19988  
10838.44859  
10779.95509  
10662.56431  
10651.77687  
10663.32899  
10638.36961  
10664.04857  
10674.5402  
10709.09212  
10743.35163  
10760.33097  
10824.87917  
10855.76558  
10843.10601  
10887.26137  
10907.55382  
10891.9739  
10901.55589  
10914.1547  
10914.92432  
10932.91093  
10897.96924  
10864.24033  
10826.12724  
10831.83058  
10872.65041  
10879.39403  
10910.83378  
10873.20376  
10843.23441  
10795.98619  
10811.15074  
10873.36659  
10919.7717  
10917.29734  
10905.059  
10955.55085  
10969.68383  
10981.64932  
10832.70086  
10886.22462  
10830.1156  
10800.82002  
10721.11604  
10683.13042  
10746.8283  
10744.33743  
10748.05981  
10826.1542  
10852.36374  
10847.42804  
10829.18609  
10849.15168  
10804.94171  
10862.45261  
10834.10628  
10784.76858  
10726.56282  
10750.62054  
10794.18153  
10805.52706  
10798.57745  
10782.06085  
10818.47569  
10815.39911  
10838.55328  
10850.60177  
10839.29711  
10850.83452  
10839.6082  
10827.99288  
10848.2088  
10874.24426  
10879.48641  
10877.66207  
10882.28832  
10875.34938  
10875.70615  
10897.87393  
10829.73208  
10769.86836  
10771.41659  
