10538.46492  
10485.17764  
10460.08275  
10504.07001  
10523.7631  
10504.83314  
10537.32608  
10564.32897  
10599.90223  
10579.54048  
10541.62355  
10614.57118  
10604.53597  
10565.0818  
10502.33589  
10513.57039  
10579.12094  
10638.99059  
10563.91413  
10495.36258  
10522.65458  
10519.79012  
10575.24359  
10557.70692  
10571.84525  
10559.88325  
10568.32357  
10561.13829  
10598.70667  
10564.55355  
10546.35461  
10520.8368  
10535.02894  
10542.37205  
10509.92812  
10523.36412  
10511.9933  
10542.41859  
10585.6269  
10554.34509  
10564.8309  
10536.54464  
10503.31742  
10493.32373  
10517.62943  
10510.08742  
10554.69938  
10530.0583  
10516.42635  
10491.9853  
10556.88665  
10574.05612  
10543.61687  
10506.11299  
10460.38844  
10475.73831  
10515.99879  
10531.20109  
10557.27879  
10526.51366  
10551.1095  
10539.14998  
10529.0613  
10559.55347  
10585.56958  
10596.74012  
10581.81037  
10585.99802  
10588.22662  
10608.57793  
10600.55452  
10601.44001  
10599.49959  
10568.00247  
10556.87529  
10579.98792  
10548.15828  
10533.39686  
10516.13018  
10549.73785  
10548.48905  
10546.41062  
10556.35403  
10562.97759  
10525.39282  
10488.04168  
10555.09205  
10568.91311  
10576.28288  
10510.56726  
10504.77804  
10510.27891  
10518.2378  
10543.57727  
10518.54342  
10528.01107  
10478.85568  
10475.35878  
10534.36655  
10574.10237  
10554.61195  
10542.66251  
10500.98728  
10526.69641  
10539.40942  
10519.08538  
10535.16317  
10567.85002  
10631.08623  
10604.03647  
10546.73296  
10537.18731  
10560.23234  
10589.32548  
10553.54573  
10559.06394  
10508.59653  
10500.18813  
10517.97733  
10552.07826  
10546.26669  
10502.5288  
10507.08591  
10521.18391  
10535.30239  
10555.65642  
10589.98846  
10545.1317  
10547.61829  
10515.69254  
10559.928  
10576.8962  
10563.27313  
10534.9118  
10538.06453  
10542.02224  
10555.15465  
10581.41681  
10528.55269  
10536.04336  
10539.33023  
10590.78208  
10578.97507  
10548.20686  
10503.48261  
10489.04122  
10528.94895  
10537.52749  
10561.56571  
10569.80111  
10555.17317  
10514.49778  
10500.84335  
10508.00236  
10471.24963  
10512.88549  
10503.48058  
10527.55711  
10520.70859  
10556.09111  
10603.80634  
10555.75163  
10524.72821  
10497.30663  
10528.11565  
10528.16155  
10537.05446  
10524.46635  
10473.50122  
10555.30455  
10606.50462  
10629.73915  
10644.45538  
10604.39276  
10550.29374  
10548.4009  
10586.12882  
10617.74433  
10571.03641  
10591.21572  
10520.85672  
10546.76186  
10569.67288  
10529.73379  
10536.49451  
10539.91387  
10559.34078  
10526.26796  
10512.27171  
10535.67923  
10480.4725  
10480.59443  
10472.54125  
10471.13634  
10509.48173  
10549.17627  
10528.4526  
10534.38676  
10588.83137  
10637.53787  
10582.03048  
10534.43782  
10545.08178  
10529.90581  
10550.3153  
10555.59467  
10521.5593  
10515.4473  
10496.51226  
10505.47181  
10525.85298  
10525.79947  
10558.60264  
10552.77687  
10542.73363  
10513.6357  
10514.2274  
10572.99496  
10630.57923  
10663.82905  
10621.25299  
10582.81673  
10524.913  
10511.44538  
10501.7776  
10521.9569  
10565.95711  
10544.44514  
10558.40756  
10544.77255  
10560.76397  
10549.39491  
10513.12306  
10531.81436  
10509.15582  
10564.20954  
10590.48084  
10599.32301  
10586.13408  
10553.50503  
10558.73366  
10537.88055  
10572.41445  
10534.55894  
10496.04413  
10514.10583  
10524.25188  
10528.84632  
10533.77697  
10545.36297  
10547.13137  
10558.02222  
10607.89716  
10589.57812  
10565.68444  
10534.73734  
10492.57359  
10533.98097  
10523.9428  
10554.62429  
10530.52523  
10534.28971  
10533.33832  
10512.36246  
10502.37267  
10469.73467  
10503.34385  
10530.75868  
10517.86407  
10518.30554  
10517.9904  
10544.18263  
10563.33609  
10566.06531  
10596.59566  
10620.80943  
10642.91084  
10697.21253  
10590.31479  
10544.72444  
10506.14043  
10484.85311  
10502.44813  
10495.81243  
10521.58705  
10452.65574  
10496.4123  
10545.18925  
10552.43986  
10601.41905  
10598.43663  
10566.72094  
10514.49694  
10475.64386  
10495.47452  
10520.27758  
10534.97452  
10515.62234  
10528.02071  
10554.24643  
10547.17643  
10550.96374  
10557.43957  
10557.80769  
10527.77453  
10529.6887  
10565.0039  
10619.81354  
10595.07374  
10587.77694  
10564.30195  
10561.15864  
10524.32086  
10514.32455  
10516.95799  
10531.92181  
10555.84812  
10528.19519  
10573.71949  
10544.43903  
10558.07147  
10566.88861  
10558.10867  
10571.14709  
10581.00277  
10573.43636  
10556.85667  
10581.6067  
10579.18442  
10531.36931  
10513.97794  
10501.98666  
10509.26247  
10527.72556  
10488.40956  
10476.4087  
10523.08521  
10568.08557  
10571.92374  
10543.05568  
10546.11144  
10521.4822  
10539.15039  
10525.12816  
10493.40792  
10485.94342  
10524.0074  
10533.45267  
10549.18488  
10621.04737  
10582.74861  
10557.90489  
10530.79335  
10496.41601  
10487.30576  
10546.9337  
10574.99787  
10557.22959  
10509.25761  
10489.21934  
10549.42455  
10618.66938  
10622.50951  
10577.23952  
10553.99557  
10523.13442  
10530.81448  
10520.84235  
10510.95815  
10522.1625  
10480.98649  
10462.37629  
10449.86607  
10480.74099  
10519.73465  
10577.57988  
10536.10504  
10501.17401  
10500.99139  
10543.56628  
10598.78052  
10547.55601  
10545.00623  
10528.1778  
10531.57457  
10441.79119  
10443.40087  
10509.26252  
10575.88907  
10631.35359  
10530.60249  
10533.69029  
10462.87145  
10607.75867  
10586.33785  
10553.73523  
10535.02815  
10579.78131  
10634.89214  
10644.59025  
10698.57916  
10621.79944  
10562.51166  
10594.01086  
10629.93651  
10626.57096  
10599.21184  
10531.664  
10537.43324  
10579.17447  
10617.72995  
10594.46641  
10594.23593  
10575.81439  
10540.34863  
10514.32762  
10529.56148  
10556.25142  
10600.13676  
10628.87335  
10590.33731  
10565.29051  
10556.49507  
10585.1113  
10504.73837  
10453.59964  
10476.92631  
10519.52573  
10551.58962  
10544.78344  
10526.51376  
10535.86387  
10516.80653  
10556.77434  
10515.16163  
10474.47989  
10474.32041  
10492.44168  
10537.0083  
10592.00717  
10617.3958  
10668.74329  
10597.098  
10514.1753  
10455.97615  
10447  
10487.86129  
10545.02327  
10575.67261  
10573.56702  
10558.20164  
10527.71009  
10521.7302  
10583.99128  
10589.64407  
10562.03851  
10485.04333  
10489.29169  
10478.04625  
10499.81428  
10521.54594  
10556.08111  
10597.48899  
10618.7115  
10605.63941  
10532.75326  
10495.83832  
10521.80403  
10547.77601  
10579.3101  
10595.41201  
10587.37004  
10540.72252  
10523.54615  
10501.73899  
10513.48369  
10481.22361  
10477.5328  
10477.63229  
10513.47083  
10551.75778  
10562.58522  
10557.0868  
10581.23643  
10545.34602  
10495.41291  
10501.82456  
10547.32144  
10566.91208  
10519.37524  
10494.88943  
10492.0559  
10498.22207  
10526.32836  
10519.18833  
10533.98025  
10503.54003  
10555.3043  
10624.32948  
10611.43194  
10581.53073  
10529.13672  
10537.34533  
10590.71479  
10636.45563  
10642.46907  
10642.06685  
10635.802  
10637.65738  
10628.73985  
10566.25885  
10524.7644  
10506.85093  
10512.59542  
10534.57804  
10530.49228  
10511.52164  
10524.50692  
10519.27105  
10516.53435  
10541.36846  
10497.43836  
10481.93307  
10472.88493  
10499.76757  
10494.90802  
10456.12446  
10454.87239  
10457.98292  
10496.1898  
10541.76763  
10591.16378  
10561.28652  
10536.56941  
10536.85765  
10557.39144  
10570.85661  
10559.25751  
10564.88871  
10565.69841  
10578.20544  
10533.48359  
10495.45737  
10513.90633  
10562.47967  
10563.41004  
10533.73612  
10552.41349  
10557.20833  
10556.61937  
10550.62313  
10579.75745  
10564.25631  
10558.80534  
10569.3602  
10528.97873  
10537.91497  
10541.75344  
10556.23414  
10518.75431  
10534.15091  
10528.98525  
10494.65113  
10485.28925  
10503.41522  
10510.4186  
10520.19177  
10550.83641  
10556.54671  
10601.11967  
10572.7102  
10561.93747  
10541.39376  
10546.25236  
10539.52414  
10562.16001  
10561.09334  
10577.58078  
10584.93061  
10600.0986  
10600.40255  
10534.41544  
10493.10157  
10539.89226  
10547.81799  
10588.92662  
10569.20724  
10560.7809  
10525.9486  
10537.43648  
10543.53181  
10547.61532  
10520.12553  
10509.57897  
10495.34235  
10509.72849  
10513.7238  
10532.78539  
10525.26165  
10509.35513  
10513.66715  
10541.59392  
10524.96229  
10514.01642  
10537.04454  
10554.77423  
10613.75262  
10629.27553  
10641.62034  
10595.0713  
10548.46804  
10514.08046  
10573.76186  
10597.76773  
10588.8649  
10544.18986  
10547.544  
10576.44699  
10624.20685  
10642.25238  
10567.32207  
10507.8172  
10477.34857  
10501.6231  
10564.1899  
10585.11857  
10521.552  
10494.29972  
10488.34317  
10506.75125  
10512.80278  
10477.99628  
10468.72875  
10507.50357  
10554.08938  
10569.50096  
10523.9773  
10545.4467  
10556.67479  
10534.63207  
10562.53225  
10541.28505  
10515.45892  
10503.92213  
10515.97579  
10519.5197  
10542.53121  
10533.39259  
10541.04464  
10558.65637  
10574.40744  
10587.85155  
10564.13888  
10540.47236  
10538.86397  
10530.1318  
10533.85549  
10558.81072  
10527.52833  
10535.10052  
10566.20567  
10575.38433  
10594.71654  
10607.65914  
10578.4017  
10548.78407  
10547.33465  
10540.48572  
10566.98301  
10567.77524  
10576.55242  
10547.10242  
10558.75718  
10542.08217  
10534.39605  
10523.13268  
10546.02481  
10553.52483  
10578.45229  
10552.75397  
10547.87432  
10565.38289  
10563.10882  
10544.92288  
10502.65469  
10520.38035  
10567.89679  
10577.2366  
10571.72778  
10554.26847  
10558.6576  
10510.66275  
10477.55089  
10516.69855  
10514.32311  
10495.72722  
10533.87804  
10545.00152  
10543.66076  
10521.1714  
10494.17197  
10524.27762  
10582.53495  
10615.63063  
10571.49598  
10495.01886  
10461.15798  
10513.82919  
10521.3626  
10554.02263  
10594.6111  
10604.96026  
10612.75558  
10555.05226  
10533.314  
10523.56728  
10512.99725  
10554.41851  
10557.03156  
10582.62027  
10582.28893  
10601.3153  
10551.43981  
10554.70488  
10572.30219  
10553.06545  
10508.11532  
10517.88191  
10505.78371  
10509.28595  
10512.34306  
10503.57525  
10509.48407  
10509.52459  
10486.58803  
10478.89848  
10499.7525  
10527.53975  
10500.61906  
10495.36272  
10514.20851  
10572.0182  
10619.20943  
10623.69121  
10633.31298  
10671.27908  
10603.81198  
10514.811  
10499.49286  
10499.63363  
10533.46386  
10538.67916  
10525.82885  
10535.14797  
10569.35509  
10563.63325  
10542.36009  
10525.6302  
10503.64008  
10472.20647  
10510.27328  
10530.87402  
10538.36931  
10499.56013  
10533.11975  
10585.2913  
10607.74449  
10592.80932  
10598.83346  
10607.27937  
10574.30098  
10542.55466  
10533.11677  
10568.16288  
10575.98234  
10587.18535  
10569.8854  
10552.42597  
10561.84187  
10548.17659  
10549.48633  
10539.94104  
10560.58672  
10544.03912  
10553.97993  
10592.50886  
10586.59007  
10552.39247  
10549.5421  
10536.84406  
10476.58847  
10450.61166  
10485.62257  
10539.60667  
10572.68431  
10566.31107  
10585.09264  
10596.7082  
10536.65776  
10490.24329  
10488.03942  
10516.45573  
10531.50438  
10538.16773  
10525.17978  
10527.95666  
10529.26028  
10540.78709  
10551.50959  
10533.56134  
10520.40273  
10492.40693  
10491.24553  
10475.11569  
10510.11665  
10557.1648  
10546.71055  
10526.81446  
10543.25619  
10588.11853  
10598.82059  
10604.24387  
10536.61247  
10514.09244  
10485.23291  
10474.79051  
10497.00839  
10506.83478  
10550.84876  
10562.43354  
10560.82726  
10565.32765  
10582.28752  
10637.41494  
10646.06314  
10591.36027  
10519.70988  
10515.74616  
10547.0268  
10542.84957  
10528.41296  
10512.89184  
10531.33547  
10560.49555  
10562.25207  
10540.02654  
10506.32659  
10547.01548  
10562.04122  
10543.40973  
10534.36391  
10516.13563  
10507.27343  
10525.95996  
10527.7003  
10527.57369  
10521.38603  
10536.36462  
10555.55797  
10559.00233  
10530.71808  
10514.57133  
10516.74997  
10541.11585  
10552.29414  
10548.97597  
10552.98372  
10544.99491  
10552.51126  
10601.41122  
10592.41678  
10530.3954  
10492.73399  
10506.41578  
10522.3141  
10580.78297  
10630.04659  
10587.20464  
10555.05175  
10518.61806  
10516.59738  
10568.27294  
10607.7541  
10522.25214  
10491.6154  
10511.84395  
10522.50375  
10499.02384  
10532.73381  
10559.28298  
10565.39292  
10569.30403  
10565.43893  
10577.64323  
10527.11121  
10512.53534  
10513.43352  
10554.13096  
10531.2589  
10508.56021  
10515.62204  
10532.53514  
10500.62018  
10498.98506  
10519.55921  
10504.80845  
10534.35886  
10526.8428  
10555.18655  
10566.85696  
10557.6167  
10498.52652  
10484.44969  
10506.92386  
10507.48489  
10548.14705  
10545.28323  
10529.86515  
10543.27128  
10582.66998  
10591.9448  
10582.59995  
10560.80516  
10552.32944  
10545.53468  
10531.802  
10510.03121  
10510.84592  
10507.79491  
10492.17637  
10496.79193  
10589.49001  
10589.51666  
10568.47584  
10498.87483  
10498.98852  
10451.24302  
10447.89806  
10481.55096  
10562.38351  
10606.20119  
10630.91113  
10609.33178  
10542.09032  
10504.87535  
10518.3558  
10539.71111  
10544.11724  
10550.58888  
10576.28905  
10611.70763  
10639.08121  
10656.09212  
10623.1864  
10616.55597  
10583.28081  
10539.88627  
10537.3868  
10581.49574  
10615.37441  
10650.24767  
10603.38922  
10605.40182  
10578.28016  
10582.22968  
10555.38558  
10510.28513  
10519.56776  
10519.74305  
10536.60527  
10560.71397  
10595.28317  
10615.72749  
10572.40447  
10517.64553  
10490.44054  
10501.227  
10492.11888  
10509.59166  
10535.35203  
10539.39484  
10532.2864  
10555.603  
10494.74419  
10497.83543  
10504.96709  
10511.92994  
10505.04097  
10510.28206  
10530.30116  
10556.46951  
10613.03028  
10614.81148  
10558.10959  
10586.16742  
10560.39941  
10515.04462  
10491.30825  
10552.95014  
10586.66575  
10526.73879  
10465.41106  
10480.91966  
10498.38814  
10506.03964  
10537.41253  
10550.65671  
10593.37155  
10576.22652  
10592.98151  
10594.79346  
10586.89887  
10597.75664  
10607.84746  
10550.85862  
10534.81639  
10545.69349  
10515.527  
10517.86148  
10539.83287  
10525.47782  
10530.71938  
10502.0908  
10488.62001  
10478.70821  
10481.38078  
10530.01347  
10553.57835  
10515.95329  
10510.19925  
10509.46024  
10521.97173  
10508.83789  
10539.20516  
10597.26081  
10665.5142  
10643.87869  
10581.56177  
10512.1489  
10500.60454  
10546.71129  
10556.81056  
10573.97612  
10525.5757  
10528.61913  
10548.84556  
10562.28338  
10566.74422  
10560.07454  
10527.5087  
10506.54103  
10507.8456  
10538.68176  
10530.89514  
10545.38283  
10575.67204  
10590.40323  
10580.03553  
10557.17229  
10552.24562  
10579.88052  
10574.68378  
10576.98945  
10517.19978  
10526.25744  
10552.58855  
10584.2232  
10598.4145  
10556.31744  
10543.53754  
10525.00781  
10521.47978  
10511.78799  
10519.01139  
10566.36397  
10604.37399  
10559.53606  
10500.70093  
10485.30934  
10503.04933  
10548.98055  
10558.60322  
10599.93749  
10598.62328  
10610.18343  
10576.06052  
10544.32266  
10553.92002  
10527.76403  
10550.6078  
10537.18055  
10540.43535  
10541.07076  
10552.31447  
10560.35174  
10580.02743  
10604.89867  
10609.35177  
10632.22525  
10627.84651  
10548.87724  
10532.26051  
10527.90431  
10547.93666  
10586.23315  
10621.75845  
10575.0534  
10561.00116  
10521.43914  
10482.74016  
10490.77722  
10529.41966  
10546.36141  
10568.68823  
10559.40864  
10556.9868  
10572.2294  
10575.91041  
10555.13541  
10564.8508  
10606.55564  
10593.11564  
10597.58761  
10619.43556  
10591.21644  
10559.67704  
10507.03968  
10543.19605  
10564.28592  
10531.08911  
10515.68736  
10495.63055  
10555.36995  
10560.88603  
10349.412  
10429.57156  
10389.61047  
10675.53702  
10623.61279  
10539.72506  
10545.17449  
10542.60335  
10546.38575  
10540.23833  
10519.8395  
10527.21384  
10539.26231  
10579.078  
10568.27665  
10628.59974  
10601.31904  
10678.89344  
10626.50116  
10581.34016  
10558.71312  
10570.07325  
10519.47294  
10540.20344  
10573.90628  
10577.11137  
10556.91286  
10490.99683  
10504.22445  
10469.98675  
10502.93213  
10486.85364  
10550.44942  
10492.35408  
10468.51857  
10437.34874  
10456.52391  
10494.23492  
10499.2602  
10526.05341  
10494.50002  
10471.71407  
10486.33972  
10508.73713  
10539.30977  
10555.56798  
10545.89198  
10549.94458  
10563.31877  
10573.44409  
10521.18285  
10521.6811  
10488.39022  
10486.96101  
10503.89451  
10580.80077  
10606.82924  
10576.28774  
10548.54022  
10521.72727  
10559.14708  
10555.83772  
10517.6957  
10572.19189  
10583.63933  
10587.79379  
10570.95132  
10578.0767  
10585.44117  
10598.43975  
10600.02447  
10559.97881  
10533.06173  
10547.59484  
10539.83599  
10534.79996  
10519.09037  
10527.9811  
10546.68198  
10506.74126  
10502.12638  
10513.34445  
10571.74498  
10599.26258  
10560.03708  
10515.71276  
10547.33293  
10536.62569  
10531.3924  
10543.18397  
10507.98799  
10568.10081  
10579.40296  
10522.7473  
10472.40421  
10462.17855  
10472.90236  
10466.68564  
10474.62537  
10500.21962  
10542.17315  
10562.37866  
10538.05616  
10552.69843  
10541.20953  
10518.49786  
10559.51087  
10524.12465  
10565.20578  
10587.85398  
10585.12216  
10558.48111  
10553.39323  
10570.55897  
10554.94411  
10503.93637  
10487.37915  
10488.22429  
10473.48754  
10491.55785  
10515.67601  
10510.47172  
10519.74982  
10524.54191  
10554.98356  
10597.87987  
10569.85935  
10547.26235  
10535.04417  
10520.79872  
10562.99757  
10555.99558  
10552.22411  
10567.14033  
10594.63021  
10605.55411  
10581.19179  
10575.98202  
10581.86142  
10536.49554  
10573.77709  
10550.77626  
10523.54507  
10485.44688  
10500.18669  
10503.24086  
10552.52075  
10550.27467  
10536.46593  
10551.91777  
10569.27155  
10538.67475  
10541.2142  
10511.99389  
10489.24543  
10513.92761  
10530.81364  
10534.48861  
10516.98891  
10564.93818  
10588.38809  
10595.00826  
10597.56512  
10602.74377  
10615.3813  
10594.31813  
10578.21993  
10571.84719  
10579.2958  
10604.44861  
10569.33545  
10550.97553  
10502.73688  
10529.64623  
10588.13612  
10528.57019  
10506.1869  
10479.66818  
10479.44301  
10515.66402  
10500.4891  
10501.42775  
10550.27427  
10515.73926  
10504.9221  
10469.29375  
10476.7163  
10493.85599  
10499.50787  
10510.02496  
10529.26043  
10527.83542  
10551.64014  
10618.46248  
10596.97669  
10562.23391  
10561.06124  
10573.11738  
10592.73634  
10597.73167  
10566.11874  
10549.78361  
10543.02253  
10560.99348  
10554.14811  
10554.8985  
10581.61014  
10590.57384  
10582.85049  
10581.49922  
10575.56837  
10565.58368  
10609.42334  
10593.24766  
10608.27738  
10586.28481  
10585.91975  
10522.79238  
10469.99188  
10493.94259  
10527.48721  
10532.77392  
10553.75593  
10508.99796  
10524.95792  
10528.53355  
10501.12549  
10500.60696  
10512.99298  
10509.15684  
10503.45193  
10521.92677  
10554.28947  
10526.80429  
10538.2855  
10536.85849  
10524.12934  
10520.70849  
10531.39058  
10558.58627  
10574.30199  
10572.17547  
10577.29303  
10551.33654  
10543.61726  
10519.76067  
10515.63989  
10497.59663  
10493.24899  
10540.54082  
10542.68324  
10534.26641  
10543.76052  
10619.92654  
10627.04139  
10605.52989  
10552.23657  
10555.09489  
10547.29738  
10527.47691  
10518.58472  
10528.39534  
10528.87387  
10527.27467  
10563.33792  
10583.66644  
10535.40169  
10498.89157  
10519.11199  
10537.1082  
10516.60797  
10515.84464  
10535.60204  
10534.86955  
10496.15185  
10493.99313  
10489.10434  
10491.35243  
10515.10488  
10519.06681  
10559.29173  
10572.33267  
10528.49219  
10493.81559  
10496.13176  
10540.55041  
10574.35065  
10589.5426  
10600.49398  
10586.59069  
10570.33193  
10560.76766  
10566.06236  
10534.35283  
10530.52874  
10578.36632  
10628.78374  
10602.82962  
10573.71475  
10532.98398  
10550.39638  
10546.90355  
10570.92009  
10578.09636  
10586.13787  
10555.93564  
10548.17067  
10522.50551  
10547.35543  
10608.95513  
10599.25303  
10572.14084  
10554.58715  
10549.00077  
10555.79357  
10556.59544  
10531.1862  
10510.69044  
10505.83586  
10512.34987  
10465.28787  
10490.17217  
10519.04237  
10532.06286  
10543.72343  
10548.09032  
10526.11733  
10562.15878  
10603.23401  
10542.85763  
10522.41664  
10482.95287  
10473.0188  
10512.35594  
10507.03471  
10497.28685  
10511.7945  
10508.29272  
10513.99841  
10482.39825  
10504.32444  
10587.06421  
10559.2564  
10567.06885  
10517.44601  
10547.75406  
10557.14549  
10561.42461  
10525.3164  
10524.57331  
10524.84165  
10539.09798  
10520.96749  
10517.26934  
10500.49763  
10506.11705  
10539.35399  
10597.49414  
10609.35692  
10606.11349  
10652.44109  
10629.27503  
10599.58398  
10545.59908  
10507.3028  
10509.69486  
10545.96249  
10537.92907  
10565.04524  
10601.22357  
10578.1521  
10549.35126  
10547.69434  
10572.39156  
10546.62846  
10505.67586  
10513.41062  
10546.27149  
10601.45527  
10592.08942  
10554.70885  
10514.30919  
10556.79915  
10569.88867  
10573.22373  
10568.3041  
10562.58432  
10523.58329  
10466.16871  
10486.03296  
10501.30752  
10473.39092  
10452.72091  
10481.76103  
10496.70508  
10544.56735  
10532.9531  
10502.97903  
10526.98294  
10536.58052  
10550.882  
10608.34959  
10590.29165  
10586.18546  
10599.00558  
10587.28275  
10569.66792  
10603.24838  
10582.03222  
10599.80248  
10628.35938  
10645.41623  
10589.15569  
10577.71611  
10541.58849  
10572.07719  
10574.74095  
10541.98585  
10494.5135  
10474.52661  
10520.8241  
10489.64385  
10477.12726  
10482.50273  
10494.41436  
10494.08041  
10540.39627  
10532.05943  
10606.73509  
10610.19818  
10561.17229  
10562.07579  
10521.74208  
10503.48613  
10495.82153  
10523.1021  
10533.52574  
10571.24761  
10558.07024  
10564.70728  
10555.82676  
10563.70807  
10596.61366  
10573.56557  
10540.17639  
10540.88027  
10508.33401  
10517.69863  
10512.5543  
10545.22646  
10583.45384  
10558.46142  
10549.41608  
10602.54148  
10623.52771  
10614.47216  
10576.64516  
10585.66689  
10590.53927  
10564.0455  
10573.81008  
10580.75707  
10518.44166  
10470.30376  
10439.85205  
10437.81885  
10440.54788  
10446.76425  
10439.62253  
10468.91178  
10499.11519  
10525.82263  
10550.9717  
10556.11201  
10541.88023  
10567.88841  
10535.75153  
10499.80438  
10521.11232  
10551.63035  
10581.1343  
10597.94391  
10572.68521  
10561.71339  
10566.58101  
10572.04302  
10541.52349  
10537.26686  
10518.47482  
10482.86581  
10492.26443  
10499.56819  
10490.61928  
10508.10851  
10546.91598  
10591.51571  
10605.6514  
10611.04859  
10608.03852  
10560.9529  
10560.957  
10553.44392  
10602.1853  
10644.11449  
10679.44121  
10649.60621  
10634.33768  
10582.92265  
10551.5894  
10525.93137  
10529.3427  
10510.87293  
10530.5416  
10573.29503  
10575.1804  
10546.43671  
10492.52126  
10486.02575  
10493.38371  
10526.8813  
10542.77229  
10547.6364  
10537.32668  
10497.51229  
10476.3591  
10485.1552  
10487.11746  
10472.14986  
10498.4271  
10547.55816  
10583.36925  
10609.3783  
10548.1517  
10519.8451  
10527.71115  
10542.42979  
10562.71383  
10566.97711  
10563.01953  
10609.35524  
10578.91858  
10571.40871  
10550.49321  
10522.68405  
10530.44552  
10557.52847  
10586.79706  
10586.06868  
10574.85125  
10570.7049  
10601.82191  
10631.06442  
10622.28811  
10609.01846  
10613.16959  
10567.16381  
10514.83976  
10519.01851  
10553.16172  
10586.34863  
10557.81471  
10518.37255  
10487.8751  
10507.08284  
10490.13752  
10588.98926  
10616.43289  
10625.02815  
10507.57405  
10473.61636  
10467.56217  
10395.85865  
10385.98529  
10377.26173  
10349.56418  
10380.77906  
10388.34799  
10436.93749  
10494.30414  
10485.44306  
10512.95173  
10531.79186  
10533.89903  
10549.14288  
10570.24258  
10562.56131  
10581.5224  
10615.28383  
10620.31779  
10613.4942  
10605.56087  
10588.77978  
10545.17883  
10519.21511  
10597.7146  
10610.14679  
10594.3615  
10547.51367  
10526.92248  
10478.35868  
10528.78087  
10569.58577  
10564.5875  
10577.9029  
10561.33155  
10644.37417  
10721.93894  
10695.49992  
10578.80101  
10572.31309  
10544.13483  
10493.54342  
10449.48493  
10422.45745  
10457.75223  
10460.45318  
10472.03768  
10484.5752  
10509.2383  
10532.17508  
10519.40532  
10538.54011  
10573.03308  
10615.77162  
10607.08005  
10545.8666  
10500.82971  
10507.41295  
10542.20186  
10539.9079  
10514.12095  
10502.00384  
10527.13165  
10530.1261  
10571.31792  
10562.31453  
10545.09453  
10563.73644  
10565.74742  
10551.78392  
10544.07812  
10540.72105  
10551.72964  
10556.74759  
10579.07132  
10584.35508  
10601.56462  
10596.67516  
10538.03093  
10461.66339  
10489.61355  
