7334.357902  
7314.223616  
7331.170493  
7299.697919  
7289.822655  
7362.504825  
7312.27626  
7324.91988  
7377.281142  
7357.569799  
7364.735881  
7350.251059  
7355.202728  
7354.938874  
7365.168854  
7406.152004  
7404.809827  
7370.661902  
7382.291885  
7350.604509  
7280.825262  
7336.463263  
7397.010709  
7325.103507  
7350.333529  
7371.491832  
7378.543904  
7375.658021  
7341.642793  
7330.34668  
7364.101538  
7380.007241  
7355.522982  
7341.322473  
7396.720869  
7349.205426  
7342.468005  
7389.40337  
7371.578315  
7348.359979  
7376.355494  
7358.670261  
7355.972391  
7314.392768  
7400.698151  
7383.321637  
7377.064536  
7341.591275  
7358.280547  
7389.262265  
7397.046469  
7344.976894  
7403.958678  
7398.71467  
7329.477589  
7328.537018  
7337.506819  
7336.681392  
7366.702016  
7373.34908  
7375.127632  
7359.824401  
7334.979782  
7362.825204  
7348.809645  
7389.833422  
7339.462353  
7306.431947  
7370.610608  
7380.400846  
7338.270111  
7380.450444  
7323.17593  
7336.677561  
7341.937442  
7329.634956  
7365.621847  
7331.813791  
7349.476678  
7275.705442  
7384.227647  
7345.933867  
7386.553562  
7363.146013  
7389.564329  
7308.716681  
7400.753617  
7343.331394  
7338.427817  
7317.512546  
7303.06015  
7375.921006  
7370.209564  
7361.273884  
7341.276955  
7356.432203  
7343.122724  
7341.043027  
7383.514789  
7341.167125  
7382.520235  
7322.577811  
7349.986841  
7315.069874  
7329.127797  
7325.242626  
7355.707544  
7379.769018  
7335.530058  
7358.478979  
7330.613356  
7369.826801  
7341.574401  
7355.921056  
7355.952422  
7295.348037  
7310.350743  
7350.745068  
7316.743032  
7330.88364  
7332.097573  
7345.021203  
7349.716135  
7365.749686  
7363.402104  
7399.816646  
7333.033145  
7353.667249  
7352.178794  
7372.006075  
7364.937285  
7342.327173  
7341.189801  
7311.357074  
7310.978334  
7321.159925  
7343.487768  
7327.471787  
7307.49779  
7345.742171  
7345.345041  
7348.587138  
7329.496557  
7337.901061  
7361.047363  
7342.522966  
7357.376755  
7373.67238  
7369.951395  
7367.93361  
7351.882258  
7344.504138  
7362.732331  
7346.040685  
7402.508938  
7350.903221  
7369.260486  
7364.551551  
7379.358291  
7347.134509  
7376.089794  
7362.26848  
7423.098244  
7341.990888  
7365.53946  
7367.788011  
7342.886115  
7354.924705  
7320.777575  
7341.566861  
7380.295195  
7413.096051  
7317.855825  
7383.535752  
7285.196546  
7343.788591  
7347.397262  
7339.203299  
7315.742444  
7323.160148  
7331.386139  
7284.069799  
7291.80266  
7275.959531  
7317.672554  
7319.423075  
7380.674366  
7375.753186  
7393.017909  
7370.05871  
7356.426476  
7328.145003  
7336.62313  
7334.497161  
7263.581957  
7279.09044  
7316.506894  
7345.516022  
7372.481263  
7362.842889  
7356.476107  
7367.151475  
7340.690992  
7345.283708  
7406.59399  
7326.302892  
7270.583686  
7341.83746  
7350.299987  
7335.29416  
7393.944427  
7357.516759  
7359.440537  
7366.92814  
7330.641262  
7371.683279  
7363.538458  
7310.801799  
7357.250463  
7376.249313  
7380.649853  
7381.50989  
7342.1382  
7369.845836  
7389.399629  
7345.862785  
7335.353855  
7341.488488  
7357.690637  
7352.664427  
7396.823648  
7403.612131  
7395.226306  
7394.348467  
7353.458  
7378.581237  
7387.534213  
7390.698639  
7344.407764  
7328.767818  
7366.692631  
7348.754601  
7287.629461  
7351.581899  
7316.545675  
7330.177362  
7363.695801  
7368.682973  
7345.101827  
7359.344487  
7346.321695  
7344.443566  
7377.84879  
7352.800293  
7385.654934  
7332.551327  
7318.498692  
7346.36929  
7331.563973  
7391.574608  
7339.821273  
7377.906978  
7385.922223  
7317.841532  
7332.431028  
7329.559761  
7300.703324  
7316.651475  
7364.411555  
7326.410504  
7345.667249  
7298.113025  
7328.245365  
7297.926824  
7347.268935  
7337.285909  
7391.750422  
7361.533816  
7372.93491  
7376.82671  
7395.468767  
7342.679812  
7325.538334  
7337.760701  
7350.355758  
7435.293176  
7389.937823  
7352.427511  
7384.120605  
7328.700675  
7371.286149  
7348.695768  
7375.041347  
7388.044938  
7369.673365  
7355.62692  
7334.730278  
7381.492262  
7339.572026  
7394.730775  
7411.551129  
7357.675723  
7347.516618  
7384.395218  
7341.452339  
7327.998949  
7348.772759  
7364.656589  
7361.743371  
7312.09063  
7339.043879  
7330.363157  
7348.474427  
7369.075286  
7343.894084  
7324.165254  
7336.347036  
7350.205492  
7348.382415  
7306.433486  
7346.551675  
7368.790469  
7305.741153  
7389.976025  
7340.890476  
7342.182228  
7408.756513  
7402.449881  
7365.906531  
7336.216069  
7364.908873  
7323.306483  
7369.720678  
7318.554704  
7360.284395  
7341.966193  
7346.66609  
7331.748345  
7343.272055  
7299.366823  
7337.219147  
7306.477307  
7334.957255  
7371.953613  
7360.428943  
7320.84975  
7302.736361  
7333.626126  
7388.529289  
7335.611783  
7326.120746  
7331.810638  
7363.948813  
7329.414228  
7327.496036  
7362.84308  
7341.644308  
7301.665552  
7290.486096  
7324.989796  
7311.834514  
7372.043548  
7344.835846  
7338.879146  
7351.166065  
7342.644357  
7356.948151  
7373.17022  
7353.161687  
7381.627417  
7402.970091  
7412.396071  
7358.248618  
7366.007705  
7338.01728  
7357.871805  
7311.263755  
7308.583728  
7323.769498  
7329.947117  
7330.103855  
7365.719304  
7472.281151  
7401.056682  
7315.345314  
7384.66921  
7275.344313  
7473.187277  
7314.914816  
7352.559711  
7416.267032  
7327.690703  
7262.086749  
7368.177461  
7396.856934  
7347.113008  
7359.65049  
7339.204673  
7416.407591  
7422.380942  
7330.646013  
7331.732505  
7372.943235  
7457.192722  
7344.353408  
7360.431202  
7380.49328  
7342.708488  
7340.923249  
7364.75072  
7368.647362  
7296.024116  
7317.376697  
7384.469569  
7325.388366  
7320.056061  
7294.110592  
7332.576677  
7312.440496  
7339.767098  
7280.144316  
7412.794309  
7326.597226  
7355.117096  
7292.220604  
7283.047016  
7328.437699  
7363.343618  
7325.962626  
7339.274224  
7295.770615  
7331.063965  
7438.863587  
7379.292878  
7386.824484  
7312.116178  
7372.305043  
7327.280149  
7336.800343  
7367.409792  
7437.859607  
7340.647924  
7349.39828  
7389.309579  
7334.424399  
7340.783882  
7366.101885  
7321.8798  
7345.515095  
7321.38964  
7372.115292  
7354.827959  
7400.074285  
7317.935961  
7377.729343  
7320.167042  
7364.847342  
7343.617593  
7304.268091  
7330.608531  
7325.757341  
7392.981603  
7449.622401  
7360.126837  
7346.920932  
7303.986179  
7314.826793  
7329.093717  
7384.310621  
7314.396054  
7368.648826  
7339.901599  
7355.622285  
7362.329995  
7350.233506  
7339.956411  
7372.270293  
7348.077372  
7340.301452  
7342.5877  
7345.18443  
7357.671867  
7364.382572  
7325.854856  
7327.93851  
7302.033567  
7320.427139  
7302.935323  
7309.832346  
7275.58146  
7276.866434  
7305.985749  
7262.742891  
7323.079921  
7288.796618  
7330.61487  
7364.528486  
7420.340878  
7361.401855  
7352.755528  
7365.926493  
7326.768373  
7354.760345  
7310.287622  
7346.210126  
7359.812119  
7331.069328  
7416.749346  
7297.532591  
7352.257531  
7350.322977  
7407.623444  
7373.922686  
7367.659387  
7403.798613  
7373.254337  
7359.935762  
7440.780182  
7403.87068  
7412.716292  
7390.491012  
7364.443972  
7371.946719  
7384.322208  
7354.423679  
7352.127615  
7378.048588  
7354.725321  
7335.334257  
7323.288111  
7329.512356  
7360.367394  
7350.548803  
7321.690132  
7351.18971  
7352.467773  
7373.446024  
7378.808188  
7346.550972  
7365.585987  
7356.549358  
7357.758946  
7332.443169  
7386.176559  
7353.477696  
7352.390137  
7329.840944  
7404.313212  
7337.10316  
7340.391411  
7361.641088  
7383.158882  
7332.352465  
7364.498345  
7347.415949  
7383.859325  
7382.74261  
7331.342103  
7359.152551  
7349.543076  
7320.369314  
7332.194452  
7381.899149  
7367.18433  
7339.27074  
7359.15985  
7348.580219  
7342.062732  
7364.426087  
7337.750654  
7344.362992  
7352.226844  
7346.975727  
7365.261595  
7335.936391  
7340.674995  
7368.247045  
7336.390526  
7419.908683  
7312.877309  
7324.660256  
7303.346887  
7370.62591  
7359.494041  
7363.784817  
7357.754287  
7366.553074  
7353.46059  
7336.673298  
7405.702595  
7328.227936  
7359.580732  
7337.068806  
7366.904636  
7330.030927  
7346.627243  
7370.951304  
7373.548265  
7349.893604  
7331.306111  
7393.222482  
7306.010825  
7349.063501  
7367.756464  
7382.884451  
7333.050492  
7335.057162  
7389.89948  
7345.052486  
7388.250108  
7393.512944  
7338.651806  
7312.490987  
7351.274977  
7306.909651  
7356.87644  
7353.246839  
7347.622484  
7444.464471  
7369.874851  
7363.291156  
7332.856636  
7354.254254  
7342.023438  
7313.421263  
7333.04863  
7378.046569  
7308.285603  
7329.347772  
7318.029959  
7344.917423  
7282.823457  
7335.898611  
7275.419558  
7336.070205  
7349.391088  
7355.69067  
7354.229277  
7334.773421  
7354.717765  
7364.812616  
7366.461194  
7357.207495  
7360.945801  
7377.432352  
7355.782409  
7363.228011  
7380.236725  
7354.181558  
7318.510022  
7314.315661  
7358.785918  
7334.629585  
7345.153171  
7364.158625  
7336.292  
7391.807402  
7354.962502  
7399.322415  
7363.730179  
7397.258979  
7370.345099  
7346.231735  
7379.950725  
7312.847648  
7314.515948  
7379.323085  
7335.28989  
7346.777443  
7358.536348  
7334.803214  
7299.969106  
7316.65798  
7334.17603  
7350.530671  
7336.80103  
7366.28082  
7340.072986  
7388.699401  
7391.590862  
7341.238902  
7359.530356  
7353.039054  
7366.657814  
7379.569005  
7308.139243  
7367.724469  
7347.339968  
7335.639028  
7350.530149  
7353.417456  
7342.303777  
7314.240896  
7327.973856  
7328.389483  
7354.550723  
7398.587849  
7335.718932  
7370.557104  
7333.427296  
7357.770632  
7394.940992  
7448.907748  
7349.01757  
7300.67214  
7320.469909  
7347.871077  
7327.361105  
7338.188783  
7302.150407  
7355.579689  
7285.114374  
7307.336269  
7285.634567  
7308.792878  
7306.074252  
7342.835085  
7359.973815  
7307.055507  
7374.027931  
7339.121052  
7349.328862  
7351.375579  
7376.149042  
7308.787167  
7312.803413  
7341.299126  
7344.699037  
7320.794632  
7336.107563  
7341.838975  
7331.962204  
7350.608539  
7343.30007  
7362.32589  
7315.600553  
7362.399712  
7344.934123  
7314.548944  
7341.575948  
7369.481867  
7362.283675  
7327.345893  
7377.816655  
7368.865582  
7340.710615  
7382.859789  
7319.713669  
7293.83386  
7331.772957  
7371.588495  
7353.107414  
7369.966615  
7397.280083  
7352.533865  
7363.230154  
7356.097847  
7335.236742  
7348.300458  
7336.086931  
7352.873221  
7393.363571  
7376.270384  
7360.796246  
7369.381604  
7329.671784  
7375.12476  
7442.37121  
7478.004088  
7374.590382  
7351.587286  
7398.229128  
7394.231098  
7383.351248  
7387.058147  
7324.253931  
7343.858523  
7351.831725  
7364.102804  
7368.147146  
7373.00264  
7330.38508  
7347.353689  
7360.695354  
7332.79786  
7358.860484  
7322.045294  
7287.33583  
7315.911091  
7319.306252  
7319.67766  
7285.57882  
7374.116319  
7338.215324  
7364.389582  
7437.394242  
7458.610501  
7356.885179  
7363.464281  
7369.340373  
7412.980907  
7370.002019  
7369.09783  
7346.721084  
7378.157781  
7371.492204  
7384.378219  
7348.367014  
7359.402998  
7358.771311  
7355.77136  
7350.488952  
7333.125886  
7319.066439  
7345.513639  
7356.560224  
7347.622443  
7343.249611  
7302.71856  
7328.111461  
7335.180523  
7330.289965  
7345.868313  
7331.196049  
7397.83324  
7289.865524  
7320.660661  
7338.730394  
7311.180871  
7343.403304  
7357.736634  
7347.12807  
7361.161315  
7342.56567  
7357.503898  
7319.88921  
7350.801642  
7373.927759  
7336.193326  
7350.386396  
7355.935166  
7356.900217  
7375.326437  
7353.540345  
7380.984838  
7342.924027  
7333.924035  
7318.429059  
7334.651872  
7297.217848  
7353.509236  
7342.151069  
7355.540279  
7379.386363  
7350.219884  
7336.83482  
7336.023959  
7324.657649  
7354.087692  
7319.880818  
7346.575667  
7377.750124  
7330.171825  
7305.729087  
7328.490665  
7343.598269  
7333.017462  
7351.451213  
7368.810414  
7348.400043  
7319.682592  
7334.695304  
7323.263233  
7356.750513  
7324.213371  
7369.964223  
7324.402302  
7366.24832  
7375.288731  
7385.966664  
7337.661125  
7399.980485  
7383.443649  
7349.115507  
7396.676791  
7407.298538  
7368.070594  
7370.051021  
7356.376076  
7402.310257  
7371.715142  
7344.218047  
7303.191812  
7312.962982  
7361.186234  
7336.157475  
7350.272105  
7365.18078  
7352.184852  
7350.210797  
7342.48925  
7398.812541  
7401.799176  
7375.008499  
7362.676352  
7365.21875  
7382.128567  
7372.108233  
7352.510395  
7356.442317  
7383.099121  
7380.125488  
7363.116856  
7309.690107  
7352.949972  
7364.853019  
7353.78557  
7311.016453  
7291.375331  
7366.531101  
7369.806078  
7372.505123  
7323.220521  
7357.743189  
7358.229906  
7344.916007  
7368.93006  
7337.942217  
7366.188659  
7369.777542  
7337.25187  
7393.256149  
7345.793043  
7356.013788  
7444.584928  
7396.286149  
7360.189718  
7385.576966  
7264.140418  
7308.538905  
7289.063518  
7333.440728  
7332.768141  
7333.775233  
7280.828795  
7321.707015  
7306.606793  
7308.791396  
7263.966598  
7290.320288  
7373.616691  
7373.526011  
7371.849477  
7418.276789  
7338.374561  
7352.46784  
7286.265882  
7324.925136  
7358.772105  
7359.560431  
7353.922736  
7366.231992  
7460.333463  
7343.281813  
7373.317201  
7359.83895  
7343.345678  
7343.280083  
7346.135833  
7331.430076  
7346.105907  
7362.359574  
7339.939941  
7300.499917  
7362.605014  
7346.492039  
7348.38167  
7319.68222  
7309.524298  
7306.627706  
7304.452546  
7323.687533  
7350.797595  
7336.726654  
7340.542754  
7333.694642  
7331.796743  
7354.56466  
7351.699442  
7333.132233  
7322.110194  
7335.130024  
7359.006985  
7364.374396  
7389.166256  
7384.133441  
7392.824616  
7399.758847  
7420.597557  
7388.873999  
7336.549995  
7358.835019  
7335.944319  
7353.235592  
7327.358158  
7376.377243  
7357.258003  
7327.616947  
7333.491691  
7318.677652  
7316.989572  
7341.861833  
7363.63873  
7323.162871  
7292.824542  
7371.341151  
7346.788897  
7407.401806  
7398.389317  
7346.158849  
7371.184711  
7388.500554  
7390.405828  
7370.418672  
7341.938377  
7365.282847  
7320.30237  
7313.446562  
7332.477655  
7351.959862  
7282.394473  
7344.949972  
7321.442424  
7286.998328  
7329.464132  
7336.662896  
7302.907251  
7331.170485  
7360.699806  
7305.635908  
7332.589637  
7363.443955  
7348.561838  
7367.463462  
7309.550649  
7363.763275  
7306.859838  
7339.838553  
7350.791231  
7299.80679  
7372.184761  
7282.956766  
7309.705235  
7311.453166  
7332.881844  
7303.838975  
7334.061416  
7330.32647  
7281.363141  
7408.991509  
7355.343162  
7315.760734  
7350.93433  
7337.608672  
7281.781233  
7314.493396  
7353.769821  
7302.673149  
7339.241161  
7345.319013  
7307.383549  
7319.143389  
7327.176394  
7355.280985  
7423.639574  
7408.759286  
7357.252532  
7368.433999  
7374.568541  
7337.395491  
7355.22816  
7358.211062  
7367.362338  
7420.176675  
7392.170005  
7419.454234  
7405.95704  
7391.203324  
7377.607554  
7366.821769  
7378.368445  
7380.514946  
7345.140708  
7334.415221  
7360.275175  
7442.706932  
7364.999214  
7372.856528  
7462.824997  
7423.737801  
7398.832437  
7350.196935  
7323.545584  
7429.334084  
7382.822994  
7352.625331  
7382.321711  
7356.78077  
7348.371094  
7348.18361  
7383.451702  
7358.050185  
7357.097441  
7339.875314  
7325.026359  
7335.161091  
7303.361312  
7362.518397  
7336.863629  
7283.957867  
7341.582809  
7367.708951  
7336.653511  
7353.936408  
7379.24189  
7351.469288  
7360.087849  
7378.330409  
7371.780878  
7377.73613  
7395.873121  
7382.960309  
7371.277021  
7388.733415  
7216.880065  
7475.041967  
7219.959067  
7186.953191  
7341.995779  
7333.264293  
7351.910504  
7401.764839  
7375.007953  
7342.440587  
7341.408178  
7338.584001  
7351.300723  
7321.72312  
7338.075617  
7340.568583  
7300.743843  
7394.413682  
7339.269978  
7417.0396  
7392.973749  
7390.995986  
7349.991534  
7347.49117  
7379.822141  
7368.487181  
7339.301327  
7355.323308  
7356.239233  
7291.952612  
7350.116368  
7344.550483  
7363.707114  
7378.448193  
7370.683263  
7335.58511  
7343.866294  
7379.218212  
7358.464885  
7313.933958  
7321.739754  
7334.14622  
7335.853441  
7322.215572  
7332.969569  
7279.672661  
7349.621483  
7334.579416  
7325.901615  
7313.423596  
7366.673778  
7343.61516  
7356.933809  
7362.873941  
7333.130139  
7335.413078  
7324.673812  
7334.18433  
7373.466259  
7311.081055  
7341.971084  
7342.012339  
7338.517851  
7336.568856  
7331.209133  
7353.88172  
7333.24525  
7390.074533  
7336.279363  
7353.278113  
7338.707677  
7380.958612  
7375.867651  
7344.20142  
7327.613803  
7385.13921  
7370.687045  
7292.460805  
7344.219933  
7357.223517  
7375.405522  
7365.991732  
7348.397552  
7380.193417  
7330.509426  
7338.906614  
7346.386644  
7354.264384  
7373.74539  
7332.633483  
7334.808859  
7355.003203  
7396.359209  
7358.823524  
7394.36708  
7375.268737  
7395.732529  
7374.087311  
7354.282384  
7323.600396  
7344.93241  
7364.18625  
7332.16772  
7316.56634  
7352.499545  
7351.707627  
7371.875273  
7323.247939  
7352.944965  
7337.969089  
7347.932783  
7348.244041  
7350.91062  
7332.602167  
7362.009435  
7308.841607  
7371.890335  
7348.103681  
7319.316373  
7343.143141  
7321.099924  
7350.154529  
7330.818724  
7383.340423  
7331.890906  
7299.449641  
7335.98661  
7354.486593  
7377.93865  
7391.629908  
7373.107571  
7378.94393  
7352.484251  
7381.885825  
7361.916636  
7381.234383  
7331.657665  
7324.614986  
7372.706295  
7338.258524  
7400.0613  
7365.526466  
7330.586269  
7330.441158  
7364.940107  
7349.047843  
7360.994985  
7361.32623  
7369.784271  
7345.759476  
7363.615805  
7360.607811  
7362.173762  
7335.23488  
7369.775192  
7370.025101  
7354.638498  
7354.711641  
7329.267636  
7343.327993  
7353.438808  
7352.956022  
7380.44489  
7348.356247  
7339.562864  
7392.590555  
7327.526682  
7353.34207  
7379.177221  
7327.071959  
7335.382614  
7326.494215  
7345.327231  
7356.535289  
7394.471895  
7391.306608  
7412.945925  
7372.045063  
7355.420567  
7311.087179  
7327.401756  
7315.088652  
7344.752094  
7317.061979  
7333.122857  
7255.396037  
7343.499462  
7301.150358  
7323.510742  
7329.639913  
7253.4712  
7255.547281  
7261.620812  
7289.22024  
7281.38311  
7293.278734  
7303.764524  
7317.618528  
7339.476364  
7302.689072  
7293.227431  
7338.286034  
7313.335805  
7327.108854  
7341.936308  
7319.980651  
7339.715944  
7361.411836  
7326.242949  
7336.381654  
7280.934537  
7338.646559  
7331.378708  
7349.322299  
7393.730783  
7346.985592  
7354.588412  
7379.475346  
7359.103358  
7337.136189  
7339.11103  
7408.043416  
7415.907177  
7427.287076  
7432.494712  
7392.4772  
7412.603814  
7413.488314  
7408.30415  
7360.382101  
7388.77746  
7391.050988  
7378.883061  
7329.495349  
7363.92411  
7388.620845  
7326.644506  
7360.815794  
7378.284643  
7361.092682  
7344.990847  
7368.623047  
7382.393869  
7380.421105  
7345.461616  
7321.075154  
7366.424788  
7349.390757  
7342.433883  
7388.384873  
7332.886785  
7327.044069  
7325.799399  
7343.076776  
7299.157458  
7385.950948  
7262.244604  
7316.1586  
7325.512728  
7305.078315  
7288.066754  
7264.178405  
7329.905447  
7291.79128  
7326.438866  
7352.375712  
7347.299201  
7303.708587  
7351.229989  
7351.644424  
7332.859094  
7348.613232  
7368.822357  
7365.766337  
7389.067143  
7368.006  
7367.701155  
7378.307832  
7332.297554  
7423.735103  
7423.436457  
7425.184703  
7357.643911  
7414.34394  
7376.339811  
7365.853077  
7388.315579  
7373.495167  
7410.667596  
7316.123072  
7365.465133  
7400.41177  
7370.542108  
7341.529297  
7322.838429  
7453.58698  
7348.397751  
7347.957346  
7404.573913  
7324.41254  
7405.417232  
7406.773057  
7369.946471  
7353.697729  
7365.09106  
7336.914443  
7306.25384  
7332.959415  
7314.4027  
7290.023313  
7363.184065  
7313.803032  
7305.999686  
7384.767967  
7400.89324  
7365.368884  
7379.76656  
7335.522428  
7369.748312  
7442.059612  
7357.396004  
7386.560199  
7341.117725  
7360.37625  
7327.606884  
7310.432774  
7312.300541  
7297.371781  
7344.291851  
7315.36204  
7346.286182  
7308.551394  
7312.465622  
7372.853549  
7324.552999  
7314.414642  
7362.519506  
7386.317557  
7341.417985  
7332.312872  
7362.102514  
7372.576164  
7415.707164  
7377.799672  
7366.045973  
7393.847019  
7377.577057  
7417.414261  
7414.425367  
7365.941224  
7368.10964  
7395.893737  
7328.321488  
7344.586823  
7314.423812  
7354.844751  
7344.414369  
7326.999686  
7298.94566  
7304.170543  
7311.250571  
7356.035678  
7333.885428  
7371.810547  
7322.44033  
7268.59658  
7306.164923  
7260.593551  
7354.740168  
7418.584969  
7401.576462  
7406.705078  
7438.362007  
7360.635668  
7390.194766  
7393.638912  
7335.664807  
7343.848169  
7410.920361  
7350.644026  
7363.163582  
7360.489639  
7371.571976  
7358.202132  
7344.05386  
7365.39521  
7389.411265  
7407.029413  
7379.551154  
7395.756505  
7388.808941  
7338.18966  
7353.196802  
7362.28749  
7375.412051  
7352.046544  
7325.641875  
7361.514235  
7337.531399  
7371.922521  
7294.759865  
7327.900531  
7343.33055  
7383.000761  
7323.728375  
7352.024919  
7390.964869  
7447.123403  
7297.839811  
7417.620266  
7336.351852  
7306.233423  
7394.72024  
7397.619521  
7308.767214  
7350.322613  
7308.080897  
7352.284072  
7330.662747  
7357.163657  
7339.286331  
7383.417737  
7360.39012  
7312.9182  
7317.931384  
7309.756248  
7371.6526  
7469.458852  
7361.194667  
7370.366757  
7328.82061  
7299.816398  
7325.652294  
7348.839397  
7340.646584  
7362.736229  
7335.811466  
7329.851604  
7363.082362  
7302.485898  
7299.253972  
7314.59207  
7342.620283  
7278.23099  
7301.14804  
7312.88609  
7349.949591  
7326.482662  
7347.147163  
7328.565049  
7357.393745  
7313.603789  
7354.284883  
7389.597838  
7445.814718  
7327.099303  
7332.469859  
7323.703042  
7359.313361  
7334.054745  
7362.910562  
7417.675161  
7387.51056  
7399.897072  
7372.973914  
7398.804257  
7327.866567  
7350.882142  
7325.533129  
7337.828489  
7321.76272  
7347.682013  
7346.573863  
7322.57085  
7329.151682  
7266.292853  
7321.444684  
7340.850751  
7323.208397  
7288.794061  
7332.222615  
7250.484118  
7356.189312  
7303.999098  
7331.724692  
7338.64334  
7378.149133  
7345.356776  
7376.804199  
7392.361667  
7398.636653  
7367.071388  
7320.404073  
7355.10916  
7402.155091  
7361.913376  
7334.941919  
7332.554936  
7276.971804  
7254.413475  
7308.364763  
7269.764913  
7331.965175  
7418.460623  
7313.268646  
7400.593129  
7468.558668  
7427.009087  
7402.533882  
7357.027915  
7320.446008  
7282.138531  
7282.08098  
7379.776905  
7295.437194  
7373.010924  
7321.080856  
7377.985186  
7291.129361  
7373.573499  
7372.941878  
7339.043217  
7375.232414  
7371.214802  
7340.606801  
7387.429249  
7315.340167  
7323.68779  
7417.344015  
7462.748105  
7547.562806  
7441.166247  
7436.023239  
7378.268935  
7386.860062  
7383.408393  
7400.972549  
7382.075303  
7365.484094  
7413.527625  
7359.690661  
7403.684959  
7323.686755  
7297.003418  
7325.097267  
7330.527807  
7310.937757  
7238.677652  
7267.96515  
7243.35551  
7251.516933  
7248.239266  
7268.340324  
7306.669897  
7315.619828  
7298.394101  
7351.671271  
7337.422686  
7339.843626  
7335.693235  
7362.363563  
7378.332867  
7389.850313  
7343.192797  
7320.063352  
7325.707817  
7255.763771  
7302.00936  
7406.398214  
7425.970836  
7458.424788  
7477.083008  
7410.461169  
7391.479087  
7416.374975  
7383.554042  
7398.78456  
7346.005388  
7324.729923  
7338.088246  
7338.738405  
7341.01219  
7326.037747  
7264.143215  
7284.023438  
7298.907177  
7331.263275  
7277.344313  
7291.912821  
7293.998022  
7348.314693  
7315.591863  
7358.287308  
7347.780298  
7358.261959  
7326.044119  
7395.843973  
7370.841052  
7381.896997  
7333.242221  
7352.126895  
7370.68313  
7352.060597  
7351.995531  
7339.762331  
7326.23651  
7236.734499  
7331.243156  
7381.004469  
7448.730709  
7390.216987  
7399.102622  
7369.724096  
7360.806657  
7315.724411  
7395.39809  
7353.682195  
7324.666396  
7294.626432  
7315.903924  
7287.538856  
7357.016842  
7433.081435  
7404.325708  
7371.295485  
7346.914468  
7500.146087  
7382.523901  
7455.291686  
7419.591698  
7391.891693  
7358.552287  
7366.433271  
7336.397163  
7286.096762  
7346.780166  
7344.100214  
7341.581427  
7356.620605  
7347.091458  
7329.680623  
7325.478499  
7333.33631  
7287.668772  
7333.876854  
7284.49467  
7316.929977  
7378.751771  
7343.4748  
7357.981512  
7338.615499  
