10010.91786  
9885.22385  
9842.379684  
9852.483597  
9936.229004  
9915.778013  
9856.469238  
9886.544633  
9933.159758  
9852.09639  
9857.098777  
9954.154839  
9929.472692  
9891.199345  
9877.321651  
9898.599935  
9913.075557  
9999.081163  
9882.117043  
9816.785807  
9900.557653  
9895.55778  
9917.506004  
9910.222512  
9938.287797  
9870.410898  
9899.462221  
9869.491301  
10003.73774  
9934.54107  
9890.228642  
9836.617115  
9907.634531  
9966.849754  
9865.575033  
9938.265553  
9931.753888  
9870.060909  
9916.837529  
9942.566623  
9963.556641  
9911.211263  
9804.977051  
9898.758735  
9918.595179  
9890.462041  
9906.289352  
9858.893247  
9904.759024  
9904.56816  
9753.748047  
9942.668873  
9890.298069  
9947.938223  
9910.013817  
9890.968099  
9865.133952  
9967.896991  
9901.122902  
9906.968786  
9916.898401  
9856.337113  
9869.424642  
9880.587746  
9764.816569  
9924.672833  
9975.483471  
9876.892976  
9949.443594  
9913.878961  
9858.225893  
9971.922815  
10046.82292  
9926.491609  
9968.110026  
9993.630353  
9929.253508  
9908.577438  
9843.362323  
9968.485333  
9950.729782  
9877.347078  
9927.659596  
9869.501248  
9915.230125  
9798.406449  
9880.543041  
9952.952474  
9875.442564  
9840.868471  
9828.210612  
9894.198604  
9863.072193  
9994.797381  
9873.052969  
9951.943703  
9897.927065  
9851.606916  
9944.644947  
9846.460684  
9878.701732  
9830.455982  
9860.943088  
9781.371202  
9857.982548  
9900.720649  
9920.299407  
9953.998644  
9930.709238  
9847.149161  
9885.50821  
9910.411314  
9744.670663  
9978.726599  
9971.318088  
9948.734339  
9898.736183  
9909.000072  
9933.6977  
9882.224157  
9903.089753  
9822.771484  
9950.692365  
9906.157968  
9895.846246  
9917.596752  
9941.940412  
9925.091182  
9801.338578  
9784.52445  
9889.201027  
9924.411567  
9875.737938  
9908.488643  
9847.672273  
9911.050184  
9985.34668  
9954.470161  
9876.002803  
9874.492368  
9904.003707  
9873.654839  
9997.133536  
9903.474754  
9973.071361  
9956.05051  
9932.254702  
9901.395345  
9911.408836  
9923.620388  
9934.167408  
9940.437319  
9914.56731  
9851.914912  
9830.470558  
9963.34366  
9891.989873  
9857.480867  
9887.626429  
9958.198351  
10011.63618  
9923.036657  
9921.542842  
9882.288954  
9986.705765  
9830.182834  
9841.197573  
9916.708804  
9835.783963  
9831.033691  
9912.597295  
9887.935131  
9968.236328  
9843.419361  
9798.19468  
9894.781051  
9880.035482  
9894.664261  
9882.08355  
9819.185981  
9950.95289  
9928.978678  
9949.593786  
9938.476147  
9944.412236  
9897.877695  
9902.343551  
9867.506727  
9879.765028  
9882.499023  
9908.256402  
9904.809588  
9875.200539  
9873.380914  
9891.499964  
9867.625995  
9885.82827  
9865.564996  
9941.961806  
10006.49139  
9836.022588  
9866.292824  
9891.679525  
9845.93929  
9941.083767  
9939.169705  
9913.987956  
9828.049841  
9884.019242  
9894.010218  
9937.50727  
9919.576751  
9924.685131  
9868.942907  
9883.372522  
9894.06297  
9848.167734  
9976.471137  
10036.94285  
9993.655093  
9988.759766  
9931.09451  
9876.169325  
9883.547689  
9914.629467  
9956.725224  
10030.82639  
9936.951787  
9907.1452  
9842.521539  
9946.394314  
9948.704554  
9869.461136  
9897.337475  
9882.148438  
9869.340314  
9873.98924  
9960.17938  
9914.103968  
9935.168873  
9853.351942  
9823.855433  
9862.442256  
9937.304543  
9790.807762  
9893.075087  
9905.341923  
9892.125723  
9937.125072  
9912.811306  
9908.868218  
9923.043059  
9854.999204  
9926.595124  
9890.73499  
9889.203613  
9897.378888  
9797.542625  
9839.489348  
9899.993544  
9817.956778  
9949.45544  
9892.9477  
9791.579445  
9856.963921  
9880.573459  
9979.915365  
9970.394712  
9940.752821  
9904.848145  
9860.851418  
9840.309986  
9826.635344  
9966.828758  
10075.93526  
9939.817057  
9879.983959  
10032.51917  
9910.082321  
9896.387117  
9874.535536  
9864.004883  
9903.687319  
9911.588126  
9884.238607  
9824.8125  
9866.088216  
9918.618526  
9930.075611  
9961.216833  
9951.356228  
9874.421748  
9894.941533  
9893.316623  
9795.073803  
9892.032263  
9938.919198  
9923.549732  
9895.541721  
9910.344763  
9936.776512  
9971.880317  
9943.228027  
9892.925998  
9874.832917  
9958.103534  
9904.749946  
9890.093171  
9978.899776  
9999.316768  
9886.008753  
9848.859701  
9851.764775  
9876.307038  
9879.696741  
9774.097168  
9917.917499  
9991.310728  
9988.579861  
9914.476165  
9914.944716  
9867.700611  
9894.791703  
9921.405997  
9904.340061  
9869.214337  
9910.935077  
9951.33865  
9957.570403  
9868.402922  
9850.926161  
9847.728226  
9896.330765  
9903.036476  
9900.621311  
9804.716309  
9923.128653  
9853.28474  
9894.678223  
9884.860713  
9862.353443  
9881.245461  
9910.81033  
9886.315954  
9847.184263  
9850.622287  
9925.430917  
9839.521557  
9984.843207  
9946.809209  
9933.124693  
9933.533746  
9852.597964  
9842.143464  
9982.212565  
9955.227521  
9959.276223  
9907.044813  
9919.233887  
9906.75161  
9976.570584  
9965.776186  
9948.367441  
9860.399342  
9888.108995  
9900.707718  
9870.859809  
9923.369068  
9858.541685  
9890.491699  
9883.569318  
9855.098579  
9841.801704  
9896.77219  
9901.563314  
9941.594365  
9959.132559  
9928.988137  
9894.250723  
9927.066316  
9967.09205  
9870.835449  
9846.167752  
9858.96394  
9899.888093  
9787.705548  
9823.87623  
9894.396918  
9890.736654  
9987.589084  
9848.826172  
9890.262768  
9762.359845  
9954.647678  
9958.477503  
9984.067907  
9942.6216  
9962.763618  
10012.56019  
9937.793258  
10017.70768  
9924.471047  
9965.229384  
9915.084057  
9866.927897  
10022.16475  
9906.334744  
9890.228787  
9843.29192  
9895.795265  
9860.209581  
10038.36617  
9795.993887  
9811.507614  
10041.86077  
9882.829536  
9912.090025  
9909.976345  
9904.000651  
9893.303186  
9937.370226  
9895.509133  
9848.747468  
9951.976599  
9824.394188  
9837.621926  
9868.91475  
9862.232313  
9909.16352  
9876.926053  
9888.172743  
9901.315611  
9862.341905  
9914.829337  
9905.760579  
9859.222891  
9819.327944  
9881.455566  
9899.248698  
9916.22338  
9868.32024  
9926.850658  
9942.748192  
9859.119611  
9782.387117  
9872.696741  
9863.473687  
9947.489457  
9953.126953  
9928.253725  
9900.131203  
9855.015498  
9860.206272  
9955.251989  
10019.04134  
9874.777615  
9780.904387  
9907.499837  
9924.928476  
9871.366536  
9920.383409  
9948.978552  
9944.870841  
9860.142108  
9915.012026  
9890.720034  
9818.56382  
9918.592683  
9924.030436  
9912.897732  
9955.138491  
9963.681062  
9988.761646  
9879.936722  
9900.757216  
9927.156304  
9905.870153  
9924.627713  
9920.117079  
9924.599103  
9989.772027  
9935.529803  
9941.910518  
9899.565321  
9943.828234  
9854.636954  
9895.688856  
9829.284505  
9878.416829  
9856.040491  
9868.251085  
9908.272551  
9872.663411  
9856.715115  
9857.173177  
9918.657878  
9832.523709  
9953.65531  
10039.26917  
9873.955512  
9861.480686  
9747.174588  
9904.650481  
9923.487666  
10053.0485  
9922.317184  
9938.893953  
9909.309028  
9986.259983  
9968.677716  
9880.424497  
9868.796097  
9778.327872  
9867.12236  
9927.197284  
9932.204282  
9903.096463  
9866.096861  
9885.016837  
9955.83516  
9927.546803  
9865.681695  
9845.517614  
9833.270074  
9939.893392  
9885.64728  
9924.966001  
9900.464012  
9829.324074  
9918.409776  
9855.149125  
9943.559426  
9853.522606  
9861.244032  
9827.736147  
9895.114005  
9921.996275  
9877.857928  
9914.718226  
9936.695349  
9911.180122  
9796.983471  
9836.498535  
9945.820349  
9996.388021  
9945.619719  
9956.554235  
9895.04872  
9945.027488  
9862.144604  
9884.439652  
9884.062066  
9877.80042  
9877.06382  
9932.382794  
9883.126121  
9958.133952  
9868.293204  
9922.892976  
9909.316189  
9874.972295  
9866.188983  
9857.517831  
9871.586155  
9885.880281  
9859.903501  
9961.651928  
9979.551161  
9956.316063  
9978.865506  
9940.125615  
9937.760145  
9857.500995  
9831.45298  
9900.863498  
9899.399396  
9931.018338  
9926.947193  
9920.75935  
9892.876881  
9955.334816  
9846.03852  
9812.280002  
9939.595884  
9938.534668  
9926.946144  
9901.088144  
9834.868291  
9903.044289  
9832.179  
9965.771105  
9970.083641  
9919.535482  
9886.004521  
9889.537688  
9898.006149  
9885.92683  
9984.76633  
9914.606843  
9888.931424  
9894.203812  
9854.552535  
9927.230812  
9977.302517  
9869.213813  
9865.351237  
9922.051523  
9882.494936  
9924.095378  
9834.565828  
9864.466887  
9787.016819  
9955.987196  
9924.326262  
9889.796748  
9880.945982  
9890.124765  
9964.696633  
9980.494358  
9943.342828  
9913.061632  
9861.376429  
9851.274468  
9826.959238  
9972.801505  
9932.842954  
9919.090025  
9891.09205  
9858.535807  
9936.536115  
9885.412037  
9866.782697  
9928.140752  
9889.558142  
9910.765227  
9869.013817  
9843.91106  
9905.033077  
9853.696705  
9867.345215  
9871.7043  
9890.650192  
9951.750651  
9928.453505  
9903.518482  
9897.607982  
9895.986473  
9911.511882  
9867.861093  
9942.935022  
9964.364439  
9902.195005  
9874.137804  
9877.659903  
9871.479655  
9885.050709  
9896.795085  
9918.934697  
9906.477123  
9875.330621  
9949.209382  
10004.20407  
9913.865451  
9998.637225  
9907.617079  
9937.103751  
9855.193594  
9795.034505  
9881.346734  
9950.001935  
9926.018953  
9914.595486  
9887.177915  
9915.933449  
9955.904695  
9929.432111  
9855.784216  
9913.215025  
9883.922002  
9929.520761  
9895.481029  
9922.679868  
9946.785518  
9932.790148  
9916.285265  
9878.426685  
9870.382975  
9992.983471  
9930.722258  
9852.597909  
9897.08252  
9930.461227  
9908.829644  
9872.985786  
9893.743074  
9860.711589  
9946.003581  
9916.165998  
9913.822103  
9879.514287  
9829.676848  
9859.597566  
9930.026277  
9960.065484  
9904.106301  
9790.192962  
9915.351472  
9931.770146  
9836.04154  
9928.205964  
9848.156793  
9961.343497  
10021.07315  
9885.173973  
9863.012731  
9882.370678  
9914.781557  
9896.140553  
9886.589645  
9863.685601  
9867.069842  
9909.261918  
9854.074382  
9908.379756  
9963.778284  
9888.875705  
9880.083767  
9879.248137  
9863.291866  
9937.080693  
9900.001827  
9911.298792  
9896.411259  
9877.5102  
9955.856952  
9852.690737  
9913.784921  
9978.114131  
9884.713777  
9881.340748  
9864.101327  
9912.105396  
9967.849193  
9984.035843  
9903.702709  
9944.791341  
9944.965007  
9854.921766  
9834.712366  
9850.182635  
9844.645725  
9879.985352  
9882.560746  
9874.433322  
9908.887731  
9939.07194  
9857.319734  
9988.627387  
9899.389775  
9847.617857  
9946.633898  
9976.189525  
9927.620425  
9903.738372  
9917.107295  
9877.629702  
9965.946832  
9951.473072  
9836.380679  
9875.121003  
9872.148076  
9883.316099  
9858.699291  
9821.441678  
9901.00548  
9972.730559  
9949.697627  
9838.460648  
9914.525517  
9823.373137  
10022.18023  
9920.404279  
9914.629847  
9908.867784  
9940.550094  
9930.818142  
10006.332  
9898.79031  
9875.590242  
9926.319354  
9847.445222  
9878.717177  
9887.65238  
9881.184263  
9876.554398  
9875.20553  
9896.597349  
9864.42164  
9925.135778  
9877.665274  
9883.568956  
9876.576841  
9882.109827  
9910.376175  
9892.718551  
9857.090639  
9850.398202  
9943.692401  
9963.728606  
9937.022208  
9877.608742  
9906.692419  
9881.765752  
9844.020725  
9886.308775  
9917.728389  
9875.491048  
9922.924696  
9921.909469  
9906.059679  
9862.777669  
9943.364149  
9921.213252  
9825.969473  
9940.24868  
9894.88019  
9855.907299  
9905.494267  
9905.820548  
9948.035012  
9933.778628  
9893.447555  
9998.994629  
9953.133464  
9944.235442  
9861.883934  
9886.914768  
9916.211281  
9920.952365  
9879.145237  
9937.725025  
9919.788647  
9907.558974  
9885.971842  
9907.767126  
9838.52096  
9891.77964  
9923.222783  
9897.893519  
9849.127912  
9827.491952  
9981.105396  
9903.264558  
9864.805845  
9866.884512  
9909.281738  
9938.716779  
9908.526657  
9922.227141  
9817.524107  
9902.216508  
9844.872143  
9877.692383  
9900.245949  
9931.516041  
9943.980758  
9878.044253  
9883.786458  
9901.764504  
9932.700231  
9885.510923  
9851.856355  
9937.826298  
9882.227467  
9930.437916  
9959.505679  
9926.963505  
9948.939562  
9940.226219  
9897.335684  
9879.420139  
9830.078812  
9948.681279  
9874.43844  
9804.328993  
9816.19515  
9934.252279  
9902.311071  
9914.055881  
9910.338777  
9864.828143  
9917.712023  
9916.815448  
9929.809842  
9910.609357  
9844.940303  
9875.723126  
9910.362938  
9866.016909  
9941.916323  
9868.31977  
9870.907534  
9826.475568  
9965.843678  
9890.187464  
9887.412923  
9952.9122  
9878.39294  
10010.2273  
9908.50434  
9929.20667  
9895.843406  
9901.751031  
9899.496799  
9910.833677  
9924.740686  
9863.760543  
9858.474682  
9912.979221  
9953.345269  
9927.866717  
9990.723669  
9889.71224  
9953.709455  
9904.859719  
9969.260887  
9916.081814  
9910.302011  
9861.348199  
9874.273419  
10036.49085  
9948.488498  
9941.544452  
9964.06722  
9962.065448  
9951.421152  
9864.466309  
9851.436523  
9869.267994  
9891.092954  
9916.479818  
9978.877532  
9918.545501  
9830.553476  
9830.742748  
9849.964952  
9955.4932  
9907.06807  
9912.731047  
9873.635272  
9906.468913  
9877.166413  
10027.17079  
9754.6014  
9893.838035  
9940.712276  
9839.140444  
9862.726653  
9971.153103  
9952.16352  
9981.783474  
9906.205892  
9866.139413  
9924.643808  
9919.02946  
9849.170862  
9848.197284  
9910.411621  
9892.54333  
9929.623553  
9949.606102  
9900.051523  
9890.297779  
9898.479854  
9884.343895  
9805.493508  
9869.383536  
9911.107313  
9865.491591  
9923.123571  
9867.102268  
9883.231717  
9856.221752  
9911.89001  
9864.505136  
9914.106554  
9910.166703  
9921.819318  
9868.014504  
9942.105632  
9886.528121  
9923.179868  
9930.655328  
9946.186487  
9869.778809  
9905.58941  
9909.836444  
9871.664316  
9779.630606  
9812.188694  
9836.283058  
9840.208785  
9810.712059  
9887.907028  
9864.560294  
9927.965314  
9890.004051  
9898.840133  
9923.475423  
10011.1023  
9944.653176  
9977.998481  
9998.169126  
9898.513979  
9939.93911  
9952.868508  
9893.945349  
9949.47338  
9897.865795  
9918.05127  
9887.133409  
9910.963849  
9899.019748  
9954.46318  
9854.154423  
9852.253346  
9902.308793  
10011.06892  
9881.339518  
9930.400065  
9867.322609  
9926.991301  
9920.398582  
9872.704753  
9946.946217  
9968.534831  
9900.945421  
9951.519188  
9873.892904  
9909.845848  
9880.830856  
9909.964301  
9855.203035  
9906.625181  
9931.580006  
9867.311957  
9974.4239  
9866.253581  
9895.057436  
9859.524848  
9943.274125  
9881.660753  
9875.534776  
9827.139938  
9965.461227  
9991.207863  
9983.666305  
9902.575846  
9884.670464  
9771.614837  
9906.8497  
9910.106174  
9928.051685  
9919.344564  
9900.239222  
9863.084436  
9891.162706  
9966.149993  
9957.732205  
9917.101689  
9937.463108  
9854.449508  
9803.577438  
9950.910409  
9857.989095  
9843.005082  
9855.277072  
9792.246835  
9863.832737  
9900.741428  
9941.806532  
9868.20667  
9932.855849  
9951.073712  
9886.920085  
9928.605179  
9914.652072  
9964.460051  
9918.117097  
9877.100369  
9853.881872  
9887.525065  
9844.239692  
9892.433232  
9918.777507  
9900.635362  
9982.219871  
9909.895942  
9915.471318  
9958.604366  
9939.688838  
9858.61849  
9849.269115  
9846.913194  
9921.810203  
9941.916811  
9894.330711  
9892.350857  
9911.244502  
9930.377894  
9976.120877  
9937.837818  
9882.432057  
9945.748137  
9876.610388  
9929.705313  
9917.476074  
9879.239837  
9870.789171  
9916.945909  
9916.246528  
9930.558757  
9935.506366  
9986.866356  
9867.906774  
9913.189164  
9865.158221  
9884.770417  
9896.999656  
9901.465748  
9864.301794  
9792.492839  
9892.272172  
9886.771032  
9826.682002  
9715.823966  
10072.70631  
9988.174552  
10010.60583  
9993.25094  
9967.862558  
9900.081814  
9924.230433  
9971.0574  
9925.690068  
9881.004937  
9910.828631  
9952.282371  
9857.117296  
10000.1726  
9818.896629  
10004.93233  
9959.305085  
9919.059118  
9961.36603  
9871.678801  
9882.5321  
9912.902109  
9986.598832  
9917.74452  
9879.142813  
9862.428367  
9942.40672  
9894.969329  
9893.08006  
9882.9577  
9901.913231  
9899.10111  
9827.678602  
9832.975441  
9838.8733  
9875.812211  
9850.36122  
9937.37623  
9833.232928  
9864.750922  
9917.383192  
9878.782317  
9899.779333  
9881.863751  
9837.656612  
9874.978715  
9906.947284  
9865.065629  
9834.010598  
9910.569444  
9877.613516  
9898.91343  
9965.943866  
9972.94958  
9976.255606  
9840.441714  
9858.010598  
9845.027525  
9950.184154  
9932.309082  
9879.263473  
9911.304706  
9862.666902  
10047.18949  
9902.32071  
9883.227666  
9963.866356  
9945.719672  
9879.77049  
9799.756221  
9843.088885  
9884.032407  
9897.579065  
9855.798123  
9849.697971  
9884.029532  
9919.603678  
9910.696018  
9869.767018  
9863.047146  
9883.470595  
9985.314254  
9916.814345  
9907.714229  
9903.741265  
9944.449942  
9938.863534  
9916.754738  
9950.833207  
9890.617622  
9873.486726  
9895.514829  
9811.897877  
9828.039587  
9903.443504  
9876.049262  
9932.477539  
9868.414641  
9872.888708  
9905.171477  
9889.015082  
9881.248553  
9890.540437  
9852.477214  
9909.572917  
9879.005281  
9943.517289  
9942.700394  
9920.565972  
9945.27105  
9886.270363  
9951.654279  
9954.850568  
9927.262948  
9883.922038  
9886.999656  
9798.451732  
9951.380877  
9902.739963  
9840.937355  
9881.582538  
9888.148709  
9953.857784  
9902.172291  
9928.14681  
9923.506275  
9869.624023  
9812.426034  
9933.194933  
9943.474826  
9914.523492  
9911.599447  
10011.82986  
9786.129738  
9985.629051  
9974.013527  
9990.247468  
9952.584274  
9872.977232  
9791.050745  
9881.393211  
9859.867766  
9810.100532  
9964.30042  
9908.80429  
9922.990054  
9919.825702  
9921.440032  
9884.334075  
9913.213017  
9807.901765  
9842.144604  
9779.321325  
9918.551143  
9884.23499  
9837.237142  
9863.484899  
9881.660446  
9834.970486  
9890.954138  
9862.327926  
9906.462764  
9946.533927  
9969.019133  
9835.61849  
9909.972168  
9895.961498  
10016.15231  
9907.052427  
9899.451335  
9857.983417  
9899.425872  
9916.087999  
9711.521719  
9967.840838  
9882.548231  
9900.494954  
9884.469274  
9973.888057  
9935.917933  
9974.705132  
9904.759205  
9956.204771  
9886.06798  
9866.3142  
9901.348271  
10026.76468  
9883.319463  
9910.655382  
9954.437862  
9965.307292  
9971.115614  
9935.276892  
9821.659198  
9995.986183  
10037.10853  
9948.637948  
9994.567437  
9913.018012  
9922.866121  
9847.745515  
9912.011592  
9839.801957  
9939.045935  
9962.825919  
9927.057834  
9945.699689  
9879.879593  
9895.799334  
9883.610514  
9931.435294  
9943.136538  
9903.489475  
9896.810221  
9880.789659  
9930.389214  
9836.461751  
9865.275264  
9974.984845  
9871.054886  
9855.775065  
9890.222186  
9927.265932  
9874.928458  
9892.772642  
9775.798503  
9890.094564  
9881.103516  
9921.762641  
9920.936306  
9919.201497  
9871.448387  
9899.459979  
9935.637171  
9903.613028  
9824.798683  
9884.797092  
9853.933847  
9984.097656  
9955.14077  
9928.725821  
9804.182328  
9950.216923  
9888.946705  
9815.336263  
10010.65242  
9946.154857  
9882.30391  
9896.957411  
9863.176016  
9911.582357  
9910.382433  
9973.600875  
9877.673792  
9967.312572  
9782.654912  
9989.66663  
9839.621528  
9927.537146  
9924.49707  
9806.466652  
9841.387641  
9950.265661  
9959.20685  
9810.568793  
9888.03248  
9923.201823  
9912.969962  
9954.546803  
9909.171531  
9867.010453  
9820.102069  
9898.554235  
9844.135688  
9862.887894  
9909.601635  
9928.521484  
9894.958641  
9866.207266  
9885.378725  
9884.970432  
9853.93202  
9859.218732  
9962.6469  
9933.828704  
9948.813603  
9922.115705  
9963.73376  
9986.320168  
9931.432436  
9949.523853  
9915.32798  
9914.643916  
9943.940086  
9982.097729  
9959.940791  
9914.245515  
9816.232548  
9846.922164  
9850.290509  
9926.624349  
9943.884639  
9868.862467  
9926.083713  
9926.02002  
9904.526964  
9962.030201  
9961.779876  
9990.208858  
9952.336444  
9867.463017  
9805.965332  
9878.297436  
9879.422544  
9805.415021  
9922.352557  
9846.378997  
9917.443956  
9866.608525  
9874.815954  
9889.198712  
9832.16947  
9904.432075  
9946.077148  
9898.079427  
9944.146448  
9909.751212  
9809.88869  
9835.312988  
9812.752658  
9886.265535  
9903.471625  
9866.954789  
9789.986003  
9845.598814  
9941.169036  
9839.234158  
9878.725459  
9922.117694  
9950.376483  
9901.167987  
9823.670718  
9861.047996  
9906.649812  
9882.70544  
9843.600387  
9852.977684  
9867.447953  
9895.237775  
9853.910355  
9918.902724  
9832.762804  
9877.099573  
9883.821289  
9966.46705  
9965.217014  
9936.110858  
9941.723416  
9973.56731  
9914.681677  
9889.478262  
9845.132812  
9860.016692  
9831.683919  
9898.051505  
9903.999891  
9920.391186  
9940.978534  
9848.630389  
9973.556496  
9954.99839  
9954.504883  
10027.55646  
9938.655635  
9951.807201  
9933.420338  
9934.297309  
9938.689471  
9876.829518  
9924.116717  
9934.451696  
9956.205512  
9904.173521  
9950.537869  
9934.181442  
9863.308142  
9879.258409  
9843.529532  
9897.327257  
9904.057907  
9857.72262  
9896.059534  
9921.685022  
9925.002948  
9916.069698  
9833.843859  
9878.553331  
9871.244683  
9893.197519  
9928.804796  
9954.530201  
9899.54031  
9875.160862  
9980.931641  
9949.247848  
9935.48555  
9876.944246  
9892.556785  
9943.903483  
10002.47385  
9927.220631  
9927.949996  
9844.048249  
9929.883879  
9891.340929  
9859.654984  
9870.219636  
9822.286241  
9890.726472  
9860.505624  
9843.211372  
9852.440158  
9895.852069  
9878.095197  
9895.928096  
9780.966508  
9997.757812  
9977.342086  
9942.236871  
9918.846119  
9885.491211  
9811.932436  
9825.295718  
9925.666124  
9894.681424  
9951.035807  
9942.160789  
9926.149486  
9891.812265  
9898.841363  
9941.477611  
9922.53776  
9906.542408  
9878.124693  
9888.085051  
9885.918457  
9913.59856  
9941.297056  
9897.421929  
9941.582104  
9943.831778  
9964.603244  
9883.199779  
9930.667752  
9936.285807  
9970.16692  
9946.693902  
9845.583966  
9795.330838  
9936.56798  
9810.18457  
9860.922635  
9854.873192  
9824.40361  
9798.187988  
9911.095866  
9827.942654  
9962.786748  
9894.030653  
9955.621781  
9963.000127  
9954.709617  
9922.459979  
9928.572826  
9897.175655  
9861.685728  
9893.620425  
9931.891927  
9948.457628  
9897.24282  
9935.054688  
9811.973796  
9879.727774  
9844.289768  
9892.308666  
9825.019857  
9870.772949  
9768.492151  
9847.11225  
9896.821325  
9861.616862  
9920.048683  
9900.723651  
9943.519784  
9989.621817  
10023.48944  
10001.84701  
9943.524667  
9898.048032  
9962.701172  
9986.509295  
9961.735243  
9957.406467  
9729.338759  
10023.51053  
9924.387713  
9861.6352  
9899.993056  
9847.562138  
9870.008644  
9974.883717  
9927.366753  
9861.367332  
9956.940177  
9934.1369  
9883.583442  
9961.877948  
9894.196379  
9890.179199  
9899.947501  
9935.998698  
9854.758247  
9877.355523  
9893.57657  
9884.883409  
9826.756492  
9884.504395  
9873.32062  
9910.554199  
9920.697537  
9961.693323  
9808.0727  
9852.914894  
9823.832393  
9901.302861  
9963.370786  
9844.541377  
10002.92763  
9968.63321  
9930.55957  
9908.046586  
9919.912037  
9887.768573  
9914.509133  
9943.096137  
9867.752894  
9968.338958  
9895.809263  
9984.265444  
10009.89594  
9946.103335  
9959.321144  
9935.245515  
10003.03819  
9889.090712  
9912.080657  
9934.13133  
9934.019115  
9836.095251  
9815.751465  
9852.144513  
9790.208695  
9799.652941  
9944.702257  
9994.91692  
9915.821506  
9881.92551  
9828.059263  
9828.04957  
9817.254919  
9755.100622  
9697.30447  
9728.652669  
9845.125217  
9802.886212  
9833.883536  
9897.827655  
9818.81042  
9881.16097  
9900.197465  
9919.583044  
9902.351581  
9938.288032  
9938.753979  
9942.878653  
9922.001917  
9952.891963  
10005.14833  
10017.44285  
9927.548738  
9911.619557  
9871.447012  
9973.315177  
9921.077691  
9998.129196  
9926.614041  
9920.397334  
9822.921242  
9855.866772  
9876.851617  
9913.293981  
9878.694987  
9904.578396  
9971.856301  
10069.63238  
10003.58156  
9917.927807  
9866.321343  
9912.41361  
9880.336082  
9844.419397  
9833.839862  
9779.202564  
9822.551071  
9915.947899  
9885.143681  
9908.25812  
9946.874023  
9903.62292  
9891.888979  
9888.33214  
9894.993037  
9977.731445  
9860.050022  
9749.953722  
9906.663357  
9898.277181  
9845.216706  
9837.805736  
9828.968334  
9890.444173  
9920.379015  
9949.162182  
9852.64898  
9916.278791  
9921.743833  
9895.180176  
9991.950919  
9977.678024  
9909.68665  
9878.616283  
9890.008355  
9973.515715  
10031.83814  
9954.106264  
9940.501628  
9847.333731  
9840.805067  
9822.071072  
