9138.78609  
9156.708008  
9003.995436  
8947.949813  
8969.434676  
8998.009256  
8906.069697  
8902.543011  
9030.100543  
9024.39313  
9024.124172  
9021.379373  
8992.34065  
8981.625616  
9004.194209  
9102.318763  
9104.620712  
8901.034965  
9019.894659  
9034.270104  
9006.156292  
8992.612135  
8992.822266  
8929.1875  
8989.261167  
9035.689389  
9027.245329  
9038.628779  
9036.64623  
9018.391814  
9083.553796  
9077.837126  
9024.345385  
8990.142281  
9008.343516  
9047.145656  
9015.098675  
8990.436078  
9109.259829  
8958.660814  
9011.435271  
9140.68508  
9119.722423  
9039.589653  
8932.29057  
9094.827148  
9101.420814  
8928.862517  
9085.370881  
8995.941852  
9032.311481  
8975.393236  
9046.464483  
9105.376868  
9017.211702  
9047.767217  
9072.765243  
9008.822202  
9026.655358  
9006.320546  
9090.270593  
9093.573858  
8985.657842  
9060.006878  
8980.181386  
9057.33874  
9011.87914  
9014.764606  
8990.703613  
8975.636039  
8995.397992  
9068.007154  
9010.74448  
9040.999851  
8973.891474  
8995.743122  
8977.019892  
8991.983929  
9032.993079  
8990.959112  
9051.027556  
8995.844663  
9059.770126  
9030.201384  
9038.43612  
9003.934337  
9047.836107  
8954.860118  
8976.89485  
9003.179093  
9041.093389  
8976.753333  
9012.242612  
9026.076427  
9047.653745  
9003.19614  
9030.784052  
9037.166419  
9061.312203  
9029.204293  
9079.687861  
8956.416143  
9034.971871  
9038.789848  
8992.964695  
8972.97393  
8974.542629  
8961.279085  
8976.576044  
8972.860182  
9031.234502  
9001.075747  
9007.825981  
9040.690982  
8968.853261  
8964.274499  
9002.887993  
9119.798488  
8969.480129  
8984.974652  
8990.18474  
9025.991062  
9056.340247  
9024.751783  
9031.584876  
8994.088676  
9003.7317  
9072.285878  
9006.382218  
8998.407927  
8998.530868  
8977.716287  
9018.711107  
8921.702085  
9042.440493  
8994.016495  
8994.57199  
9069.858568  
9036.737199  
9008.531951  
9005.532375  
9031.847232  
8986.340629  
9047.132367  
8992.12551  
9039.567956  
8984.137016  
9045.187606  
8997.738111  
9026.074601  
9011.497665  
8999.907566  
9051.388693  
9017.423128  
9038.496179  
9052.827807  
9037.235288  
9055.632176  
9055.26692  
9014.529509  
8969.631411  
9005.391474  
9036.371179  
8966.710492  
9082.06405  
9014.210279  
8982.05093  
9021.409392  
8913.638587  
9026.373705  
9064.002696  
8936.416971  
9054.784137  
9028.829569  
8921.095809  
8998.727327  
8971.934464  
8995.75172  
9018.019213  
9007.921408  
9020.324665  
8985.172278  
8980.089525  
8990.33046  
9075.709239  
9009.252399  
9015.022631  
9095.803668  
9068.246879  
9067.533946  
9009.931152  
8979.712806  
8959.935526  
8917.161303  
8892.37483  
8981.765158  
8986.597635  
8968.189474  
8902.347019  
8988.509256  
9041.541249  
9053.695716  
9053.878927  
8974.197457  
9023.821756  
9014.119629  
8979.076342  
9040.84116  
9015.935738  
9019.639309  
9102.208581  
9068.933063  
9055.674592  
9018.067107  
9027.052373  
9073.339759  
9043.637037  
8999.522142  
9004.989491  
9003.402938  
9002.791249  
9042.709727  
9028.106339  
9018.963591  
9037.701151  
8963.947839  
9024.784541  
8962.896994  
9051.347656  
8981.243228  
9074.838612  
8992.242315  
9083.129777  
9087.762525  
9064.473909  
9088.696268  
9056.285581  
9013.519361  
8961.795707  
9034.652386  
9056.567213  
9037.172767  
8867.394043  
9009.752208  
9003.361349  
9055.960916  
9087.080439  
9008.314305  
9047.677968  
8982.872431  
8983.852475  
9012.449431  
9154.355129  
9060.648756  
8991.346276  
9010.977942  
9051.049529  
9121.120329  
9034.547172  
9010.016878  
8951.38277  
8991.398841  
9074.273055  
8981.964525  
9058.175208  
8998.036642  
8929.609778  
8905.766962  
8964.647312  
8980.419964  
9033.932723  
8983.47047  
8929.342179  
9029.058827  
8966.553392  
9008.185865  
8922.037598  
8967.005435  
9062.454505  
9041.293606  
9090.955481  
8973.742336  
9062.630159  
8997.426482  
9020.705694  
9088.254543  
9039.108271  
9101.939007  
9032.8377  
8901.054114  
9000.395508  
9025.214886  
9097.359736  
9056.753312  
9128.866126  
9018.868228  
8992.222147  
9069.015158  
8998.839483  
8979.35757  
9073.377208  
9001.136103  
9089.558275  
9056.303711  
9054.794625  
9071.843156  
9003.979365  
9015.318338  
8992.31819  
8900.05577  
8940.631921  
9004.507982  
9008.065111  
9041.387101  
9079.638269  
8966.465396  
9055.746327  
9042.496582  
9037.778278  
8996.314305  
8960.043882  
8943.788086  
9045.83632  
9059.224312  
8953.126847  
9014.615043  
9034.513375  
9017.030847  
9004.149711  
9013.559613  
8980.89848  
8978.552013  
9001.248089  
9073.654382  
8986.187415  
9021.780167  
8932.021994  
8981.752526  
9023.707711  
9043.388269  
9081.134001  
9033.034838  
9019.915633  
9023.634617  
9011.961596  
9042.743992  
8979.481084  
8999.477624  
8941.246624  
8962.308148  
8962.200344  
9014.430303  
9038.759192  
9042.022843  
8982.021399  
9017.967773  
9024.015731  
8901.119268  
8977.497219  
8929.689156  
8936.80369  
8989.380095  
9018.530189  
9052.42024  
9012.207604  
8991.804093  
9045.662003  
9040.726499  
9003.318317  
9097.109205  
9193.455927  
9121.286982  
9080.348314  
9042.713825  
9001.306046  
8985.2203  
9004.832201  
8873.85653  
8967.76864  
8963.860755  
9025.63139  
9070.432193  
9165.41264  
9079.826809  
9034.768618  
9126.746922  
8890.522482  
9090.728558  
9027.824983  
9120.133874  
8985.006793  
9012.29023  
8946.872686  
9105.21788  
9072.729407  
9026.571947  
8978.868228  
8950.673425  
9025.942383  
9012.049019  
8966.193954  
8966.258237  
9095.651452  
9062.141092  
8882.424083  
9123.595045  
9075.186481  
8989.798573  
8981.720618  
8999.115638  
8944.250064  
8948.104216  
8899.17196  
9140.220682  
8994.933063  
9017.395508  
8918.187691  
9002.608781  
8992.208772  
8985.12103  
8919.38156  
9113.795792  
9056.374851  
9084.555324  
8956.324113  
9023.789381  
9021.638672  
8924.39347  
8982.50225  
8954.551227  
8966.27331  
9067.618589  
9044.75828  
9051.004501  
9118.461872  
8999.430685  
9086.841542  
8984.529106  
9052.354917  
9020.345894  
9049.508513  
8905.676461  
9006.103537  
9071.127144  
9062.387547  
9010.759978  
8928.611456  
8932.876125  
8992.580609  
8964.721637  
9044.231275  
9064.435547  
9037.371688  
8873.628418  
9035.6174  
9087.962211  
9046.154743  
9005.722041  
8980.610118  
8946.636506  
8942.205206  
8994.3011  
9069.808573  
9058.301015  
9129.03747  
9014.230108  
9022.732719  
9045.233865  
9118.14434  
9000.170792  
9015.789445  
8972.857719  
9064.751337  
9026.07804  
9067.334473  
9031.996412  
9077.020189  
9028.606658  
9027.194463  
9012.772652  
9026.154318  
8961.040018  
8994.495181  
9009.065748  
8978.104428  
8880.530762  
8906.6692  
8958.688073  
8930.766156  
8981.351584  
9020.404594  
8996.308657  
8972.213761  
8980.994884  
8915.663107  
8979.30507  
9052.867931  
9062.565451  
9009.868504  
9096.099015  
8999.637165  
9030.10445  
8961.533819  
8883.250616  
8903.735288  
8942.03781  
8927.309379  
9068.629225  
8946.849333  
9070.566597  
8990.422682  
9128.319548  
9044.697223  
8996.800123  
9032.226308  
9057.010211  
9025.182129  
9192.39676  
9068.912959  
9203.440069  
9109.636209  
9092.509447  
9053.934188  
9043.585555  
8991.853834  
9062.923043  
9013.307914  
9045.349673  
9016.320249  
8982.34462  
8967.972423  
9036.653193  
9021.489767  
8956.246455  
9046.638672  
9043.007791  
9016.398798  
9107.455651  
9069.667926  
9123.058254  
9006.78263  
9093.700365  
9029.484609  
9017.671387  
9014.015498  
9012.536409  
8977.941703  
9041.236392  
9023.306067  
8990.324155  
9030.643703  
9061.327849  
8965.109354  
8985.362538  
8974.872049  
9029.648013  
8983.508322  
9030.419306  
9084.643703  
9054.850013  
8978.273225  
9055.829866  
9121.927756  
9065.098336  
9005.028681  
9003.191321  
8941.039572  
8970.172257  
8994.010233  
8997.526877  
9007.40453  
9031.056152  
9079.234715  
9018.736264  
9095.87984  
9062.001932  
9026.449325  
9022.730808  
9095.354089  
8862.093304  
8989.472826  
9056.832031  
8992.480299  
9027.707902  
8984.70132  
8942.32804  
8959.657142  
9006.013608  
9055.32976  
9076.772949  
9026.997898  
8998.587593  
9022.243015  
9010.458241  
8998.125531  
9060.862305  
9045.058127  
9026.649181  
8993.563944  
8972.560844  
8999.871349  
8978.14192  
9085.758895  
9014.948242  
9015.964674  
8956.618843  
9024.23654  
9039.339547  
9021.990935  
9022.19302  
8984.761889  
8975.581713  
8869.006815  
8975.926715  
8989.603261  
9055.335301  
9080.474694  
8997.257834  
9117.050824  
9087.13899  
9094.083539  
9005.352688  
9093.427543  
9034.608887  
8976.07734  
8982.177034  
8976.837041  
8952.809846  
9009.219833  
8984.48671  
9043.936651  
9016.073837  
8992.643576  
8939.344918  
8971.099694  
8990.180919  
9030.692107  
8968.292693  
9010.755881  
9057.009426  
9075.124384  
9029.229025  
9028.960959  
9044.747346  
9016.372792  
9009.052246  
9120.231127  
9039.772227  
9029.478855  
8994.450747  
8977.157269  
8986.905804  
8980.417778  
9028.94147  
8967.231297  
9000.767981  
9022.495308  
9061.008513  
9114.825896  
9033.861647  
9050.86895  
9027.358271  
8996.817171  
9027.489088  
9007.323646  
9046.138948  
9039.824304  
9014.276579  
9052.572266  
8989.913213  
9040.441831  
8971.549168  
8941.394213  
9029.223697  
9000.081883  
9004.930515  
9033.000764  
8951.48947  
9047.046854  
9019.116742  
9048.727072  
9023.163999  
8987.018406  
9008.6806  
9019.284986  
8992.738387  
9038.815239  
8998.191895  
8957.30715  
9027.736816  
8998.175994  
8940.190366  
8976.712445  
8989.323306  
9074.376571  
9068.727369  
9028.453826  
9016.995053  
9024.208178  
9030.34133  
9042.437309  
9023.101032  
9106.962169  
8879.748493  
9042.928201  
8973.455036  
8991.734057  
9040.900476  
8980.985352  
9022.468092  
8980.560674  
8983.872304  
8947.374427  
8992.835194  
9036.479959  
9027.665655  
8989.922618  
8972.446883  
8957.871773  
9014.532927  
8861.588867  
8955.038341  
9046.847168  
9058.295665  
9014.445461  
8956.956522  
9043.828231  
9106.572563  
9012.492548  
8968.937861  
9032.159753  
9030.204484  
9020.328167  
8980.906441  
9002.155061  
9039.601626  
9022.346298  
8985.463082  
9016.20425  
9008.282057  
8992.821353  
8974.205949  
8960.756199  
8945.893045  
8990.004925  
9041.153745  
9097.95856  
9019.717965  
8954.489322  
8963.164169  
8993.844175  
8970.191173  
9059.58874  
9048.545601  
9012.983314  
9003.735267  
9023.253906  
8987.754883  
9006.875403  
9055.203868  
9055.891602  
9071.325217  
9011.748896  
8926.320291  
8975.853961  
8942.611243  
9032.016283  
9142.882515  
9112.170622  
9159.114916  
9133.988812  
9044.86965  
9058.279403  
9056.187542  
8996.51709  
9000.355002  
8988.083326  
9003.80197  
9101.534137  
9078.560419  
8990.814899  
9031.197308  
9058.784965  
9098.494905  
9026.289997  
8997.325577  
8972.798956  
8845.175696  
9001.288765  
9016.555367  
9025.673361  
9029.891389  
9019.205503  
8931.893512  
9041.171259  
9129.281908  
9019.672321  
9033.929348  
9115.767557  
9036.005053  
9079.307447  
9059.30904  
9020.071034  
8998.970767  
9007.028702  
9015.852263  
9071.238791  
9052.065918  
8996.235033  
9002.490701  
9024.576533  
9043.57303  
9077.385742  
9039.389797  
8991.886209  
9004.854768  
8997.657757  
9013.785538  
8997.351393  
9016.981382  
9016.309146  
9006.879246  
8980.05766  
9022.075726  
9017.301057  
8963.466839  
8956.673212  
8978.180622  
8964.894786  
9030.140498  
8995.146803  
8960.506072  
8955.662874  
8976.100246  
9002.934209  
9029.125722  
9091.984057  
9038.609269  
9001.964525  
9075.856445  
9009.973187  
9010.216287  
9063.774053  
8976.324813  
9022.273331  
9044.614534  
8991.409626  
8947.764415  
8996.249894  
8954.406399  
9024.067531  
8973.685504  
9016.251125  
9009.182978  
8995.16886  
9031.031887  
9064.008895  
8997.731254  
8994.10428  
9062.121179  
9018.90383  
9073.388438  
8959.689007  
8982.550017  
8954.570058  
8997.581861  
9035.654828  
8966.030019  
8980.95287  
8985.573115  
9041.42801  
8992.652811  
9010.73792  
9041.61171  
9078.869459  
9022.086171  
9017.866827  
9043.411918  
9046.914678  
9014.956564  
9077.987368  
9046.951172  
8949.519744  
9067.742697  
9065.156844  
9088.195015  
9071.6281  
8999.539169  
9032.98618  
9005.916249  
9017.563774  
9047.251911  
9016.462445  
8987.977221  
9004.172767  
9000.740022  
9061.322053  
9060.33494  
9042.859099  
9052.447818  
9080.151219  
9076.117739  
9097.514733  
9041.143894  
9073.316576  
9060.788277  
9055.492994  
9087.522864  
9032.835067  
9018.900306  
9059.528108  
9015.170219  
9083.31681  
9016.752526  
8968.05974  
9036.60583  
9059.604386  
8995.950769  
8924.234014  
9052.317892  
9023.5846  
9040.553753  
8961.570058  
9070.77176  
9022.307278  
9066.825429  
9079.845555  
9019.220109  
9022.882345  
9008.242697  
9015.282184  
9086.268746  
9036.269468  
9040.300739  
9019.639542  
9110.148268  
9028.002569  
9055.303053  
8934.315005  
8967.215905  
8883.965205  
8910.494502  
8891.730235  
8907.004246  
8947.039593  
8952.519149  
8895.245839  
8870.002208  
8873.082583  
8924.482953  
9032.993886  
8957.43007  
9044.410241  
8972.897164  
9071.711532  
9076.545622  
9012.827934  
8966.525221  
8945.918181  
8950.166292  
8966.507197  
9053.447818  
9099.455014  
9088.434273  
9067.69026  
9026.384044  
9035.696692  
9027.273926  
8997.526495  
8968.477412  
8982.030783  
9099.444463  
9057.907609  
8947.537874  
9041.9375  
8971.539657  
9061.466627  
9031.589759  
8981.141517  
8978.623493  
8956.212275  
9040.203592  
9010.348824  
8981.059379  
9023.587105  
9037.009553  
8960.478834  
8979.614831  
9014.049253  
8997.878397  
9000.15988  
9014.956501  
8987.027429  
9008.104237  
9039.82976  
9105.034498  
9108.58511  
9034.514224  
9053.501974  
9147.115319  
9025.072223  
9080.292459  
9027.824558  
8986.596425  
8952.200917  
9003.201809  
8921.416334  
8895.181683  
8953.412407  
8969.343962  
8967.951427  
8956.684783  
8970.700047  
8920.839653  
8963.600522  
9006.637568  
9041.870223  
9021.357698  
9038.54904  
9066.427649  
9042.746794  
9053.096276  
9042.203783  
9064.703889  
9014.66489  
9071.300038  
9018.860988  
8983.600501  
8962.858122  
9014.420134  
9022.405889  
9049.948263  
8972.018767  
8936.234141  
8968.178923  
9051.095682  
8963.598824  
9001.094472  
9045.18198  
9025.889436  
9009.233611  
9081.739619  
9081.44096  
9025.80163  
9028.78471  
9119.539169  
9045.196608  
8989.9672  
9018.294858  
9011.724482  
8984.002887  
8929.09271  
8980.963867  
8934.596658  
8978.965672  
8914.318211  
8962.974291  
9008.890646  
8946.100013  
9019.652832  
9042.955991  
9002.237007  
9042.035666  
9193.581628  
9011.103898  
8954.210279  
8923.879819  
8977.81354  
8996.022949  
9043.60653  
8994.927225  
9011.00034  
9034.92835  
9002.894107  
8904.941619  
9102.498578  
9083.622813  
9075.43663  
9062.170983  
9037.15073  
9025.839419  
8945.399945  
9071.067447  
9024.42489  
9102.526431  
9083.437734  
9028.850841  
9034.40279  
8998.542311  
8967.715905  
9035.017154  
9054.208517  
8983.687627  
8977.34099  
9008.907948  
9044.514309  
9019.842646  
8996.925357  
9012.305155  
9093.879989  
9034.581118  
9101.399265  
9057.301354  
9065.600225  
9027.63795  
8957.115319  
9073.493865  
9044.716309  
9045.905125  
9033.298  
9148.739704  
9040.609226  
8994.804348  
9027.340268  
9075.412343  
9011.329378  
8994.584685  
9008.315451  
8973.12672  
8984.189368  
8938.345576  
9052.963888  
8932.389479  
9048.087466  
8996.149308  
9039.589334  
9072.084451  
9069.302628  
9018.186163  
9037.056471  
9081.376337  
9011.487623  
9035.19648  
9068.385509  
8708.728855  
9222.480214  
9050.258088  
8770.862283  
9029.674741  
9014.355872  
9149.660029  
9138.131348  
9033.492336  
9020.189538  
8978.279679  
8982.679284  
9041.829186  
8980.065111  
8987.14347  
8940.970109  
8819.800951  
8970.50104  
9082.816767  
9107.071374  
9065.682193  
9040.297682  
9091.269192  
8971.78212  
8990.28919  
9007.984948  
9018.352497  
8987.29662  
8972.567638  
8993.888056  
9098.94164  
9065.047724  
9048.620329  
9112.330821  
9028.191406  
9037.942807  
9049.945525  
9035.500637  
9034.326809  
8927.715799  
9005.825705  
8963.010933  
8961.755201  
9019.302331  
8954.462763  
8941.632473  
8976.283224  
8964.092455  
8936.866466  
9049.639224  
8972.785114  
9062.377081  
9027.936502  
9087.424423  
8970.052628  
8973.796514  
9001.578274  
8994.966139  
9061.242548  
8975.364534  
8979.556301  
9040.926333  
8984.098824  
9041.881581  
8970.08063  
8969.194187  
8978.784074  
9042.985352  
8950.285581  
9013.380541  
9049.905847  
9070.92196  
9069.883343  
9074.60515  
9098.701405  
9062.843623  
9047.909965  
8936.233038  
9024.95217  
8995.266326  
9022.692998  
9055.206161  
9010.008407  
8948.521017  
9015.336638  
9016.568826  
9009.393236  
9005.783967  
9008.808679  
8989.265901  
9048.029424  
9036.826554  
8997.733865  
9047.967434  
9076.248684  
9016.426015  
9017.774414  
9047.165612  
9047.574282  
8975.877081  
8986.591627  
8964.932065  
9050.354004  
8952.972805  
9026.067786  
8984.656802  
9031.886464  
8986.130477  
9051.342413  
9056.294667  
9069.590374  
8999.403363  
9038.654637  
8980.762547  
9022.451979  
8996.75811  
9064.615149  
9053.884893  
9028.473293  
8988.488706  
8973.134723  
9024.223654  
8956.938201  
9076.756433  
9000.777938  
8978.105405  
8945.673361  
8988.992357  
9045.693402  
9053.773395  
9050.842646  
8970.911833  
8983.019085  
9038.096828  
9048.050208  
8939.496688  
9010.62449  
8925.802055  
9058.158394  
8994.91264  
9084.271442  
9102.096234  
9030.137547  
9069.917204  
9022.217073  
8974.03694  
8986.776792  
9044.183573  
9079.157439  
8967.361307  
9059.222508  
8987.354577  
8992.171047  
9087.358823  
9042.094642  
9047.761061  
9037.615892  
9042.570801  
9060.366423  
9006.645104  
9012.055409  
8946.073985  
8987.502696  
8931.589929  
8987.779021  
9007.513587  
8951.330991  
9015.997898  
9037.369544  
8996.534434  
9011.387398  
9022.853218  
9040.8232  
9044.071395  
9088.621561  
9075.642706  
9113.712976  
9064.998259  
8960.586659  
8967.692192  
8983.860352  
9002.429093  
9034.746582  
8966.852539  
8965.211468  
8915.880371  
9041.944994  
8961.607655  
8967.707244  
8945.16937  
8930.41368  
8902.404913  
8894.45234  
8896.185908  
8932.101987  
8956.823539  
8927.789975  
8962.782694  
8996.492782  
8955.843792  
8922.642132  
9017.04524  
8973.719939  
9046.993674  
8979.073348  
8998.21391  
8985.849418  
8979.586426  
8976.057447  
8985.141495  
9000.039402  
8961.103473  
8945.925081  
9049.795729  
9052.387717  
9045.413192  
9078.186311  
9055.835577  
9078.048595  
9044.853685  
9011.616636  
9089.167523  
9144.703274  
9056.449325  
9024.788787  
9117.937309  
9069.565408  
9103.9375  
9070.257834  
9025.695695  
9065.010721  
9036.155656  
9071.378864  
9032.172469  
9014.45701  
9081.074558  
9073.020444  
9055.789593  
9082.754586  
9010.139755  
8984.162322  
9008.576872  
9043.808764  
9050.263587  
8999.416461  
8993.471106  
9083.236923  
9016.017727  
8970.525306  
9054.78539  
9017.949304  
9028.89935  
9002.878333  
8967.739895  
8989.304199  
8990.293712  
8933.845852  
8988.894404  
9001.700153  
9032.816873  
8953.437649  
9003.107337  
9025.981063  
8939.490383  
9035.770487  
9032.72773  
9010.416716  
8919.68353  
8979.748896  
9020.704993  
8983.817255  
9005.015455  
9097.485352  
9077.196608  
9018.967816  
9071.382006  
9094.220915  
9073.80904  
8968.685802  
9072.276197  
9017.097614  
9126.654382  
9076.284965  
9135.951915  
9094.760721  
8941.864789  
8986.466648  
8986.274393  
9035.993525  
9024.67627  
9035.139224  
8966.899181  
9051.789806  
9049.503206  
9053.008662  
9147.39538  
8963.575535  
9051.225735  
9008.783882  
8918.955099  
9010.11154  
8998.655401  
8978.875998  
8980.435016  
9005.292884  
8995.693784  
8996.048849  
8957.818317  
8981.76123  
8957.228452  
9058.787661  
9061.405295  
9023.580163  
9062.554136  
9037.105575  
9080.487496  
9071.972593  
9085.472869  
8994.424741  
9115.274648  
8985.701703  
9066.542756  
8998.037576  
9059.193105  
9057.925314  
9027.387228  
8955.070673  
8965.001507  
9059.084175  
8974.917311  
9032.832244  
8928.124979  
8988.455036  
9041.009681  
9079.512101  
8975.608122  
9028.372346  
9026.043117  
9017.467497  
8963.686927  
8980.002356  
9000.375531  
9066.636591  
9047.334982  
9004.613621  
9068.675696  
9024.124108  
9133.79144  
9055.142897  
9018.512377  
9027.734651  
9033.316788  
8954.402259  
8992.590183  
9045.553605  
8997.753333  
8940.79645  
8934.377824  
8915.117485  
8916.79851  
8922.674168  
9041.751316  
9076.182681  
9093.138969  
9052.567043  
8935.665358  
8934.58511  
8892.702085  
8967.44493  
9026.770041  
9053.106891  
9070.777386  
9070.693466  
9027.63623  
9090.256114  
9030.057278  
8965.990128  
8976.827573  
9011.218432  
9038.910347  
9046.458793  
9071.201236  
9032.114597  
8998.905783  
9027.294964  
9069.826554  
9030.095342  
9071.724206  
9098.771293  
9095.402216  
9134.376677  
8976.151983  
9062.070801  
9097.007324  
9037.17421  
9024.946841  
8993.315897  
8958.143088  
9014.349227  
9057.885636  
8990.679688  
9037.778554  
9028.022355  
8990.31129  
9066.324558  
8973.56216  
9062.915825  
9046.708326  
8960.556768  
8944.385509  
9048.390137  
8943.785581  
9112.975798  
9032.042459  
8945.411027  
9040.234991  
9009.884935  
9030.301461  
9016.675994  
9025.26053  
9041.90988  
9133.58046  
9068.411366  
9007.227263  
9066.00051  
9004.077828  
9026.213782  
9055.430388  
9057.807638  
9031.089037  
8920.524287  
8960.866402  
9086.877272  
9074.511634  
9003.848336  
9062.97911  
8961.431534  
8943.247283  
9007.433742  
8974.856764  
8964.770763  
8974.83356  
9001.199771  
8977.833815  
8950.436332  
8985.431641  
9067.22686  
9078.176928  
8972.543393  
8930.307872  
9041.69873  
8994.290549  
8980.528023  
9077.427458  
8997.157545  
8972.734184  
9034.593644  
9013.019361  
9022.125573  
8974.651537  
9050.983292  
9083.054518  
9061.958687  
9046.366296  
9027.331649  
9027.768979  
9046.084091  
9031.952934  
9002.025221  
9009.596934  
9044.062712  
9004.785453  
8983.452573  
8973.763375  
8915.702297  
8893.089228  
8988.176036  
9013.371582  
8927.509723  
8927.303902  
8948.789211  
8878.034158  
9040.358823  
8980.584048  
8985.272206  
8997.078401  
9027.747092  
9094.757876  
9102.600119  
9053.610861  
9100.898077  
9001.482507  
9028.398183  
9054.382579  
9074.32078  
8995.573752  
8968.978176  
8886.019807  
8896.559592  
8913.660305  
8987.633938  
8930.226414  
8957.32838  
9065.98792  
8934.714313  
8958.055155  
9157.287916  
9141.505456  
9102.677904  
9006.881433  
9042.442086  
8928.286557  
9004.248323  
8969.125446  
8967.866338  
9042.461553  
9074.824474  
8991.605278  
8976.084727  
9029.943848  
9021.109969  
8997.383088  
8999.947266  
9041.540315  
9067.646484  
9080.929921  
9046.269616  
9013.017154  
9067.72998  
9132.720448  
9123.602921  
9107.949919  
9099.802586  
9112.280465  
9086.810611  
9043.310759  
9083.286833  
9073.082392  
9004.436417  
9064.547639  
9015.086065  
9024.977242  
9032.9848  
8960.593601  
8937.522928  
8928.84065  
8979.155231  
8942.061523  
8940.475289  
8851.982507  
8847.613472  
8912.615999  
8944.793478  
8977.897886  
9042.73688  
8928.661897  
9029.063094  
8972.972741  
8987.076151  
9029.335874  
9094.725904  
9053.840438  
9096.218792  
9037.490723  
8993.216394  
8958.813455  
8869.592137  
8997.051758  
9096.581564  
9138.809549  
9198.138587  
9268.088294  
9180.880626  
9131.080651  
9062.537746  
9079.976902  
9097.116105  
8963.368907  
8965.513714  
8965.170814  
8963.422066  
8970.421217  
8981.51605  
8942.228409  
8954.10566  
8925.3971  
8896.081203  
8958.655358  
8989.656208  
9041.697924  
9072.019361  
9004.777068  
8999.548956  
9034.208029  
8923.938201  
8988.628248  
9015.853303  
9068.412534  
9050.206585  
8971.578104  
9053.421684  
9019.831331  
8968.96374  
9026.847423  
8887.576575  
8890.078656  
8737.105957  
8968.93404  
9088.109354  
9180.836702  
9096.543224  
9128.051673  
9073.672533  
9028.885615  
9006.279021  
9093.303074  
9020.844005  
9001.920262  
8939.760721  
8897.03626  
8961.429157  
8996.774457  
9105.711829  
9024.132218  
9063.862453  
9098.800845  
9217.010148  
9098.540506  
9103.05456  
9123.773183  
9091.604513  
9035.974503  
8976.454696  
8908.932129  
8819.646803  
8969.832626  
8992.372431  
9015.364449  
9023.625701  
8995.74913  
9022.040867  
9046.870202  
8933.946162  
8961.686736  
8948.52089  
8902.909371  
8984.783967  
9078.556619  
9085.332604  
9052.234842  
9086.194612  
