6582.880118  
6549.014222  
6540.973489  
6561.031926  
6559.479897  
6574.403414  
6537.541937  
6550.905295  
6573.111279  
6565.25848  
6550.152432  
6553.269667  
6540.228076  
6546.875032  
6521.791282  
6485.759282  
6581.230011  
6532.066508  
6544.664285  
6530.322125  
6530.041266  
6539.365069  
6536.711169  
6520.074106  
6512.202104  
6528.292594  
6515.566444  
6527.27875  
6551.978393  
6614.123896  
6569.967896  
6537.866569  
6532.039293  
6564.020146  
6552.015922  
6537.276534  
6515.414774  
6540.566343  
6565.57672  
6545.885989  
6518.823008  
6522.955196  
6528.460147  
6528.662464  
6541.631386  
6548.107881  
6543.84753  
6511.057224  
6527.510601  
6538.387485  
6532.066875  
6528.118342  
6486.063528  
6522.974878  
6532.226104  
6522.620635  
6559.62923  
6551.921047  
6576.802686  
6539.712162  
6568.819192  
6562.012486  
6531.45055  
6538.091964  
6559.627023  
6552.127436  
6562.364417  
6559.496308  
6547.233278  
6567.975486  
6549.245398  
6584.774234  
6593.952312  
6561.322672  
6540.685008  
6544.356518  
6546.213452  
6573.372322  
6579.158673  
6540.273838  
6555.292917  
6536.168552  
6529.385944  
6550.345036  
6531.962919  
6509.636787  
6514.79799  
6542.168094  
6565.983981  
6552.197368  
6520.881538  
6536.401333  
6532.68262  
6548.118795  
6549.720877  
6527.14355  
6531.052483  
6509.025539  
6511.348292  
6503.215847  
6535.751983  
6553.648262  
6523.035637  
6535.577151  
6553.867391  
6557.115708  
6586.222941  
6578.109123  
6585.645921  
6566.452421  
6583.117088  
6561.733993  
6560.779888  
6571.666355  
6520.257828  
6517.564913  
6535.614297  
6541.821911  
6534.308556  
6518.813996  
6522.847393  
6546.663851  
6534.012195  
6533.826479  
6536.991392  
6531.150387  
6557.078969  
6548.570344  
6500.710122  
6537.023051  
6536.110649  
6537.203842  
6545.061765  
6555.38232  
6560.070458  
6582.782827  
6578.616362  
6585.107348  
6528.377686  
6525.360809  
6557.536058  
6586.047084  
6574.322525  
6558.514005  
6555.05051  
6539.626037  
6529.252163  
6522.299924  
6545.059365  
6537.700182  
6522.968101  
6545.367141  
6547.226005  
6513.402719  
6535.797382  
6581.996052  
6600.671512  
6573.719336  
6573.572716  
6564.889773  
6544.20201  
6526.633564  
6537.042838  
6533.97486  
6572.224058  
6543.312203  
6499.262428  
6483.489166  
6489.657226  
6540.767984  
6544.565766  
6595.33896  
6626.895292  
6605.934803  
6558.168659  
6557.854323  
6550.117451  
6609.99242  
6598.644476  
6583.055757  
6541.562772  
6526.165118  
6509.27239  
6541.048247  
6557.731424  
6548.638432  
6520.892178  
6493.166792  
6505.846302  
6511.901392  
6473.607692  
6507.998149  
6490.875353  
6499.452389  
6556.508669  
6561.711051  
6571.428341  
6528.3988  
6533.705645  
6552.294731  
6556.775802  
6529.375896  
6530.333379  
6524.966658  
6536.757085  
6542.228988  
6530.660846  
6552.119817  
6556.595684  
6555.907117  
6563.143055  
6539.14882  
6558.830046  
6550.622387  
6590.554651  
6554.24163  
6543.586717  
6553.285991  
6547.175658  
6563.677842  
6582.45693  
6570.378222  
6545.303469  
6546.029681  
6539.631574  
6524.838102  
6541.266731  
6546.690322  
6576.137008  
6562.491216  
6555.481419  
6546.393988  
6542.772656  
6536.958796  
6522.984984  
6544.298621  
6587.25501  
6605.652951  
6522.158799  
6524.086292  
6528.370951  
6549.90204  
6530.234176  
6510.172317  
6495.807695  
6542.936005  
6554.517154  
6573.911899  
6569.297648  
6542.214533  
6527.636151  
6574.508065  
6574.578838  
6571.272783  
6542.449874  
6528.990695  
6514.731925  
6551.613866  
6541.867998  
6529.489803  
6497.346897  
6550.092826  
6538.739998  
6530.747536  
6525.688023  
6560.917599  
6559.196032  
6556.323612  
6536.130217  
6545.286017  
6544.874296  
6550.309728  
6541.01666  
6562.259986  
6577.206822  
6589.168965  
6540.185512  
6584.048555  
6594.501936  
6563.297602  
6506.681367  
6522.769361  
6569.166971  
6549.902105  
6554.25307  
6513.149605  
6536.666089  
6501.132431  
6511.90861  
6497.836622  
6546.911639  
6524.873571  
6529.491547  
6523.63213  
6559.607898  
6566.876841  
6569.220472  
6543.020488  
6523.568077  
6545.848118  
6544.954121  
6581.666162  
6571.343917  
6562.724971  
6566.110676  
6552.43946  
6564.693834  
6582.964925  
6549.986635  
6555.164889  
6568.821748  
6519.186046  
6526.037288  
6538.232139  
6585.254583  
6567.746364  
6548.155796  
6519.678766  
6532.314266  
6547.08174  
6571.078438  
6564.755993  
6535.270669  
6507.291363  
6525.163209  
6530.454363  
6511.555818  
6544.456964  
6565.99814  
6556.958167  
6563.456409  
6534.784899  
6526.330027  
6538.398707  
6523.863739  
6547.143799  
6590.515073  
6587.71976  
6585.56305  
6571.391825  
6561.94427  
6547.261695  
6570.088072  
6534.564177  
6535.742257  
6515.483804  
6548.905733  
6544.915484  
6538.709427  
6578.491112  
6542.329364  
6557.171419  
6562.890915  
6549.265723  
6571.868659  
6564.301599  
6567.535223  
6531.540522  
6512.029068  
6527.334445  
6569.164139  
6562.65852  
6592.30144  
6542.70067  
6550.025634  
6571.823897  
6537.61308  
6531.250482  
6545.075875  
6545.026843  
6542.63633  
6524.401173  
6484.67612  
6503.009658  
6494.553396  
6509.3102  
6509.779741  
6510.516617  
6521.06726  
6577.539035  
6577.548019  
6563.65452  
6553.931056  
6583.367352  
6539.68966  
6523.160051  
6457.401159  
6480.230604  
6555.60933  
6529.563057  
6561.370198  
6527.658241  
6473.306769  
6533.939391  
6520.836032  
6523.816167  
6549.88777  
6561.642233  
6555.880116  
6644.991504  
6617.901648  
6548.460686  
6519.951636  
6597.368117  
6607.758582  
6589.881818  
6529.952042  
6512.683338  
6523.061699  
6557.974792  
6562.680847  
6579.575144  
6517.9964  
6561.694186  
6546.011973  
6539.713168  
6579.680761  
6605.114313  
6611.786464  
6618.800989  
6594.466033  
6541.065635  
6572.672479  
6559.317843  
6535.245685  
6531.648584  
6504.492234  
6496.716728  
6528.121073  
6522.45799  
6527.175624  
6500.590141  
6512.047829  
6544.393331  
6527.915554  
6473.286278  
6479.534424  
6510.260318  
6526.107717  
6550.692494  
6552.663151  
6563.607392  
6579.576555  
6568.778624  
6556.911846  
6537.759522  
6519.356188  
6545.772287  
6560.033335  
6540.443898  
6563.791058  
6519.51086  
6528.165674  
6585.655568  
6550.778972  
6548.686643  
6512.146167  
6540.894089  
6531.778449  
6523.983687  
6544.831545  
6525.230399  
6583.614816  
6599.134643  
6575.849277  
6544.255669  
6489.339774  
6501.290686  
6495.066035  
6542.613697  
6555.518629  
6575.407961  
6564.551278  
6522.016954  
6550.944932  
6547.258643  
6536.885199  
6547.627653  
6524.311023  
6536.106934  
6561.004299  
6588.610519  
6564.57429  
6607.195135  
6552.465858  
6529.769644  
6542.432393  
6554.37702  
6539.053058  
6536.920746  
6542.271141  
6559.045038  
6552.463489  
6551.825429  
6557.936491  
6546.228681  
6500.574519  
6537.350259  
6546.917102  
6552.798282  
6498.741488  
6521.38218  
6524.941501  
6583.397085  
6608.78436  
6561.722293  
6572.134284  
6550.693187  
6605.622835  
6578.328973  
6558.13125  
6549.682039  
6527.912726  
6519.601153  
6563.414727  
6552.383037  
6517.405552  
6523.273503  
6533.189173  
6512.196214  
6506.202641  
6511.742165  
6518.590312  
6498.312146  
6518.37501  
6536.063946  
6546.664715  
6547.967745  
6537.656473  
6547.512511  
6562.051338  
6556.980379  
6551.891074  
6532.508942  
6475.943564  
6526.900402  
6560.290917  
6539.556221  
6543.404915  
6558.689607  
6555.837978  
6562.13744  
6545.615428  
6557.437135  
6566.38143  
6556.139689  
6564.605842  
6577.051226  
6553.725783  
6561.760287  
6559.282312  
6548.3326  
6549.764507  
6562.713345  
6547.913931  
6542.135934  
6549.371445  
6506.552956  
6533.822105  
6552.314751  
6586.779471  
6539.805812  
6530.61125  
6520.136229  
6529.211199  
6546.510073  
6535.811399  
6547.974177  
6568.396745  
6575.913699  
6547.066389  
6560.86228  
6552.585702  
6562.091354  
6533.053823  
6550.625855  
6548.448063  
6554.1067  
6535.625971  
6574.394111  
6552.320898  
6542.818218  
6524.877265  
6547.777371  
6556.134528  
6512.435916  
6537.470137  
6556.834481  
6542.303978  
6566.382014  
6533.848145  
6540.336763  
6524.382043  
6526.41751  
6555.439968  
6568.946633  
6550.655083  
6537.384339  
6530.464827  
6476.935691  
6526.839292  
6521.18496  
6565.347895  
6520.898572  
6542.427195  
6543.721265  
6558.488447  
6579.508223  
6592.641942  
6569.892916  
6573.760238  
6578.358439  
6604.778642  
6582.187598  
6542.462231  
6539.692864  
6538.999832  
6553.613645  
6540.878535  
6595.073656  
6540.517301  
6528.097668  
6517.561208  
6531.318299  
6571.413694  
6593.001203  
6542.333591  
6505.034974  
6520.007384  
6542.141276  
6521.768635  
6522.535881  
6511.469421  
6505.143804  
6531.635289  
6582.552374  
6572.843362  
6542.82125  
6540.383184  
6565.481642  
6567.602903  
6564.367153  
6561.742736  
6505.921832  
6504.156651  
6530.316121  
6537.307967  
6529.554853  
6519.750162  
6529.489981  
6516.511788  
6554.28643  
6558.575326  
6530.528603  
6518.926249  
6519.45744  
6539.136444  
6529.941991  
6544.059143  
6521.303721  
6536.66906  
6529.226109  
6542.579586  
6560.983466  
6576.614172  
6580.688537  
6572.729306  
6546.165956  
6550.654129  
6548.771753  
6551.937871  
6552.242452  
6558.841508  
6572.841371  
6544.114905  
6548.056273  
6566.072254  
6547.522041  
6553.877356  
6597.812797  
6572.784201  
6535.066045  
6560.000824  
6554.768862  
6556.058859  
6533.610379  
6543.280893  
6557.291203  
6571.626377  
6557.583193  
6556.217994  
6535.416543  
6557.639467  
6509.329693  
6530.264268  
6524.335534  
6548.876532  
6546.474487  
6569.910039  
6547.071857  
6543.016413  
6529.252821  
6555.840708  
6560.926684  
6551.709199  
6526.328803  
6509.417362  
6495.563544  
6519.424857  
6536.492053  
6556.38204  
6573.690374  
6578.842233  
6553.889365  
6592.608721  
6538.42786  
6562.635107  
6575.993652  
6550.864618  
6569.695439  
6554.651095  
6560.20527  
6559.842944  
6522.630263  
6529.797659  
6523.581357  
6573.676871  
6591.381518  
6533.319972  
6504.864954  
6499.260641  
6527.206012  
6558.002703  
6543.568294  
6512.962785  
6535.004554  
6510.842258  
6547.07647  
6538.611104  
6547.377151  
6545.121837  
6581.392272  
6575.366026  
6506.534037  
6577.138751  
6579.964291  
6536.935947  
6526.762732  
6539.894423  
6498.023746  
6518.808896  
6544.666722  
6548.097754  
6505.336315  
6527.057392  
6535.748707  
6536.357973  
6508.695668  
6533.879103  
6530.306563  
6544.436232  
6559.290436  
6567.333412  
6513.73035  
6554.291422  
6496.805126  
6544.328056  
6521.149767  
6595.4882  
6585.962202  
6567.283216  
6486.690405  
6502.355387  
6544.992602  
6554.361691  
6611.746678  
6578.380454  
6555.879509  
6611.169314  
6591.982582  
6589.893156  
6520.814179  
6571.839526  
6551.185217  
6539.208043  
6551.105586  
6557.472877  
6556.279698  
6573.215271  
6565.91081  
6527.520984  
6514.912715  
6506.481818  
6501.806938  
6557.942501  
6518.484594  
6586.94008  
6547.353615  
6526.82624  
6495.117644  
6491.818932  
6494.716733  
6514.00636  
6546.574726  
6552.613394  
6544.764003  
6546.012656  
6561.513654  
6539.502575  
6543.796129  
6571.443204  
6541.557238  
6563.004299  
6541.024023  
6514.845895  
6520.837901  
6558.817049  
6558.781408  
6575.942666  
6571.118175  
6535.03627  
6581.17132  
6545.963949  
6541.123356  
6541.213914  
6529.354663  
6548.009395  
6545.041936  
6581.77978  
6574.108812  
6563.414754  
6509.619672  
6540.080263  
6539.519545  
6549.586898  
6558.79176  
6515.583427  
6514.435581  
6583.31862  
6561.265341  
6582.417105  
6575.803615  
6556.344468  
6541.322722  
6538.679154  
6548.51053  
6528.880248  
6556.271835  
6544.303538  
6571.468555  
6526.846877  
6531.795611  
6530.263432  
6514.422698  
6519.678288  
6497.907516  
6507.075719  
6538.557895  
6551.900484  
6548.612636  
6514.180929  
6531.963294  
6567.767629  
6603.677817  
6589.630023  
6572.5316  
6578.447253  
6537.825952  
6521.361337  
6548.74276  
6562.277887  
6529.693144  
6533.277685  
6539.644158  
6557.256534  
6544.26001  
6576.63796  
6542.682215  
6544.030132  
6540.703707  
6565.671374  
6574.53259  
6580.00814  
6501.182662  
6508.6241  
6505.245824  
6509.242533  
6529.192774  
6559.726943  
6566.827872  
6559.061144  
6538.529831  
6562.345005  
6549.025678  
6529.540863  
6545.430869  
6521.969139  
6546.196234  
6505.550068  
6508.134711  
6513.765726  
6552.054668  
6528.846704  
6527.488492  
6474.363475  
6506.958923  
6526.725804  
6571.765141  
6570.682329  
6551.911329  
6532.455189  
6548.242084  
6550.62054  
6549.860525  
6554.750895  
6598.861982  
6583.15997  
6540.797706  
6501.791472  
6567.130394  
6567.142146  
6548.686797  
6510.73797  
6519.261048  
6524.773151  
6559.526167  
6576.285399  
6552.680745  
6530.239324  
6515.65657  
6548.861822  
6556.736746  
6597.148937  
6497.610124  
6527.18342  
6528.82015  
6507.801279  
6514.662846  
6582.415182  
6552.787057  
6561.555566  
6556.38588  
6554.36947  
6539.522461  
6527.187339  
6555.568006  
6535.973466  
6550.591397  
6535.319471  
6558.662141  
6573.422715  
6599.263268  
6550.197543  
6557.886243  
6500.657075  
6550.450935  
6561.401189  
6577.973581  
6572.290692  
6593.715105  
6590.423372  
6576.989589  
6539.88208  
6548.579092  
6562.344583  
6507.796011  
6545.865946  
6562.343225  
6554.857522  
6538.785542  
6555.238372  
6549.976704  
6547.965363  
6576.323676  
6539.778826  
6531.514831  
6534.579926  
6532.41073  
6506.957265  
6536.165735  
6556.883286  
6541.827487  
6537.995646  
6547.928248  
6567.759123  
6568.247022  
6529.527997  
6527.500593  
6555.736096  
6545.545608  
6557.960304  
6582.391791  
6582.370329  
6539.865621  
6541.416354  
6517.871709  
6483.981139  
6551.04845  
6513.126336  
6587.297099  
6517.087722  
6521.340348  
6469.189585  
6490.809426  
6523.878187  
6558.0149  
6551.269217  
6579.123305  
6565.76213  
6587.650543  
6609.196001  
6576.847739  
6567.74625  
6574.108389  
6547.995286  
6547.14321  
6525.82104  
6576.377552  
6560.348753  
6593.44265  
6552.370037  
6521.656104  
6546.602612  
6535.77874  
6537.119378  
6531.202768  
6531.093417  
6514.540131  
6563.889646  
6543.835108  
6554.547233  
6543.727804  
6522.009319  
6523.148188  
6588.266303  
6582.183875  
6605.102498  
6551.334585  
6529.425711  
6529.786717  
6570.604936  
6559.059058  
6552.767344  
6557.442611  
6542.509707  
6555.053199  
6572.578  
6539.800901  
6515.433543  
6559.486164  
6523.936712  
6542.605691  
6544.914865  
6550.553698  
6573.223696  
6623.02168  
6619.579716  
6594.230653  
6567.704495  
6610.152404  
6559.755234  
6569.083919  
6544.958771  
6536.292765  
6506.807958  
6532.299924  
6561.390046  
6579.205739  
6574.690701  
6568.320386  
6534.628967  
6522.819126  
6485.802912  
6501.815269  
6483.760585  
6568.779052  
6538.246707  
6521.078041  
6489.332849  
6507.824339  
6554.739734  
6558.749205  
6563.559333  
6579.953019  
6564.732081  
6571.210274  
6563.558139  
6555.029769  
6526.854775  
6510.489288  
6519.337134  
6552.291861  
6515.362725  
6546.430101  
6510.94322  
6530.067257  
6515.053861  
6530.019626  
6561.170979  
6566.286636  
6527.194627  
6530.408306  
6539.811151  
6540.616856  
6561.121852  
6577.354632  
6555.290334  
6543.890278  
6512.724216  
6530.992359  
6573.182691  
6559.610322  
6532.531008  
6515.660224  
6488.783536  
6530.537101  
6553.636223  
6565.285789  
6551.841226  
6540.480681  
6525.371283  
6563.682106  
6562.96576  
6570.427515  
6526.438145  
6578.191899  
6533.123483  
6519.565826  
6525.944443  
6551.654789  
6535.794403  
6518.597592  
6523.630585  
6557.120668  
6548.729682  
6420.272215  
6727.785736  
6577.368423  
6561.667318  
6564.463687  
6534.224957  
6554.263856  
6547.250537  
6534.67341  
6520.306525  
6522.395097  
6538.071635  
6553.231696  
6549.110993  
6546.617573  
6574.95092  
6563.822158  
6590.589305  
6590.805931  
6585.847135  
6543.125066  
6549.270261  
6546.325634  
6554.441421  
6530.990137  
6547.174106  
6543.725993  
6563.917379  
6529.742843  
6551.055288  
6546.814793  
6524.899039  
6523.861279  
6534.00884  
6532.547112  
6531.369095  
6526.201815  
6513.499979  
6486.935872  
6496.579254  
6538.401913  
6543.052021  
6529.82349  
6528.990071  
6537.737827  
6547.703187  
6575.500138  
6572.319499  
6560.825924  
6540.54968  
6554.09691  
6533.64708  
6546.369251  
6552.100186  
6567.448856  
6576.724777  
6553.831129  
6547.829726  
6546.260866  
6561.542393  
6570.268425  
6564.306081  
6571.765567  
6566.913318  
6549.014017  
6568.715515  
6539.520718  
6536.440917  
6571.546164  
6564.956396  
6518.466597  
6541.045622  
6538.694301  
6562.728873  
6559.185091  
6531.041915  
6522.547932  
6532.293821  
6521.133249  
6524.395286  
6548.848648  
6547.65227  
6554.929759  
6567.39146  
6563.517467  
6582.025821  
6548.857798  
6525.625742  
6549.777134  
6553.328884  
6557.079368  
6566.927882  
6548.276479  
6473.469826  
6477.230853  
6502.622677  
6503.703556  
6521.766209  
6530.631387  
6540.123061  
6557.618494  
6559.228371  
6551.315806  
6519.079763  
6523.198011  
6521.445421  
6524.429455  
6551.350598  
6543.816405  
6547.170536  
6546.509235  
6546.288166  
6547.078859  
6556.855992  
6556.296933  
6546.901879  
6524.996761  
6536.371047  
6518.62473  
6542.299564  
6543.664827  
6518.050541  
6539.52085  
6569.873735  
6554.585485  
6558.728361  
6558.867511  
6561.931748  
6547.982407  
6567.284683  
6551.200947  
6522.990783  
6535.207009  
6567.462732  
6543.707842  
6572.164227  
6546.763984  
6564.787227  
6548.328438  
6562.615266  
6573.523355  
6556.60131  
6542.874928  
6522.963554  
6543.90867  
6539.105194  
6554.211969  
6522.861608  
6531.230198  
6548.992189  
6542.152076  
6525.415499  
6542.772399  
6518.675785  
6550.108387  
6562.79378  
6550.06834  
6556.893325  
6545.845467  
6551.230472  
6531.362537  
6528.956739  
6520.292006  
6536.474896  
6550.244174  
6551.320385  
6588.635301  
6547.346817  
6576.316561  
6544.377016  
6538.802127  
6522.360153  
6547.086163  
6604.910826  
6562.776455  
6572.548587  
6552.276958  
6550.874327  
6525.24836  
6533.58171  
6556.603475  
6548.040452  
6539.800839  
6503.567611  
6552.407246  
6548.986995  
6556.225315  
6534.803083  
6523.390594  
6549.550345  
6538.167658  
6565.325713  
6565.591867  
6607.513327  
6569.758127  
6598.962096  
6583.412405  
6593.37117  
6590.260654  
6565.372105  
6581.482509  
6543.357452  
6551.048308  
6538.282559  
6546.654675  
6543.47426  
6532.398992  
6532.744417  
6506.95194  
6561.972687  
6543.622395  
6582.317629  
6586.560566  
6560.356949  
6562.954539  
6548.928512  
6504.382018  
6493.743887  
6526.441209  
6559.57581  
6547.685975  
6535.586837  
6502.548643  
6527.380693  
6550.74728  
6538.247683  
6538.954759  
6527.459977  
6504.514407  
6515.39739  
6538.572846  
6561.592708  
6519.34693  
6539.141038  
6554.963984  
6553.854319  
6534.645035  
6553.06104  
6507.953091  
6551.257687  
6557.931662  
6554.740012  
6531.762995  
6517.912238  
6532.553666  
6505.199262  
6538.961792  
6536.249547  
6581.910991  
6583.057489  
6583.833039  
6568.275072  
6560.302205  
6596.167465  
6552.839691  
6573.488073  
6540.603729  
6541.793918  
6517.75743  
6532.321415  
6565.812977  
6543.403683  
6550.683273  
6629.626733  
6630.671339  
6568.471856  
6513.843047  
6509.99997  
6548.263231  
6527.672107  
6544.70551  
6537.932774  
6551.266667  
6525.16921  
6496.286665  
6517.789342  
6539.123406  
6547.536596  
6507.930006  
6554.172284  
6566.576031  
6547.338842  
6524.165297  
6514.062477  
6529.104134  
6561.974906  
6573.73869  
6589.922491  
6575.231025  
6553.288519  
6565.038281  
6563.171937  
6556.20921  
6564.552479  
6552.822567  
6592.197895  
6594.852134  
6560.142277  
6537.027757  
6529.69605  
6534.70856  
6525.654325  
6557.704459  
6582.642263  
6532.334762  
6534.70175  
6526.473383  
6541.20775  
6547.833253  
6520.577908  
6553.636902  
6546.596297  
6555.75328  
6519.332642  
6486.137181  
6477.075769  
6507.319599  
6510.171483  
6534.852715  
6523.203225  
6541.852087  
6587.189038  
6554.957013  
6539.476468  
6533.399933  
6532.391169  
6528.614849  
6569.826938  
6527.075487  
6534.272019  
6541.006974  
6530.354502  
6580.764832  
6581.740001  
6543.720289  
6532.697229  
6533.674405  
6548.800785  
6515.104325  
6564.040944  
6591.950138  
6583.790978  
6548.901779  
6545.687873  
6541.830412  
6511.865349  
6525.591946  
6500.875713  
6491.848657  
6463.41405  
6517.017557  
6552.908711  
6538.063711  
6517.012595  
6491.619084  
6517.712001  
6503.556701  
6545.042154  
6463.644465  
6589.556477  
6583.641064  
6576.522831  
6574.241915  
6517.895781  
6509.971572  
6526.573786  
6519.507755  
6540.955913  
6534.646157  
6538.093729  
6529.05986  
6571.409915  
6573.704331  
6578.124883  
6539.050127  
6534.153394  
6539.380433  
6543.784056  
6584.63811  
6534.610913  
6547.952129  
6539.354082  
6553.903839  
6562.65873  
6587.987633  
6561.861152  
6548.44722  
6529.414976  
6515.117116  
6511.041225  
6517.979767  
6508.512703  
6544.378621  
6545.968692  
6577.96606  
6564.293384  
6540.086228  
6560.658045  
6569.41123  
6568.399781  
6594.625101  
6560.157102  
6563.708885  
6574.652225  
6571.519222  
6572.10473  
6548.835371  
6591.934986  
6534.997878  
6612.78319  
6618.590672  
6610.307328  
6536.145025  
6518.076363  
6505.532259  
6534.702601  
6550.147237  
6515.413237  
6546.841743  
6529.726523  
6540.399883  
6565.579601  
6524.946284  
6529.073686  
6565.339492  
6539.8846  
6534.782855  
6603.216147  
6532.983915  
6509.341561  
6515.124601  
6507.369072  
6526.26852  
6533.412387  
6540.516077  
6552.405563  
6550.785692  
6547.648619  
6539.943298  
6557.743561  
6513.278866  
6558.355762  
6533.608862  
6561.104559  
6583.186917  
6549.724805  
6573.461371  
6550.101707  
6583.379684  
6560.597976  
6564.193425  
6559.242349  
6551.866616  
6579.325167  
6583.770575  
6539.629871  
6542.612446  
6538.46595  
6527.553928  
6536.419477  
6580.062524  
6575.855521  
6534.815268  
6477.398389  
6505.001453  
6491.165166  
6505.541213  
6508.427564  
6528.148162  
6541.001099  
6544.217343  
6558.649341  
6540.584998  
6544.870903  
6554.064046  
6567.775368  
6552.984646  
6555.565877  
6580.157777  
6563.990011  
6577.684194  
6566.498128  
6569.621639  
6535.528809  
6568.184897  
6555.767351  
6540.103279  
6525.537524  
6496.770931  
6514.833513  
6511.360083  
6511.856427  
6537.809865  
6554.140421  
6535.910671  
6543.92201  
6565.189949  
6555.931974  
6580.242936  
6555.700685  
6541.109045  
6569.010817  
6559.486466  
6567.332585  
6596.195149  
6545.247182  
6507.109218  
6520.83308  
6550.215795  
6548.129977  
6569.409948  
6544.882655  
6545.14767  
6552.1364  
6557.220018  
6562.35211  
6550.715148  
6530.101484  
6550.134363  
6535.227757  
6518.819455  
6545.752161  
6504.476736  
6527.854146  
6536.641623  
6548.825026  
6543.473426  
6514.743237  
6476.539025  
6513.920724  
6544.514478  
6509.331838  
6523.142841  
6520.454467  
6551.427813  
6567.51009  
6603.963307  
6572.548821  
6592.22273  
6570.60198  
6539.80668  
6560.261919  
6552.927252  
6570.525649  
6524.674403  
6531.364302  
6540.934164  
6524.638821  
6529.455292  
6591.332254  
6603.162995  
6582.196812  
6583.68182  
6575.640426  
6574.509257  
6549.278303  
6534.062034  
6561.797329  
6584.857658  
6590.59025  
6559.023781  
6543.264606  
6555.476121  
6567.843309  
6617.491256  
6564.367743  
6501.692941  
6470.965345  
6447.048124  
6479.812677  
6500.962458  
6434.529805  
6456.176599  
6443.993212  
6511.714516  
6484.613704  
6500.66485  
6562.618764  
6525.400503  
6527.280786  
6531.759008  
6567.628661  
6578.579854  
6562.086747  
6554.6961  
6559.945444  
6583.877607  
6588.702  
6608.202418  
6575.804601  
6548.785198  
6526.789093  
6536.403606  
6564.905722  
6528.750467  
6535.817272  
6584.178869  
6511.845448  
6528.385082  
6540.9014  
6554.881548  
6554.484687  
6557.937032  
6539.579429  
6601.227759  
6627.030748  
6612.880439  
6574.799786  
6570.089813  
6546.037683  
6525.137675  
6502.991062  
6517.8131  
6540.834036  
6516.858414  
6523.200603  
6533.868514  
6545.915237  
6552.036472  
6572.597261  
6557.714689  
6516.510118  
6540.630259  
6561.740147  
6554.697326  
6511.633195  
6527.319572  
6553.19848  
6542.51891  
6517.690589  
6521.315609  
6526.353774  
6538.278034  
6572.623708  
6588.826175  
6571.617213  
6545.517266  
6575.471178  
6545.393774  
6547.219647  
6552.983683  
6566.161984  
6576.655063  
6549.883424  
6544.271869  
6549.734088  
6529.30521  
6508.388216  
6519.300393  
6532.052062  
