11067.25895  
10733.4359  
10833.715  
10783.01934  
10648.80297  
10852.0616  
10922.28074  
10953.07434  
10728.25723  
10843.60746  
10762.94848  
10827.10422  
10787.635  
10917.99012  
10756.93215  
10844.84832  
10742.57723  
10864.52941  
10794.65199  
10745.73543  
10946.77023  
10858.99668  
10821.81297  
10644.99809  
10849.39879  
10749.04723  
10958.76957  
10782.09203  
10861.5568  
10614.53613  
10901.14316  
10778.7702  
10882.87977  
10947.01246  
10853.74672  
10888.38309  
10820.72387  
10735.06578  
10905.64313  
10827.28035  
10896.82691  
10685.1943  
10900.62801  
10715.86355  
11077.36973  
10833.27793  
10912.21855  
10734.00941  
10901.62762  
10703.02934  
10908.34574  
10709.95422  
10943.63625  
10786.60879  
10935.82488  
10864.20246  
10917.99223  
10868.80965  
10830.0459  
10840.26937  
10739.81363  
11019.37504  
10790.64965  
10873.95059  
10840.24609  
10721.34531  
10802.5982  
10803.20434  
10872.37086  
10785.14449  
10870.79836  
10689.88  
10790.27316  
10836.52066  
10929.20871  
10849.07777  
10879.34609  
11045.01801  
10780.36707  
10821.62242  
10770.25738  
10663.48656  
10977.46605  
10807.10969  
11007.2007  
10874.44387  
10585.1725  
10877.54867  
10815.05434  
10799.16332  
10912.56473  
10651.11953  
10553.05148  
10739.08645  
10697.27523  
10546.19211  
10710.51586  
10708.20699  
10689.40301  
10743.74871  
10739.01195  
10709.75031  
10748.33867  
10853.28824  
10904.6059  
10720.94664  
10874.24637  
10833.59895  
10916.68023  
10786.4407  
10896.97918  
10887.87  
10770.46531  
10860.56785  
11038.8891  
10943.94004  
10987.5857  
10694.03238  
10802.05516  
10734.02375  
11151.26434  
10938.58832  
10839.05977  
10760.61836  
10782.14023  
10856.35637  
10792.0134  
11071.7359  
10853.86242  
10680.61418  
10763.47234  
10829.62547  
10921.53957  
10913.07469  
10950.2593  
10775.23914  
10685.19441  
10914.51117  
10859.78535  
10810.62445  
10865.43027  
10699.52496  
10784.03816  
10826.94598  
10752.08262  
10940.33641  
10648.33543  
11033.69531  
10658.70602  
10746.04723  
10991.31117  
10682.08055  
10745.42508  
10623.28996  
10862.75211  
10747.98703  
10911.33684  
10715.05164  
10695.59895  
10461.8582  
10779.15816  
10623.75961  
10828.60164  
10576.34254  
10914.84547  
10857.50863  
10811.63145  
10686.73008  
10852.30863  
10732.11266  
10938.4432  
10801.91863  
10688.34309  
10936.20555  
11092.57418  
10836.50973  
10674.85645  
11080.23012  
10962.07266  
10821.8659  
10817.83414  
10887.27422  
10733.65031  
10958.16098  
10856.20695  
10644.34637  
10910.67113  
10801.00539  
10878.63441  
10915.42324  
10833.7327  
10802.19629  
10821.03785  
10733.30395  
10921.4834  
10831.63473  
10774.08766  
10679.44645  
10923.14898  
10870.96141  
10750.68004  
10992.32074  
10909.94215  
10816.26277  
10888.72  
10925.64898  
10754.10344  
10910.52586  
10905.91469  
10856.26  
10870.07008  
10825.14211  
10855.22895  
10995.47273  
10884.90402  
10775.23336  
10789.61375  
10875.94422  
10857.94383  
10722.48582  
10849.63902  
10824.38152  
10737.73988  
10891.58797  
10889.13191  
10802.77301  
10796.66473  
10709.85969  
10579.65711  
10902.04977  
10803.29531  
10825.78977  
10853.28887  
10765.01699  
10982.71547  
10772.01223  
10882.72391  
10772.42934  
10723.58691  
11023.24598  
10803.16488  
10925.41777  
10937.52527  
10683.36734  
10744.11164  
10908.62793  
10681.45434  
11043.06391  
10774.17715  
10900.62625  
10742.26441  
10705.25504  
10773.08008  
10946.04848  
10806.75371  
10960.08848  
10750.86637  
10786.27543  
10672.78777  
10684.24746  
10756.36426  
10545.0409  
10503.42223  
10870.31691  
10678.95188  
10815.42309  
11037.1432  
10681.24633  
10741.20484  
11044.5966  
10920.81016  
10706.63137  
10877.90172  
10838.66828  
10744.47551  
10847.19406  
10857.05566  
10726.04527  
10880.21293  
10906.6652  
10664.17715  
10854.04348  
10803.58367  
10770.1198  
11014.38832  
10987.8477  
10812.0907  
10861.97219  
10911.00738  
10770.16293  
10988.90281  
10764.95992  
10980.68762  
10776.7134  
10774.51719  
10985.12953  
10720.95512  
10985.38648  
10732.7998  
10954.80945  
10612.14258  
10947.49609  
10732.45047  
10805.72422  
10865.21918  
10924.37934  
11038.94945  
10915.9434  
10855.99559  
10715.10262  
10834.06945  
10740.07137  
10973.76145  
10821.69223  
10905.42844  
10933.54598  
10849.2509  
10924.95379  
10854.27941  
11011.76289  
10609.79176  
10819.31703  
10870.10023  
10943.4625  
10990.89711  
11077.585  
11019.45715  
10880.93941  
10720.70504  
10456.65219  
10487.52277  
10577.2659  
10890.06996  
10886.04375  
10961.00754  
10865.90082  
10734.33418  
10774.7382  
10867.27797  
10869.09215  
10586.72387  
10733.28398  
10983.54812  
10731.28527  
10873.61484  
10845.44305  
10604.65723  
10965.66055  
10867.85027  
10606.76402  
11035.17656  
10875.51027  
10905.58184  
10696.86066  
10790.10383  
10981.04391  
10676.60664  
10924.22633  
10804.26074  
10662.69367  
10658.04016  
10881.17121  
10821.415  
10839.57547  
10713.34766  
10903.67598  
10782.00215  
10884.35898  
10781.99301  
10972.92074  
10858.29977  
10829.46527  
10920.02441  
10796.18363  
10850.50387  
11046.14352  
10828.15355  
10841.08684  
11062.53828  
10736.43426  
10781.25445  
10892.50246  
10756.89934  
10747.09633  
10814.48152  
10815.39926  
10870.7325  
10697.9816  
11012.98309  
10884.36785  
10830.68207  
10812.54848  
10726.14773  
11044.21586  
10584.0966  
10939.42988  
10705.49004  
10822.83805  
10697.43867  
10687.65199  
10916.89379  
10612.49559  
10637.10902  
10700.35848  
10837.75063  
10696.91156  
10815.46703  
10743.7748  
10735.74211  
10773.42207  
10761.24422  
10721.14598  
10845.58266  
10662.85203  
10790.97086  
10904.72902  
10605.23824  
10866.72422  
10797.66719  
10739.25754  
10919.0025  
10804.01262  
10828.75727  
10797.97516  
10918.97047  
10849.25719  
10873.50113  
10818.22305  
10830.91707  
10816.55648  
10796.82379  
11077.11914  
10992.24766  
10736.71805  
10883.09023  
10814.10211  
10821.35539  
10919.1277  
10903.09844  
10827.15734  
10875.0691  
10812.825  
10741.12918  
10788.08973  
10831.84906  
10781.53035  
10846.63699  
10748.61332  
10861.57121  
10741.06719  
11076.51512  
10882.10297  
10788.70695  
10681.03609  
10902.38902  
10957.90086  
10755.41617  
10727.90215  
10697.2859  
11013.61996  
10858.92941  
10929.68824  
10819.85813  
10790.72531  
10821.43996  
10720.03957  
10939.1225  
10925.11035  
10734.40863  
10906.79027  
10962.48375  
10860.84785  
10775.3741  
11062.66648  
10969.77695  
10798.29145  
10982.60867  
11005.03727  
10843.25727  
10874.34105  
10938.18363  
10983.21184  
10888.1475  
10887.8882  
10904.51063  
10733.6891  
11088.29184  
10861.05957  
10855.06055  
10766.78176  
10702.42687  
10780.5525  
10639.35766  
10625.51238  
10719.26027  
10771.25945  
10675.79086  
10847.83559  
10713.02496  
10650.71129  
10851.38414  
10789.51039  
10664.30203  
10848.88852  
10851.94191  
10800.21766  
10932.88848  
10904.51121  
10617.90945  
10700.98879  
10733.76355  
11045.29426  
10736.95988  
10612.34336  
10694.25172  
10708.32559  
10829.1443  
11034.13746  
10811.28016  
10706.36777  
10824.43949  
10829.19465  
10797.03691  
10841.86648  
10901.21434  
10876.49316  
11138.20801  
10830.77629  
10807.51469  
10851.82141  
10886.40129  
10779.13934  
10661.81379  
10646.68898  
10737.65898  
10798.57313  
10795.17398  
10895.79734  
10921.76223  
10839.61141  
10750.11293  
10846.66613  
10842.94285  
10808.6868  
10777.1643  
10755.96953  
10825.16324  
10919.24035  
10853.66187  
10843.48641  
10815.66074  
10807.25809  
10794.58426  
10768.70457  
10964.86137  
10765.0018  
10811.15848  
11054.55461  
10883.12754  
10730.10242  
10818.05609  
10773.48664  
10945.42309  
11102.30508  
10732.68566  
10923.78105  
10868.14594  
10851.76934  
10869.28965  
10991.65559  
10891.48875  
10867.49984  
10999.38504  
10907.84277  
10978.49914  
10797.35641  
11042.17633  
10903.69527  
10794.49656  
10867.86648  
10908.28434  
10795.31566  
10604.42609  
10451.22109  
10669.31754  
10716.48129  
10773.89086  
10794.60574  
10661.59953  
10747.77031  
10642.77684  
10611.05516  
10863.48187  
10944.42418  
10836.06836  
10676.72539  
10607.42656  
10750.49352  
10901.4718  
10889.82199  
10826.38801  
10619.21125  
10986.79367  
10867.08227  
10761.44844  
10712.71504  
10938.0475  
10856.44094  
10927.66086  
10741.18652  
10950.85387  
10831.08297  
10928.19301  
10713.71902  
10913.8416  
10771.82824  
10937.41289  
10813.67723  
10756.44207  
10747.46469  
10695.30062  
10811.36234  
10819.76168  
11012.83371  
10885.51781  
10751.25574  
10812.83461  
10958.4991  
10891.11422  
10824.03227  
10844.62887  
10896.37926  
10948.37098  
10860.63793  
11004.50445  
10835.15102  
10716.81609  
10760.15828  
10924.08855  
10907.15137  
10898.36902  
10852.77172  
10973.78039  
10897.95656  
10972.79863  
10724.08105  
10892.26969  
10821.40504  
10777.88723  
10733.27719  
10633.79211  
10771.94559  
10764.34836  
10797.71285  
10892.98426  
10836.90809  
10886.9391  
10935.57855  
10931.25211  
10648.53141  
10877.52816  
10967.71133  
10896.08145  
10959.17004  
10778.82539  
10969.28305  
11056.83379  
10870.93148  
11014.98102  
11067.20656  
10967.69422  
10828.79742  
10605.32281  
10547.46578  
10698.60637  
11224.06121  
10862.17598  
10722.17301  
10674.48695  
10661.89137  
10842.74137  
10532.01543  
10815.1484  
10694.68281  
10702.83605  
10669.47344  
10681.80645  
10661.07645  
10711.47793  
10653.94391  
10864.09445  
10824.97934  
10633.08016  
10674.99949  
10802.78176  
10801.85297  
10586.22207  
10801.06383  
10763.70152  
10832.08758  
10808.6823  
10772.6141  
10784.91469  
10706.61848  
10809.06996  
10871.79949  
10722.56352  
10728.10254  
10721.43582  
10859.66707  
10784.99348  
10861.37609  
10806.2941  
10762.81914  
10798.66566  
10765.68023  
10709.40258  
10859.25035  
10851.6377  
10835.77613  
10957.43934  
10684.66109  
10722.41293  
10804.08473  
10805.36785  
10982.95633  
10947.28656  
10875.73289  
10795.9457  
10939.3973  
10905.42121  
10803.52059  
10858.70289  
10991.47031  
10902.40086  
10889.6448  
10863.03215  
10988.32691  
10904.71437  
10827.58191  
10748.195  
10856.50254  
10905.62586  
10949.05156  
10888.38828  
10879.64855  
10768.60406  
10826.76152  
10865.13152  
10828.86254  
10830.48871  
10889.61301  
10874.27867  
10849.18188  
10739.59723  
10722.74957  
11012.64441  
10928.36477  
10766.20633  
10729.83191  
10801.25637  
10779.82527  
10707.41414  
10899.41387  
10913.21895  
10905.55445  
10907.85367  
10857.73527  
10842.98648  
10813.90855  
10812.83113  
10861.88309  
10833.98504  
10930.35535  
10719.82379  
10890.77941  
10917.64488  
10845.50906  
10820.72891  
10772.35832  
10865.46703  
10857.94387  
11031.87766  
10877.16691  
10758.12777  
10746.37637  
10835.71711  
10677.5302  
10728.54078  
10662.91551  
10736.64691  
10771.3375  
10742.04535  
10843.36598  
10865.27406  
10787.15242  
10824.84527  
10694.94496  
10681.62605  
10923.66203  
10901.02598  
11012.57871  
10772.76363  
10759.71109  
10796.69594  
10786.41949  
10725.5084  
10890.14008  
10987.84559  
10810.64098  
10895.08555  
10819.74746  
10745.34781  
10956.44668  
10965.86707  
10887.90344  
10726.16234  
10836.56254  
10821.99656  
10940.97926  
10847.02609  
10802.10082  
10943.36113  
10890.92906  
10920.93117  
10917.7134  
10923.84414  
10855.32652  
10861.6118  
10855.98449  
10866.63332  
10821.20262  
10765.04695  
10826.20508  
10962.27363  
10927.6532  
10817.2752  
10755.66832  
10776.91926  
10825.06152  
10777.16957  
10910.54062  
10846.78687  
10715.02988  
10837.16484  
10789.17391  
10781.24895  
10845.71684  
10913.38406  
10856.20105  
10755.59652  
10877.83293  
10851.0191  
10810.7498  
10731.32027  
10868.16211  
10856.84004  
10828.22152  
10762.11801  
10800.99969  
10736.90398  
10837.05531  
10812.84418  
10756.0243  
10823.3277  
10825.3282  
10850.71008  
10738.59316  
10800.12023  
10789.05469  
10855.97672  
10900.53637  
10929.21348  
10901.51242  
10906.56344  
10829.45047  
10878.57781  
10822.49047  
10774.14637  
10865.29844  
11016.32867  
10843.47914  
10711.3259  
10948.23156  
10725.75555  
10816.25684  
10846.36371  
10747.23234  
10545.76047  
10655.41156  
10711.74641  
10657.03512  
10605.13707  
10786.65719  
10849.66016  
10990.4216  
10780.305  
10738.3507  
10930.01316  
10934.67566  
10757.79859  
10922.91078  
10827.95523  
10779.16379  
10712.39004  
10730.11867  
10951.24434  
10897.64422  
10965.04785  
10833.96434  
10684.96453  
10731.43973  
10965.30887  
10939.44645  
10924.85273  
10828.66406  
10719.02352  
10830.11758  
10884.48402  
10893.3157  
10885.22012  
10781.60945  
10716.76703  
10824.05551  
10902.80789  
10979.83453  
10917.3884  
10822.56523  
10746.42727  
10868.28543  
10892.96918  
10784.53266  
10850.54875  
10797.18008  
10593.1684  
10777.84109  
10810.45988  
10915.67844  
11033.49965  
10894.60418  
10819.5782  
10874.82195  
10877.69602  
10834.91141  
10748.85992  
10964.04957  
10815.76078  
10824.91496  
10793.26191  
10731.54641  
10810.91551  
10893.59023  
10799.74516  
10765.7541  
10718.00977  
10914.4343  
10819.58094  
10813.31531  
10743.85789  
10869.31727  
10808.36922  
10853.59844  
10906.74621  
10867.78016  
10853.40008  
10874.53207  
10887.13371  
10822.43719  
10896.64875  
11017.68266  
10767.75805  
10746.24762  
10827.34305  
10915.02043  
10872.98168  
10928.83078  
10775.3282  
10859.50273  
10670.36945  
10745.88699  
10737.61234  
10970.24402  
10907.14488  
10807.9541  
10688.01238  
10815.63621  
10912.11363  
10717.10832  
10734.16559  
10672.5875  
11031.87035  
10945.86461  
10746.73035  
10701.35539  
10879.10289  
10889.08781  
10956.3516  
11060.03566  
10887.73172  
10833.69848  
10792.21738  
10806.08266  
10872.00086  
10976.9207  
10968.62262  
10518.5598  
10856.3275  
10668.87352  
10676.59105  
10762.28246  
10941.21871  
10959.52699  
10490.89684  
10934.87387  
10780.52137  
10714.59633  
10780.24293  
10935.42559  
10736.19062  
10814.31313  
10860.2832  
10770.53898  
10760.35625  
10817.12984  
10800.60516  
10825.9502  
10683.89637  
10792.0282  
10836.70391  
10743.1077  
10779.05242  
10819.33867  
10742.96738  
10790.33609  
10720.25945  
10799.85848  
10855.35242  
10750.69582  
10777.2743  
10923.22883  
10848.26926  
10652.61758  
10738.05246  
11011.13344  
11028.73113  
10856.26711  
10813.20965  
10757.64437  
10701.4877  
10968.23117  
10944.39266  
10707.62109  
10756.07234  
10889.75527  
10891.28559  
10795.50504  
10782.66191  
10763.15094  
10761.82668  
10813.34188  
10741.11059  
10973.84035  
10814.71234  
10911.13957  
10846.62  
10799.86047  
10849.7327  
10849.28207  
10874.98145  
10925.77625  
10999.51375  
10795.45059  
10776.98617  
10843.9948  
10885.44141  
11035.71293  
10961.58734  
10760.50219  
10831.3566  
10758.8266  
10860.22129  
10814.025  
10769.96582  
10706.37512  
10864.31715  
10861.82316  
10805.38918  
10729.0134  
10770.1307  
10823.6493  
10836.55555  
10917.68352  
10786.27418  
10674.36336  
10713.76352  
10911.09156  
10774.26402  
10765.32695  
10814.48984  
10876.72961  
10906.85582  
10887.10164  
10783.25801  
10706.24367  
10861.61781  
10936.11105  
11001.75195  
10990.40207  
10707.97098  
10708.93148  
10726.38766  
10852.27031  
10825.76438  
10697.37211  
10684.02188  
10674.79469  
10784.75559  
10700.22133  
10703.28719  
10705.75023  
10764.79805  
10753.9907  
10879.28242  
10872.08273  
10822.22293  
10794.78777  
10951.78637  
10962.25887  
10877.26969  
10897.40574  
10785.38691  
10814.09926  
10864.61969  
10954.30707  
10968.68914  
10815.76301  
10896.40152  
10927.18488  
10923.07914  
10793.75449  
10739.76547  
10848.49891  
10989.35906  
10916.73918  
10890.87754  
10795.71031  
10711.05367  
10690.91465  
10793.38691  
10842.92188  
10981.06793  
10849.85645  
10713.40258  
10843.90238  
10703.12484  
10765.66613  
10908.55461  
10822.05457  
10783.09203  
10816.04434  
10816.31074  
10721.84074  
10703.31012  
10778.22367  
10730.8848  
10965.28234  
10924.08473  
10892.71652  
10721.79684  
10740.25832  
10758.38359  
10897.23867  
10924.65422  
10969.47426  
10851.63883  
10744.59109  
10789.02992  
10876.47934  
10864.1534  
10805.65512  
10759.66984  
10855.46918  
10821.58254  
10763.48363  
10892.95422  
10866.60312  
10760.89965  
10713.38531  
10849.41664  
10810.38555  
10786.51332  
10969.81762  
10832.64477  
10766.32215  
10786.98906  
10995.00941  
10884.07063  
10956.86293  
10808.21359  
10868.82426  
10827.54961  
10922.02563  
10809.24477  
10804.96434  
10785.68305  
10884.57617  
10926.30043  
10660.36047  
11042.44887  
10829.48328  
10766.45215  
10599.24297  
10746.61059  
10753.4468  
10759.16254  
10707.13004  
10783.09586  
10851.99516  
10916.46152  
10891.28598  
10827.77188  
10716.27578  
10787.95133  
10794.20387  
10871.24762  
10972.17258  
10882.91359  
11025.26156  
10970.20527  
10973.6557  
10886.71395  
10884.82715  
10716.62488  
10870.62406  
10737.56941  
10798.53113  
10756.05668  
10750.47305  
10774.98434  
10935.39758  
10807.13625  
10699.9466  
10858.27324  
10764.31988  
10714.94953  
10675.39086  
10898.80293  
10773.14699  
10809.92477  
10764.86305  
10868.60277  
10914.0768  
10871.23238  
10865.05602  
10906.90078  
10757.01098  
10755.36711  
10689.05445  
10714.06871  
10741.30848  
10837.7127  
10885.25035  
10969.82078  
10880.04914  
10849.09801  
10907.63723  
10718.0827  
10796.40371  
10768.31164  
10893.00504  
10748.86664  
10732.45676  
10862.65656  
10941.44621  
10919.23883  
10883.02625  
10770.7791  
10741.08691  
10851.18602  
10720.74336  
10838.57691  
10742.70031  
10823.26746  
10836.56457  
10850.30418  
10787.93875  
10836.59367  
10854.35285  
10801.85402  
10924.79406  
11006.32727  
10735.71441  
10732.15605  
10617.29402  
10589.19414  
10695.28344  
10761.65344  
10734.85344  
10678.18012  
10882.52309  
10835.54711  
10820.95891  
11059.98074  
10827.01363  
10855.34637  
10832.95383  
10958.7227  
10948.8032  
10782.52836  
10704.35664  
10739.10148  
10750.71789  
10795.465  
10911.20563  
10999.85813  
10974.97258  
10745.56691  
10789.84309  
10789.30074  
10796.92547  
10714.3241  
10756.80793  
10699.36758  
10912.80258  
10841.00883  
10833.62324  
10856.53102  
10880.33195  
10793.07383  
10924.41695  
10823.79043  
10816.74562  
10901.20352  
10875.49723  
10806.58484  
10837.14758  
10869.4073  
10659.13383  
10877.2875  
11035.48586  
10837.12777  
10931.15863  
10826.33332  
10855.95543  
10860.20336  
10663.77156  
10894.67418  
10897.77168  
10864.0066  
10919.46238  
10731.59  
10594.42453  
10624.61617  
10667.02477  
10608.95359  
10824.60145  
10992.25348  
10950.81875  
10708.51711  
10863.57152  
11032.13633  
10977.52016  
10829.56652  
10763.68816  
10756.76574  
10854.62766  
10784.68914  
10878.51742  
10988.50133  
10844.98805  
10812.93594  
10770.84676  
10873.08582  
10958.05195  
10790.84141  
10785.84207  
10773.20527  
10920.65699  
10820.64191  
10783.8184  
10718.97602  
10903.73461  
10859.42852  
10856.42121  
10862.34512  
11102.73363  
10888.55363  
10732.67492  
10676.49875  
10812.31141  
10998.76918  
10970.46453  
10801.45375  
10849.11988  
10778.68797  
10845.43816  
10745.98113  
10954.15742  
10821.6316  
10658.85066  
10705.38555  
10823.5977  
10776.65602  
10800.1093  
10911.85555  
10854.05918  
10666.59527  
10800.89594  
10882.53062  
10945.1259  
10969.50328  
10890.90301  
10697.36402  
10748.4368  
10841.08012  
10984.68582  
10912.17574  
10780.10031  
10820.35316  
10745.49262  
10902.39539  
10917.77227  
10993.38887  
10888.82617  
10792.24586  
10694.81707  
10847.49258  
10899.01668  
10770.17871  
10659.81145  
10707.85664  
10776.14242  
10822.65145  
10831.0591  
10838.24934  
10922.94914  
10799.72328  
10796.44055  
10703.74754  
10757.92113  
10918.92844  
10833.06641  
10774.85297  
10861.00648  
10852.01137  
10694.50785  
10775.90508  
10913.07113  
10987.30773  
10791.65336  
10652.39043  
10828.78059  
10826.95652  
10904.11672  
10899.79793  
10902.83312  
10914.04242  
10776.55645  
10753.29105  
10758.96473  
10792.80367  
10873.12059  
10935.64098  
10827.71441  
10959.18383  
10956.30273  
10803.52457  
10736.77719  
10688.24574  
10911.04934  
10740.67937  
10878.35801  
10817.1857  
10822.51355  
10828.66063  
10871.82516  
10826.8552  
10819.94258  
10736.4534  
10809.96383  
10877.0523  
10904.3048  
10806.62016  
10746.82395  
10836.77176  
10819.90258  
10746.00203  
10882.05133  
10818.28691  
10820.29199  
10811.32004  
10771.1732  
10807.58898  
10866.36836  
11037.51813  
10882.27555  
10682.62012  
10780.19848  
10869.11754  
10905.0868  
10908.59426  
10819.7534  
10725.69047  
10688.395  
10790.58242  
10746.1552  
10782.81965  
10750.05207  
10991.96582  
10804.82352  
10722.31426  
10733.74844  
10832.11367  
10883.29543  
10870.10586  
10647.73164  
10667.455  
10816.70105  
10896.83918  
10884.08508  
10832.12379  
10744.2298  
10726.07215  
10829.54352  
10833.12297  
10827.39469  
10962.68031  
10895.23184  
10731.73902  
10867.66977  
10937.28219  
10677.93547  
10757.24992  
10831.00281  
10828.57344  
10829.26742  
10863.6725  
10840.26988  
10742.37746  
10889.64062  
11007.23438  
10895.97848  
10911.2325  
10654.95559  
10670.61969  
10768.80676  
10913.72961  
10920.98473  
10818.83398  
10805.01453  
10884.96691  
10881.4166  
10778.33949  
10778.22883  
10768.35133  
10848.93668  
10802.84648  
10774.9459  
10777.16285  
10861.92906  
10912.42156  
10816.7932  
10826.40688  
10811.97758  
10901.70676  
10945.53953  
10820.99199  
10740.3241  
10947.2148  
10848.72395  
10967.6109  
10717.3598  
10722.66145  
10809.43445  
11001.67059  
10869.03766  
10609.32969  
10789.3691  
10866.67223  
10867.17359  
10904.37238  
10806.17086  
10830.04816  
10707.47832  
10963.93711  
10993.1357  
10908.17316  
10776.2323  
10746.31738  
10715.67719  
11022.04145  
10761.9259  
10704.76504  
10756.13703  
10857.58367  
10859.10922  
10899.19586  
10815.84992  
10661.34695  
10798.1402  
10830.48422  
10855.80051  
10891.85883  
10939.45445  
10932.09117  
10781.22656  
10867.07492  
10748.79488  
10767.2884  
10858.58961  
10776.85965  
10849.76773  
10734.80574  
10849.07324  
10904.56027  
10901.51621  
10686.7607  
10919.24176  
10801.80156  
10847.32363  
10905.16398  
10937.79203  
10835.73582  
10942.19383  
10769.35504  
10889.27449  
10791.67008  
10744.63773  
10874.3934  
10917.34617  
10843.45301  
10716.68848  
10849.1698  
10719.82059  
10821.31531  
10893.18145  
10885.83086  
10894.55152  
10751.17438  
10815.61516  
10748.37777  
10667.84211  
10793.2784  
10809.61066  
10742.85301  
10720.67063  
10739.20238  
10879.94555  
10910.14352  
10740.7282  
10648.22781  
10757.07145  
10845.28406  
10845.3016  
10788.89176  
10880.44969  
10949.27391  
10832.98266  
10733.03379  
10776.86543  
10720.99074  
10700.64094  
10967.86895  
10871.05152  
10702.43039  
10888.43465  
10832.07297  
10727.93086  
10881.33367  
10807.4641  
10997.7757  
10741.34789  
10765.75984  
10793.75578  
10731.58586  
10844.2898  
10955.7707  
11023.64809  
10920.47203  
