8150.656806  
8203.116815  
8103.497145  
8138.008477  
8192.496589  
8127.62679  
8213.695062  
8102.372437  
8188.378452  
8138.997721  
8167.561903  
8179.435411  
8243.129856  
8199.243741  
8175.559224  
8151.917569  
8126.948751  
8159.374763  
8141.79857  
8204.99431  
8177.599257  
8206.634271  
8168.796027  
8166.12384  
8142.812561  
8185.279188  
8204.877211  
8110.566467  
8146.850186  
8145.498942  
8102.600701  
8215.308458  
8163.773085  
8189.167657  
8177.12894  
8168.981479  
8146.160339  
8103.419128  
8172.767632  
8114.650696  
8159.970174  
8184.854079  
8075.717014  
8191.477227  
8109.041192  
8221.81469  
8085.70615  
8136.144992  
8152.31488  
8144.183099  
8152.906243  
8171.162279  
8113.275085  
8173.220561  
8182.729716  
8225.046299  
8135.999912  
8167.778158  
8129.731873  
8170.523254  
8190.43514  
8177.397332  
8168.791694  
8143.660516  
8140.814114  
8167.007697  
8150.135247  
8198.181749  
8156.186137  
8190.597534  
8132.216092  
8155.403341  
8089.351895  
8200.954563  
8134.742845  
8159.083957  
8154.443888  
8165.727987  
8198.523098  
8148.297146  
8105.535082  
8178.716214  
8123.624268  
8168.93143  
8151.437154  
8174.294122  
8188.282559  
8111.531094  
8080.251851  
8040.621514  
8100.022997  
8166.070936  
8099.650425  
8062.147285  
8136.604451  
8134.426893  
8050.314311  
8124.941759  
8157.094883  
8133.00215  
8133.903517  
8153.756036  
8107.600566  
8138.685676  
8182.437737  
8193.83016  
8099.942329  
8156.901964  
8185.938443  
8125.678969  
8125.710381  
8168.152601  
8242.451667  
8147.101162  
8140.941447  
8237.91942  
8173.644382  
8167.263387  
8179.649143  
8251.141391  
8219.633348  
8247.097222  
8224.091465  
8175.754612  
8185.863024  
8203.285116  
8192.994561  
8137.211622  
8213.098999  
8206.850986  
8176.021125  
8202.357334  
8206.079671  
8141.179816  
8210.142551  
8222.497036  
8196.680318  
8150.218038  
8195.485514  
8106.841905  
8172.69831  
8178.849413  
8162.882412  
8141.688524  
8193.02042  
8094.663215  
8124.883613  
8125.07723  
8161.575229  
8181.994188  
8142.592055  
8162.416219  
8104.283352  
8006.949849  
8103.50689  
8119.804281  
8165.422424  
8200.847656  
8115.841946  
8117.566481  
8119.187629  
8135.07411  
8139.869331  
8125.681281  
8124.270155  
8152.804715  
8143.492371  
8194.443888  
8120.326979  
8149.073256  
8143.757033  
8167.103556  
8205.245978  
8156.870707  
8196.467706  
8226.348226  
8174.667976  
8170.529812  
8196.371257  
8219.661655  
8186.282254  
8239.01732  
8227.108622  
8164.10083  
8137.167792  
8213.765496  
8180.306702  
8195.138597  
8173.880154  
8229.753737  
8200.413127  
8176.901815  
8187.171339  
8201.603658  
8155.103936  
8159.248881  
8167.710822  
8170.238776  
8166.625617  
8125.332147  
8173.737257  
8158.785624  
8172.825609  
8131.393107  
8169.329814  
8178.034207  
8193.690803  
8144.681057  
8168.291748  
8176.688273  
8155.314209  
8163.7229  
8159.33372  
8173.414842  
8199.197137  
8186.114692  
8220.708713  
8143.405457  
8158.053345  
8157.281277  
8177.041375  
8172.107273  
8219.344225  
8151.587979  
8205.612651  
8098.259352  
8204.678718  
8195.985487  
8243.351244  
8099.498881  
8138.408888  
8142.852492  
8171.781223  
8163.864604  
8209.834961  
8177.982001  
8165.258484  
8131.744229  
8189.486674  
8158.184482  
8191.309977  
8143.156569  
8176.115336  
8197.104194  
8112.383328  
8210.658698  
8188.316535  
8164.971286  
8175.169142  
8194.616625  
8153.22326  
8174.355448  
8156.931376  
8157.890923  
8043.60848  
8060.10673  
8138.625997  
8171.956265  
8196.368374  
8135.094354  
8111.230042  
8194.15819  
8118.093418  
8079.3679  
8088.65665  
8112.489868  
8159.15802  
8186.596917  
8149.641941  
8173.510532  
8141.313836  
8236.940613  
8151.789897  
8154.218072  
8177.857029  
8211.643426  
8147.801636  
8163.503696  
8127.688978  
8172.799398  
8177.978848  
8099.938144  
8168.891479  
8123.431824  
8137.943427  
8149.337952  
8135.68179  
8140.035597  
8155.263082  
8122.023817  
8173.839742  
8168.457987  
8178.145393  
8161.103197  
8200.634915  
8146.380107  
8194.47703  
8114.182468  
8191.165317  
8152.155382  
8169.879055  
8179.223111  
8217.359755  
8171.806986  
8199.165751  
8229.384128  
8194.459371  
8225.442512  
8192.820197  
8161.886848  
8126.996121  
8196.003493  
8183.588399  
8223.648661  
8156.544047  
8199.206875  
8157.94378  
8173.463019  
8191.867628  
8154.357924  
8212.699775  
8227.365757  
8189.404744  
8185.092387  
8111.130649  
8249.455939  
8345.017117  
8302.249471  
8227.445543  
8120.50253  
8149.482944  
8128.455865  
8118.861844  
8154.776482  
8164.039558  
8190.107802  
8256.450378  
8152.049438  
8150.763841  
8209.80898  
8137.928928  
8103.54893  
8168.901001  
8206.495171  
8164.609931  
8169.302802  
8196.674655  
8192.303494  
8129.798692  
8261.014004  
8146.886753  
8120.498678  
8189.901374  
8050.504673  
8082.428996  
8139.996806  
8151.509325  
8148.765544  
8089.674974  
8132.188856  
8155.902507  
8148.839769  
8119.444024  
8168.746602  
8141.905043  
8153.172201  
8071.27518  
8142.66727  
8185.150553  
8192.309509  
8176.567674  
8145.680589  
8200.114007  
8172.477091  
8145.918945  
8219.892144  
8112.755629  
8133.184055  
8138.917345  
8134.798564  
8148.582031  
8138.860535  
8106.221144  
8155.735969  
8078.874803  
8106.211331  
8122.365655  
8099.240302  
8110.922824  
8103.982334  
8145.626295  
8070.475511  
8166.919332  
8051.697293  
8102.432482  
8114.095635  
8152.425686  
8157.398946  
8189.220629  
8205.486525  
8153.61107  
8159.373359  
8119.050239  
8137.444553  
8140.322049  
8165.066813  
8157.136461  
8118.100586  
8138.253811  
8223.552456  
8135.711717  
8117.481208  
8200.181363  
8115.124159  
8142.290317  
8191.976983  
8161.487128  
8171.489529  
8154.611287  
8160.075426  
8129.626533  
8183.056179  
8250.482049  
8202.319858  
8142.076904  
8186.50057  
8182.528571  
8137.559516  
8187.617906  
8207.760518  
8160.664239  
8262.24448  
8196.490445  
8152.079007  
8161.492628  
8169.921943  
8158.286424  
8180.802402  
8099.867628  
8215.7712  
8181.151645  
8118.145325  
8176.505113  
8141.510349  
8144.835829  
8194.985969  
8176.70143  
8183.249647  
8146.352776  
8170.734504  
8161.185791  
8136.022834  
8188.375278  
8144.527208  
8168.667636  
8178.208238  
8193.780334  
8193.742459  
8200.075372  
8159.684665  
8152.268209  
8244.295085  
8154.311673  
8184.95383  
8169.168552  
8219.025804  
8147.811462  
8199.812575  
8199.406087  
8177.83492  
8236.105801  
8232.682651  
8194.973063  
8218.873149  
8172.622633  
8190.927131  
8157.753425  
8196.702664  
8249.270182  
8178.642653  
8185.097487  
8189.336778  
8198.421705  
8141.601006  
8149.154175  
8104.546129  
8157.524841  
8162.872545  
8176.608093  
8183.005676  
8113.783535  
8167.329536  
8117.689996  
8134.587491  
8057.944519  
8154.700453  
8141.321418  
8110.575392  
8142.062683  
8101.761556  
8128.019565  
8122.557197  
8212.79463  
8178.313056  
8162.563599  
8137.887994  
8119.708944  
8106.626146  
8196.426629  
8165.989027  
8143.445977  
8141.560493  
8216.470018  
8188.695896  
8151.012119  
8167.86183  
8103.265476  
8171.540853  
8175.231995  
8167.765428  
8160.796441  
8159.099677  
8102.875916  
8180.31328  
8144.109172  
8092.944831  
8121.570509  
8249.75017  
8243.4556  
8235.161296  
8134.314541  
8189.916111  
8191.744493  
8132.554579  
8165.069858  
8219.15701  
8132.107551  
8124.503967  
8111.578939  
8178.871785  
8141.346252  
8107.695923  
8147.874017  
8207.250963  
8188.868069  
8156.28873  
8145.356601  
8167.625109  
8138.518792  
8167.539937  
8132.177016  
8181.321689  
8176.75493  
8221.345473  
8149.845771  
8170.153673  
8147.091526  
8172.398905  
8165.967855  
8191.331211  
8205.690742  
8164.243937  
8176.999478  
8199.459785  
8189.723558  
8201.054464  
8188.122687  
8221.996365  
8141.191461  
8152.964742  
8155.694872  
8181.086975  
8128.891635  
8153.269274  
8146.764452  
8130.657722  
8093.411146  
8127.438816  
8184.972195  
8269.515069  
8183.650363  
8145.139771  
8193.363091  
8208.903456  
8204.311184  
8163.408644  
8119.808289  
8080.332079  
8161.702542  
8144.527839  
8147.992486  
8156.368747  
8214.41194  
8095.200568  
8087.035353  
8137.917562  
8124.633538  
8092.924954  
8104.282749  
8141.910516  
8152.452603  
8157.999871  
8135.803365  
8170.260491  
8190.562324  
8189.199341  
8209.223504  
8166.568325  
8187.233168  
8185.828715  
8199.16175  
8190.298977  
8130.965888  
8165.775214  
8184.675137  
8160.934435  
8185.738003  
8171.356038  
8198.709269  
8120.606364  
8233.087646  
8146.094611  
8208.598111  
8178.54046  
8213.583815  
8200.756999  
8256.230808  
8184.72486  
8175.897196  
8179.74705  
8200.184835  
8157.266839  
8169.366102  
8195.252462  
8199.265679  
8211.480835  
8194.451877  
8223.157274  
8133.655891  
8194.68752  
8183.053257  
8214.636556  
8181.262858  
8069.204692  
8194.151693  
8177.923374  
8220.00866  
8212.579617  
8190.152432  
8197.297512  
8153.496507  
8175.37483  
8206.193997  
8203.54992  
8194.454766  
8231.93826  
8161.148729  
8196.470852  
8265.693712  
8197.751478  
8283.418613  
8144.371243  
8061.16982  
8229.075555  
8052.842841  
8148.922201  
8221.557732  
8321.923102  
8339.753947  
8158.219604  
8144.492601  
8110.632046  
8201.484667  
8056.771681  
8032.372131  
8112.441474  
8086.201904  
8193.730801  
8126.52792  
8103.255737  
8136.104234  
8134.278008  
8078.775377  
8090.925069  
8100.311951  
8175.09297  
8107.880086  
8145.488824  
8089.241808  
8120.094279  
8039.46386  
8004.376065  
8021.433621  
8002.341614  
8081.035183  
8149.615051  
8128.967461  
8129.468357  
8058.603136  
8102.62245  
8137.035082  
8111.062242  
8148.592678  
8105.051459  
8130.360216  
8080.424371  
8130.771288  
8155.399977  
8202.870565  
8190.560242  
8129.981432  
8149.918118  
8173.942763  
8170.234714  
8135.688293  
8169.686327  
8176.578939  
8173.698398  
8150.492493  
8165.622782  
8115.829603  
8185.21401  
8141.031345  
8195.620158  
8169.296312  
8179.067424  
8202.961026  
8258.735094  
8243.619934  
8209.810567  
8188.02145  
8191.133145  
8183.455451  
8220.561605  
8205.297967  
8268.840915  
8216.046733  
8143.69635  
8223.607137  
8179.439229  
8206.184543  
8170.17159  
8127.322055  
8197.780436  
8177.219984  
8217.453335  
8131.914463  
8162.640415  
8141.500671  
8178.567783  
8187.679796  
8166.629293  
8195.491896  
8166.500353  
8155.256687  
8113.752143  
8191.311496  
8190.41744  
8177.500332  
8144.98209  
8168.655097  
8193.194743  
8185.677239  
8121.118286  
8167.113024  
8147.270413  
8194.29046  
8221.985826  
8208.745924  
8266.608554  
8181.710775  
8228.381273  
8167.665602  
8207.166924  
8208.735786  
8157.464742  
8178.192688  
8126.597555  
8194.373589  
8168.705532  
8195.051948  
8020.879272  
8137.433384  
8214.716302  
8198.833889  
8253.920037  
8138.762797  
8150.181919  
8132.601495  
8080.177239  
8113.33492  
8110.164022  
8159.771695  
8203.082655  
8126.553162  
8140.201857  
8189.327908  
8154.106656  
8172.459561  
8135.707248  
8147.098362  
8165.169542  
8137.022488  
8157.885763  
8146.951681  
8169.437595  
8177.382629  
8188.382711  
8171.348707  
8166.032477  
8202.056634  
8220.072415  
8168.09198  
8150.683831  
8194.174472  
8132.377129  
8202.208917  
8194.701721  
8137.68733  
8270.036058  
8234.557109  
8251.271823  
8197.759318  
8210.594001  
8173.34689  
8223.47975  
8200.093886  
8202.853651  
8174.365546  
8197.003147  
8192.128004  
8214.346544  
8180.070231  
8229.039341  
8094.959554  
8203.589484  
8153.130168  
8207.654819  
8183.885356  
8115.06328  
8138.153375  
8159.061293  
8124.359097  
8150.196479  
8069.599637  
8122.655016  
8091.465766  
8200.495361  
8178.249383  
8090.371094  
8171.106615  
8166.54208  
8155.712124  
8187.508138  
8149.18649  
8119.549879  
8148.165548  
8192.31113  
8165.198337  
8152.457614  
8084.782878  
8160.691508  
8118.37399  
8156.666911  
8106.06899  
8127.967706  
8117.019633  
8179.05268  
8186.398146  
8142.097399  
8112.112562  
8162.877523  
8182.276808  
8202.392334  
8174.219869  
8148.487352  
8167.38914  
8200.59533  
8207.306973  
8194.035136  
8165.894402  
8130.400085  
8052.883735  
8135.568915  
8175.239217  
8195.850586  
8152.508192  
8185.515849  
8157.925951  
8194.460232  
8111.560106  
8152.987474  
8116.364624  
8157.338582  
8165.552748  
8112.372864  
8089.913805  
8096.909214  
8186.853712  
8183.668681  
8197.680698  
8200.282552  
8194.228984  
8195.601807  
8170.086724  
8269.018297  
8153.65783  
8144.327833  
8179.055949  
8215.470242  
8179.087904  
8203.835246  
8136.266832  
8191.142131  
8202.280375  
8155.794488  
8169.886854  
8221.502143  
8115.653436  
8144.197774  
8115.019267  
8160.971822  
8154.706468  
8182.338406  
8093.715712  
8143.452847  
8152.037164  
8186.420742  
8227.721788  
8171.63619  
8088.917684  
8152.765259  
8145.170709  
8183.3766  
8147.090549  
8174.242696  
8227.123874  
8183.557454  
8147.192078  
8157.15962  
8191.083611  
8121.083822  
8146.46521  
8136.34002  
8154.528422  
8127.735562  
8114.780863  
8170.296604  
8185.007114  
8126.56682  
8099.675483  
8112.061144  
8105.488057  
8200.757982  
8186.276469  
8134.052707  
8157.956055  
8157.660814  
8198.422065  
8134.892931  
8210.659478  
8163.464315  
8221.580302  
8224.062127  
8160.817532  
8149.503737  
8169.832201  
8141.019613  
8175.593601  
8144.575602  
8177.951138  
8199.732137  
8235.189636  
8172.612664  
8109.500102  
8170.308953  
8186.052612  
8136.832587  
8105.343438  
8126.477437  
8150.183065  
8108.831841  
8153.763441  
8160.653856  
8130.377699  
8096.429681  
8082.487033  
8091.502692  
8119.276686  
8181.087226  
8090.771423  
8177.886081  
8163.514553  
8224.126024  
8102.079881  
8170.274048  
8199.448554  
8193.04855  
8128.013726  
8190.511305  
8190.328986  
8174.052572  
8200.216309  
8146.290378  
8147.513333  
8228.423164  
8227.175415  
8230.45461  
8261.428324  
8051.483086  
8252.385478  
8292.157396  
8229.884115  
8050.191589  
8114.831848  
8110.450338  
8107.571655  
8161.529154  
8173.638909  
8091.93139  
8131.784105  
8154.178528  
8167.38166  
8078.327711  
8150.559462  
8149.514581  
8179.010959  
8197.068753  
8159.380676  
8197.723762  
8192.476135  
8121.027215  
8205.513787  
8159.084954  
8198.419393  
8101.134983  
8126.7166  
8122.764106  
8212.402927  
8124.832547  
8153.580282  
8212.126444  
8200.60572  
8157.134732  
8190.609762  
8209.927856  
8213.067213  
8227.244609  
8215.657539  
8223.285597  
8220.879157  
8264.413066  
8153.776476  
8194.672709  
8218.787442  
8160.088779  
8203.669922  
8133.265964  
8174.560411  
8165.196031  
8158.871792  
8172.24216  
8155.194628  
8182.099928  
8149.619676  
8178.604641  
8117.829285  
8167.550605  
8135.929409  
8169.104906  
8161.245897  
8202.473504  
8213.463325  
8238.923177  
8178.850837  
8187.752299  
8195.277601  
8262.859992  
8122.121324  
8160.802992  
8140.211968  
8151.962294  
8206.372464  
8153.1631  
8142.109389  
8161.781711  
8150.192322  
8191.072686  
8124.057644  
8134.025011  
8181.677531  
8152.570095  
8160.207336  
8130.483181  
8139.651103  
8105.217482  
8111.57078  
8179.762865  
8204.673164  
8171.721856  
8095.891473  
8134.172614  
8158.657823  
8163.036913  
8176.254788  
8177.991876  
8095.715841  
8077.916497  
8144.025913  
8242.667135  
8223.429389  
8197.494236  
8095.371711  
8106.175869  
8125.285767  
8125.929504  
8135.813171  
8120.739319  
8138.827684  
8132.326314  
8123.906637  
8146.135546  
8088.050863  
8120.253635  
8140.6372  
8204.437486  
8182.506239  
8201.930678  
8190.089294  
8210.778843  
8165.098823  
8219.088318  
8237.798048  
8182.50434  
8204.733961  
8195.86676  
8244.734565  
8140.701382  
8154.634454  
8171.516507  
8150.806424  
8163.446832  
8206.609558  
8161.305244  
8188.64704  
8144.867723  
8162.639587  
8135.840217  
8191.073079  
8167.79185  
8129.212626  
8130.821255  
8152.697754  
8172.548638  
8202.186591  
8169.290093  
8140.117791  
8144.014018  
8128.505798  
8135.415297  
8157.267497  
8162.086372  
8143.082845  
8165.347873  
8135.568163  
8124.433777  
8169.834262  
8169.314229  
8188.152032  
8124.898492  
8186.192498  
8088.270148  
8141.239502  
8181.669685  
8175.980964  
8165.957052  
8151.358032  
8135.356595  
8158.4536  
8143.115526  
8165.188144  
8191.956733  
8151.519436  
8145.477573  
8127.811361  
8157.000495  
8147.669122  
8191.780043  
8144.679389  
8153.466715  
8214.643697  
8186.115472  
8186.426168  
8204.526449  
8191.665968  
8169.958442  
8141.094109  
8207.242954  
8153.969611  
8206.735392  
8204.521132  
8190.120531  
8196.95678  
8153.014764  
8178.278781  
8193.841783  
8127.500787  
8171.214695  
8129.969781  
8150.042426  
8144.364176  
8192.881388  
8192.632412  
8133.816108  
8188.3518  
8196.722616  
8103.557075  
8133.307441  
8159.290066  
8180.560147  
8103.724684  
8124.657444  
8119.737047  
8229.106527  
8219.761102  
8229.142042  
8117.440274  
8139.335442  
8172.561211  
8170.126533  
8170.419603  
8174.131517  
8168.438585  
8159.783312  
8121.911153  
8121.868781  
8147.479967  
8128.602953  
8175.753194  
8139.368096  
8144.519911  
8133.988349  
8133.610053  
8156.059557  
8117.934665  
8128.051446  
8162.851067  
8092.085944  
8141.521884  
8141.909051  
8153.753581  
8186.126994  
8166.530877  
8158.599514  
8186.338284  
8117.239176  
8199.236077  
8164.664808  
8149.88303  
8170.129815  
8141.727512  
8237.081957  
8214.968608  
8245.160848  
8232.532498  
8182.77752  
8136.849196  
8200.966912  
8173.171149  
8142.118578  
8119.957235  
8179.9772  
8158.916456  
8150.968397  
8152.745802  
8151.636563  
8105.597182  
8083.525391  
8173.437147  
8155.406657  
8141.122186  
8132.71089  
8114.271742  
8183.984144  
8128.692573  
8130.09828  
8155.838691  
8135.036892  
8116.387987  
8125.594096  
8257.615607  
8201.1871  
8240.745639  
8171.575182  
8223.852044  
8118.361742  
8138.663317  
8215.153015  
8177.74075  
8101.345615  
8115.207452  
8101.202257  
8167.694363  
8115.380107  
8204.546794  
8208.663228  
8179.948561  
8180.018778  
8200.290046  
8161.98567  
8217.922533  
8188.072367  
8215.028341  
8203.4701  
8153.484205  
8215.734463  
8241.351685  
8215.556132  
8104.09436  
8146.602973  
8155.438124  
8167.908895  
8166.196791  
8180.729635  
8157.994215  
8171.203715  
8128.274536  
8124.429267  
8209.229363  
8210.485772  
8167.405707  
8226.845045  
8186.955187  
8196.557095  
8246.737223  
8115.177999  
8161.206102  
8285.544562  
8151.650269  
8056.137566  
8090.420641  
8172.332296  
8288.374512  
8175.090888  
8248.027974  
8117.499444  
8124.515137  
8204.544169  
8237.841329  
8257.296475  
8183.229892  
8194.854363  
8196.643507  
8274.710544  
8186.638265  
8074.166172  
8139.099921  
8147.803202  
8166.591234  
8105.400967  
8139.453796  
8152.841498  
8145.261922  
8155.901232  
8139.022163  
8137.445719  
8180.328918  
8115.774197  
8150.178419  
8135.086168  
8169.829081  
8126.620036  
8146.857693  
8142.058716  
8174.916551  
8097.308173  
8140.887132  
8145.5169  
8164.816901  
8175.734314  
8176.123596  
8177.951463  
8200.541416  
8229.322537  
8195.104241  
8172.969557  
8151.954427  
8226.687215  
8227.281447  
8143.227153  
8174.684224  
8159.502821  
8163.129211  
8186.893012  
8204.924405  
8158.441338  
8143.174411  
8154.976108  
8146.268175  
8186.132399  
8164.21401  
8142.661174  
8191.440945  
8134.240533  
8160.141805  
8121.266086  
8144.207147  
8181.286011  
8190.357713  
8158.395921  
8124.411526  
8184.200053  
8142.700372  
8179.309408  
8119.926229  
8145.620958  
8183.578078  
8195.089545  
8146.229072  
8190.026571  
8171.945163  
8159.059028  
8101.387634  
8145.233249  
8229.067579  
8163.512485  
8151.50489  
8173.315342  
8138.408549  
8199.798726  
8152.002394  
8141.718363  
8112.09531  
8114.693149  
8163.030423  
8165.960219  
8125.002231  
8104.371067  
8105.937968  
8203.829508  
8193.896973  
8197.297411  
8195.487535  
8156.572618  
8153.744636  
8064.296299  
8154.581991  
8167.103502  
8170.966878  
8186.876689  
8131.146837  
8118.245768  
8192.650282  
8182.513923  
8190.448018  
8156.948927  
8161.831618  
8154.41984  
8157.363302  
8140.531101  
8161.115248  
8185.516941  
8179.852247  
8194.166802  
8140.770474  
8181.394606  
8144.389031  
8188.957472  
8152.844062  
8141.086114  
8133.746914  
8171.509169  
8184.615675  
8130.35827  
8113.163676  
8166.418952  
8159.663066  
8119.613749  
8222.327962  
8117.11832  
8196.285556  
8161.273756  
8175.395664  
8170.168511  
8205.715658  
8179.456455  
8121.701226  
8156.996568  
8135.524984  
8151.151035  
8146.674954  
8180.462762  
8203.230577  
8201.340318  
8171.945536  
8187.006531  
8228.245904  
8195.340183  
8154.293464  
8173.761305  
8131.925795  
8183.219082  
8194.667263  
8145.794284  
8119.725498  
8107.276591  
8168.259481  
8157.845764  
8176.392463  
8119.676744  
8155.313517  
8185.091322  
8146.492384  
8153.710246  
8158.040405  
8191.714071  
8154.421665  
8180.349399  
8122.120232  
8157.200521  
8152.015632  
8178.693997  
8126.366747  
8162.356866  
8126.024984  
8194.188558  
8198.725593  
8194.734938  
8124.236925  
8160.344984  
8145.225362  
8124.396288  
8155.967685  
8156.282328  
8213.982693  
8195.534288  
8208.052043  
8188.922038  
8170.008036  
8092.104384  
8118.880161  
8134.20246  
8173.866109  
8187.011658  
8144.312453  
8121.326592  
8144.832709  
8155.138679  
8171.007134  
8230.884732  
8129.476203  
8205.065613  
8228.113247  
8184.248311  
8117.660346  
8161.603739  
8172.617262  
8118.051053  
8179.909675  
8207.174825  
8202.31505  
8171.652608  
8156.509189  
8132.868537  
8228.013523  
8100.635084  
8177.331977  
8145.448588  
8150.794712  
8162.79758  
8151.629747  
8163.873671  
8139.854384  
8161.793593  
8143.483907  
8168.928894  
8137.910583  
8159.585015  
8173.851101  
8155.063863  
8170.294718  
8211.871724  
8208.431769  
8215.294617  
8159.699097  
8165.661757  
8167.835944  
8127.269728  
8204.421543  
8146.95655  
8154.572218  
8148.184082  
8198.157789  
8119.496101  
8095.651625  
8136.308763  
8192.314365  
8158.503893  
8178.000665  
8194.363491  
8183.546319  
8130.434482  
8227.298903  
8165.824246  
8160.918993  
8155.034186  
8132.585442  
8161.206909  
8170.687744  
8159.450602  
8154.166517  
8202.768467  
8166.121209  
8133.233663  
8205.825385  
8138.583306  
8165.247925  
8183.903483  
8159.318631  
8168.560594  
8184.764716  
8270.498888  
8165.078342  
8176.309543  
8192.066481  
8178.395494  
8135.181708  
8198.180935  
8160.10321  
8165.257141  
8214.386902  
8145.414653  
8133.345805  
8108.242927  
8132.661838  
8179.676765  
8180.593933  
8147.675374  
8114.503621  
8192.644341  
8167.438789  
8179.300564  
8124.954291  
8140.476501  
8107.77969  
8144.28559  
8133.561374  
8199.77124  
8153.783115  
8163.659831  
8102.549004  
8128.669244  
8135.527154  
8139.770955  
8197.853163  
8158.372796  
8141.082364  
8165.585056  
8181.153273  
8163.001072  
8161.237739  
8176.752998  
8142.941291  
8143.312113  
8186.493205  
8117.285604  
8187.34413  
8199.946784  
8229.67863  
8173.196581  
8158.747911  
8145.517056  
8180.401564  
8210.388936  
8096.57529  
8157.911492  
8157.349528  
8243.386827  
8144.731201  
