8367.44479  
8448.276984  
8343.411858  
8376.337267  
8477.179667  
8362.408217  
8467.862807  
8345.324592  
8436.400587  
8422.378716  
8421.37028  
8432.228631  
8511.497654  
8467.378866  
8430.271206  
8388.232062  
8380.510444  
8395.434726  
8389.89367  
8462.791307  
8432.676982  
8483.114  
8460.307855  
8426.846781  
8411.800537  
8450.761142  
8452.030334  
8379.392843  
8389.06111  
8418.520779  
8340.587579  
8451.383172  
8411.057848  
8447.380541  
8405.853895  
8400.109233  
8362.567722  
8364.000217  
8413.615329  
8386.15646  
8387.565972  
8436.937683  
8325.761963  
8426.811252  
8331.742845  
8461.712355  
8331.331543  
8393.256165  
8405.24722  
8395.558506  
8390.759427  
8418.119147  
8358.476054  
8400.761136  
8416.058377  
8418.307305  
8367.97777  
8413.838019  
8390.925998  
8407.70794  
8485.668599  
8410.250949  
8452.085307  
8405.692566  
8401.087036  
8408.853909  
8435.616143  
8446.007446  
8401.053684  
8428.3188  
8385.16175  
8416.079034  
8369.507487  
8431.307421  
8398.331936  
8386.011671  
8415.62047  
8423.484592  
8456.563524  
8386.621636  
8338.148627  
8440.433316  
8382.251628  
8429.683167  
8411.715441  
8410.916124  
8445.98234  
8373.699843  
8329.774014  
8294.904534  
8336.484768  
8419.885695  
8352.468418  
8305.925218  
8375.280816  
8380.884515  
8314.774021  
8334.95088  
8418.962857  
8380.227919  
8382.330315  
8403.77322  
8349.697259  
8394.492764  
8413.906949  
8482.811985  
8407.29758  
8414.497986  
8453.499051  
8417.291775  
8416.550768  
8405.883179  
8498.068915  
8405.382399  
8401.59982  
8485.569282  
8446.183695  
8427.05658  
8440.07411  
8533.12424  
8479.044298  
8473.20851  
8472.127136  
8417.651306  
8418.44007  
8451.552321  
8440.724657  
8409.788954  
8443.79223  
8432.421705  
8420.971476  
8462.40762  
8442.539293  
8378.487284  
8443.823296  
8472.991177  
8477.573188  
8426.872213  
8434.455207  
8357.209913  
8409.778958  
8412.303582  
8409.59082  
8381.542976  
8447.168939  
8350.904466  
8360.746691  
8386.779466  
8393.220493  
8399.923258  
8403.988688  
8368.556817  
8380.191074  
8271.623928  
8350.551887  
8342.249953  
8403.473463  
8407.724894  
8358.010803  
8367.042392  
8374.641045  
8386.131565  
8363.211433  
8373.443807  
8370.566277  
8412.333218  
8399.880507  
8447.618944  
8378.203518  
8397.796543  
8386.014838  
8413.096171  
8468.436273  
8401.322639  
8467.728902  
8467.107232  
8454.481744  
8454.45541  
8439.569173  
8467.230503  
8418.485508  
8499.984789  
8484.345635  
8435.843621  
8388.90667  
8498.728631  
8451.902656  
8452.649468  
8423.410712  
8456.414395  
8450.258545  
8439.689643  
8437.87184  
8423.781467  
8403.213494  
8406.498928  
8414.958354  
8429.996385  
8439.972772  
8378.350857  
8429.96563  
8411.247138  
8438.844984  
8400.751234  
8411.143887  
8426.211358  
8435.932875  
8405.319024  
8438.67018  
8434.439609  
8403.114733  
8422.707119  
8397.798679  
8446.562914  
8470.730292  
8425.768392  
8468.604017  
8413.182346  
8412.983161  
8385.396613  
8453.414429  
8409.464362  
8485.973002  
8412.929545  
8438.240811  
8346.757385  
8437.568129  
8426.384359  
8485.999932  
8393.671699  
8396.048821  
8384.209161  
8401.459547  
8404.606859  
8467.271125  
8452.729553  
8436.756375  
8386.119364  
8440.199978  
8384.808967  
8411.992703  
8429.405436  
8441.367364  
8444.953254  
8341.310642  
8457.59809  
8437.095473  
8422.48565  
8439.685174  
8447.718519  
8394.372742  
8426.543315  
8386.425062  
8421.006321  
8322.416673  
8343.388679  
8360.447856  
8397.209839  
8409.561557  
8379.5802  
8374.101664  
8436.890049  
8352.048265  
8332.514079  
8335.393534  
8337.275838  
8425.795051  
8432.960076  
8399.120517  
8418.250156  
8396.571533  
8502.000041  
8398.577101  
8382.842014  
8413.403564  
8453.132941  
8388.569383  
8431.964945  
8392.476  
8432.09651  
8436.37306  
8403.758531  
8377.236023  
8368.274204  
8419.212911  
8384.395359  
8428.299445  
8401.890618  
8420.948724  
8393.335517  
8477.140862  
8428.390516  
8447.933512  
8398.488234  
8448.473314  
8398.527981  
8451.562412  
8370.520013  
8475.174947  
8419.542148  
8399.541755  
8420.550876  
8439.964532  
8444.508396  
8427.008382  
8501.359897  
8425.130873  
8484.595344  
8406.734748  
8444.940043  
8381.514655  
8457.354872  
8432.441332  
8486.525309  
8400.583537  
8447.364617  
8393.713772  
8426.763624  
8441.809957  
8431.156447  
8459.465522  
8506.313802  
8441.872755  
8441.171692  
8373.391717  
8562.995917  
8607.163805  
8582.516337  
8507.668416  
8373.399129  
8411.188544  
8383.85709  
8371.112339  
8419.422207  
8423.907884  
8412.238817  
8474.392097  
8403.302436  
8370.675103  
8452.140523  
8362.059211  
8343.132657  
8397.003221  
8430.998203  
8383.021884  
8423.774692  
8438.231249  
8460.333706  
8369.259596  
8516.43632  
8431.130486  
8342.025933  
8466.958394  
8294.563287  
8339.554504  
8423.896444  
8417.383152  
8366.967617  
8333.336466  
8388.559496  
8384.591498  
8400.521756  
8346.391106  
8393.582628  
8351.464728  
8405.049649  
8329.707669  
8412.227254  
8383.271735  
8442.96521  
8451.339376  
8381.380425  
8455.977973  
8426.69654  
8405.544671  
8466.590434  
8397.944451  
8423.780524  
8408.885559  
8372.459174  
8410.094387  
8422.78928  
8319.557719  
8410.275994  
8353.112447  
8348.966912  
8383.302924  
8339.072028  
8365.825107  
8347.57506  
8404.870721  
8330.657993  
8422.945957  
8372.997253  
8369.087253  
8398.698222  
8399.117832  
8404.469523  
8407.933173  
8442.221944  
8393.557231  
8394.85928  
8368.188605  
8364.032179  
8384.003309  
8401.957825  
8391.793009  
8411.369242  
8372.64032  
8463.82643  
8402.037754  
8345.470825  
8420.417169  
8374.484565  
8400.988973  
8429.177836  
8430.133837  
8448.501099  
8401.450955  
8406.008972  
8375.700602  
8424.957906  
8455.606337  
8421.195835  
8385.986708  
8416.628716  
8466.318054  
8391.319634  
8422.874207  
8475.581292  
8413.370768  
8517.402452  
8435.777873  
8393.672133  
8441.997735  
8410.422309  
8411.434116  
8433.241557  
8343.980075  
8462.603366  
8448.006327  
8372.631931  
8434.698751  
8389.844367  
8396.70678  
8430.6887  
8462.936239  
8410.525879  
8423.36893  
8412.534349  
8446.203376  
8363.844659  
8451.420641  
8384.778178  
8427.380615  
8407.336989  
8437.863322  
8447.531596  
8436.442213  
8414.108229  
8383.400357  
8509.635905  
8400.559218  
8440.379239  
8421.51555  
8490.472724  
8391.29324  
8480.699985  
8431.640523  
8442.619914  
8474.085585  
8527.263624  
8440.449266  
8470.393073  
8447.114265  
8440.277201  
8428.079142  
8442.121799  
8502.893236  
8428.931396  
8480.034478  
8438.274265  
8455.53342  
8380.343255  
8451.114197  
8380.379842  
8421.053772  
8426.597215  
8438.139364  
8447.486932  
8340.483588  
8431.503798  
8355.993652  
8399.770847  
8303.64346  
8382.58901  
8376.444099  
8349.745266  
8397.692091  
8349.850098  
8385.704875  
8361.097649  
8445.280707  
8432.37616  
8425.87736  
8393.610819  
8363.521688  
8356.766622  
8454.980767  
8414.37717  
8399.206719  
8373.224162  
8456.742079  
8449.15604  
8397.655667  
8413.817769  
8356.995863  
8423.689399  
8397.596144  
8427.416199  
8402.908081  
8409.06151  
8349.928772  
8430.2115  
8410.236742  
8376.860501  
8388.549778  
8496.455078  
8490.840318  
8481.568671  
8392.789178  
8439.319132  
8445.58511  
8386.21009  
8391.105706  
8448.010206  
8373.875726  
8387.588243  
8362.917141  
8411.471592  
8376.851488  
8355.778625  
8386.512539  
8443.681213  
8445.269864  
8394.622281  
8423.6022  
8409.11912  
8403.632514  
8417.137051  
8384.83216  
8437.213921  
8411.292128  
8489.631538  
8431.171414  
8412.225817  
8399.507738  
8444.661913  
8400.865804  
8455.196465  
8429.60631  
8420.003099  
8425.929403  
8469.373067  
8453.193231  
8459.909648  
8427.617771  
8472.801853  
8398.609077  
8423.79914  
8390.547295  
8428.566678  
8406.10671  
8416.963515  
8419.830709  
8429.051853  
8412.920356  
8404.864536  
8434.156949  
8512.222941  
8439.534587  
8372.653015  
8392.219062  
8454.356418  
8469.024278  
8412.06602  
8371.001912  
8332.660699  
8383.667704  
8378.17199  
8390.243591  
8371.987562  
8449.7913  
8359.130263  
8339.841587  
8407.678026  
8359.935215  
8363.297377  
8387.132799  
8380.91982  
8391.772854  
8397.399211  
8430.041009  
8407.403503  
8444.536913  
8420.41607  
8451.379083  
8411.293186  
8468.619744  
8420.597575  
8457.454007  
8447.340366  
8381.831306  
8421.126316  
8431.382094  
8466.507229  
8440.425666  
8397.908997  
8431.568705  
8373.09236  
8456.834493  
8397.295892  
8440.977247  
8436.813246  
8452.236932  
8460.106018  
8508.179972  
8439.047953  
8434.485141  
8406.954583  
8474.806444  
8421.712192  
8419.776876  
8460.136027  
8449.028815  
8467.525852  
8421.611315  
8479.089688  
8389.038988  
8445.703545  
8420.275052  
8486.844367  
8495.426215  
8359.986599  
8445.974433  
8412.052884  
8468.123678  
8460.656352  
8451.220276  
8448.133789  
8402.42846  
8427.587579  
8445.339315  
8443.199124  
8461.582458  
8470.02103  
8436.450575  
8444.345025  
8474.105713  
8451.541843  
8560.153673  
8396.867249  
8336.917772  
8460.221456  
8305.172309  
8437.772346  
8474.269402  
8564.588623  
8598.385403  
8427.893175  
8397.539354  
8329.869731  
8465.334425  
8331.135139  
8353.175178  
8423.721924  
8323.73449  
8419.82569  
8368.456523  
8338.442288  
8333.856303  
8356.555813  
8323.021715  
8337.254456  
8355.350572  
8421.559502  
8337.3113  
8382.234809  
8336.743388  
8366.027615  
8320.19496  
8292.501058  
8302.316026  
8290.237569  
8314.103895  
8386.45086  
8340.139167  
8371.275153  
8310.873847  
8333.012024  
8380.756694  
8373.457411  
8418.53732  
8365.010919  
8379.168023  
8336.002584  
8373.515049  
8397.233717  
8426.717  
8444.483317  
8388.226671  
8379.286404  
8417.621738  
8436.743625  
8399.428609  
8421.476691  
8400.831604  
8407.675625  
8393.761603  
8422.777886  
8369.294739  
8417.626282  
8406.914463  
8431.528768  
8407.219523  
8430.865451  
8475.891235  
8483.16291  
8486.280138  
8455.624817  
8453.132433  
8452.917013  
8427.03222  
8474.261102  
8437.433757  
8510.982083  
8472.665887  
8418.048157  
8459.775486  
8385.745551  
8450.085286  
8444.509454  
8398.929532  
8462.913093  
8436.840135  
8520.729865  
8381.202454  
8413.522583  
8384.22208  
8403.415805  
8438.866374  
8435.509243  
8450.58528  
8435.939501  
8433.703925  
8365.89112  
8450.604791  
8449.060194  
8422.035163  
8385.111742  
8409.770074  
8403.760247  
8427.152113  
8372.753621  
8398.88442  
8414.17256  
8465.953505  
8486.335517  
8430.83041  
8519.549093  
8428.424025  
8469.739495  
8400.832852  
8438.45499  
8466.785936  
8387.035522  
8447.177171  
8353.116184  
8462.897556  
8395.180617  
8492.615946  
8308.867242  
8411.350823  
8472.206231  
8440.845378  
8516.390076  
8366.577908  
8424.214993  
8383.991448  
8358.158576  
8352.104065  
8356.043199  
8397.14622  
8450.451572  
8412.476888  
8375.150669  
8431.345717  
8405.724854  
8428.027947  
8422.704753  
8376.471259  
8426.676724  
8372.414232  
8408.798225  
8408.410611  
8401.129795  
8413.872125  
8412.752306  
8423.567539  
8439.818949  
8433.395257  
8469.947394  
8433.360969  
8389.503303  
8419.865621  
8381.094577  
8424.950548  
8437.417209  
8416.669908  
8480.404277  
8478.380887  
8506.414795  
8448.13505  
8491.173509  
8398.796834  
8506.406535  
8397.13109  
8457.852824  
8436.032254  
8477.140089  
8436.549866  
8471.10886  
8403.466532  
8495.215257  
8340.219354  
8443.894653  
8407.152981  
8453.273783  
8407.480008  
8394.051114  
8370.341125  
8443.905375  
8376.084215  
8407.243368  
8327.522773  
8378.85675  
8342.181627  
8448.288466  
8438.776137  
8351.723212  
8450.307014  
8405.74113  
8402.298096  
8429.595981  
8390.231662  
8397.343099  
8406.688551  
8457.285109  
8431.333076  
8422.089118  
8349.998752  
8395.983975  
8349.004293  
8407.405158  
8364.827901  
8407.884793  
8387.363831  
8452.376763  
8425.434747  
8398.933994  
8359.245239  
8419.523851  
8442.686042  
8459.736728  
8424.169006  
8404.162849  
8418.877679  
8466.027052  
8449.294637  
8447.050612  
8435.48445  
8416.827854  
8338.925449  
8421.295898  
8429.594855  
8466.035875  
8387.43594  
8409.284092  
8365.711093  
8424.249044  
8368.475532  
8370.885932  
8355.196323  
8398.414734  
8454.247375  
8343.512105  
8346.586975  
8331.195292  
8442.501824  
8419.916036  
8450.764228  
8422.812276  
8450.174811  
8460.165988  
8412.671733  
8505.59  
8394.780314  
8381.302104  
8418.054186  
8454.588725  
8425.386868  
8472.248562  
8400.186863  
8473.068075  
8457.662584  
8399.498176  
8391.955193  
8474.906338  
8381.914415  
8400.169949  
8350.674642  
8418.578593  
8395.397508  
8447.379544  
8373.788784  
8398.312005  
8388.167067  
8434.578796  
8470.457676  
8420.777439  
8366.068047  
8393.247884  
8408.545715  
8414.414591  
8414.681044  
8403.027981  
8462.070394  
8429.150791  
8424.114834  
8416.335198  
8434.160244  
8346.832092  
8415.584642  
8389.238146  
8394.245605  
8414.491075  
8344.858412  
8436.739448  
8427.24747  
8386.69298  
8355.420139  
8398.640218  
8371.682258  
8460.379049  
8409.763706  
8420.667908  
8375.093736  
8442.559631  
8438.37245  
8425.272698  
8443.290181  
8406.455071  
8483.064514  
8514.76062  
8414.446025  
8397.782423  
8408.442254  
8409.433031  
8426.292711  
8396.00687  
8406.517829  
8457.477939  
8469.047987  
8449.368795  
8351.74981  
8429.413133  
8400.240384  
8407.845479  
8384.239956  
8378.676588  
8390.328437  
8345.433587  
8392.425218  
8405.826531  
8384.56918  
8368.239048  
8347.898044  
8323.543382  
8370.678582  
8420.306247  
8348.65941  
8435.789144  
8409.766357  
8480.036106  
8346.75472  
8409.363213  
8431.942051  
8417.309882  
8407.15878  
8438.951443  
8439.538242  
8449.11362  
8495.465624  
8414.021525  
8428.325487  
8473.836127  
8479.694241  
8446.624858  
8505.353556  
8289.654995  
8472.76437  
8519.390591  
8471.166619  
8289.349046  
8390.7724  
8382.716105  
8324.651978  
8436.23369  
8400.979343  
8358.328457  
8406.135566  
8373.029026  
8427.839912  
8337.730679  
8395.063477  
8400.526238  
8400.950901  
8455.291612  
8413.997057  
8448.737149  
8447.581685  
8403.95752  
8428.602485  
8421.396389  
8440.79225  
8370.044969  
8412.480706  
8349.842997  
8452.69711  
8364.311408  
8406.188246  
8449.494771  
8441.543172  
8422.721395  
8435.051188  
8477.584934  
8468.689317  
8501.34335  
8441.787503  
8498.346524  
8475.203898  
8555.64443  
8401.069973  
8431.903354  
8439.011495  
8432.586914  
8425.301534  
8382.25139  
8417.770067  
8431.936428  
8356.827962  
8428.921672  
8400.47349  
8432.087592  
8400.849935  
8411.154887  
8400.762892  
8397.695123  
8413.200548  
8393.393616  
8459.078756  
8473.792596  
8490.958754  
8477.86657  
8442.678345  
8407.864217  
8462.529914  
8459.817742  
8388.305718  
8416.786709  
8413.582601  
8378.30422  
8469.08429  
8405.030721  
8423.127964  
8390.137004  
8407.921861  
8410.006273  
8401.121948  
8377.780735  
8415.981608  
8407.753967  
8405.148315  
8367.389106  
8405.678623  
8338.046312  
8364.389601  
8441.824009  
8448.740417  
8429.392931  
8399.854112  
8379.588711  
8425.693861  
8418.430915  
8427.177104  
8453.976264  
8373.270616  
8364.626777  
8412.425042  
8495.309964  
8467.969876  
8435.7795  
8358.87694  
8342.423713  
8370.680447  
8374.827433  
8339.043986  
8383.989448  
8380.942417  
8371.965413  
8370.292623  
8403.695204  
8334.972453  
8352.66883  
8396.629293  
8458.437385  
8403.788147  
8457.579536  
8429.504354  
8479.360182  
8395.414042  
8457.549859  
8491.874776  
8441.264425  
8486.785529  
8461.43257  
8538.698853  
8421.290304  
8420.667101  
8418.580336  
8437.88227  
8420.353522  
8471.770277  
8417.906772  
8437.027344  
8388.901374  
8423.444933  
8410.870483  
8440.166972  
8406.337172  
8379.223368  
8371.068685  
8417.287055  
8403.53401  
8419.322876  
8423.249159  
8397.993571  
8394.844476  
8392.876628  
8391.434441  
8411.544339  
8393.60026  
8401.069099  
8409.198615  
8388.107185  
8390.569166  
8424.118212  
8412.077379  
8428.217706  
8361.436178  
8437.873752  
8333.132982  
8404.176744  
8428.604574  
8421.595093  
8422.426059  
8404.534288  
8409.328247  
8399.016134  
8417.984409  
8411.701891  
8431.083374  
8389.071838  
8407.754876  
8386.493239  
8413.50942  
8392.382053  
8440.119486  
8408.73095  
8410.141554  
8450.386915  
8440.047336  
8448.346707  
8432.47132  
8452.872416  
8415.675686  
8404.879883  
8456.769165  
8399.476617  
8440.486328  
8499.567213  
8461.718343  
8440.396362  
8422.820801  
8413.89506  
8451.972473  
8386.120734  
8430.484395  
8411.566108  
8397.995917  
8367.306539  
8431.353678  
8409.042643  
8378.814501  
8424.993646  
8427.661818  
8363.539178  
8418.694973  
8411.744073  
8421.795566  
8350.402045  
8387.430895  
8367.03953  
8467.111328  
8457.140428  
8492.831787  
8374.186347  
8417.482402  
8396.883375  
8419.213067  
8435.447639  
8426.800334  
8471.332594  
8391.731608  
8381.162713  
8366.918742  
8422.412279  
8381.995029  
8413.069071  
8389.440253  
8402.979872  
8380.534532  
8368.580872  
8397.137363  
8361.448222  
8389.119697  
8414.496039  
8373.200853  
8386.898878  
8380.951009  
8430.928419  
8445.552945  
8437.084961  
8403.678521  
8453.765734  
8398.642951  
8432.379605  
8374.657823  
8390.856167  
8440.042291  
8376.33056  
8483.824592  
8443.49153  
8463.632378  
8491.059767  
8418.825053  
8393.834459  
8437.626058  
8429.390889  
8383.652072  
8393.34868  
8419.351908  
8393.993971  
8383.57647  
8405.246433  
8396.144803  
8352.705024  
8321.419583  
8398.349704  
8415.788425  
8399.796644  
8371.494256  
8374.248922  
8452.897135  
8383.994744  
8399.404351  
8421.621975  
8413.587185  
8401.243591  
8399.498895  
8524.388658  
8431.25238  
8491.871494  
8419.644518  
8476.461968  
8355.042372  
8365.496046  
8445.579305  
8426.261373  
8356.930678  
8393.317485  
8348.733412  
8416.550768  
8371.660902  
8448.743652  
8478.529412  
8435.349521  
8434.484924  
8455.683872  
8408.339925  
8449.166165  
8421.725071  
8470.859863  
8450.345561  
8426.616503  
8497.663486  
8467.129252  
8469.744242  
8345.403815  
8410.445048  
8394.865628  
8399.210246  
8424.045363  
8433.192674  
8408.00843  
8419.50356  
8388.535821  
8378.679681  
8442.09354  
8477.443759  
8440.457859  
8459.000583  
8427.80009  
8433.042358  
8488.404005  
8350.591878  
8400.148234  
8502.519592  
8364.985365  
8344.298889  
8271.507087  
8458.130961  
8534.913405  
8435.813388  
8513.042752  
8340.815104  
8376.413567  
8460.15996  
8471.387804  
8489.811395  
8457.484721  
8434.387695  
8422.624132  
8523.659526  
8422.86908  
8338.316549  
8388.009752  
8416.876811  
8471.975437  
8336.608961  
8400.87658  
8397.168796  
8408.406026  
8424.12797  
8366.848484  
8424.830987  
8403.829664  
8383.003411  
8424.560628  
8391.053792  
8436.863512  
8382.745266  
8420.865879  
8410.772319  
8430.990858  
8342.871507  
8410.405714  
8400.569763  
8432.874702  
8407.97482  
8448.8738  
8430.956245  
8448.107944  
8468.009881  
8447.86794  
8455.770331  
8430.435167  
8497.1922  
8486.33532  
8364.819336  
8426.435221  
8440.27518  
8425.20029  
8439.51669  
8420.24117  
8392.882426  
8403.987013  
8411.289619  
8408.007907  
8424.302755  
8432.386949  
8378.35928  
8433.400248  
8388.163154  
8431.973178  
8383.006931  
8399.315803  
8433.161316  
8454.756775  
8411.884745  
8396.45246  
8429.531094  
8369.296326  
8451.138129  
8367.643975  
8393.618408  
8420.465427  
8449.747077  
8413.623698  
8437.628398  
8424.252211  
8431.967523  
8338.054315  
8386.585558  
8457.678107  
8433.701558  
8410.521769  
8433.984768  
8382.293023  
8424.530396  
8387.801392  
8398.684611  
8372.615173  
8358.934489  
8400.183818  
8400.406745  
8393.051161  
8356.120673  
8409.897861  
8443.343913  
8417.020142  
8453.908034  
8423.671156  
8419.990946  
8415.224216  
8352.152174  
8408.321031  
8427.347656  
8427.270874  
8432.390611  
8386.647251  
8389.431966  
8439.113003  
8445.593058  
8426.414754  
8404.421197  
8420.720873  
8421.471388  
8415.275818  
8399.369134  
8395.464464  
8458.541857  
8416.461575  
8437.486742  
8401.611328  
8422.335531  
8385.281555  
8428.179972  
8432.921577  
8394.932515  
8383.786933  
8437.219767  
8429.775845  
8388.784173  
8376.901225  
8430.134216  
8378.870294  
8377.901415  
8480.883687  
8371.08905  
8440.447591  
8427.098314  
8403.462518  
8437.841532  
8449.001872  
8421.822171  
8368.738227  
8389.389899  
8377.508681  
8374.40663  
8417.638841  
8438.816399  
8431.820828  
8421.487779  
8418.069743  
8442.450222  
8465.023275  
8443.623115  
8397.30702  
8433.612807  
8386.968377  
8447.370775  
8470.052877  
8382.043023  
8385.945387  
8371.351556  
8395.730109  
8405.22604  
8434.996236  
8354.163635  
8433.818353  
8424.345656  
8405.277066  
8419.949958  
8425.725566  
8433.068244  
8399.005202  
8427.291707  
8368.711466  
8425.932529  
8394.706835  
8409.657077  
8385.518785  
8400.028056  
8362.935404  
8449.370375  
8480.138543  
8439.623393  
8382.820251  
8434.909098  
8410.550625  
8376.095127  
8412.861837  
8418.498711  
8450.696859  
8465.12972  
8440.472466  
8474.387139  
8451.544373  
8345.432549  
8379.897346  
8392.277147  
8447.844971  
8425.735284  
8390.21344  
8364.454332  
8396.127469  
8427.419325  
8393.821669  
8519.562351  
8389.093764  
8472.174249  
8449.345567  
8439.371663  
8374.182956  
8393.835605  
8419.188721  
8363.759521  
8427.023227  
8445.95735  
8443.01827  
8417.629408  
8391.572462  
8368.042765  
8465.597812  
8365.73607  
8416.944146  
8399.41175  
8409.967441  
8411.813721  
8391.157315  
8439.183858  
8408.401862  
8420.369439  
8395.883728  
8397.773031  
8379.391812  
8404.406087  
8443.58488  
8388.480401  
8428.679891  
8445.459961  
8487.633538  
8453.271328  
8424.905145  
8418.273743  
8427.922051  
8361.29442  
8449.026489  
8368.693387  
8430.148539  
8403.69102  
8471.021206  
8384.619208  
8371.465793  
8374.526794  
8432.972758  
8413.982944  
8437.622945  
8444.50668  
8447.961887  
8380.80167  
8459.011685  
8420.722209  
8429.838881  
8406.336711  
8374.951721  
8400.518826  
8425.980713  
8431.84257  
8398.545166  
8439.212165  
8419.468458  
8414.134752  
8440.94203  
8410.277005  
8415.338189  
8436.911038  
8395.247477  
8454.420586  
8441.777635  
8530.843486  
8382.161221  
8451.464484  
8441.913059  
8425.491265  
8378.769897  
8430.819336  
8411.966994  
8377.684435  
8451.60673  
8395.84965  
8408.714355  
8382.834859  
8370.473985  
8434.089328  
8430.565111  
8416.406297  
8359.123915  
8441.369208  
8391.369012  
8416.37403  
8389.385261  
8391.578505  
8383.207465  
8373.886163  
8396.36695  
8438.538879  
8422.242811  
8420.106845  
8367.308289  
8362.188368  
8384.10144  
8388.391113  
8458.972602  
8402.461148  
8413.347636  
8415.593825  
8450.056641  
8386.788581  
8406.551873  
8411.276611  
8396.279243  
8398.485365  
8431.249268  
8369.069146  
8436.004612  
8440.974277  
8455.552395  
8452.998481  
8390.584452  
8407.126709  
8424.6411  
8472.274991  
8351.207777  
8436.013394  
8428.694682  
8484.707553  
8398.508816  
