12433.71225  
12358.13796  
12260.91562  
12272.91426  
12318.07916  
12259.67818  
12307.20353  
12349.9959  
12405.3194  
12321.80644  
12285.73764  
12306.61041  
12392.3387  
12410.15439  
12325.89075  
12284.1624  
12210.60369  
12223.39257  
12244.55984  
12332.54514  
12336.12075  
12310.83429  
12350.87935  
12260.3767  
12352.43999  
12284.32754  
12347.57922  
12333.83863  
12310.87087  
12266.20655  
12277.83841  
12317.54117  
12348.49393  
12373.59068  
12405.02826  
12397.08036  
12404.8659  
12289.16772  
12332.42275  
12295.25418  
12290.13363  
12275.93559  
12277.58892  
12352.43081  
12367.81837  
12378.80919  
12370.79206  
12343.0923  
12299.28426  
12315.83918  
12349.63427  
12353.46826  
12346.23318  
12360.32014  
12334.31979  
12395.92338  
12375.62238  
12403.82254  
12277.20504  
12261.22519  
12291.91742  
12358.11089  
12337.60238  
12358.19198  
12341.33829  
12295.73605  
12308.00646  
12366.52505  
12311.93475  
12339.64643  
12348.39408  
12293.10515  
12227.58573  
12313.48591  
12315.14272  
12289.58947  
12367.60898  
12396.54092  
12341.55549  
12253.51883  
12270.5237  
12257.79852  
12262.83981  
12303.63531  
12372.13199  
12359.9468  
12260.4829  
12300.64052  
12337.59668  
12321.31142  
12388.15964  
12352.73286  
12187.87961  
12125.70517  
12155.81386  
12049.30121  
12181.30931  
12214.97484  
12231.32805  
12217.58017  
12197.64283  
12202.67014  
12170.6943  
12304.66882  
12307.7926  
12240.97828  
12295.69203  
12365.20586  
12402.19726  
12330.39375  
12354.59298  
12337.06507  
12337.90044  
12315.56546  
12414.00476  
12494.18573  
12406.55039  
12394.06928  
12363.25334  
12418.65924  
12464.75931  
12498.57889  
12393.20432  
12360.3892  
12339.4009  
12387.69878  
12408.75504  
12403.14286  
12294.31242  
12265.19205  
12276.73198  
12360.38635  
12323.73915  
12341.77558  
12411.22589  
12406.61934  
12274.29524  
12235.79588  
12333.60094  
12375.66115  
12412.11792  
12354.68256  
12300.67918  
12259.11643  
12205.52406  
12259.84146  
12313.84831  
12404.29698  
12369.54014  
12288.33882  
12269.4617  
12231.07313  
12220.75574  
12258.82161  
12311.5965  
12300.35615  
12281.79673  
12165.87569  
12084.31922  
12069.33259  
12122.64616  
12086.3337  
12117.11189  
12107.63312  
12216.13326  
12310.81452  
12278.98315  
12301.44593  
12352.86267  
12337.4083  
12321.87883  
12317.81031  
12341.88487  
12354.86301  
12466.4751  
12434.65234  
12360.38759  
12407.49798  
12422.89038  
12455.99848  
12376.44664  
12413.4081  
12325.02602  
12321.24493  
12267.08692  
12282.28884  
12347.67686  
12358.23915  
12310.7133  
12325.4555  
12315.36871  
12248.27065  
12268.94124  
12278.42953  
12303.95353  
12330.10744  
12319.5005  
12282.50458  
12298.08221  
12297.07627  
12327.72142  
12349.95814  
12413.00262  
12441.85772  
12400.65634  
12423.18658  
12412.46326  
12383.89081  
12348.39602  
12335.52104  
12331.56986  
12393.12117  
12402.41266  
12409.45319  
12340.82541  
12346.38597  
12367.62348  
12342.51948  
12383.03342  
12282.95537  
12268.73631  
12289.63186  
12295.9833  
12321.69214  
12406.21094  
12305.82701  
12290.12039  
12290.1448  
12273.77254  
12317.67971  
12307.30906  
12256.16169  
12325.27571  
12263.75573  
12252.94525  
12224.52509  
12295.03287  
12296.87267  
12257.78647  
12328.01107  
12328.36366  
12326.80571  
12387.91895  
12350.22662  
12231.03187  
12310.60159  
12321.67869  
12365.44674  
12356.0142  
12390.00906  
12359.73951  
12316.58154  
12260.70778  
12405.82229  
12432.61874  
12465.33454  
12420.09389  
12384.38095  
12304.14932  
12173.44825  
12161.27144  
12115.45711  
12116.41125  
12167.188  
12247.14523  
12326.49227  
12300.0848  
12242.05784  
12237.08871  
12347.80641  
12400.97992  
12396.6339  
12337.93341  
12303.18461  
12313.57977  
12286.31097  
12312.90029  
12294.56954  
12318.898  
12352.20708  
12269.57881  
12284.79837  
12304.16338  
12320.23477  
12319.94691  
12346.22343  
12330.99808  
12261.46479  
12321.08013  
12318.60545  
12392.70695  
12308.12628  
12313.70148  
12260.25065  
12270.62616  
12337.08824  
12381.67151  
12422.41333  
12334.11239  
12378.02246  
12334.19204  
12386.311  
12398.01854  
12359.85106  
12323.77607  
12351.77361  
12415.85373  
12412.80176  
12363.70325  
12341.61236  
12319.32959  
12343.5499  
12351.75445  
12392.89808  
12372.95204  
12441.07403  
12343.16398  
12424.25499  
12443.66766  
12501.41587  
12383.08021  
12310.58592  
12350.50289  
12342.09056  
12372.50285  
12442.39644  
12590.48969  
12535.01153  
12318.69348  
12122.88594  
12185.80325  
12210.48399  
12274.41735  
12253.50153  
12279.04509  
12398.93515  
12403.45369  
12273.25957  
12240.63871  
12319.12719  
12239.25653  
12224.55926  
12347.31022  
12322.33043  
12280.8361  
12277.49406  
12273.98645  
12295.11715  
12238.81153  
12232.73962  
12379.65768  
12334.94923  
12319.77976  
12226.07367  
12310.36937  
12456.75384  
12412.05024  
12289.79531  
12206.8733  
12237.05795  
12220.81341  
12221.78215  
12180.40687  
12298.30242  
12280.61661  
12229.13692  
12270.34225  
12313.34955  
12313.76502  
12294.20219  
12283.53586  
12333.12316  
12396.45228  
12410.37067  
12378.28549  
12428.67875  
12385.36359  
12363.30199  
12403.88661  
12372.71828  
12357.41232  
12306.92699  
12214.4304  
12347.367  
12297.40474  
12293.84458  
12235.63303  
12183.89606  
12264.53175  
12287.55079  
12298.80222  
12287.47464  
12292.86323  
12388.76724  
12427.29202  
12444.87225  
12412.82744  
12353.66248  
12207.91129  
12262.28331  
12263.41137  
12167.59123  
12169.77727  
12186.55911  
12217.67026  
12192.36896  
12212.09473  
12324.77396  
12350.1285  
12314.01682  
12250.12799  
12280.13039  
12319.74282  
12225.6059  
12240.89829  
12315.00468  
12218.62532  
12192.95707  
12215.22919  
12220.26548  
12220.3965  
12269.77212  
12345.62305  
12341.44791  
12311.59427  
12276.559  
12350.45425  
12388.46951  
12412.62564  
12374.435  
12333.21599  
12435.67379  
12486.86616  
12386.40047  
12341.67466  
12375.34138  
12346.65378  
12326.79576  
12347.03345  
12425.484  
12481.76646  
12400.19537  
12329.17984  
12304.73232  
12322.31686  
12256.44191  
12232.07808  
12257.32373  
12332.25158  
12375.42586  
12451.22423  
12424.7949  
12323.87754  
12281.71023  
12342.78219  
12294.76925  
12220.23266  
12283.40926  
12255.44799  
12304.00836  
12332.41666  
12398.58783  
12313.83115  
12303.39995  
12250.48595  
12301.36224  
12384.73373  
12419.81847  
12353.92598  
12340.79402  
12401.33679  
12424.6591  
12403.62916  
12434.18661  
12445.53743  
12415.53852  
12421.64509  
12455.76731  
12481.7333  
12392.32626  
12389.42611  
12367.96564  
12402.72961  
12357.16751  
12423.53548  
12342.95607  
12393.58712  
12503.14887  
12490.83295  
12439.11574  
12245.03462  
12150.9179  
12091.14238  
12131.22332  
12103.33748  
12203.07324  
12180.81923  
12166.91468  
12154.07424  
12229.72954  
12275.40415  
12264.22395  
12259.21766  
12268.28347  
12318.03843  
12307.89191  
12355.96539  
12396.3028  
12311.26442  
12265.10539  
12282.38445  
12306.4818  
12244.4959  
12249.74581  
12185.62636  
12199.99141  
12286.14316  
12381.25541  
12345.49309  
12351.72781  
12384.46089  
12370.83271  
12319.71199  
12390.25459  
12461.92664  
12405.30573  
12430.12863  
12470.5769  
12479.52019  
12362.7933  
12207.63337  
12208.23068  
12198.51022  
12249.14868  
12295.36816  
12291.90526  
12254.7903  
12304.61062  
12357.47969  
12309.56714  
12234.35965  
12260.42871  
12344.99049  
12329.32275  
12303.46856  
12215.31088  
12252.73994  
12345.73985  
12381.48185  
12265.47523  
12286.24042  
12292.37526  
12344.03356  
12336.53763  
12357.0521  
12386.0339  
12404.63196  
12441.07011  
12387.78065  
12382.02616  
12372.32676  
12383.7745  
12343.7659  
12416.03347  
12399.71282  
12418.91214  
12418.82242  
12428.05537  
12414.54245  
12477.83671  
12411.79575  
12346.18296  
12284.93359  
12324.90164  
12429.65699  
12510.91075  
12445.89969  
12446.33237  
12465.90287  
12458.92487  
12333.11348  
12200.91248  
12181.88691  
12188.2566  
12168.20932  
12142.04466  
12276.63757  
12217.14932  
12167.53394  
12249.2401  
12319.64774  
12201.19058  
12224.40832  
12294.68015  
12297.11649  
12194.89958  
12164.3052  
12225.38626  
12224.92523  
12226.56206  
12238.18403  
12231.57284  
12284.27248  
12328.71722  
12255.38828  
12254.48463  
12330.38842  
12316.1076  
12339.35871  
12380.33097  
12423.15388  
12454.5064  
12426.08506  
12347.5078  
12418.32129  
12447.24235  
12435.85028  
12380.06869  
12334.80387  
12339.74569  
12211.53591  
12223.35846  
12299.93366  
12305.0899  
12263.802  
12260.85252  
12222.99632  
12249.06968  
12205.28282  
12213.84515  
12251.50042  
12285.37601  
12301.33042  
12409.14224  
12399.50719  
12328.06422  
12280.15386  
12313.4601  
12319.56903  
12392.24097  
12441.76953  
12501.43292  
12485.82597  
12441.50063  
12502.11654  
12514.74585  
12504.31541  
12380.35619  
12223.78041  
12241.44291  
12266.73712  
12289.97358  
12292.99061  
12277.43452  
12319.8213  
12356.93133  
12425.85072  
12453.5921  
12441.41346  
12413.13559  
12424.89058  
12365.84286  
12268.1053  
12410.29327  
12442.6183  
12570.57977  
12562.72527  
12593.53963  
12558.51056  
12335.43838  
12202.58275  
12280.19307  
12277.7147  
12250.86094  
12214.80977  
12347.54359  
12329.21977  
12189.18011  
12121.18732  
12182.00761  
12196.52588  
12078.17268  
12132.94283  
12092.66378  
12162.39361  
12189.84019  
12140.77869  
12159.82644  
12168.48899  
12211.08777  
12280.94938  
12207.0871  
12232.616  
12273.99207  
12350.44953  
12300.3929  
12236.68758  
12263.52363  
12236.34922  
12249.15296  
12274.93667  
12299.78362  
12199.66048  
12171.60166  
12257.07761  
12317.46237  
12226.01927  
12237.03038  
12291.25547  
12265.51019  
12235.57783  
12335.68472  
12326.32833  
12328.26406  
12325.32  
12387.1902  
12299.57089  
12237.45598  
12323.99499  
12423.44437  
12377.53905  
12301.35742  
12327.01216  
12353.41647  
12314.42601  
12299.44013  
12334.47335  
12380.58227  
12320.64564  
12283.29343  
12352.52737  
12286.41506  
12216.95719  
12303.0373  
12302.99195  
12336.31778  
12319.9967  
12341.42908  
12360.09269  
12387.83913  
12394.88309  
12355.02916  
12335.99905  
12397.40937  
12423.57106  
12372.94602  
12282.62981  
12363.10155  
12392.35119  
12364.3638  
12292.20836  
12301.13923  
12397.8609  
12401.5623  
12387.22707  
12358.37773  
12426.09725  
12467.33371  
12428.34242  
12358.56902  
12337.76545  
12366.40296  
12309.98449  
12314.01517  
12372.61039  
12325.61194  
12309.8309  
12364.93884  
12314.00519  
12321.68182  
12339.6975  
12409.05464  
12385.02746  
12389.61068  
12402.08325  
12412.02902  
12457.62034  
12411.26078  
12438.93065  
12431.97269  
12430.91185  
12385.62056  
12466.85648  
12476.21234  
12395.92067  
12306.57832  
12144.94338  
12093.1193  
12168.11576  
12180.35942  
12125.90021  
12150.84836  
12188.57507  
12144.09062  
12131.38281  
12234.66618  
12321.17917  
12281.87831  
12251.48191  
12280.73412  
12297.86046  
12380.4384  
12335.77004  
12337.15695  
12338.636  
12340.62648  
12364.04049  
12372.54063  
12372.86022  
12426.06841  
12428.59804  
12373.63765  
12290.31662  
12286.4988  
12309.46062  
12290.63428  
12272.14699  
12258.64985  
12250.30081  
12316.99966  
12336.0693  
12353.81245  
12332.19065  
12335.77943  
12298.39931  
12378.85857  
12428.00565  
12467.76895  
12403.23042  
12441.86262  
12356.60676  
12381.21861  
12350.48172  
12330.97201  
12328.25936  
12405.67341  
12362.05573  
12309.35944  
12330.55671  
12366.7214  
12381.4624  
12410.95459  
12297.69458  
12253.87862  
12181.6269  
12241.34746  
12313.66057  
12391.29248  
12372.19345  
12279.8404  
12297.29653  
12314.74182  
12375.77035  
12370.72243  
12313.13814  
12256.66443  
12261.27576  
12279.80103  
12287.48884  
12255.49169  
12255.22237  
12305.96062  
12305.99285  
12316.23706  
12280.1345  
12363.66525  
12411.19284  
12420.63348  
12393.98342  
12396.65466  
12328.6764  
12416.19729  
12449.46246  
12437.65765  
12327.70406  
12341.06939  
12322.5205  
12344.40783  
12287.79304  
12321.31002  
12406.07465  
12419.48816  
12278.92589  
12296.05217  
12351.59633  
12349.0287  
12250.85805  
12119.17552  
12171.63638  
12218.73234  
12236.60359  
12159.81645  
12210.99087  
12277.70418  
12293.69755  
12204.70954  
12169.20426  
12240.46458  
12302.54517  
12261.12994  
12253.44344  
12334.99844  
12396.42242  
12329.3056  
12249.92394  
12278.51473  
12284.47379  
12367.71696  
12326.61912  
12313.12044  
12276.63341  
12267.09344  
12251.27093  
12326.51407  
12301.8558  
12292.46512  
12305.69259  
12345.14842  
12341.23915  
12369.60571  
12385.17055  
12426.77196  
12334.84965  
12295.68775  
12292.5204  
12385.47522  
12369.98913  
12379.50375  
12357.91719  
12355.78467  
12362.82369  
12405.71185  
12432.89163  
12347.08437  
12276.61103  
12281.04469  
12309.90162  
12286.21725  
12326.94495  
12400.41284  
12404.11378  
12348.09634  
12385.08556  
12405.87319  
12341.96186  
12317.63614  
12349.59208  
12350.80768  
12272.28544  
12215.89507  
12208.35841  
12254.2662  
12256.07419  
12308.34089  
12357.51227  
12375.88732  
12368.28216  
12367.36284  
12348.01671  
12334.49123  
12317.70316  
12393.28781  
12410.9186  
12342.83844  
12314.71729  
12305.59943  
12259.34072  
12306.4363  
12366.68252  
12391.53773  
12328.75944  
12322.74818  
12357.033  
12380.78472  
12370.12632  
12415.16605  
12358.26256  
12269.9358  
12231.36677  
12286.47846  
12283.47624  
12320.43361  
12355.29853  
12309.24096  
12312.43392  
12333.75131  
12373.30381  
12285.82077  
12287.29869  
12331.84094  
12412.52474  
12438.03434  
12305.49205  
12238.32119  
12219.9012  
12327.81854  
12406.6293  
12409.91928  
12360.07619  
12376.41995  
12381.89049  
12345.25823  
12263.92277  
12267.36991  
12316.54015  
12272.07436  
12313.74567  
12234.7073  
12233.12978  
12264.79663  
12414.32321  
12410.63018  
12314.97481  
12307.6985  
12381.61737  
12418.23174  
12380.34358  
12351.94939  
12201.76175  
12231.6566  
12399.31254  
12341.152  
12233.09992  
12225.49688  
12276.1185  
12283.24611  
12229.25967  
12241.8083  
12225.48869  
12201.6975  
12280.29935  
12286.0109  
12314.84428  
12294.81101  
12296.75768  
12170.76773  
12211.98163  
12235.15765  
12239.17997  
12197.21702  
12240.94221  
12229.69432  
12176.05976  
12324.76905  
12460.21038  
12491.44007  
12343.89453  
12284.78679  
12227.07131  
12288.42958  
12340.51413  
12328.0353  
12196.45572  
12273.25811  
12353.14021  
12354.4178  
12325.71634  
12288.12837  
12352.44191  
12338.4759  
12325.6301  
12350.32155  
12395.82483  
12380.4255  
12363.23849  
12363.74197  
12365.56589  
12398.00463  
12376.70191  
12359.02265  
12442.79374  
12421.43595  
12376.59581  
12284.62493  
12258.58565  
12360.1648  
12459.11197  
12421.06802  
12373.25523  
12363.69133  
12329.07938  
12334.95135  
12292.98531  
12289.52052  
12334.77478  
12332.64684  
12317.38028  
12319.88901  
12318.56793  
12291.93102  
12279.56191  
12324.37177  
12354.47682  
12288.85397  
12252.65588  
12279.66142  
12289.1594  
12296.03527  
12310.72485  
12336.02813  
12330.55075  
12402.75238  
12399.72146  
12393.34921  
12389.73343  
12439.0888  
12416.04074  
12446.06643  
12435.95567  
12326.40972  
12238.04168  
12125.27243  
12114.48277  
12156.01878  
12101.49858  
12151.02687  
12275.35953  
12259.76283  
12199.44067  
12182.68293  
12194.47211  
12268.30627  
12330.60551  
12413.45756  
12401.84328  
12435.92358  
12391.68096  
12395.32773  
12417.52548  
12407.5981  
12353.74456  
12298.9727  
12341.81006  
12379.80349  
12491.99112  
12385.20893  
12442.63759  
12418.801  
12443.46495  
12365.28142  
12295.14724  
12323.80613  
12345.95921  
12241.78379  
12283.15788  
12363.3158  
12348.98464  
12313.46554  
12323.5172  
12291.4628  
12259.20027  
12245.08945  
12360.51619  
12408.79191  
12415.70407  
12324.32813  
12386.09408  
12302.41031  
12278.97647  
12331.77664  
12312.69151  
12239.56616  
12279.58119  
12242.11883  
12304.85767  
12354.8868  
12435.60781  
12392.00204  
12346.92529  
12278.12292  
12319.75521  
12318.26147  
12419.52235  
12455.57272  
12445.01675  
12291.89493  
12266.59733  
12261.61318  
12302.60105  
12292.10041  
12293.76264  
12231.48321  
12221.1224  
12265.63589  
12278.77471  
12321.1703  
12247.00008  
12209.89472  
12259.45756  
12260.60257  
12204.29832  
12245.18398  
12288.17936  
12242.99973  
12237.23526  
12325.4408  
12438.63408  
12420.651  
12356.30432  
12282.30484  
12300.44099  
12332.57697  
12384.16605  
12386.15649  
12366.37365  
12359.26178  
12394.10323  
12372.26583  
12419.60662  
12408.09892  
12378.63127  
12280.5248  
12279.96368  
12265.3918  
12286.27989  
12340.02575  
12243.61696  
12274.5429  
12340.96089  
12379.80863  
12261.65666  
12249.40482  
12285.39554  
12366.38712  
12282.85861  
12232.1822  
12193.18624  
12321.40542  
12370.72577  
12393.92532  
12422.32647  
12431.40871  
12333.82154  
12319.28879  
12328.27655  
12287.14767  
12260.61289  
12203.72648  
12264.40266  
12343.18254  
12384.78223  
12308.13192  
12331.20246  
12298.30269  
12272.49449  
12232.16575  
12244.90945  
12241.31565  
12292.62768  
12294.86557  
12344.82534  
12422.0154  
12464.2423  
12385.41044  
12428.82459  
12443.96648  
12340.40625  
12244.24716  
12268.92603  
12285.73992  
12266.42792  
12303.70926  
12378.61929  
12404.33526  
12263.3069  
12213.66651  
12223.15721  
12258.55956  
12247.55305  
12218.21688  
12244.93616  
12285.79695  
12333.67483  
12328.74206  
12363.56635  
12292.51133  
12285.91902  
12277.9475  
12325.15675  
12265.12189  
12233.33253  
12296.19312  
12367.41769  
12395.60279  
12319.31326  
12280.27916  
12307.29716  
12369.46176  
12325.3864  
12354.1178  
12386.38955  
12402.87851  
12334.94211  
12149.95462  
12096.38887  
12155.25129  
12207.172  
12215.70444  
12201.96922  
12240.11812  
12342.31661  
12399.65974  
12364.33415  
12278.49219  
12294.78061  
12338.12171  
12400.69226  
12522.47192  
12459.87686  
12301.421  
12237.18842  
12298.39178  
12277.0206  
12293.21488  
12358.91146  
12497.94494  
12417.75681  
12274.29653  
12244.74347  
12285.12145  
12307.52687  
12368.13375  
12344.50059  
12344.57658  
12301.0894  
12302.58971  
12342.11058  
12345.52992  
12271.46416  
12269.73938  
12309.50853  
12368.12444  
12485.86726  
12441.10716  
12377.75974  
12277.89834  
12352.4259  
12307.99807  
12285.27583  
12399.14174  
12372.19143  
12426.06792  
12511.73406  
12486.35224  
12484.4911  
12304.99712  
12336.77944  
12381.59936  
12375.88593  
12261.10728  
12073.69372  
12150.04622  
12143.7908  
12125.8634  
12138.22805  
12273.67695  
12397.11803  
12351.76277  
12277.38692  
12274.44607  
12388.10262  
12449.89649  
12421.49349  
12348.83919  
12313.96474  
12376.80561  
12378.11636  
12415.69313  
12404.72602  
12341.61313  
12352.46322  
12319.15809  
12336.77208  
12390.84805  
12367.23445  
12272.12089  
12310.49448  
12326.16103  
12326.33137  
12303.19327  
12358.20848  
12370.04281  
12335.01734  
12330.47012  
12387.35085  
12423.03736  
12382.20327  
12306.47612  
12293.65756  
12294.32879  
12297.09408  
12276.87857  
12248.96331  
12303.7106  
12323.95421  
12317.5329  
12323.05692  
12388.59625  
12391.69244  
12244.81089  
12240.30266  
12287.20349  
12315.56739  
12266.03157  
12292.66656  
12333.91259  
12303.47184  
12231.18822  
12323.41448  
12316.97127  
12390.22524  
12425.89899  
12335.61619  
12324.06396  
12360.24177  
12406.18348  
12376.57494  
12373.08325  
12281.62022  
12331.79457  
12350.38778  
12376.02339  
12351.80074  
12390.18244  
12343.24728  
12346.544  
12323.61646  
12330.01521  
12224.85586  
12221.40429  
12266.24882  
12287.10989  
12275.27262  
12307.86933  
12302.39611  
12312.54645  
12313.04598  
12323.84288  
12304.42306  
12353.87888  
12361.46615  
12366.80419  
12313.92801  
12294.14301  
12259.71739  
12276.21692  
12299.47916  
12410.66636  
12429.28639  
12337.0387  
12271.66827  
12286.8485  
12329.16255  
12318.73754  
12321.10105  
12342.52053  
12339.48318  
12319.00681  
12290.12638  
12349.29827  
12306.10067  
12319.12757  
12354.64143  
12370.71134  
12396.15756  
12493.67951  
12395.21533  
12317.82447  
12223.17311  
12255.93949  
12296.92594  
12280.53756  
12272.72423  
12263.68438  
12319.23155  
12329.9526  
12345.24418  
12308.81314  
12322.42018  
12307.59857  
12307.52269  
12326.32539  
12330.72164  
12305.51808  
12354.04955  
12382.37567  
12280.28873  
12239.25168  
12288.36202  
12301.91733  
12263.99994  
12316.71433  
12326.5637  
12383.11449  
12429.83637  
12410.45216  
12311.53167  
12342.84912  
12381.9752  
12422.75607  
12394.45158  
12336.03209  
12246.79501  
12213.37276  
12217.77057  
12210.34321  
12261.98054  
12274.88146  
12334.64023  
12323.92255  
12304.07517  
12293.44656  
12306.81077  
12395.44394  
12400.75232  
12287.15641  
12195.8328  
12267.97224  
12343.33353  
12418.29161  
12291.10405  
12200.52624  
12216.76519  
12225.89402  
12218.38809  
12271.62364  
12340.69916  
12464.25887  
12421.15297  
12417.85489  
12381.1201  
12347.4832  
12217.55541  
12286.99454  
12342.03715  
12370.27666  
12356.25246  
12315.4655  
12352.40129  
12364.87779  
12425.46567  
12399.10877  
12418.91664  
12360.69599  
12266.57364  
12233.49271  
12320.99645  
12383.26856  
12310.00846  
12317.00304  
12362.79037  
12369.35038  
12297.05914  
12235.18591  
12232.37341  
12282.5543  
12223.31743  
12197.10312  
12293.59375  
12326.9133  
12304.27338  
12265.85926  
12271.82636  
12272.23704  
12313.77409  
12261.6387  
12213.05735  
12288.85514  
12366.8406  
12373.62949  
12278.86861  
12280.28111  
12286.9295  
12338.58615  
12427.93926  
12444.34631  
12328.54477  
12324.53182  
12342.37136  
12378.81732  
12365.81899  
12322.99036  
12339.18568  
12291.96454  
12358.33916  
12372.66211  
12475.63353  
12420.0917  
12371.78362  
12345.99302  
12422.34242  
12310.43132  
12196.12449  
12224.26964  
12310.39717  
12348.43893  
12335.63094  
12314.97686  
12362.55159  
12361.42341  
12345.57493  
12337.26381  
12387.8156  
12419.35786  
12451.62348  
12310.32535  
12320.32415  
12356.72266  
12290.20387  
12207.85854  
12241.21348  
12246.61637  
12236.8287  
12239.68171  
12266.70448  
12273.18557  
12237.88342  
12372.78739  
12360.50872  
12318.13649  
12299.21911  
12362.64864  
12297.46432  
12280.11696  
12330.15216  
12350.62989  
12277.56011  
12190.08766  
12250.01395  
12333.0817  
12397.88936  
12352.99755  
12371.39739  
12318.56817  
12353.26799  
12378.6366  
12373.05898  
12393.17885  
12384.03054  
12316.08218  
12274.53652  
12276.9604  
12261.79516  
12310.43553  
12270.44701  
12319.39931  
12307.2193  
12351.5977  
12366.24824  
12272.31903  
12275.4827  
12277.30969  
12322.79113  
12268.55452  
12268.12118  
12304.95929  
12369.38619  
12342.43541  
12331.54749  
12285.64722  
12267.60203  
12240.52148  
12272.5663  
12346.55025  
12349.83165  
12389.89242  
12396.62037  
12328.92816  
12377.256  
12393.51046  
12422.31576  
12391.52505  
12286.81518  
12303.90961  
12227.55077  
12293.55429  
12314.0346  
12313.86221  
12280.20126  
