6757.107282  
6719.733119  
6744.851981  
6739.024177  
6732.298758  
6684.946122  
6783.521833  
6750.035798  
6765.743178  
6793.510742  
6780.01264  
6758.738797  
6773.044071  
6815.293931  
6772.784863  
6781.380176  
6724.819169  
6721.686802  
6785.703153  
6789.165011  
6766.760338  
6757.491588  
6767.720368  
6698.478934  
6769.907087  
6741.765095  
6773.904367  
6734.025809  
6754.612333  
6745.436956  
6747.675223  
6708.479102  
6729.473577  
6758.742132  
6734.819517  
6710.826088  
6697.174428  
6720.942648  
6728.75798  
6665.627762  
6676.974819  
6717.154827  
6714.818764  
6747.162709  
6726.162179  
6780.838672  
6720.56409  
6715.770605  
6721.123744  
6688.711565  
6766.724121  
6766.184891  
6728.928488  
6725.260714  
6726.317174  
6784.163965  
6722.651967  
6735.633064  
6738.146317  
6759.557478  
6742.208733  
6747.390681  
6753.919238  
6744.125377  
6736.95452  
6758.444155  
6795.067006  
6773.550795  
6767.837584  
6760.700223  
6745.689983  
6752.580594  
6770.685645  
6772.266267  
6757.084835  
6764.941323  
6759.193973  
6766.739286  
6755.518917  
6739.344141  
6719.007031  
6727.899261  
6720.27793  
6723.754687  
6737.99428  
6742.967606  
6746.338002  
6729.616657  
6719.752832  
6723.327134  
6725.889063  
6721.398549  
6707.641616  
6695.614104  
6719.97101  
6695.453125  
6738.595564  
6672.127148  
6708.948465  
6726.205427  
6691.976535  
6743.995982  
6678.2137  
6731.391546  
6775.952134  
6741.825586  
6775.913909  
6708.869587  
6806.450502  
6718.878725  
6756.573396  
6783.774023  
6814.767885  
6782.875711  
6766.466685  
6813.59216  
6785.41377  
6819.520954  
6746.861607  
6780.985519  
6803.792564  
6773.956892  
6738.251228  
6750.662472  
6733.209417  
6753.614049  
6770.697224  
6759.831459  
6724.304185  
6749.618597  
6700.354562  
6724.559431  
6752.131166  
6758.285784  
6744.854381  
6798.301004  
6722.38524  
6799.362305  
6718.40505  
6732.882408  
6746.563867  
6742.811133  
6761.244406  
6740.832101  
6743.955636  
6727.287123  
6767.53736  
6771.777204  
6770.666183  
6767.512026  
6708.851283  
6737.696638  
6782.623396  
6785.699512  
6746.106124  
6728.823549  
6783.741657  
6709.269573  
6692.485114  
6710.02034  
6704.352874  
6671.045619  
6758.40752  
6737.288909  
6718.741588  
6737.556055  
6755.667773  
6754.422475  
6737.957938  
6709.065569  
6752.953641  
6773.03969  
6765.44082  
6789.846484  
6788.212347  
6739.782743  
6780.797126  
6792.826897  
6795.473898  
6741.641825  
6730.286705  
6770.03005  
6757.894866  
6827.31264  
6756.444071  
6783.705915  
6758.295773  
6801.600363  
6749.919029  
6760.942313  
6755.718122  
6764.421373  
6715.403432  
6775.678502  
6701.451744  
6753.231194  
6744.300642  
6754.335603  
6757.619978  
6777.021638  
6772.470898  
6767.708064  
6770.877302  
6730.892955  
6742.347991  
6759.364816  
6779.130399  
6752.863937  
6764.562919  
6773.140388  
6795.917076  
6770.447489  
6731.990402  
6756.497433  
6805.843108  
6745.628013  
6747.05385  
6790.777051  
6749.711579  
6705.043262  
6775.282185  
6761.14781  
6734.564523  
6778.324791  
6741.726953  
6754.146554  
6762.169392  
6730.315681  
6739.168136  
6736.288463  
6745.653376  
6655.901758  
6737.384766  
6714.509947  
6826.785645  
6759.032659  
6744.295257  
6718.214481  
6732.148089  
6780.932101  
6742.587612  
6796.443652  
6794.548103  
6724.665067  
6771.542955  
6766.630176  
6726.987988  
6730.160979  
6758.871331  
6761.862891  
6731.842676  
6676.447489  
6727.818903  
6748.87207  
6766.276214  
6805.643415  
6755.640876  
6761.886942  
6756.850446  
6744.336691  
6770.567885  
6676.819015  
6672.19435  
6672.022545  
6726.054004  
6778.754032  
6771.86356  
6751.955873  
6766.477581  
6758.36822  
6757.794127  
6754.809487  
6765.155845  
6761.263895  
6743.520912  
6769.474051  
6708.416574  
6752.288407  
6796.777372  
6754.695745  
6754.251102  
6782.313156  
6730.175935  
6716.291392  
6749.711119  
6757.719866  
6746.047824  
6741.595047  
6717.854436  
6747.387109  
6750.907547  
6742.507087  
6775.592746  
6736.92673  
6751.888239  
6741.95558  
6724.433105  
6761.576116  
6747.425823  
6775.850363  
6784.29209  
6769.733092  
6773.309947  
6767.570675  
6740.371708  
6811.860924  
6777.126549  
6759.290597  
6732.99255  
6775.682757  
6763.579897  
6717.374191  
6813.768262  
6748.647447  
6765.674623  
6805.017201  
6733.730664  
6770.782533  
6783.380539  
6759.346735  
6742.025656  
6763.356794  
6748.065025  
6755.840751  
6799.267843  
6833.932115  
6820.940444  
6831.270661  
6754.539732  
6727.708817  
6746.221303  
6726.052985  
6695.441085  
6764.030818  
6753.195717  
6740.946219  
6724.607547  
6780.874302  
6721.140737  
6724.822893  
6713.184821  
6761.199554  
6775.355259  
6748.799456  
6756.096582  
6752.575181  
6694.642773  
6799.792048  
6733.372503  
6754.719685  
6795.583022  
6714.183482  
6746.435156  
6766.87394  
6765.347098  
6781.721066  
6719.014523  
6758.955762  
6717.477037  
6759.691169  
6708.331975  
6722.563811  
6742.32772  
6742.255831  
6726.5268  
6680.824498  
6722.375153  
6737.324958  
6710.741769  
6777.950307  
6772.892453  
6734.745871  
6745.654674  
6788.171875  
6771.504088  
6809.980301  
6784.355232  
6782.000991  
6802.467118  
6755.513574  
6725.225963  
6722.176465  
6703.183036  
6751.819294  
6727.584459  
6712.978571  
6747.650809  
6720.571052  
6740.339063  
6785.920047  
6739.708161  
6764.222866  
6724.554129  
6722.986049  
6751.36137  
6762.474791  
6766.228878  
6742.387305  
6755.569364  
6710.653474  
6739.615597  
6688.302511  
6671.380873  
6712.517592  
6726.505246  
6726.597782  
6760.947531  
6769.00159  
6741.435854  
6730.290011  
6753.095452  
6749.375405  
6724.191239  
6722.728711  
6741.433203  
6752.969099  
6732.397531  
6760.278781  
6742.997196  
6694.345787  
6702.915499  
6722.210896  
6721.651604  
6722.0625  
6757.508343  
6717.532282  
6738.676576  
6739.529799  
6755.266895  
6755.344336  
6726.088853  
6825.462137  
6742.87853  
6774.66829  
6751.007966  
6771.87267  
6744.784905  
6769.800363  
6763.703892  
6709.505901  
6735.048172  
6737.446331  
6732.786747  
6777.430901  
6757.499874  
6748.245578  
6749.062919  
6719.065025  
6792.540206  
6780.325474  
6796.645006  
6758.265151  
6758.928767  
6749.790039  
6788.219852  
6738.299023  
6757.759249  
6734.171498  
6749.395745  
6742.479185  
6779.965234  
6759.948996  
6790.909766  
6756.955566  
6722.983384  
6746.385449  
6774.426604  
6745.733468  
6743.812249  
6751.638993  
6736.31748  
6803.117397  
6741.315765  
6793.613504  
6807.590974  
6727.292243  
6820.23517  
6769.536454  
6790.229004  
6738.912207  
6806.978599  
6774.715248  
6760.731041  
6749.349428  
6787.122893  
6781.041741  
6800.764634  
6773.632227  
6748.09442  
6751.825223  
6751.687486  
6727.538351  
6721.934417  
6695.91423  
6725.820619  
6719.774805  
6695.009054  
6725.803278  
6710.579771  
6689.901353  
6738.925474  
6733.437695  
6748.107533  
6750.253446  
6767.669796  
6775.384584  
6793.675446  
6757.129157  
6788.76822  
6780.543108  
6756.969573  
6778.472056  
6813.3119  
6736.465904  
6681.101004  
6722.480873  
6722.673117  
6771.699009  
6702.292243  
6745.914941  
6752.452985  
6759.987556  
6748.90865  
6737.135156  
6755.792229  
6750.949247  
6802.944517  
6772.971889  
6737.180901  
6778.495299  
6716.18856  
6768.546694  
6749.951772  
6727.787458  
6730.056585  
6739.393206  
6712.026158  
6759.819782  
6751.694196  
6759.199693  
6698.717006  
6709.186133  
6747.885617  
6734.121331  
6719.541811  
6708.226953  
6731.71603  
6764.446805  
6736.627288  
6727.907729  
6764.093262  
6731.343025  
6727.438825  
6754.864467  
6754.59615  
6751.285045  
6759.289788  
6767.318792  
6737.52207  
6771.368541  
6742.895382  
6762.419782  
6761.561049  
6757.587486  
6737.7607  
6782.986412  
6750.794587  
6777.100056  
6781.28764  
6791.197182  
6759.262374  
6745.254813  
6792.518178  
6766.729088  
6794.628516  
6778.421833  
6822.556543  
6814.21423  
6788.230022  
6800.970145  
6798.742132  
6740.258078  
6728.38517  
6733.308454  
6733.157673  
6711.119169  
6779.082464  
6769.703516  
6688.574707  
6732.352107  
6762.029339  
6717.876032  
6726.65046  
6726.306794  
6720.913881  
6677.569224  
6699.822698  
6726.047042  
6714.040416  
6734.443136  
6762.073451  
6690.469015  
6777.100153  
6733.756515  
6763.849888  
6746.512291  
6768.271373  
6752.083859  
6765.654018  
6717.559501  
6730.322586  
6769.849456  
6767.43736  
6782.935366  
6800.734794  
6772.565206  
6752.735882  
6753.926186  
6738.803544  
6785.12161  
6780.692425  
6751.625767  
6747.490848  
6764.751897  
6759.458677  
6755.40865  
6732.064579  
6749.217759  
6738.383859  
6749.045815  
6732.141392  
6746.881682  
6729.624972  
6763.418736  
6798.206459  
6739.739062  
6736.645215  
6721.644127  
6760.00106  
6743.260533  
6751.145703  
6800.956822  
6821.442215  
6836.784626  
6826.539216  
6782.991267  
6792.242188  
6755.154269  
6728.812877  
6734.941713  
6721.547824  
6757.541016  
6749.540025  
6673.400935  
6752.49322  
6756.493248  
6756.023786  
6778.130594  
6758.670843  
6755.441448  
6798.742425  
6786.224107  
6720.401465  
6780.509445  
6703.291406  
6845.615667  
6828.001018  
6838.559528  
6791.961621  
6786.366881  
6726.021889  
6694.053013  
6798.444587  
6707.767746  
6813.632199  
6826.289565  
6779.979534  
6693.797935  
6713.203502  
6666.839746  
6713.062486  
6669.895717  
6749.135882  
6705.37772  
6700.675014  
6708.19781  
6665.512235  
6703.865458  
6765.873382  
6693.495494  
6762.805427  
6740.426325  
6742.021456  
6729.022754  
6702.578878  
6733.653237  
6713.8768  
6718.003962  
6741.370843  
6717.061691  
6732.396819  
6742.07267  
6711.257854  
6710.914579  
6727.514886  
6704.290974  
6724.191881  
6731.930413  
6716.153306  
6717.28916  
6718.603739  
6808.838923  
6707.173298  
6789.111398  
6713.036956  
6756.901018  
6709.234333  
6743.42952  
6729.976576  
6826.53923  
6689.491755  
6745.132882  
6715.951632  
6718.535073  
6743.400711  
6782.513198  
6756.697768  
6757.143136  
6717.360882  
6752.433803  
6761.660533  
6758.417941  
6719.234235  
6791.102302  
6780.857924  
6749.89548  
6775.574163  
6796.349414  
6744.280999  
6771.507031  
6769.345466  
6737.763449  
6751.03005  
6771.162095  
6771.103041  
6736.246666  
6722.89269  
6754.218652  
6713.025628  
6740.612319  
6774.925405  
6744.436705  
6752.882938  
6801.089439  
6778.177162  
6779.37228  
6795.047531  
6724.258245  
6740.223354  
6762.177469  
6787.81476  
6711.75745  
6725.208273  
6773.952679  
6805.768471  
6786.183636  
6737.118304  
6762.664439  
6786.337277  
6760.965667  
6771.044085  
6814.823465  
6771.314286  
6786.543973  
6734.551995  
6767.31769  
6764.141657  
6720.119127  
6748.211998  
6736.267467  
6786.770815  
6766.140778  
6797.767732  
6767.73178  
6749.889955  
6785.411258  
6739.613728  
6711.066085  
6729.702916  
6722.30159  
6718.05498  
6698.70067  
6734.134487  
6749.043164  
6742.202023  
6749.177176  
6748.597294  
6702.00339  
6744.063044  
6770.095717  
6711.576828  
6767.08238  
6714.969461  
6760.283594  
6737.604088  
6728.776158  
6740.863323  
6740.064076  
6800.571735  
6790.58577  
6735.089188  
6793.005971  
6718.509082  
6754.348145  
6766.697335  
6772.500614  
6738.688058  
6733.610672  
6759.647726  
6787.040234  
6749.067006  
6761.767327  
6767.301716  
6803.673005  
6794.71642  
6796.089816  
6765.023312  
6703.035156  
6753.598479  
6774.473619  
6745.918359  
6814.41469  
6741.564565  
6757.937263  
6741.778432  
6763.597503  
6748.177693  
6712.709208  
6739.064844  
6752.090179  
6736.920006  
6789.354004  
6721.656752  
6754.654436  
6719.475084  
6729.395912  
6733.381041  
6787.311565  
6779.755831  
6745.902023  
6791.062765  
6799.541699  
6737.425586  
6751.264481  
6734.749037  
6727.425725  
6764.740765  
6710.072586  
6704.980399  
6748.820745  
6761.812891  
6749.496498  
6746.606794  
6755.044796  
6725.135714  
6763.236286  
6793.784584  
6785.269517  
6758.462765  
6750.788239  
6712.450153  
6757.81716  
6796.28464  
6810.179255  
6767.950223  
6741.134682  
6718.016127  
6806.26935  
6738.388756  
6766.257268  
6756.172698  
6772.960142  
6786.199526  
6732.795592  
6761.971136  
6768.648075  
6724.38351  
6724.968708  
6651.926339  
6746.483078  
6756.264634  
6699.363449  
6702.480859  
6715.428502  
6739.112095  
6720.486509  
6703.057701  
6730.720787  
6747.082603  
6765.426339  
6741.204911  
6798.28983  
6719.952441  
6750.602539  
6754.99647  
6710.139997  
6753.987946  
6793.662877  
6779.751618  
6749.908203  
6734.378139  
6764.025949  
6764.271317  
6824.691211  
6754.567857  
6719.26123  
6715.080329  
6767.962681  
6766.851256  
6772.555385  
6736.830552  
6734.20911  
6717.56123  
6730.517634  
6705.869015  
6759.930427  
6738.522531  
6764.643192  
6763.084612  
6732.881641  
6770.309598  
6718.008036  
6752.031487  
6722.699247  
6727.638086  
6755.74781  
6769.037095  
6771.815918  
6780.00445  
6784.582338  
6787.944294  
6737.748438  
6759.083036  
6712.087179  
6734.060672  
6763.995299  
6748.672586  
6775.728167  
6738.009696  
6710.568652  
6736.732506  
6689.763407  
6734.369964  
6718.918708  
6731.363184  
6782.485421  
6743.627288  
6698.18584  
6740.080525  
6756.121275  
6770.124693  
6731.39481  
6779.24668  
6755.467062  
6722.47514  
6776.530064  
6710.4387  
6766.105566  
6742.883119  
6774.897028  
6756.140499  
6747.184654  
6746.202804  
6746.053041  
6770.567564  
6796.320075  
6743.90572  
6747.054729  
6709.665834  
6753.331473  
6761.356738  
6742.51935  
6683.526074  
6765.182129  
6796.884849  
6764.066002  
6748.465513  
6659.490695  
6695.310324  
6723.074289  
6748.902455  
6771.600209  
6757.044713  
6734.91582  
6693.582268  
6754.987165  
6788.956264  
6757.021443  
6750.954408  
6787.665513  
6728.374609  
6767.632031  
6830.149428  
6844.362333  
6790.111998  
6706.457882  
6738.949526  
6738.379157  
6756.246443  
6697.215485  
6773.823019  
6775.825711  
6723.631166  
6726.249763  
6720.210868  
6735.04555  
6742.757603  
6738.199358  
6750.83623  
6748.283426  
6741.511217  
6743.181501  
6779.143862  
6711.639593  
6727.965988  
6782.891741  
6745.002162  
6767.341699  
6793.519406  
6739.409138  
6785.463825  
6759.893806  
6763.722642  
6751.66017  
6727.284026  
6728.126521  
6746.86296  
6726.261496  
6762.026186  
6762.398828  
6747.344238  
6735.358133  
6732.790123  
6772.393457  
6828.951186  
6755.00911  
6786.660491  
6771.806334  
6707.942494  
6783.211509  
6768.109682  
6758.02719  
6755.405873  
6727.71748  
6703.41829  
6739.554381  
6776.673703  
6739.272224  
6707.237793  
6670.613951  
6691.917285  
6763.768262  
6745.087235  
6777.476032  
6766.787444  
6768.596526  
6705.239146  
6750.733454  
6736.972307  
6775.512277  
6809.543066  
6764.687667  
6789.837751  
6769.430678  
6729.418806  
6771.17959  
6751.446526  
6754.787709  
6798.948047  
6786.447294  
6741.579408  
6776.893039  
6712.945815  
6749.427246  
6779.637891  
6776.710938  
6765.917006  
6731.754018  
6753.423437  
6757.14887  
6709.039634  
6754.177469  
6736.593624  
6753.861928  
6700.535686  
6765.068122  
6731.328111  
6770.78524  
6780.439342  
6769.421735  
6761.478195  
6813.467983  
6747.752888  
6767.242453  
6785.954199  
6769.514551  
6760.982241  
6788.507492  
6765.314997  
6777.260198  
6765.241755  
6736.900237  
6704.421777  
6741.996526  
6684.030106  
6694.494029  
6693.199819  
6687.551758  
6713.951465  
6701.576507  
6717.771289  
6704.929478  
6745.785798  
6725.420912  
6776.761649  
6755.269029  
6759.566323  
6756.486147  
6765.872489  
6789.195368  
6797.720647  
6756.330315  
6761.295508  
6791.422377  
6825.595815  
6736.210798  
6784.346136  
6791.885031  
6745.856934  
6740.17101  
6756.224512  
6752.560449  
6764.747991  
6745.812249  
6755.80106  
6737.830859  
6749.853125  
6726.256585  
6764.856655  
6776.387416  
6706.911537  
6754.975809  
6747.025195  
6712.51483  
6740.287081  
6804.983887  
6775.668429  
6720.113156  
6691.366448  
6752.281864  
6718.265053  
6710.674456  
6743.210519  
6764.536328  
6723.577274  
6764.495075  
6823.283538  
6741.68185  
6752.154715  
6710.26084  
6787.672001  
6779.032241  
6741.712277  
6762.933677  
6777.641057  
6729.071415  
6732.549944  
6757.628013  
6748.216881  
6757.749833  
6732.469852  
6753.075349  
6745.775949  
6735.069643  
6756.356599  
6771.952497  
6730.230831  
6689.809919  
6731.125251  
6728.78976  
6743.4863  
6767.615625  
6745.373703  
6778.074833  
6749.456557  
6792.060575  
6755.385561  
6772.407143  
6748.149456  
6777.732813  
6767.927609  
6796.620815  
6731.162737  
6809.058664  
6794.921694  
6755.052637  
6747.384417  
6782.140527  
6798.436049  
6777.211789  
6726.336802  
6672.194531  
6751.13125  
6706.561621  
6733.886426  
6719.565276  
6727.091616  
6762.056501  
6780.345592  
6741.613128  
6741.547112  
6753.808496  
6729.577609  
6761.464551  
6713.362486  
6778.081989  
6756.539216  
6738.14947  
6771.688323  
6784.173451  
6795.617885  
6781.959124  
6722.92885  
6773.500977  
6739.914676  
6714.05014  
6746.248396  
6750.056878  
6718.683901  
6771.520815  
6744.920075  
6720.948228  
6729.232241  
6712.168136  
6693.778125  
6714.325698  
6725.554408  
6737.149651  
6754.498814  
6743.565765  
6757.516602  
6799.057785  
6778.85692  
6787.506571  
6791.545759  
6761.25519  
6763.956138  
6723.489272  
6711.729116  
6694.189425  
6736.563002  
6774.97839  
6773.557157  
6749.659612  
6785.432003  
6729.370382  
6752.524247  
6706.946443  
6749.466378  
6746.265513  
6739.511496  
6781.588281  
6742.741267  
6783.84767  
6757.926507  
6746.094838  
6736.913756  
6740.38471  
6734.331069  
6716.671205  
6729.428683  
6746.63125  
6733.424637  
6729.66024  
6729.876521  
6775.229869  
6737.954241  
6735.073912  
6755.566448  
6819.038825  
6778.415625  
6771.581878  
6748.506334  
6698.7494  
6749.850167  
6678.276688  
6753.326981  
6742.325028  
6709.567467  
6773.777302  
6758.587835  
6783.726744  
6754.09728  
6780.8381  
6728.56889  
6752.291113  
6777.728544  
6795.22853  
6773.761007  
6751.866699  
6732.356529  
6717.503153  
6743.646415  
6765.529604  
6765.354395  
6786.274805  
6725.306138  
6766.875739  
6685.718903  
6736.907436  
6704.789076  
6769.608594  
6725.029325  
6717.78231  
6757.791839  
6754.491044  
6740.808845  
6721.27846  
6716.830218  
6746.48803  
6754.204967  
6733.154799  
6752.861565  
6790.082115  
6737.048019  
6770.785198  
6728.909528  
6768.813923  
6688.441127  
6737.2232  
6718.879032  
6766.135784  
6819.741964  
6793.193373  
6778.191769  
6756.571401  
6756.355413  
6774.299079  
6767.596443  
6765.494322  
6797.945145  
6775.023982  
6726.070815  
6751.532882  
6724.869294  
6715.409626  
6763.959654  
6774.947419  
6745.074749  
6767.36868  
6754.677344  
6753.700126  
6763.770815  
6750.927553  
6748.734584  
6748.055008  
6749.562235  
6783.204395  
6748.347893  
6752.432645  
6763.110379  
6767.717592  
6741.74216  
6741.335882  
6716.315053  
6710.894922  
6759.782073  
6721.656975  
6750.810073  
6724.608371  
6749.598368  
6765.970801  
6771.467606  
6730.047628  
6770.520926  
6791.175879  
6792.019099  
6762.040988  
6716.431445  
6721.985379  
6783.794573  
6761.444796  
6752.322559  
6767.002888  
6732.61084  
6717.763239  
6757.754283  
6758.845536  
6734.73238  
6752.882952  
6738.85618  
6758.870982  
6698.394796  
6771.142913  
6745.511454  
6758.26091  
6759.401451  
6721.280776  
6778.570508  
6737.619601  
6775.995898  
6775.059431  
6759.459333  
6782.321861  
6802.295968  
6751.360672  
6737.733468  
6745.589607  
6725.364941  
6764.932492  
6757.938491  
6744.923368  
6798.819559  
6761.381627  
6756.388616  
6735.542522  
6704.968513  
6795.391867  
6756.285156  
6696.361663  
6722.210463  
6760.332296  
6747.388128  
6745.865276  
6772.195229  
6738.664272  
6738.958161  
6709.413658  
6742.236705  
6799.087598  
6751.983161  
6752.501967  
6753.16596  
6795.789662  
6752.37228  
6718.218499  
6790.43817  
6758.420522  
6771.226479  
6720.115025  
6746.98252  
6743.125042  
6727.980092  
6793.290318  
6770.742425  
6781.892746  
6706.169559  
6729.723744  
6758.449595  
6756.106822  
6725.327595  
6732.924219  
6797.209054  
6753.729269  
6760.108803  
6758.393401  
6756.864886  
6741.120006  
6761.099735  
6740.287458  
6770.88877  
6731.059542  
6709.842299  
6794.638756  
6733.353251  
6741.803125  
6768.025335  
6756.144169  
6800.721359  
6724.011384  
6731.605148  
6742.614314  
6786.854688  
6745.933789  
6741.587235  
6786.685086  
6760.137612  
6778.473549  
6741.656027  
6704.830985  
6762.207017  
6755.91236  
6773.686189  
6756.068429  
6743.060324  
6751.931878  
6753.422642  
6765.479855  
6743.270229  
6784.954241  
6721.570089  
6767.961049  
6762.824344  
6695.963783  
6741.26077  
6739.463867  
6704.010463  
6721.369559  
6753.056543  
6750.888337  
6753.096959  
6742.546917  
6721.941016  
6714.482896  
6795.855664  
6736.447586  
6753.864467  
6759.973437  
6769.669043  
6737.558398  
6742.914676  
6728.143359  
6750.439704  
6738.654032  
6725.919852  
6734.943094  
6765.773968  
6772.995424  
6768.693039  
6766.617746  
6740.664062  
6739.640765  
6697.999679  
6742.481794  
6756.361816  
6755.771108  
6770.638979  
6745.942034  
6811.44488  
6760.824247  
6780.564955  
6747.287988  
6751.071861  
6738.05466  
6703.757101  
6701.067174  
6745.415639  
6711.642634  
6780.329674  
6741.476451  
6805.523103  
6788.250474  
6742.681473  
6779.707812  
6757.026228  
6759.486412  
6763.048661  
6735.946568  
6715.776339  
6755.819643  
6736.5482  
6761.781948  
6771.222266  
6724.25678  
6747.241378  
6740.7357  
6771.949888  
6742.757757  
6734.363518  
6771.739104  
6753.146652  
6785.283217  
6753.915304  
6736.976339  
6759.778976  
6776.659947  
6762.71536  
6738.876772  
6745.659459  
6754.466406  
6745.495354  
6733.73743  
6773.935142  
6771.280246  
6788.006766  
6767.151214  
6771.067285  
6714.290416  
6723.393401  
6743.115709  
6810.553223  
6729.157478  
6715.952134  
6743.161426  
6751.470061  
6719.447517  
6766.230566  
6782.78471  
6765.546233  
6780.207464  
6749.128167  
6702.246708  
6775.378962  
6762.825823  
6767.086496  
6741.016616  
6716.019489  
6762.028041  
6777.918485  
6748.145466  
6728.434696  
6700.694824  
6748.073814  
6778.350098  
6729.886314  
6752.853055  
6727.302386  
6744.678348  
6713.166532  
6738.94767  
6747.127539  
6761.832422  
6777.670745  
6774.977804  
6763.910142  
6762.553125  
6768.616657  
6706.598047  
6770.785059  
6703.874679  
6751.629729  
6727.967257  
6696.074261  
6711.618541  
6775.238742  
6745.830246  
6780.945675  
6759.735882  
6735.413895  
6664.949986  
6729.684431  
6689.571233  
6756.542243  
6751.212123  
6743.704129  
6724.062291  
6754.248856  
6802.003474  
6767.610631  
6741.548145  
6733.528962  
6720.917327  
6798.262207  
6709.930831  
6714.55858  
6763.741239  
6759.565527  
6768.905064  
6767.160519  
6758.658859  
6764.49721  
6759.000167  
6761.793959  
6747.498828  
6766.611077  
6749.389076  
6743.771847  
6770.526116  
6753.148326  
6759.964579  
6777.369573  
6744.855566  
6723.406961  
6723.030036  
6737.106515  
6752.980399  
6779.674414  
6728.288128  
6759.543164  
