5819.131767  
5871.416968  
5833.069582  
5803.33505  
5807.492318  
5804.072402  
5857.751367  
5838.243303  
5833.382458  
5846.840862  
5847.146163  
5845.545601  
5842.91762  
5822.492012  
5835.47709  
5828.108605  
5841.039901  
5813.221877  
5808.803085  
5858.870598  
5810.549305  
5843.303904  
5844.735788  
5820.653118  
5830.781041  
5840.003469  
5870.918037  
5813.244692  
5841.410279  
5835.551634  
5851.535998  
5835.291313  
5845.978691  
5838.670254  
5835.288838  
5850.30201  
5824.215641  
5822.797697  
5858.932559  
5794.570529  
5825.413525  
5826.116968  
5831.912388  
5830.337617  
5845.314832  
5845.762026  
5817.009386  
5831.511506  
5804.844283  
5809.960948  
5813.860507  
5841.751045  
5814.992379  
5805.161583  
5847.53016  
5861.509967  
5824.840281  
5829.742023  
5825.552943  
5828.972703  
5813.465739  
5838.660011  
5843.960093  
5856.990188  
5825.975592  
5804.766932  
5841.32875  
5840.448663  
5841.177999  
5845.113704  
5837.471248  
5854.334363  
5822.320022  
5869.119791  
5852.133002  
5816.867996  
5848.279185  
5837.529749  
5852.147708  
5815.962257  
5833.605378  
5822.865996  
5825.883344  
5836.868332  
5842.414203  
5833.906969  
5843.941555  
5831.571956  
5825.418838  
5808.383299  
5820.286801  
5818.951298  
5830.547737  
5758.517357  
5764.500663  
5774.15747  
5762.00121  
5755.910144  
5798.532507  
5772.048588  
5778.835594  
5831.722941  
5795.99284  
5793.287788  
5828.964035  
5847.07485  
5847.315778  
5807.485899  
5845.150554  
5836.628412  
5837.820637  
5841.812622  
5861.795952  
5865.168827  
5859.686848  
5892.950676  
5870.303155  
5846.471586  
5818.808572  
5875.060536  
5886.314057  
5855.125965  
5857.711172  
5855.297842  
5836.263325  
5851.469082  
5866.507338  
5858.496077  
5840.028653  
5810.726524  
5836.894598  
5824.307668  
5803.897917  
5825.082611  
5851.86657  
5827.761717  
5825.700723  
5835.274427  
5830.384507  
5827.614572  
5836.696712  
5818.003272  
5840.914469  
5812.850712  
5851.211763  
5833.771563  
5844.114653  
5854.281541  
5816.534634  
5832.916326  
5854.833642  
5803.191737  
5791.92483  
5795.812651  
5837.761577  
5815.210522  
5812.302157  
5800.827307  
5768.405257  
5778.119611  
5760.840813  
5783.445439  
5789.573236  
5766.948099  
5765.105106  
5796.12985  
5813.757167  
5824.166351  
5815.29775  
5815.959779  
5833.222082  
5824.048545  
5815.240903  
5836.3578  
5857.564819  
5852.447115  
5859.704888  
5862.356593  
5853.332799  
5861.081387  
5846.807511  
5860.104558  
5875.56472  
5845.957209  
5830.778739  
5860.230506  
5836.785546  
5852.287979  
5844.661106  
5842.504505  
5839.485107  
5838.458072  
5837.48425  
5813.90957  
5846.198373  
5830.301206  
5831.226487  
5838.071316  
5831.103326  
5819.737345  
5851.406824  
5834.457293  
5849.474843  
5841.921237  
5871.510929  
5840.233388  
5837.189002  
5858.448446  
5832.431352  
5862.279108  
5859.339463  
5838.391722  
5829.438868  
5868.617907  
5828.140724  
5841.621532  
5870.579164  
5852.304136  
5837.52722  
5836.304655  
5845.316512  
5836.733356  
5813.222162  
5836.048597  
5842.47007  
5837.461256  
5853.140118  
5806.583005  
5815.688473  
5816.271073  
5811.501013  
5804.861094  
5820.055523  
5845.38757  
5861.434987  
5837.612136  
5820.800266  
5833.035468  
5855.142077  
5838.576525  
5844.99526  
5847.225362  
5858.99161  
5825.803781  
5839.045226  
5850.308553  
5834.301433  
5825.489501  
5841.310556  
5836.831823  
5812.348395  
5825.054843  
5808.828078  
5844.300059  
5831.825643  
5832.619229  
5819.597283  
5829.097954  
5803.398112  
5799.301381  
5802.129736  
5774.308396  
5768.96899  
5792.605009  
5771.680012  
5817.659713  
5876.834426  
5798.837179  
5826.759804  
5853.119186  
5835.018849  
5835.97899  
5856.091736  
5838.070596  
5833.801653  
5821.045967  
5837.526435  
5831.02688  
5836.970498  
5830.650188  
5835.02225  
5836.655415  
5807.026685  
5814.101152  
5829.05349  
5837.833197  
5824.011223  
5824.30276  
5824.828162  
5850.671942  
5831.349254  
5848.294113  
5877.054076  
5820.092992  
5851.088509  
5843.370139  
5850.682279  
5844.287583  
5850.903376  
5865.860922  
5834.535436  
5861.581804  
5846.086844  
5822.841073  
5832.439131  
5874.529288  
5871.151164  
5842.807603  
5831.496631  
5831.873976  
5829.006129  
5831.582697  
5867.832683  
5841.001531  
5840.716311  
5862.601367  
5854.829633  
5859.143383  
5864.890124  
5858.552447  
5853.742713  
5855.600618  
5843.515163  
5843.219084  
5843.319072  
5940.22401  
5924.859499  
5886.634909  
5821.941472  
5768.144095  
5792.638073  
5796.88028  
5812.610902  
5823.241448  
5860.514305  
5826.710786  
5845.418193  
5829.022997  
5812.61952  
5843.169984  
5842.702333  
5823.253696  
5856.061193  
5824.39576  
5836.181865  
5819.877858  
5815.467022  
5858.302254  
5829.82678  
5888.264491  
5811.668725  
5818.944226  
5830.905532  
5826.248915  
5819.669394  
5854.09333  
5850.47137  
5857.440241  
5812.579279  
5809.689576  
5815.173828  
5821.540699  
5789.522262  
5809.492187  
5808.86593  
5819.795638  
5789.968391  
5847.100261  
5821.904104  
5848.843437  
5833.339405  
5841.776153  
5834.928504  
5851.063426  
5854.523014  
5877.277498  
5858.798049  
5860.516667  
5845.951464  
5830.455179  
5847.362447  
5838.454324  
5777.147199  
5809.392027  
5780.156873  
5817.051993  
5808.181133  
5793.866  
5813.615653  
5825.364241  
5815.054104  
5805.314624  
5808.567599  
5828.866186  
5839.37804  
5845.24561  
5825.195604  
5831.269114  
5828.313084  
5797.340009  
5817.169155  
5797.357798  
5793.517533  
5776.804365  
5777.073756  
5802.160728  
5802.798389  
5812.465438  
5803.572287  
5822.269689  
5815.8743  
5810.317505  
5824.477675  
5834.005533  
5813.831234  
5833.510954  
5835.03043  
5828.453331  
5824.212726  
5801.467865  
5796.73999  
5814.446447  
5819.653507  
5840.722027  
5819.179657  
5819.115289  
5813.316562  
5826.478657  
5833.19709  
5850.368071  
5848.644021  
5884.793351  
5854.259381  
5847.075117  
5839.659511  
5818.78162  
5843.897042  
5877.594143  
5840.854478  
5848.581496  
5847.639318  
5863.341432  
5848.42915  
5817.585111  
5825.747199  
5844.177095  
5865.035798  
5833.84152  
5838.480961  
5845.33496  
5848.594978  
5860.10128  
5814.447142  
5813.25287  
5833.951891  
5818.765019  
5816.068055  
5825.959369  
5824.370263  
5833.689678  
5821.276432  
5846.067939  
5838.633925  
5812.973924  
5840.350204  
5828.586998  
5850.061926  
5840.181121  
5824.68759  
5859.186026  
5837.755545  
5855.826624  
5888.429184  
5875.378188  
5873.666647  
5877.153103  
5870.576401  
5854.879141  
5861.29511  
5888.538438  
5874.295526  
5843.335032  
5848.818703  
5867.429727  
5858.858125  
5867.797772  
5906.546481  
5877.536911  
5828.913167  
5874.764199  
5830.250977  
5784.398691  
5778.320472  
5778.090669  
5791.260251  
5803.416496  
5816.29406  
5797.840459  
5765.488176  
5798.341539  
5789.519224  
5812.214489  
5809.328156  
5845.507724  
5857.679343  
5819.898632  
5826.03065  
5833.683703  
5850.389418  
5849.800412  
5832.62096  
5851.280733  
5833.553686  
5815.122302  
5804.435507  
5793.537897  
5812.956072  
5844.82234  
5826.510203  
5811.372332  
5816.104311  
5810.454274  
5830.331975  
5822.281202  
5830.320568  
5875.356128  
5907.559894  
5863.233273  
5850.293706  
5862.504503  
5839.384  
5812.239836  
5811.680963  
5809.828756  
5798.392947  
5813.655158  
5824.477444  
5837.993922  
5827.831799  
5818.71353  
5815.98979  
5832.54021  
5799.92243  
5805.243903  
5847.595087  
5832.477274  
5851.467034  
5833.08879  
5856.509319  
5853.186386  
5832.62045  
5854.385263  
5826.158965  
5855.829536  
5848.268986  
5825.63349  
5853.703795  
5868.606286  
5862.399996  
5836.777942  
5813.490058  
5858.304379  
5840.692817  
5875.498831  
5827.633411  
5841.905554  
5839.365548  
5873.37417  
5864.808057  
5843.36001  
5833.825105  
5837.555913  
5844.262858  
5837.944474  
5849.189195  
5858.986514  
5855.392829  
5885.717514  
5896.946759  
5908.359292  
5844.074434  
5807.309622  
5801.805441  
5785.625253  
5804.279437  
5797.821389  
5812.111452  
5781.161881  
5794.325679  
5805.986337  
5800.908747  
5803.747688  
5814.458716  
5818.81016  
5820.39551  
5811.45995  
5799.569881  
5789.380109  
5810.924402  
5847.134574  
5812.448083  
5801.879632  
5860.058259  
5841.5305  
5831.591339  
5832.483891  
5840.666573  
5848.794807  
5833.519654  
5838.254335  
5847.620065  
5826.61354  
5842.779917  
5873.399245  
5882.69684  
5850.703418  
5828.882861  
5848.682076  
5849.460766  
5830.39771  
5815.629276  
5817.710517  
5795.401211  
5849.78179  
5853.76652  
5816.854699  
5832.800753  
5831.973919  
5790.392772  
5844.292053  
5838.842836  
5843.947885  
5827.165136  
5863.189251  
5859.746796  
5844.39637  
5826.833793  
5876.16286  
5834.495399  
5838.940231  
5858.312624  
5857.719801  
5885.840568  
5875.136038  
5872.725736  
5872.468419  
5868.966096  
5856.92307  
5862.661432  
5808.344787  
5809.798618  
5796.917115  
5823.677628  
5820.355826  
5825.915579  
5823.786306  
5824.819969  
5848.728404  
5849.244668  
5841.643931  
5874.755177  
5875.518082  
5805.779752  
5818.721039  
5873.444655  
5914.26851  
5910.818234  
5909.664821  
5887.395673  
5843.655746  
5786.439037  
5776.9416  
5832.794087  
5839.738237  
5867.968366  
5858.212473  
5821.712148  
5798.054655  
5774.50491  
5795.214399  
5784.405263  
5784.089576  
5784.100263  
5771.53113  
5765.626056  
5784.378857  
5773.469497  
5761.506115  
5783.890992  
5738.514158  
5809.83579  
5850.823036  
5838.621503  
5822.085598  
5825.641063  
5808.265526  
5830.089651  
5814.556204  
5786.659638  
5815.523567  
5799.930569  
5824.120167  
5825.614382  
5818.058728  
5813.096835  
5805.435309  
5796.971719  
5808.391964  
5823.98855  
5814.374048  
5811.706229  
5838.910242  
5822.138021  
5823.37102  
5812.18892  
5807.912957  
5816.996413  
5853.659201  
5828.981861  
5838.388581  
5811.220401  
5826.675954  
5808.981487  
5837.577516  
5830.521797  
5835.204084  
5851.567082  
5847.813242  
5836.614204  
5842.294667  
5867.932478  
5847.537195  
5841.680603  
5844.626196  
5827.127049  
5835.083231  
5837.829847  
5840.355167  
5830.657316  
5832.819354  
5844.827869  
5835.583987  
5819.455981  
5842.849101  
5861.420212  
5856.588066  
5828.536421  
5821.395493  
5835.212143  
5856.056975  
5838.766349  
5855.289855  
5858.248382  
5841.974522  
5827.552917  
5852.924718  
5876.002853  
5846.244337  
5812.558716  
5815.490626  
5844.65015  
5838.17026  
5825.939472  
5846.625941  
5850.240893  
5843.542853  
5842.486611  
5857.419847  
5843.191683  
5848.433714  
5837.229113  
5823.710348  
5830.168545  
5865.068176  
5863.973687  
5877.627714  
5835.341511  
5813.51279  
5842.441369  
5854.281138  
5875.675639  
5846.460444  
5872.876368  
5852.755499  
5832.962172  
5826.811369  
5829.543641  
5833.792783  
5822.350112  
5788.195964  
5770.193812  
5765.012684  
5801.447511  
5824.244979  
5824.436068  
5818.708257  
5803.744794  
5789.372311  
5831.529284  
5821.249946  
5838.880666  
5851.531681  
5817.039562  
5804.642275  
5805.822533  
5826.682824  
5838.125475  
5869.977834  
5864.821153  
5860.73729  
5841.035035  
5851.900495  
5822.246483  
5862.634409  
5849.968498  
5840.979497  
5859.758433  
5799.798129  
5847.00543  
5857.26112  
5846.225351  
5850.627482  
5880.986362  
5869.278571  
5842.010569  
5842.954146  
5874.051416  
5857.580125  
5850.113325  
5862.039343  
5844.81943  
5858.479714  
5838.69799  
5834.374811  
5838.608185  
5854.532503  
5836.753233  
5823.247578  
5847.956956  
5860.244185  
5826.547586  
5823.572545  
5831.191495  
5819.341425  
5831.365223  
5796.131812  
5794.060856  
5842.916033  
5831.128529  
5861.190589  
5850.001956  
5827.262659  
5844.925203  
5809.471126  
5833.157778  
5828.246929  
5841.957561  
5835.14038  
5824.544641  
5847.589058  
5810.220411  
5816.765065  
5820.358314  
5842.989515  
5818.435908  
5830.860444  
5827.15169  
5834.325652  
5822.457439  
5836.67493  
5852.212102  
5839.780365  
5860.535868  
5851.541516  
5872.475023  
5856.791557  
5836.241402  
5834.804198  
5829.283321  
5839.264314  
5839.358486  
5807.746631  
5851.990312  
5873.278053  
5860.155082  
5864.077011  
5831.268235  
5799.992901  
5779.571326  
5832.599521  
5809.602805  
5778.14571  
5774.820838  
5777.548137  
5818.510572  
5811.717314  
5837.59968  
5785.034397  
5806.176032  
5823.060652  
5854.428147  
5836.565961  
5837.214952  
5830.617964  
5808.209543  
5827.720636  
5861.135299  
5842.911781  
5842.646833  
5845.683965  
5840.128754  
5840.458869  
5848.103022  
5856.628943  
5846.458615  
5823.561283  
5819.749845  
5853.322086  
5847.769744  
5856.285707  
5831.634941  
5813.953538  
5812.811476  
5830.19504  
5827.085907  
5816.288823  
5852.89202  
5838.135654  
5837.148068  
5835.546492  
5873.245672  
5810.247456  
5829.997112  
5840.391297  
5823.958266  
5819.246309  
5847.41228  
5853.215539  
5870.855049  
5868.969193  
5850.484764  
5831.777848  
5819.554542  
5798.005082  
5830.741933  
5838.544316  
5826.771804  
5843.631711  
5824.555614  
5792.942884  
5812.627163  
5823.607092  
5800.893429  
5818.876096  
5823.426178  
5851.299526  
5838.587657  
5818.591234  
5839.496329  
5841.444784  
5843.841254  
5836.74691  
5851.074883  
5835.516475  
5850.900993  
5809.861621  
5810.807131  
5809.186228  
5836.425274  
5873.947369  
5813.989206  
5834.739803  
5842.801803  
5850.598032  
5832.787272  
5837.815786  
5816.662015  
5858.73826  
5794.220938  
5782.64047  
5808.096889  
5819.689419  
5837.878154  
5809.79454  
5822.467791  
5847.478648  
5830.304111  
5763.478437  
5799.907712  
5827.589321  
5835.27422  
5841.624914  
5814.514446  
5820.65781  
5828.119326  
5829.63076  
5865.916251  
5865.696635  
5846.571156  
5853.869953  
5826.419531  
5872.611822  
5894.013229  
5897.89542  
5845.300955  
5797.166736  
5836.408797  
5792.065223  
5829.452152  
5800.269017  
5889.955831  
5840.643683  
5800.412255  
5807.91274  
5831.423941  
5843.235782  
5817.046212  
5826.364652  
5841.689047  
5827.685245  
5827.637145  
5814.019276  
5830.933015  
5803.907896  
5800.622171  
5843.604898  
5835.012213  
5830.840836  
5838.923933  
5805.368492  
5866.769638  
5849.274193  
5832.355151  
5838.055027  
5849.745977  
5837.160961  
5820.424629  
5794.519859  
5828.249519  
5837.179829  
5809.055946  
5815.475221  
5814.366595  
5847.09359  
5894.489109  
5857.105503  
5824.949144  
5829.697418  
5833.510348  
5853.842148  
5846.395768  
5828.610461  
5804.186317  
5847.841205  
5820.759533  
5829.927312  
5859.395388  
5807.03312  
5819.147581  
5815.578629  
5817.869844  
5823.99057  
5822.341796  
5816.320911  
5826.618166  
5858.866742  
5814.301562  
5872.94683  
5843.18766  
5845.11835  
5870.800838  
5848.424569  
5835.427578  
5858.418666  
5838.241964  
5846.449973  
5861.245877  
5862.424354  
5857.538469  
5839.446702  
5825.129481  
5838.101717  
5837.414874  
5861.94334  
5837.851904  
5829.729308  
5842.808964  
5797.681224  
5833.617109  
5836.610504  
5844.105443  
5814.724177  
5792.504448  
5824.302977  
5818.921856  
5826.241224  
5805.187302  
5845.573512  
5856.694767  
5831.204117  
5854.073819  
5862.589315  
5818.148423  
5865.547792  
5832.888729  
5857.627587  
5855.965409  
5837.162005  
5856.680942  
5863.607543  
5851.263179  
5833.978815  
5799.39695  
5790.226922  
5766.575953  
5776.454164  
5786.396348  
5790.757425  
5795.969201  
5789.774271  
5797.973817  
5813.543787  
5824.948186  
5812.902095  
5833.913693  
5861.351497  
5854.317426  
5854.336354  
5868.678869  
5860.606728  
5860.262027  
5828.675652  
5862.995531  
5859.336044  
5903.249699  
5854.403445  
5878.016318  
5849.009381  
5850.207101  
5839.731234  
5833.37498  
5840.735123  
5862.505041  
5841.649756  
5851.168706  
5834.736142  
5837.093435  
5811.440949  
5854.34716  
5858.485898  
5824.150613  
5812.462327  
5825.6718  
5811.141321  
5810.259492  
5852.458857  
5846.477488  
5825.945949  
5838.387056  
5813.148111  
5832.216642  
5809.9261  
5827.468168  
5812.354481  
5815.865702  
5834.89897  
5862.576018  
5823.052116  
5817.781537  
5824.865649  
5824.277023  
5836.483319  
5853.494049  
5855.774868  
5849.857296  
5808.788619  
5833.659468  
5846.286176  
5820.743954  
5806.640427  
5841.490745  
5840.534124  
5821.35539  
5812.746147  
5825.745761  
5832.787504  
5824.289863  
5817.872092  
5817.53863  
5813.076666  
5827.217923  
5854.251339  
5823.182363  
5832.806404  
5840.902842  
5841.353485  
5822.316141  
5854.7827  
5834.82191  
5816.013618  
5846.671418  
5846.711834  
5866.51479  
5847.763264  
5859.653486  
5845.338571  
5843.554477  
5849.956399  
5861.554443  
5827.51027  
5826.632556  
5805.448008  
5829.119871  
5797.81159  
5797.176106  
5821.078818  
5814.426444  
5838.362885  
5845.474729  
5827.531183  
5836.92286  
5794.343115  
5799.519853  
5814.40484  
5827.291629  
5853.320199  
5843.557944  
5874.182402  
5857.048703  
5859.413186  
5840.456149  
5852.232454  
5853.762715  
5847.207755  
5807.372798  
5795.794778  
5822.806388  
5805.003827  
5831.2459  
5849.861351  
5850.250649  
5821.512823  
5810.659514  
5805.356072  
5813.538312  
5801.745331  
5834.873705  
5840.86485  
5834.128414  
5810.946944  
5832.802089  
5861.550536  
5848.94781  
5855.803536  
5859.781837  
5840.857068  
5820.900415  
5822.447783  
5797.734388  
5829.085376  
5813.528331  
5837.627043  
5845.242462  
5843.771762  
5860.564877  
5868.16993  
5815.898158  
5834.032497  
5815.43445  
5837.457932  
5841.26602  
5813.785303  
5840.33668  
5857.246389  
5841.430256  
5845.265375  
5817.432423  
5785.000005  
5832.193588  
5813.824617  
5806.913902  
5796.414277  
5828.522572  
5843.363074  
5837.633286  
5805.104168  
5807.887451  
5849.557278  
5827.301417  
5903.584624  
5859.805144  
5848.229047  
5821.574573  
5788.568894  
5789.544161  
5773.428326  
5808.96109  
5790.790602  
5802.527228  
5862.442376  
5843.605902  
5805.687591  
5822.909374  
5826.867667  
5841.231884  
5844.183611  
5877.85052  
5863.489189  
5842.470916  
5831.804215  
5813.721984  
5822.636486  
5857.502142  
5847.680307  
5838.066633  
5852.275849  
5834.699763  
5847.300235  
5817.762686  
5826.347052  
5803.142191  
5835.599343  
5809.949013  
5865.620037  
5852.97548  
5847.532749  
5823.39742  
5817.174638  
5821.991713  
5855.04404  
5856.286914  
5823.871596  
5847.578159  
5861.718571  
5856.461104  
5840.376209  
5832.731042  
5860.691143  
5831.360341  
5833.767188  
5858.396394  
5821.087872  
5873.927158  
5860.856841  
5860.068638  
5855.109414  
5839.495535  
5811.284876  
5839.344528  
5845.893679  
5824.936395  
5829.46518  
5790.438554  
5811.658051  
5804.827357  
5791.211274  
5833.117868  
5847.495274  
5818.59331  
5830.436078  
5850.458736  
5823.851899  
5832.606677  
5828.824719  
5809.135454  
5835.838833  
5835.371856  
5831.254194  
5842.258979  
5845.875278  
5832.821231  
5805.50146  
5801.995194  
5811.436281  
5827.016758  
5795.040948  
5841.03496  
5827.342788  
5840.517078  
5816.770511  
5853.814091  
5850.220014  
5827.303454  
5846.714826  
5858.500988  
5881.834719  
5897.548473  
5852.301949  
5820.64897  
5864.660459  
5879.967963  
5870.612969  
5840.73661  
5843.914329  
5812.961463  
5836.647835  
5828.28656  
5830.683878  
5839.025544  
5834.156447  
5827.270848  
5830.542692  
5817.3828  
5822.900397  
5839.601918  
5825.233266  
5837.45751  
5827.393022  
5870.113428  
5843.804495  
5836.263729  
5837.316511  
5803.017041  
5830.006207  
5815.814269  
5832.517411  
5845.246664  
5848.282209  
5805.862584  
5841.882678  
5823.243147  
5839.449093  
5868.142632  
5870.71417  
5811.867167  
5823.25105  
5818.285466  
5858.414754  
5811.290885  
5804.022295  
5799.460403  
5834.799567  
5823.450323  
5838.771335  
5839.608714  
5833.700417  
5848.939423  
5821.172834  
5846.610018  
5844.380609  
5834.693626  
5831.432877  
5836.072235  
5849.103119  
5813.052191  
5828.611357  
5836.691332  
5861.958211  
5853.243254  
5811.742644  
5821.187943  
5813.909531  
5820.010592  
5829.105342  
5859.070468  
5859.383991  
5810.636574  
5819.494709  
5814.104139  
5845.299753  
5801.281533  
5835.750783  
5841.833322  
5856.925537  
5859.786113  
5848.071663  
5823.827148  
5828.886143  
5831.958223  
5866.862761  
5844.842643  
5831.765076  
5824.172794  
5835.991652  
5818.465212  
5833.247769  
5860.038757  
5845.470407  
5834.510938  
5827.692006  
5845.461173  
5843.384683  
5834.10948  
5832.415903  
5821.170992  
5845.754877  
5826.751406  
5848.349294  
5814.736931  
5829.528157  
5821.223819  
5829.637385  
5847.773536  
5839.504394  
5868.847345  
5839.726525  
5820.376979  
5823.325617  
5860.244729  
5856.241031  
5858.515481  
5825.541989  
5846.113316  
5807.744525  
5851.087144  
5793.62091  
5792.785067  
5816.203921  
5840.273437  
5813.205861  
5822.196331  
5838.176048  
5842.533974  
5832.223982  
5794.695625  
5797.651321  
5814.121659  
5840.051507  
5819.662643  
5844.040329  
5806.088899  
5803.253963  
5823.996566  
5831.99112  
5812.570366  
5829.80044  
5818.362397  
5853.311617  
5822.779143  
5842.921205  
5820.359661  
5816.946478  
5781.491145  
5807.446023  
5830.102868  
5841.885023  
5843.905758  
5828.060208  
5840.495375  
5832.982508  
5833.608436  
5841.267104  
5842.65105  
5824.150695  
5816.121661  
5832.76508  
5852.340758  
5859.021139  
5843.382631  
5854.148121  
5829.544599  
5859.125771  
5838.244916  
5853.008737  
5817.715317  
5839.792156  
5842.801616  
5809.002508  
5819.084526  
5852.57996  
5845.329013  
5836.417426  
5825.803119  
5816.180245  
5838.736048  
5851.196201  
5854.055732  
5816.623819  
5836.323532  
5860.970759  
5865.931328  
5846.245674  
5846.184502  
5835.219668  
5826.06701  
5825.15243  
5813.045719  
5817.982933  
5814.38116  
5845.008796  
5841.22565  
5869.037389  
5843.42242  
5841.625473  
5865.482932  
5835.527209  
5835.976021  
5809.938261  
5804.431731  
5817.229249  
5856.930867  
5833.493584  
5830.000271  
5816.499086  
5844.256969  
5818.020634  
5821.045171  
5812.254532  
5848.754798  
5820.352759  
5852.261136  
5833.208092  
5884.746588  
5869.753721  
5847.837693  
5825.385718  
5848.311837  
5825.552375  
5843.488919  
5844.324685  
5825.60148  
5808.592546  
5826.158331  
5854.233088  
5828.709133  
5842.832317  
5830.711082  
5866.723743  
5824.401943  
5822.451612  
5815.296791  
5847.235441  
5845.785718  
5860.463658  
5824.484451  
5840.810791  
5847.476522  
5825.185438  
5843.413028  
5811.302657  
5829.760312  
5813.689726  
5853.172786  
5800.570072  
5828.430964  
5835.183645  
5848.456283  
5853.281253  
5803.773865  
5830.967404  
5792.45585  
5832.75211  
5823.510079  
5828.749016  
5820.581698  
5814.676129  
5849.480132  
5863.316342  
5858.671098  
5808.316249  
5791.529631  
5781.822609  
5821.401292  
5819.857381  
5836.049158  
5832.314236  
5859.232008  
5825.927041  
5829.300706  
5819.044557  
5831.918319  
5830.597038  
5833.720362  
5842.081681  
5836.794781  
5816.929418  
5840.162792  
5851.308977  
5855.401467  
5852.153067  
5845.360527  
5835.377591  
5821.265411  
5846.823607  
5823.832921  
5832.186357  
5810.942728  
5855.732001  
5844.188562  
