10213.05162  
10198.31319  
10194.39111  
10152.84028  
10169.09187  
10164.1752  
10142.75467  
10128.63424  
10172.3973  
10174.2257  
10140.26085  
10155.22277  
10154.86224  
10108.06547  
10103.2878  
10131.47187  
10129.78635  
10130.36942  
10162.54151  
10128.56239  
10118.60897  
10140.57479  
10135.52929  
10189.2524  
10199.17085  
10166.2246  
10151.19378  
10129.37141  
10131.00305  
10185.15314  
10213.17369  
10209.69445  
10178.87069  
10190.62997  
10198.70818  
10184.14718  
10135.28863  
10129.36275  
10134.29772  
10123.96018  
10149.62464  
10157.84981  
10127.54621  
10158.68434  
10193.92571  
10211.3538  
10176.65834  
10152.7328  
10148.98699  
10155.34186  
10205.11987  
10254.45322  
10222.12816  
10173.36642  
10179.92119  
10201.72255  
10159.20207  
10157.84953  
10143.63438  
10142.42578  
10149.32489  
10117.0138  
10145.33486  
10152.84131  
10146.94564  
10183.25332  
10187.98647  
10199.81652  
10130.31549  
10141.07438  
10157.57935  
10118.16681  
10097.14887  
10173.93095  
10108.48688  
10084.1776  
10111.54542  
10135.89458  
10116.17901  
10158.45819  
10166.3037  
10147.5178  
10114.13352  
10106.63804  
10123.17906  
10163.64341  
10184.13116  
10219.41452  
10227.69278  
10202.86958  
10194.69636  
10217.05771  
10156.67611  
10188.04877  
10208.35422  
10176.24281  
10185.41665  
10178.21974  
10173.51694  
10198.68315  
10189.37515  
10143.34184  
10145.33361  
10152.03681  
10143.83199  
10171.60325  
10173.48933  
10179.89973  
10195.49629  
10143.84101  
10150.81775  
10178.35486  
10140.20385  
10086.66743  
10099.72743  
10058.6052  
10045.76862  
10071.3561  
10079.81935  
10101.55275  
10106.53874  
10088.66019  
10143.6866  
10145.89429  
10161.56113  
10189.0056  
10268.82186  
10230.30753  
10195.81477  
10177.80603  
10147.86558  
10142.63194  
10158.29834  
10166.69801  
10153.55387  
10164.88702  
10129.75629  
10159.45579  
10174.85281  
10158.46532  
10144.33487  
10126.13557  
10148.88797  
10163.17339  
10191.21983  
10170.48101  
10168.91345  
10140.14542  
10185.05407  
10168.6601  
10102.97771  
10118.61581  
10142.78205  
10150.22264  
10135.99005  
10146.87203  
10158.42028  
10174.4622  
10170.03983  
10195.42771  
10163.23412  
10162.66503  
10165.291  
10133.11713  
10155.60162  
10149.52397  
10140.12747  
10147.13977  
10170.64256  
10204.13788  
10181.78355  
10166.30014  
10211.36836  
10231.26964  
10228.84564  
10175.40354  
10171.66782  
10150.21799  
10137.56465  
10156.60817  
10177.8158  
10135.92793  
10134.11085  
10181.31142  
10178.27274  
10171.23181  
10174.93847  
10145.80269  
10128.80274  
10183.8241  
10160.47657  
10191.56991  
10213.44283  
10165.24958  
10173.00709  
10191.49268  
10150.65976  
10157.40397  
10184.51206  
10176.81651  
10161.57769  
10163.84303  
10132.1747  
10140.15365  
10197.07569  
10155.18328  
10125.55859  
10146.59576  
10161.5057  
10177.00453  
10177.89201  
10158.1674  
10138.60288  
10156.15921  
10155.72934  
10136.14882  
10121.83451  
10168.25357  
10190.93176  
10191.01291  
10188.32202  
10144.25572  
10111.26332  
10134.51168  
10143.47716  
10168.45176  
10150.30916  
10160.69804  
10188.08591  
10224.62306  
10248.71784  
10182.41263  
10133.90854  
10162.43774  
10175.07358  
10151.43775  
10112.80152  
10094.50405  
10109.97387  
10148.18526  
10159.54933  
10162.94531  
10123.02582  
10120.88084  
10149.29841  
10131.48017  
10078.12603  
10066.06406  
10126.01444  
10111.99263  
10120.42336  
10125.32596  
10112.2818  
10108.02181  
10146.06839  
10170.34304  
10172.79906  
10180.9784  
10184.19992  
10161.74611  
10143.99438  
10138.85853  
10104.57217  
10107.45901  
10137.25659  
10141.323  
10177.03258  
10162.82507  
10177.84475  
10178.96  
10147.01242  
10162.8489  
10179.10734  
10151.59751  
10147.80223  
10166.03392  
10182.07036  
10208.29986  
10224.24209  
10178.31986  
10155.46443  
10182.51077  
10202.03716  
10126.75034  
10081.98831  
10100.7295  
10112.84545  
10129.40135  
10168.23585  
10224.39545  
10221.60723  
10221.06913  
10227.87604  
10149.31313  
10105.18673  
10117.06328  
10112.28113  
10164.73602  
10181.86269  
10214.25073  
10187.46993  
10154.70224  
10139.31559  
10169.51  
10201.20259  
10200.98476  
10181.78039  
10207.22911  
10186.80442  
10189.84741  
10193.38353  
10153.82391  
10117.2229  
10115.00332  
10118.67549  
10105.14276  
10129.56884  
10142.00561  
10095.97283  
10105.01915  
10145.9109  
10171.21039  
10136.63917  
10109.94706  
10120.81695  
10128.11251  
10104.44509  
10130.33823  
10128.8377  
10166.36129  
10150.26959  
10145.23521  
10170.3412  
10190.96224  
10176.27535  
10137.55191  
10145.36821  
10143.74873  
10127.33264  
10140.21289  
10127.263  
10179.4392  
10132.33511  
10174.33963  
10215.26589  
10235.15922  
10249.9358  
10229.79382  
10207.40998  
10160.34192  
10158.95726  
10102.48083  
10305.83431  
10200.14322  
10175.72272  
10206.87347  
10095.73936  
9977.538923  
9933.226426  
10035.85523  
9917.563205  
10186.87505  
10230.25734  
10159.43885  
10132.51345  
10115.45568  
10140.00771  
10120.37434  
10061.0397  
10086.0565  
10164.6417  
10201.18522  
10171.90048  
10157.0318  
10195.16351  
10240.74636  
10210.12494  
10188.88537  
10182.82014  
10217.67893  
10232.21615  
10246.59666  
10252.52216  
10243.96928  
10224.07665  
10229.57  
10230.5038  
10222.53411  
10175.98006  
10177.40654  
10202.98781  
10215.974  
10178.2527  
10179.7149  
10217.90246  
10238.45931  
10237.17562  
10223.62811  
10178.76266  
10175.50964  
10200.76721  
10199.45641  
10196.16655  
10196.6089  
10167.51305  
10137.08352  
10189.72508  
10228.35598  
10152.4427  
10074.4092  
10049.62535  
10114.19155  
10116.23801  
10002.80521  
10212.68902  
10150.32546  
10102.82373  
10057.04274  
10067.08006  
10004.04693  
9961.916871  
9979.048602  
9984.665414  
10068.84115  
10132.28866  
10087.87029  
10116.26927  
10130.95963  
10135.06909  
10154.30125  
10200.45504  
10244.36061  
10218.11908  
10277.03854  
10235.42487  
10216.48215  
10200.98297  
10202.77676  
10197.07556  
10173.43199  
10158.30444  
10187.40588  
10180.91162  
10189.29699  
10162.2204  
10141.04891  
10161.69099  
10225.40316  
10220.13267  
10165.47607  
10148.96628  
10143.91085  
10201.99367  
10213.54125  
10179.66445  
10156.7215  
10173.68339  
10177.70418  
10143.8655  
10088.426  
10123.29265  
10165.58396  
10202.56989  
10240.71901  
10262.04508  
10256.94785  
10238.0445  
10264.33382  
10213.06063  
10170.7718  
10123.65447  
10143.69013  
10204.4979  
10236.92566  
10182.71403  
10190.80925  
10206.53191  
10163.57617  
10159.76144  
10134.46993  
10173.41243  
10173.68262  
10201.90552  
10141.95265  
10034.44977  
9731.300814  
10335.89396  
10208.10459  
10093.79147  
10023.06595  
9975.154704  
10047.91709  
10044.38893  
10063.41218  
10055.35161  
10040.14682  
10038.21008  
10091.5254  
10102.46231  
10094.74929  
10107.28908  
10168.79068  
10182.94227  
10143.48216  
10152.74532  
10215.71145  
10216.08708  
10218.7913  
10211.07556  
10227.10392  
10252.29277  
10247.13283  
10254.23434  
10260.49319  
10254.75704  
10227.16079  
10193.4553  
10190.96281  
9682.582353  
10165.26161  
10181.92651  
10174.09573  
10162.06908  
10131.80784  
10136.50691  
10128.35391  
10132.22908  
10156.72398  
10231.22111  
10228.75332  
10153.4653  
10137.25893  
10199.80151  
10158.67566  
10152.99517  
10205.27559  
10215.07958  
10200.84399  
10194.89958  
10188.48203  
10201.49256  
10113.95139  
10148.30045  
10143.03031  
10052.00405  
10097.83958  
10249.03335  
10165.63733  
10122.66127  
10036.96544  
9990.313378  
10026.75198  
10019.82084  
10039.79531  
10058.99472  
10119.84743  
10173.18243  
10207.60876  
10191.91544  
10172.43458  
10211.00952  
10234.2581  
10229.3251  
10234.59469  
10252.38055  
10304.12002  
10280.93539  
10231.6542  
10210.00622  
10242.66793  
10261.42202  
10227.44244  
10194.48592  
10233.1724  
10228.04736  
10219.79326  
10191.96963  
10129.10475  
10100.40464  
10124.19307  
10135.74007  
10115.00687  
10102.87084  
10146.16069  
10186.33018  
10188.23554  
10151.0654  
10149.81738  
10156.45846  
10149.53177  
10131.79455  
10114.60891  
10127.48881  
10170.8668  
10160.02611  
10168.09825  
10156.37219  
10227.54251  
10234.62014  
10167.2122  
10201.25664  
10182.76975  
10163.76335  
10176.13682  
10174.50584  
10169.996  
10174.96498  
10153.56164  
10112.01841  
10131.13003  
10150.96597  
10183.66722  
10212.40661  
10195.134  
10212.34197  
10247.9451  
10190.07092  
10157.7012  
10144.10388  
10112.32547  
10087.52184  
10062.19956  
10088.12186  
10126.01378  
10127.4512  
10143.23101  
10127.09474  
10144.42463  
10112.54611  
10194.44635  
10233.80514  
10219.99891  
10175.70109  
10120.29541  
10141.80718  
10107.11562  
10107.74001  
10128.30531  
10188.66962  
10220.11941  
10195.43068  
10133.43995  
10120.53536  
10139.40151  
10143.66332  
10089.06158  
10103.72446  
10049.22053  
10130.24905  
10150.79432  
10163.24673  
10174.71841  
10123.15534  
10152.14028  
10185.52798  
10224.84405  
10200.95635  
10154.60616  
10147.66096  
10115.28476  
10134.20147  
10164.58224  
10139.36384  
10089.53501  
10111.78073  
10137.71991  
10187.23191  
10201.46411  
10195.91866  
10195.91255  
10137.94507  
10193.62746  
10248.65414  
10263.80354  
10182.40693  
10144.38479  
10183.71982  
10197.44447  
10152.23875  
10068.82875  
10112.40243  
10148.27802  
10237.43758  
10283.95883  
10225.31742  
10142.8114  
10166.41843  
10161.8921  
10075.6033  
10243.20668  
10214.35422  
10171.77467  
10192.92296  
10036.67466  
10065.30453  
10143.45599  
10210.52167  
10229.73216  
10141.51452  
10114.06605  
10121.92424  
10144.77728  
10218.74899  
10268.57332  
10227.5212  
10179.48614  
10173.52638  
10157.75761  
10151.62927  
10088.68306  
10039.85884  
10055.29388  
10115.56487  
10193.69997  
10232.91243  
10372.99134  
10272.50087  
10219.77355  
10165.78646  
10142.59357  
10082.70476  
10077.47373  
10072.54903  
10119.3284  
10134.69315  
10017.97064  
10062.46459  
10162.85708  
10218.71742  
10240.08419  
10218.46715  
10250.72755  
10144.8698  
10147.28843  
10149.51683  
10152.03387  
10171.3045  
10133.28695  
10127.63231  
10157.80152  
10048.08457  
10155.34559  
10133.29487  
10134.86673  
10231.36207  
10266.75886  
10188.9412  
10111.13961  
10073.94939  
10061.90036  
10057.20241  
10058.71742  
10008.91726  
10017.11347  
10068.70127  
10102.36368  
10137.9308  
10142.59621  
10178.5028  
10227.96494  
10250.4402  
10132.92583  
10206.35051  
10281.98509  
10240.64512  
10190.92895  
10166.24305  
10176.75753  
10160.04917  
10153.78406  
9998.404951  
10213.41572  
10195.31725  
10162.47828  
9706.290138  
10068.37553  
10145.58451  
10086.1768  
10067.49284  
10080.18425  
10179.08896  
10258.53711  
10310.18551  
10003.27652  
10152.87282  
10190.6956  
10221.30626  
10166.64013  
10154.84111  
10178.36591  
10161.9283  
10142.1346  
10154.38182  
10178.15238  
10174.52704  
10180.38727  
10193.90905  
10224.52327  
10224.95406  
10140.54676  
10068.3661  
10110.93338  
10230.95206  
10160.19754  
10117.98341  
10094.27109  
10080.77147  
10121.57068  
10135.38226  
10160.1853  
10179.69375  
10169.71367  
10163.35846  
10191.07589  
10209.29618  
10177.28857  
10139.52339  
10151.24962  
10204.03739  
10120.63971  
10075.04226  
10092.49231  
10098.2232  
10103.82379  
10143.4554  
10146.70264  
10296.23485  
10285.15489  
10210.03281  
10161.27465  
10133.34664  
10171.15306  
10179.11559  
10172.33018  
10171.53229  
10123.31066  
10129.88072  
10158.11155  
10214.22748  
10247.52415  
10286.59302  
10277.89962  
10218.15789  
10209.88602  
10242.69739  
10254.74967  
10203.0912  
10184.59818  
10199.10525  
10138.64399  
10157.09398  
10194.55167  
10222.3108  
10254.79652  
10228.81906  
10144.65739  
10127.25735  
10107.14276  
10109.17966  
10115.01836  
10139.23816  
10163.56983  
10102.22467  
10042.40784  
10088.52059  
10134.47319  
10155.0068  
10154.00729  
10143.19263  
10129.22264  
10135.6318  
10154.89652  
10145.5231  
10150.80634  
10154.07251  
10187.79244  
10197.45527  
10191.72386  
10203.42494  
10178.39423  
10200.56628  
10229.48511  
10180.96487  
10165.08039  
10202.07045  
10194.32135  
10178.21939  
10167.47752  
10148.71454  
10141.73112  
10174.5041  
10171.93121  
10171.1187  
10148.4682  
10155.99848  
10128.43606  
10141.47773  
10127.27389  
10127.78362  
10124.27533  
10094.95878  
10130.87756  
10165.48952  
10218.06574  
10185.96625  
10129.43883  
10115.59856  
10132.67848  
10134.91424  
10160.48241  
10168.69514  
10139.69987  
10139.32979  
10171.21735  
10178.90912  
10166.3497  
10175.5881  
10190.26498  
10237.08253  
10201.72131  
10193.32938  
10205.15019  
10225.07456  
10200.1326  
10181.73141  
10179.21416  
10136.58724  
10122.26183  
10153.36032  
10191.39019  
10196.58642  
10208.35914  
10186.36861  
10169.87613  
10187.30454  
10189.88033  
10194.0116  
10153.77044  
10097.54201  
10056.22339  
10026.8214  
10172.26651  
10142.92898  
10113.00938  
10112.43036  
10080.60072  
10139.31398  
10134.57243  
10064.22083  
10108.76638  
10140.04139  
10133.68198  
10099.16864  
10086.44758  
10102.39015  
10078.34587  
10118.77401  
10186.29827  
10218.04594  
10186.62005  
10153.03574  
10145.02915  
10169.12127  
10157.63284  
10160.64736  
10155.91458  
10099.42726  
10123.97051  
10142.29778  
10081.86979  
10129.5048  
10160.50302  
10178.55532  
10138.37594  
10136.11814  
10174.56761  
10207.10053  
10204.30271  
10181.47997  
10164.99892  
10171.32184  
10178.2082  
10209.17454  
10236.67834  
10217.77963  
10239.06483  
10239.34066  
10298.53633  
10305.64417  
10263.94051  
10234.37271  
10237.68302  
10239.40997  
10232.77027  
10076.25854  
10196.60602  
10221.96838  
10194.3436  
10163.96761  
10079.21409  
9965.531428  
9959.212598  
10002.6519  
10016.98534  
10043.59679  
10103.81745  
10125.85245  
10119.76927  
10136.68457  
10123.2965  
10145.13132  
10167.65722  
10167.57596  
10160.76279  
10149.07743  
10125.49127  
10106.3814  
10134.79034  
10120.32562  
10102.97819  
10155.81053  
10182.41881  
10176.47323  
10220.78808  
10285.74351  
10278.32101  
10253.00581  
10200.42202  
10173.72078  
10170.90178  
10164.93633  
10217.29955  
10143.71803  
10142.33429  
10147.7602  
10115.8412  
10102.47617  
10068.77095  
10125.78406  
10153.74133  
10124.37083  
10095.55324  
10136.82902  
10186.0438  
10217.21274  
10168.07947  
10140.1275  
10117.74272  
10124.2428  
10168.64752  
10208.71666  
10195.21625  
10174.3838  
10158.08104  
9936.568343  
10280.88888  
10279.81918  
10254.45391  
10241.60067  
10228.46078  
10205.87769  
10146.82959  
10106.7566  
10134.5989  
10127.71489  
10192.32635  
10168.71193  
10146.70493  
10149.95192  
10177.62793  
10218.01148  
10209.15119  
10167.9078  
10166.13151  
10166.87745  
10216.25791  
10296.86898  
10254.77794  
10211.81481  
10214.43548  
10169.23  
10136.91103  
10104.57589  
10089.3408  
10097.0613  
10167.13159  
10203.3841  
10146.41522  
10115.94317  
10111.13039  
10225.9082  
10195.00265  
9839.14224  
10064.58604  
10110.36881  
10116.88441  
10143.46584  
10169.61345  
10155.3896  
10152.22723  
10149.86565  
10151.45547  
10155.10574  
10166.15537  
10136.90157  
10133.51387  
10118.12209  
10115.7625  
10181.85623  
10245.25059  
10272.06717  
10232.51038  
10221.04036  
10231.34327  
10241.98717  
10212.11377  
10161.59909  
10174.38101  
10158.84513  
10135.08489  
10101.79818  
10087.25283  
10096.6609  
10131.84958  
10188.76773  
10180.17639  
10155.12568  
10144.02285  
10151.05209  
10162.1222  
10148.04399  
10112.49363  
10126.07098  
10165.81341  
10162.07942  
10134.08781  
10125.7114  
10131.91591  
10142.30732  
10136.74265  
10031.00424  
10025.28257  
10224.7592  
10159.16062  
10105.14564  
10111.92038  
10176.43744  
10226.12844  
10208.17073  
10192.50253  
10134.20402  
10167.51278  
10238.64809  
10240.48406  
10213.95014  
10204.80491  
10179.78746  
10162.72649  
10163.24887  
10204.27802  
10180.8497  
10164.30571  
10218.79444  
10207.34429  
10167.72116  
10117.85621  
10127.1728  
10117.53771  
10151.85032  
10167.68486  
10144.20931  
10164.72675  
10220.46999  
10255.81669  
10199.44092  
10155.57179  
10118.53017  
10145.59973  
10157.32479  
10131.60285  
10120.95478  
10116.46452  
10129.64268  
10135.98917  
10154.81035  
10267.18059  
10235.29874  
10151.31499  
10138.30431  
10136.30095  
10073.64742  
10020.08335  
10024.45873  
10004.50256  
10044.12471  
10053.07228  
10035.9122  
10065.32253  
10112.87594  
10133.94722  
10140.8878  
10121.55492  
10100.13435  
10126.46448  
10172.20336  
10186.78607  
10209.17554  
10175.76447  
10224.83052  
10243.80853  
10251.44176  
10246.1613  
10222.07332  
10200.58679  
10222.56565  
10155.25005  
10146.10019  
10158.26871  
10185.90582  
10195.8195  
10171.16898  
10199.3611  
10181.82545  
10171.79151  
10083.14889  
10110.05064  
10145.25074  
10156.8309  
10138.44521  
10154.316  
10176.30381  
10202.23139  
10185.57046  
10143.53495  
10114.02799  
10119.15579  
10086.34233  
10128.8204  
10181.37751  
10140.44952  
10085.76886  
10134.66674  
10160.08081  
10181.57968  
10180.47982  
10205.75432  
10205.58605  
10249.56049  
10192.03165  
10122.43013  
10138.76645  
10135.76288  
10109.31365  
10012.38613  
10115.20559  
10137.72985  
10175.85011  
10183.62663  
10185.97259  
10199.95347  
10172.09425  
10155.06372  
10123.12899  
10133.63022  
10090.19309  
10105.51072  
10164.06027  
10207.72229  
10265.45724  
10328.04961  
10339.95827  
10298.6293  
10261.20487  
10221.21369  
10197.7741  
10209.20858  
10213.60638  
10183.53968  
10170.24528  
10130.45282  
10077.90153  
10108.29877  
10133.57712  
10205.4226  
10228.64261  
10212.6873  
10200.92282  
10170.27923  
10126.40956  
10085.53893  
10067.26037  
10082.00385  
10115.93517  
10130.22854  
10161.34643  
10196.02822  
10193.28132  
10188.44544  
10174.55217  
10163.49072  
10188.15688  
10133.31966  
10168.29324  
10177.01712  
10189.47422  
10162.6249  
10134.14101  
10138.70293  
10186.50525  
10090.15124  
10065.21361  
10084.13957  
10107.55269  
10114.77983  
10072.97177  
10149.77941  
10190.80566  
10233.21777  
10227.74384  
10160.51651  
10130.48508  
10100.69476  
10180.71554  
10151.87719  
10154.34462  
10168.30046  
10127.75209  
10065.36122  
10056.47721  
10009.9677  
10016.53122  
10086.91762  
10127.55108  
10120.13899  
10109.50926  
10167.54095  
10134.5459  
10172.52367  
10167.98818  
10149.03197  
10120.78509  
10168.39128  
10178.85034  
10215.90277  
10242.75257  
10262.42796  
10268.91647  
10241.76529  
10178.59063  
10149.27637  
10119.76996  
9941.168954  
10111.30273  
10186.65571  
10220.1097  
10209.43898  
10117.89671  
10105.27509  
10123.14703  
10145.57435  
10178.69072  
10121.84719  
10149.8755  
10147.54851  
10169.0872  
10188.07143  
10218.87187  
10220.67618  
10242.53418  
10184.7838  
10150.2906  
10131.83803  
10111.41284  
10159.69891  
10119.54332  
10143.49838  
10215.64355  
10258.89013  
10244.28603  
10216.02148  
10111.64287  
10091.69894  
10146.45837  
10181.95303  
10232.04267  
10281.69536  
10263.66189  
10206.8538  
10112.68029  
10105.17894  
10122.9165  
10158.55259  
10224.93781  
10328.25509  
10312.46136  
10218.74768  
10172.01556  
10150.15848  
10157.71412  
10137.14705  
10139.49029  
10153.07136  
10166.1455  
10155.73913  
10138.52328  
10145.69303  
10144.15884  
10119.64562  
10103.72911  
10174.85074  
10198.43493  
10078.85685  
10145.44414  
10146.3839  
10234.8467  
10238.47284  
10218.33611  
10151.30066  
10131.15165  
10144.98157  
10164.91841  
10136.66954  
10069.72999  
10129.05648  
10099.25479  
10086.8056  
10119.89477  
10142.33087  
10088.84048  
10017.36834  
9968.236922  
10008.18722  
10043.81758  
10075.03099  
10125.01371  
10135.93755  
10180.91651  
10236.19855  
10266.06258  
10260.7515  
10195.72817  
10135.86367  
10136.12568  
10079.61619  
10119.64061  
10165.91421  
10193.56613  
10216.76764  
10199.58788  
10169.69057  
10155.47567  
10132.89055  
10141.89679  
10153.8957  
10145.0932  
10119.87237  
10141.72649  
10198.07333  
10189.18869  
10175.04345  
10113.50824  
10106.83811  
10082.9567  
10126.88167  
10181.284  
10238.60062  
10259.14492  
10232.89408  
10227.84345  
10183.54656  
10147.381  
10108.86834  
10085.13427  
10118.34076  
10186.72943  
10172.80176  
10163.76207  
10183.23409  
10202.82038  
10248.41596  
10206.74992  
10187.7934  
10119.95527  
10174.13801  
10182.17581  
10183.71006  
10169.20419  
10157.53864  
10210.95441  
10214.34077  
10162.65436  
10123.08966  
10115.25987  
10123.8565  
10165.76802  
10164.64924  
10138.61723  
10151.86878  
10154.04216  
10157.07434  
10173.55187  
10089.64163  
10082.00951  
10098.89539  
10151.39447  
10171.58193  
10110.96334  
10104.86018  
10119.58268  
10150.16775  
10191.95787  
10173.8067  
10206.12023  
10154.65127  
10136.65501  
10160.86435  
10189.5597  
10180.10315  
10186.40944  
10136.94871  
10128.6037  
10160.46347  
10237.04674  
10217.62582  
10157.89826  
10171.56051  
10177.47336  
10172.18016  
10168.81163  
10161.93961  
10187.11237  
10104.19903  
10151.63665  
10198.41657  
10124.00595  
10018.53542  
10049.15386  
10101.29945  
10123.86007  
10144.68345  
10129.69366  
10125.47007  
10158.55895  
10177.44694  
10180.68086  
10210.43532  
10230.98503  
10231.31154  
10220.42709  
10219.24694  
10155.50509  
10118.56513  
10119.82005  
10133.64169  
10166.92632  
10156.42251  
10139.95369  
10177.32136  
10201.10644  
10227.57643  
10231.12058  
10192.15125  
10223.01224  
10277.83897  
10253.27232  
10204.70955  
10159.23889  
10215.48965  
10191.82613  
10197.27439  
10177.52653  
10153.84935  
10179.97017  
10186.30664  
10152.7638  
10145.29369  
10115.46178  
10119.39895  
10109.23992  
10138.97509  
10188.15217  
10176.01064  
10145.22414  
10122.19307  
10109.70601  
10170.00874  
10188.42868  
10159.0906  
10149.69869  
10117.34349  
10097.07789  
10121.78836  
10043.9885  
10225.34659  
10205.06793  
10193.5593  
10207.38544  
10214.31988  
10225.92938  
10208.82584  
10211.88842  
10158.95615  
10162.06864  
10166.0351  
10224.35505  
10195.8866  
10126.18044  
10086.70361  
10112.61142  
10203.58685  
10247.58944  
10246.07305  
10192.85398  
10147.37697  
10151.80725  
10120.43197  
10171.64385  
10143.12698  
10018.71577  
10173.91062  
10130.55423  
10110.59639  
10056.18457  
10020.46268  
10025.79683  
10014.27068  
10005.70863  
10048.73949  
10044.23417  
10079.18124  
10091.78909  
10102.76364  
10110.03589  
10122.56604  
10050.17745  
10196.45722  
10218.74733  
10228.63331  
10207.76574  
10222.17454  
10253.11044  
10181.185  
10157.23551  
10119.54928  
10242.2183  
10190.14436  
10236.91489  
10216.30284  
10167.74333  
10188.53293  
10173.08736  
10188.34526  
10183.71667  
10160.26422  
10173.3661  
10151.85856  
10199.83444  
10194.0353  
10182.85128  
10124.04559  
10136.26368  
10171.61509  
10143.68661  
10146.77333  
10153.85193  
10182.98118  
10132.3999  
10155.04488  
10163.96744  
10110.4365  
10188.66691  
10161.54093  
10137.29886  
10110.73524  
10115.0452  
10125.77298  
10132.78406  
10135.90033  
10154.82673  
10179.64137  
10192.17904  
10177.939  
10162.48048  
