8667.59668  
8631.207015  
8588.644873  
8576.720011  
8574.277995  
8619.269987  
8635.928979  
8614.840845  
8586.968481  
8674.680355  
8677.229655  
8622.536198  
8583.242643  
8622.326221  
8607.850513  
8645.02006  
8601.061475  
8618.693986  
8557.315861  
8647.320955  
8653.572567  
8630.508179  
8622.200163  
8655.328719  
8600.601896  
8626.821704  
8555.167993  
8666.372632  
8653.413989  
8641.057446  
8627.020215  
8661.008065  
8628.532812  
8647.737174  
8574.393758  
8666.005103  
8624.820662  
8580.200391  
8623.630265  
8609.660669  
8661.604346  
8610.384806  
8619.913932  
8643.021826  
8617.46744  
8603.820492  
8621.089404  
8577.011491  
8597.436678  
8641.179785  
8646.069368  
8649.723828  
8714.864233  
8643.953939  
8588.493742  
8568.846419  
8625.236987  
8624.631079  
8688.156144  
8691.405713  
8640.393726  
8624.970036  
8559.10992  
8652.422933  
8611.464535  
8676.112728  
8566.119165  
8622.302425  
8639.422404  
8576.562874  
8592.238607  
8583.258455  
8573.527002  
8567.921761  
8613.19384  
8559.680737  
8553.703776  
8655.105396  
8656.514673  
8609.795028  
8630.678101  
8610.969084  
8579.00673  
8646.827124  
8623.068424  
8644.376302  
8675.968384  
8624.768677  
8644.666626  
8625.675895  
8649.195492  
8649.113721  
8631.577523  
8651.464787  
8653.924723  
8603.498535  
8609.254785  
8674.367074  
8622.833643  
8596.150065  
8667.714958  
8631.137598  
8564.70328  
8699.407886  
8626.2611  
8631.635628  
8619.985555  
8570.057739  
8673.958032  
8604.427132  
8433.980176  
8605.828296  
8589.252417  
8582.288509  
8628.1705  
8597.007056  
8590.248503  
8651.674495  
8630.64856  
8711.618213  
8718.541325  
8667.312362  
8660.002848  
8584.385522  
8623.774015  
8644.440991  
8661.654028  
8669.479761  
8665.05367  
8605.051066  
8617.061458  
8649.377417  
8624.68846  
8675.595882  
8621.09873  
8663.883586  
8627.711328  
8622.393156  
8617.380518  
8617.269995  
8629.014836  
8604.161523  
8569.194954  
8575.487842  
8585.758651  
8548.572811  
8639.845898  
8603.578866  
8590.397746  
8696.968538  
8559.550651  
8661.763534  
8607.714404  
8555.346509  
8614.820646  
8659.854574  
8625.580257  
8690.382959  
8634.197795  
8589.154671  
8620.860767  
8627.327848  
8594.271574  
8626.64991  
8599.214803  
8602.288298  
8635.281388  
8562.729077  
8591.700301  
8601.770947  
8624.204663  
8651.223039  
8606.464591  
8579.197607  
8681.257756  
8628.532316  
8672.742928  
8610.823201  
8596.939274  
8632.210897  
8616.241016  
8597.991528  
8627.280151  
8599.358097  
8619.48597  
8629.845939  
8590.978271  
8635.250814  
8631.134896  
8608.174862  
8679.521818  
8644.979508  
8672.658927  
8708.677319  
8611.601912  
8629.836239  
8627.179281  
8661.921338  
8591.539779  
8618.187231  
8644.142074  
8690.305444  
8622.649544  
8654.754956  
8578.430111  
8552.996973  
8644.121444  
8580.880859  
8611.258374  
8594.106283  
8613.538102  
8622.121712  
8636.933211  
8616.908252  
8608.012891  
8577.382869  
8636.659049  
8610.370907  
8629.26193  
8597.194165  
8618.562345  
8593.727409  
8573.721216  
8665.328304  
8647.043831  
8649.683716  
8614.801717  
8666.928914  
8625.833455  
8613.67452  
8647.907511  
8599.852824  
8693.365568  
8627.026489  
8632.52452  
8672.065755  
8626.51259  
8623.655713  
8600.856396  
8593.537435  
8688.027173  
8667.088257  
8578.970158  
8620.0139  
8637.995418  
8625.453418  
8640.735701  
8529.112695  
8562.723177  
8640.900879  
8606.945752  
8581.109993  
8653.669572  
8554.405599  
8583.854997  
8609.595353  
8597.283317  
8650.149056  
8534.6212  
8583.000806  
8552.393612  
8589.417106  
8639.142033  
8542.423128  
8662.626082  
8649.156559  
8592.797502  
8597.626237  
8648.486979  
8603.606624  
8636.877734  
8624.330672  
8637.621981  
8629.89908  
8687.574268  
8629.240527  
8647.69384  
8712.714787  
8648.767  
8679.137451  
8646.219564  
8631.886304  
8579.374471  
8661.23575  
8559.099821  
8608.139559  
8585.091699  
8526.950757  
8603.381584  
8636.699365  
8629.003345  
8647.399845  
8597.272664  
8648.950326  
8616.341146  
8639.171948  
8586.599699  
8613.667399  
8633.043034  
8672.803971  
8599.316081  
8632.925228  
8608.348641  
8694.104582  
8655.266276  
8693.153052  
8641.679435  
8649.928052  
8587.416276  
8687.320435  
8628.149072  
8625.138574  
8579.566243  
8513.268449  
8607.747209  
8600.703263  
8586.759741  
8620.470687  
8639.792008  
8630.655566  
8623.574365  
8685.765462  
8620.638875  
8633.197347  
8561.683341  
8572.696086  
8601.162524  
8546.775431  
8679.314502  
8674.774772  
8657.062386  
8638.156315  
8614.177181  
8634.038094  
8597.556006  
8635.112752  
8633.327759  
8620.838086  
8633.762996  
8543.64847  
8620.931128  
8696.844035  
8626.556136  
8656.217342  
8582.271151  
8632.065145  
8647.25144  
8676.724967  
8665.232031  
8560.233553  
8614.011296  
8694.353491  
8517.661336  
8618.458911  
8609.401733  
8535.039233  
8617.553255  
8476.50555  
8572.842603  
8540.794474  
8589.827832  
8671.36923  
8655.997656  
8632.592839  
8653.491203  
8645.849642  
8592.494881  
8582.153963  
8534.829867  
8594.682397  
8600.873511  
8633.005501  
8616.193376  
8545.775635  
8658.855452  
8620.656502  
8619.34974  
8631.678434  
8572.175765  
8636.030518  
8673.706746  
8647.327832  
8689.697616  
8683.909139  
8636.559033  
8624.116146  
8660.050448  
8612.729639  
8601.331934  
8592.64244  
8659.820825  
8625.396899  
8628.874943  
8581.003613  
8653.628223  
8592.383984  
8678.102856  
8622.618302  
8633.329655  
8643.927946  
8652.599683  
8645.542505  
8681.73986  
8606.166593  
8631.822184  
8582.325814  
8605.985164  
8644.619214  
8582.772111  
8685.350203  
8596.148893  
8601.928158  
8578.155672  
8422.370532  
8751.120898  
8695.804541  
8648.57041  
8624.89283  
8624.705648  
8632.498568  
8624.862012  
8603.133903  
8515.181779  
8642.906421  
8602.757699  
8618.396313  
8646.018197  
8582.285758  
8627.956689  
8614.378027  
8632.267879  
8673.49974  
8572.574495  
8656.149015  
8677.841854  
8642.385832  
8654.848625  
8614.095068  
8639.045426  
8687.01945  
8621.874504  
8641.321899  
8656.384196  
8644.452344  
8667.952816  
8663.423698  
8694.740706  
8641.264844  
8615.182861  
8695.066471  
8643.866968  
8604.999219  
8613.427612  
8616.950659  
8605.452051  
8619.396574  
8611.276644  
8606.101636  
8614.500594  
8567.679386  
8581.434481  
8526.572209  
8617.809416  
8651.781331  
8595.747217  
8632.904264  
8564.782804  
8610.154875  
8587.842415  
8639.489201  
8600.414119  
8565.138005  
8650.742896  
8615.003548  
8624.85918  
8672.691715  
8593.811833  
8667.859163  
8593.787118  
8645.819287  
8522.377799  
8688.738574  
8629.151937  
8593.304329  
8686.222681  
8698.476823  
8680.990365  
8589.344661  
8632.922355  
8645.290112  
8504.530151  
8623.52203  
8551.042432  
8527.773991  
8603.588721  
8514.322965  
8575.060612  
8660.78833  
8601.952987  
8625.185376  
8611.4073  
8556.216805  
8598.246208  
8569.682601  
8562.095109  
8612.539111  
8655.917505  
8649.805363  
8696.408032  
8640.292277  
8656.862467  
8693.148356  
8690.507031  
8668.090983  
8684.493481  
8674.722347  
8618.588973  
8663.480973  
8277.893929  
8699.915438  
8667.590568  
8582.158586  
8622.242147  
8577.292814  
8600.765601  
8610.061857  
8598.136816  
8558.52701  
8619.017627  
8614.704419  
8635.796908  
8670.198983  
8687.506592  
8590.888224  
8637.371338  
8597.1802  
8623.006413  
8594.825415  
8636.131991  
8536.026701  
8552.386287  
8582.239754  
8605.131462  
8539.18514  
8727.623324  
8571.813452  
8761.454085  
8618.937386  
8593.639364  
8590.548551  
8590.894425  
8681.566398  
8604.837126  
8680.505509  
8652.65481  
8649.30992  
8589.96665  
8580.260124  
8642.939176  
8593.60332  
8635.779476  
8680.253971  
8696.59598  
8723.553646  
8638.679492  
8682.524023  
8670.663493  
8681.633024  
8601.65485  
8678.070109  
8572.247217  
8728.285457  
8707.75223  
8688.721273  
8668.002653  
8637.7566  
8674.777433  
8616.664006  
8558.640446  
8526.743424  
8632.322502  
8595.045996  
8558.055851  
8578.410758  
8558.726994  
8650.72325  
8598.607845  
8593.986458  
8665.725415  
8610.175496  
8612.753092  
8656.676961  
8643.517513  
8626.447518  
8628.03396  
8689.386938  
8638.417651  
8683.969653  
8661.13632  
8678.745304  
8654.017594  
8651.791471  
8645.446851  
8631.17089  
8646.16512  
8598.616349  
8637.105151  
8601.298665  
8592.815365  
8593.308618  
8644.524268  
8663.991968  
8659.424146  
8657.459904  
8697.134806  
8671.275407  
8705.565186  
8611.890544  
8727.632292  
8676.12548  
8527.583724  
8600.025  
8544.439355  
8539.651733  
8594.152336  
8615.36604  
8676.764608  
8677.058659  
8574.959367  
8572.808862  
8612.688175  
8638.712378  
8638.628231  
8544.67863  
8578.316138  
8588.590747  
8606.93641  
8570.48741  
8551.251945  
8673.743823  
8641.798844  
8589.5639  
8609.37443  
8592.761613  
8570.972363  
8669.806779  
8566.331868  
8411.768172  
8636.144938  
8628.029736  
8668.887834  
8585.955404  
8633.019084  
8660.668669  
8633.917887  
8589.410449  
8682.06228  
8637.092326  
8602.176131  
8620.50931  
8621.039884  
8669.581136  
8680.17404  
8634.660343  
8639.283708  
8671.537183  
8623.497827  
8615.233968  
8603.566545  
8580.80341  
8591.653825  
8652.227441  
8660.476611  
8644.02609  
8636.577629  
8579.656144  
8718.328695  
8700.955469  
8643.735124  
8540.161825  
8530.964535  
8581.157023  
8580.286344  
8667.532397  
8640.664168  
8556.555444  
8613.234033  
8587.829126  
8568.578939  
8670.621159  
8714.224813  
8701.698787  
8690.469116  
8653.050073  
8544.690161  
8681.155233  
8597.31617  
8626.402751  
8568.20175  
8680.287948  
8537.216618  
8496.368327  
8671.472461  
8694.569051  
8640.546672  
8687.120646  
8637.410604  
8636.992228  
8624.997152  
8646.888713  
8575.151978  
8510.543018  
8520.777531  
8672.752922  
8330.280135  
8837.466016  
8719.021395  
8683.629883  
8597.086678  
8573.324032  
8627.826457  
8594.617692  
8621.901652  
8569.444792  
8625.878768  
8517.147257  
8546.213745  
8524.303784  
8585.313257  
8692.554801  
8637.353312  
8653.688468  
8711.020036  
8658.582552  
8673.378337  
8653.571851  
8608.831079  
8516.279688  
8590.331812  
8576.470337  
8520.959782  
8654.183024  
8550.093034  
8569.299976  
8659.384375  
8739.323494  
8660.022445  
8609.743498  
8630.903849  
8697.579167  
8683.353979  
8616.278507  
8636.256299  
8536.280607  
8522.591732  
8589.575643  
8583.2066  
8559.360661  
8565.784416  
8502.782259  
8619.712061  
8518.529313  
8674.806258  
8707.016886  
8627.090845  
8665.309977  
8629.718075  
8650.708398  
8607.603394  
8727.912419  
8822.275122  
8917.394206  
8670.342448  
8677.952555  
8093.554419  
8417.645719  
8684.115617  
8681.606006  
8564.858016  
8450.523307  
8596.845744  
8582.400244  
8646.67557  
8612.857308  
8537.024658  
8544.171623  
8588.88575  
8625.647176  
8715.544157  
8593.223698  
8672.908431  
8571.832389  
8715.557992  
8642.205151  
8629.504443  
8567.370768  
8569.943831  
8639.821924  
8655.70306  
8621.940348  
8561.414079  
8347.929264  
8681.419792  
8659.470809  
8706.910083  
8635.154728  
8588.635645  
8593.136898  
8676.42959  
8698.997241  
8632.286401  
8635.517204  
8636.874072  
8619.393392  
8670.517204  
8653.61569  
8664.44528  
8663.034147  
8672.830762  
8626.885604  
8600.292928  
8578.295719  
8678.55035  
8664.581779  
8655.583561  
8546.217464  
8614.78571  
8669.414746  
8694.89244  
8684.187769  
8657.045776  
8527.689331  
8688.424064  
8704.961621  
8710.476969  
8628.426099  
8626.799552  
8518.524382  
8568.892928  
8640.768612  
8681.711068  
8699.563354  
8629.939307  
8675.459774  
8641.86512  
8644.887915  
8625.237541  
8637.606022  
8666.578727  
8663.901766  
8655.621956  
8623.697778  
8704.264445  
8692.642456  
8632.429867  
8613.661816  
8632.233675  
8595.160661  
8567.877417  
8491.885181  
8598.626302  
8564.094076  
8618.440186  
8577.147786  
8592.659823  
8683.439233  
8622.458203  
8584.294263  
8559.657454  
8643.369767  
8644.428768  
8569.942993  
8616.480184  
8647.022909  
8582.245483  
8589.532373  
8627.853451  
8674.442139  
8605.534172  
8677.394816  
8618.732739  
8661.697078  
8598.52404  
8648.753149  
8572.707747  
8652.972135  
8644.34987  
8666.832275  
8659.826408  
8596.167326  
8588.245109  
8597.542122  
8690.164632  
8680.419263  
8588.983862  
8667.116838  
8594.604338  
8602.128052  
8613.552327  
8548.668311  
8616.816634  
8561.419499  
8555.799854  
8640.565267  
8660.179712  
8618.130762  
8528.095744  
8578.693441  
8575.60695  
8592.727661  
8640.531698  
8641.341406  
8561.066895  
8657.781689  
8654.985392  
8600.547013  
8675.621899  
8688.265405  
8629.522795  
8725.694279  
8656.600977  
8659.631437  
8667.437378  
8605.937297  
8661.231144  
8641.048657  
8652.432023  
8588.266642  
8570.161165  
8580.0212  
8553.638973  
8647.617904  
8705.452336  
8684.820239  
8610.176937  
8590.428825  
8645.451701  
8658.600749  
8657.441146  
8564.585775  
8553.964054  
8632.137638  
8623.632731  
8641.53457  
8552.766886  
8547.414315  
8626.408065  
8565.843164  
8633.978109  
8577.216756  
8595.850179  
8626.134912  
8565.514347  
8562.418416  
8676.615462  
8524.945907  
8636.825301  
8696.589836  
8630.142155  
8738.82478  
8631.752165  
8666.723201  
8637.231649  
8648.223145  
8646.975789  
8635.841227  
8613.450317  
8571.863867  
8623.226457  
8559.441007  
8511.674325  
8559.039038  
8574.584017  
8649.809644  
8598.663566  
8639.924227  
8679.303556  
8660.820483  
8575.808244  
8635.63221  
8598.754093  
8550.078296  
8656.091252  
8644.237004  
8666.93693  
8666.951904  
8659.028418  
8698.081405  
8671.773665  
8670.882381  
8658.040072  
8716.504858  
8697.816911  
8633.138908  
8590.692399  
8550.521167  
8669.863875  
8708.607601  
8638.476318  
8605.230493  
8634.333944  
8580.909359  
8543.884106  
8624.478841  
8614.303019  
8596.356217  
8555.779272  
8601.032438  
8569.39104  
8552.140576  
8640.924243  
8607.048779  
8638.07312  
8611.960555  
8538.848649  
8593.155664  
8585.848283  
8592.176799  
8534.015479  
8581.93479  
8609.303906  
8522.051799  
8559.984229  
8587.023836  
8640.372957  
8703.311328  
8679.147965  
8701.869873  
8711.357642  
8621.120443  
8636.070858  
8659.587769  
8619.554907  
8738.354183  
8672.786003  
8686.162223  
8707.361385  
8617.992944  
8601.458309  
8653.581551  
8678.718107  
8621.089461  
8590.871924  
8661.62207  
8673.399626  
8695.520955  
8633.652425  
8637.352637  
8623.788802  
8646.998551  
8649.420882  
8683.129403  
8689.409635  
8702.626139  
7921.637785  
8430.246509  
8729.137695  
8675.297607  
8647.51591  
8630.208244  
8613.912891  
8601.685661  
8581.353239  
8667.217033  
8690.543416  
8689.346354  
8672.345125  
8629.372013  
8676.635937  
8679.092049  
8588.630371  
8677.596574  
8655.675871  
8593.998584  
8587.35188  
8585.164217  
8642.588208  
8654.764722  
8656.575505  
8616.521899  
8636.007926  
8610.839616  
8621.096012  
8630.118555  
8652.382487  
8605.378988  
8686.482642  
8663.441121  
8652.564502  
8558.282007  
8647.157259  
8713.449162  
8102.195817  
8781.907625  
8603.637964  
8667.167277  
8629.711564  
8611.603752  
8569.206991  
8626.665348  
8581.013957  
8601.690267  
8579.002254  
8580.511792  
8614.095947  
8595.687036  
8555.853027  
8591.757251  
8635.123315  
8687.906787  
8677.374837  
8600.489722  
8672.428035  
8650.711263  
8638.943197  
8627.227148  
8602.264893  
8686.748893  
8671.622941  
8638.981437  
8612.647331  
8585.585368  
8587.495361  
8599.626595  
8632.493408  
8597.501636  
8650.393107  
8643.708594  
8651.332951  
8631.984814  
8585.965234  
8602.832023  
8628.546965  
8580.582576  
8629.763525  
8636.911393  
8672.155599  
8650.300195  
8613.269938  
8605.106307  
8632.740389  
8592.869393  
8592.702116  
8643.325911  
8600.11377  
8564.583529  
8541.684212  
8613.313615  
8603.559587  
8634.504924  
8676.040454  
8658.246639  
8688.901676  
8639.274878  
8663.766569  
8635.231649  
8621.968335  
8610.650618  
8675.892944  
8691.218758  
8637.624552  
8631.813509  
8647.74021  
8625.288924  
8595.224349  
8579.322046  
8593.869474  
8568.35922  
8626.352563  
8656.506258  
8584.880794  
8569.359294  
8646.355501  
8683.838086  
8623.978792  
8674.110229  
8669.658  
8614.798136  
8610.948022  
8628.225041  
8623.173226  
8633.896696  
8576.306519  
8682.305314  
8638.756348  
8615.105314  
8593.778451  
8624.556437  
8639.764974  
8601.750968  
8566.221395  
8544.790454  
8608.265177  
8557.64266  
8573.87063  
8615.590975  
8584.606535  
8453.879997  
8641.527694  
8575.740275  
8633.939209  
8597.853003  
8562.122217  
8538.417155  
8590.664282  
8553.90988  
8588.55262  
8615.86403  
8656.700285  
8597.178402  
8702.250293  
8650.40883  
8611.247241  
8597.940918  
8620.445638  
8656.673608  
8522.031331  
8622.637858  
8680.443376  
8643.317765  
8637.764445  
8717.666829  
8694.347005  
8669.412581  
8617.985547  
8591.427694  
8513.362524  
8661.836833  
8651.573356  
8592.144132  
8639.855151  
8662.710921  
8556.45638  
8667.357446  
8601.728507  
8674.590202  
8581.168481  
8548.542082  
8700.736971  
8643.805949  
8612.398438  
8500.844051  
8578.398836  
8624.962736  
8539.626579  
8606.108171  
8635.679069  
8608.392635  
8689.315413  
8683.945703  
8663.245744  
8644.331193  
8635.744718  
8165.084521  
8700.736312  
8643.535246  
8652.473006  
8707.732471  
8661.780111  
8585.160425  
8597.750749  
8630.657926  
8600.401375  
8594.799674  
8688.158602  
8567.904093  
8573.348885  
8667.621305  
8611.980469  
8663.7639  
8622.808341  
8828.196997  
8603.989258  
8673.763314  
8692.163428  
8660.632707  
8628.435295  
8688.163232  
8636.800846  
8648.5757  
8623.123364  
8581.373885  
8543.245809  
8595.111938  
8625.553743  
8656.063135  
8636.406771  
8649.754126  
8730.889681  
8572.560083  
8550.271802  
8599.585596  
8587.431673  
8585.237573  
8588.235018  
8643.878564  
8698.322119  
8652.135596  
8638.513851  
8683.970597  
8678.912223  
8635.762248  
8639.031763  
8649.641382  
8654.742554  
8656.559163  
8639.528377  
8605.476595  
8662.954549  
8728.838143  
8606.985986  
8619.838289  
8601.231364  
8671.764307  
8589.509725  
8617.519596  
8631.122786  
8715.73361  
8659.559074  
8652.034139  
8654.88689  
8639.280924  
8445.648958  
8548.894149  
8573.29668  
8605.005176  
8563.148348  
8606.154842  
8551.814787  
8554.157031  
8520.031478  
8540.907764  
8586.613867  
8518.62828  
8590.984253  
8488.505916  
8682.053573  
8669.028198  
8594.930607  
8606.080208  
8627.710091  
8583.776343  
8596.117253  
8574.630656  
8585.807804  
8627.497803  
8666.888558  
8715.70756  
8688.680851  
8697.845337  
8689.034684  
8199.085417  
8695.800155  
8761.597681  
8705.393555  
8705.421297  
8679.715934  
8653.666479  
8653.288672  
8690.535116  
8593.703735  
8676.599243  
8624.827157  
8653.810254  
8590.371696  
8544.086043  
8655.242928  
8557.176115  
8606.619132  
8671.022168  
8627.999105  
8578.328727  
8612.182975  
8607.597795  
8567.852507  
8576.871419  
8544.782845  
8721.482104  
8649.367611  
8566.308439  
8653.823625  
8562.316235  
8648.195109  
8542.115633  
8530.922632  
8628.140625  
8656.086043  
8702.19231  
8648.093229  
8778.680575  
8708.243864  
8634.241846  
8635.420703  
8661.258472  
8646.361743  
8656.81486  
8679.301644  
8653.354565  
8659.572909  
8702.609676  
8652.707389  
8640.624495  
8557.927507  
8648.694092  
8588.133317  
8624.989583  
8581.728434  
8634.303084  
8633.82203  
8573.534823  
8596.702091  
8699.680054  
8550.255347  
8597.191439  
8649.184928  
8649.343823  
8624.021899  
8618.669751  
8666.063127  
8628.658569  
8516.957324  
8619.028255  
8659.570809  
8614.725928  
8532.844621  
8446.729256  
8511.905998  
8654.204956  
8620.583382  
8555.251839  
8651.042635  
8559.636882  
8529.960213  
8611.2514  
8639.287858  
8525.77723  
8573.54716  
8601.114811  
8538.669971  
8605.194206  
8601.82797  
8570.439062  
8591.104443  
8640.307511  
8662.558244  
8715.782145  
8665.940324  
8724.717285  
8729.030981  
8623.236629  
8719.781738  
8582.389307  
8598.4729  
8535.149683  
8619.757585  
8601.490544  
8638.856877  
8656.913053  
8703.308659  
8684.181917  
8708.344718  
8693.574992  
8675.860254  
8562.191463  
8589.107723  
8716.171484  
8629.525277  
8626.997209  
8681.632699  
8649.112126  
8666.079468  
8623.721069  
8651.352995  
8697.455249  
8643.399341  
8641.577799  
8627.339412  
8587.125773  
8607.760018  
8559.887492  
8575.852197  
8583.916187  
8625.081169  
8565.66875  
8606.757804  
8588.48387  
8563.967554  
8591.869035  
8564.547477  
8616.839575  
8603.544954  
8551.646004  
8530.06805  
8543.927148  
8581.988078  
8609.242635  
8620.154622  
8571.348608  
8524.659155  
8613.517017  
8592.657747  
8660.09366  
8620.432007  
8597.453687  
8610.855558  
8671.68995  
8645.999316  
8562.762931  
8566.805314  
8613.131136  
8633.061808  
8546.958813  
8757.764494  
8688.872819  
8591.771574  
8660.340828  
8657.076994  
8695.551619  
8671.081559  
8618.93304  
8645.971672  
8594.660636  
8635.187671  
8722.203646  
8673.430762  
8642.95835  
8606.044621  
8622.956348  
8676.160693  
8638.325138  
8636.014282  
8623.841862  
8664.212549  
8597.70979  
8670.369645  
8596.682804  
8587.757682  
8608.314282  
8582.959375  
8525.228621  
8621.66228  
8600.520581  
8606.741789  
8610.943197  
8650.142171  
8601.015544  
8680.347689  
8627.90708  
8629.885824  
8641.718677  
8647.053166  
8627.811702  
8675.138273  
8616.310197  
8609.070093  
8654.401481  
8620.766431  
8621.140788  
8647.856722  
8600.709709  
8723.664738  
8647.235653  
8616.850163  
8649.050659  
8655.67548  
8577.27321  
8618.173755  
8602.342  
8685.947404  
8644.564771  
8594.769368  
8638.676929  
8592.057959  
8615.778459  
8640.980941  
8697.629215  
8582.711776  
8580.73693  
8617.420378  
8663.941951  
8602.491374  
8590.794279  
8632.560986  
8667.02255  
8612.699626  
8590.37391  
8643.794312  
8619.497144  
8606.058024  
8578.824447  
8592.553833  
8608.751538  
8439.047925  
8750.760164  
8698.65979  
8719.647103  
8663.11355  
8669.024609  
8707.405428  
8678.555762  
8629.462948  
8647.826457  
8626.932642  
8655.666634  
8593.729321  
8631.778809  
8586.838363  
8516.793555  
8524.114722  
8501.237793  
8604.603784  
8556.459342  
8514.177433  
8697.901733  
8659.497298  
8634.480501  
8603.298381  
8571.637174  
8450.917529  
8627.984261  
8622.283586  
8638.109139  
8606.639803  
8669.023136  
8601.852303  
8639.873438  
8588.23278  
8646.781234  
8623.578955  
8607.723698  
8636.733789  
8595.797738  
8540.204191  
8651.05236  
8167.110173  
8759.264372  
8652.18929  
8673.864941  
8680.626571  
8517.483887  
8510.067822  
8567.87688  
8625.309814  
8313.06709  
8564.171403  
8672.020638  
8717.790422  
8678.210791  
8615.584521  
8635.488363  
8655.639616  
8528.201383  
8649.727091  
8684.255794  
8687.029028  
8621.115015  
8651.475684  
8648.77181  
8523.177905  
8645.704533  
8585.612728  
8585.610799  
8658.712044  
8636.69174  
8640.522274  
8686.215926  
8631.823877  
8508.585555  
8610.190104  
8616.549211  
8682.280103  
8639.391284  
8592.836157  
8664.897941  
8627.455981  
8696.552555  
8623.416593  
8627.984391  
8550.038151  
8642.10813  
8587.551799  
8641.72006  
8614.586239  
