9904.01053  
9707.49741  
9716.84082  
9678.733144  
9675.770572  
9676.523098  
9741.501805  
9707.936587  
9712.61292  
9747.21858  
9739.612857  
9787.524159  
9660.730384  
9706.870436  
9737.629522  
9614.897185  
9716.774096  
9698.664551  
9673.451172  
9740.286642  
9671.556598  
9768.383492  
9735.015158  
9687.940366  
9705.037704  
9780.832159  
9664.076979  
9700.800166  
9745.379947  
9830.924125  
9740.877293  
9791.851095  
9716.446629  
9708.883471  
9736.267387  
9697.416164  
9732.756199  
9687.339525  
9697.486498  
9664.638056  
9797.92956  
9656.02573  
9702.098208  
9717.475543  
9727.349652  
9636.192914  
9670.418754  
9710.236859  
9704.182787  
9692.61948  
9737.898586  
9765.122113  
9871.064708  
9748.634575  
9781.035708  
9655.048828  
9687.845172  
9742.257452  
9773.60774  
9768.422618  
9649.762525  
9799.23412  
9640.211277  
9758.882664  
9708.546302  
9780.261889  
9645.941703  
9710.116508  
9767.865341  
9695.920644  
9749.964886  
9713.400412  
9685.224121  
9647.93249  
9678.347338  
9701.993716  
9695.282779  
9767.431046  
9733.107974  
9815.814411  
9712.920389  
9674.415464  
9661.770699  
9786.058636  
9662.742103  
9768.671748  
9760.373217  
9675.889436  
9720.367973  
9721.577976  
9743.527047  
9686.605999  
9687.601838  
9820.815345  
9744.114852  
9708.29938  
9739.149117  
9757.869565  
9679.66453  
9727.341224  
9705.833432  
9762.585343  
9618.027874  
9750.549189  
9855.59426  
9716.697966  
9688.507749  
9749.407354  
9750.17179  
9643.968899  
9359.031335  
9713.312861  
9729.273183  
9812.160708  
9731.627632  
9740.390901  
9686.225246  
9747.372516  
9691.810908  
9778.844302  
9795.641326  
9783.682256  
9718.812182  
9663.364725  
9747.981021  
9728.410326  
9762.889882  
9749.106488  
9803.351308  
9671.14485  
9731.817362  
9737.141899  
9711.888332  
9722.242909  
9784.612899  
9765.970406  
9755.798467  
9673.624045  
9770.554051  
9659.103006  
9733.871157  
9760.421217  
9676.105766  
9613.549741  
9696.892069  
9744.449728  
9763.289445  
9695.361095  
9752.417353  
9803.85929  
9650.656738  
9729.109248  
9712.582498  
9614.76087  
9707.290931  
9748.084621  
9745.940876  
9729.260424  
9796.867188  
9729.146399  
9679.43128  
9735.023459  
9674.129479  
9729.448752  
9722.924019  
9635.46185  
9745.213888  
9610.601011  
9684.683105  
9753.651473  
9653.118398  
9751.010211  
9749.328125  
9584.374703  
9799.678138  
9795.087296  
9729.032694  
9737.863048  
9691.016177  
9729.427862  
9750.883407  
9749.610012  
9711.537088  
9737.841139  
9736.22618  
9718.77573  
9664.465438  
9659.431428  
9739.41453  
9651.754734  
9728.963145  
9766.515073  
9791.379246  
9761.182999  
9735.308615  
9717.090141  
9729.208623  
9808.301482  
9709.644574  
9680.404743  
9772.544094  
9730.180409  
9693.825238  
9769.118971  
9655.475437  
9639.5625  
9753.281675  
9621.232061  
9673.2607  
9719.355511  
9711.485436  
9597.801737  
9806.495032  
9750.378184  
9694.673191  
9708.74465  
9800.614173  
9700.960725  
9740.861392  
9656.432745  
9711.007345  
9721.071671  
9713.392238  
9714.194654  
9759.018555  
9780.291737  
9765.842604  
9753.280486  
9614.512058  
9692.517981  
9777.076681  
9693.317659  
9829.817531  
9751.163043  
9690.796429  
9811.386591  
9737.666228  
9779.716712  
9677.555664  
9645.74051  
9821.769276  
9754.961574  
9676.822053  
9716.025008  
9753.398841  
9741.15712  
9748.377102  
9689.280932  
9632.030189  
9752.367315  
9705.576936  
9664.437182  
9695.000934  
9750.091372  
9658.642833  
9681.132621  
9723.785071  
9767.58891  
9559.092858  
9664.21875  
9749.316045  
9708.288128  
9802.49499  
9670.901346  
9768.789912  
9755.576299  
9710.88795  
9652.375743  
9775.146909  
9658.650688  
9699.787874  
9820.291737  
9674.603601  
9716.092773  
9820.261464  
9720.017493  
9664.247028  
9831.470448  
9750.740277  
9767.492888  
9745.500679  
9738.76329  
9661.092837  
9806.797342  
9699.6906  
9606.909456  
9738.750191  
9623.785602  
9685.436332  
9740.133916  
9742.889224  
9782.332328  
9664.196777  
9701.524754  
9798.766941  
9759.14555  
9707.499915  
9751.382473  
9678.439156  
9791.968071  
9653.225798  
9777.126911  
9714.762886  
9748.713888  
9749.549401  
9783.803647  
9773.705078  
9723.035602  
9632.288638  
9815.938646  
9689.249278  
9753.751422  
9719.961617  
9620.688073  
9763.876783  
9694.75431  
9681.243525  
9732.168287  
9712.359396  
9680.063116  
9745.852879  
9741.939538  
9680.222232  
9790.619969  
9702.963103  
9687.060865  
9719.308679  
9631.437118  
9765.74206  
9801.390413  
9684.557893  
9791.543818  
9706.464058  
9805.156632  
9672.372516  
9701.232486  
9763.645168  
9674.847593  
9746.686587  
9641.222826  
9715.1471  
9855.994353  
9685.164254  
9776.742124  
9630.298573  
9760.320822  
9762.26002  
9800.817192  
9729.024074  
9734.382345  
9710.554942  
9701.852157  
9556.149435  
9696.438413  
9726.639627  
9656.158203  
9792.876868  
9569.48395  
9698.701745  
9584.659074  
9694.730766  
9711.689835  
9741.204823  
9726.534541  
9751.686354  
9688.702255  
9701.033118  
9680.285984  
9641.827849  
9661.270656  
9750.446608  
9763.714334  
9737.303881  
9693.388417  
9744.979322  
9671.667905  
9691.899796  
9769.787237  
9615.019935  
9713.809931  
9826.571756  
9731.155316  
9743.628567  
9795.022801  
9679.63984  
9732.078741  
9731.64952  
9738.050314  
9752.308169  
9700.091118  
9834.664487  
9754.332052  
9760.999682  
9610.489873  
9774.162959  
9700.760063  
9808.634299  
9776.558679  
9726.485521  
9734.270041  
9696.369013  
9729.380562  
9805.882303  
9738.894616  
9693.45546  
9741.248471  
9638.203443  
9757.404785  
9714.233993  
9783.355044  
9726.252632  
9653.758173  
9713.366466  
9588.05439  
9886.799104  
9790.399881  
9729.682193  
9692.897652  
9703.147546  
9733.989194  
9707.601117  
9706.680707  
9599.92024  
9706.333815  
9749.677225  
9648.726584  
9729.727072  
9736.830524  
9688.722953  
9688.999703  
9640.696841  
9626.95597  
9735.620478  
9729.48412  
9767.524902  
9678.881878  
9762.397779  
9685.421557  
9743.091521  
9765.177119  
9670.609481  
9665.192914  
9782.812182  
9710.966585  
9757.266559  
9779.538808  
9765.201936  
9735.561247  
9700.037194  
9787.213612  
9742.798892  
9631.055218  
9718.032736  
9716.637525  
9700.774902  
9705.562755  
9684.272631  
9758.092073  
9776.806895  
9706.226138  
9736.344514  
9693.822775  
9707.511443  
9700.195907  
9649.78885  
9769.298956  
9696.132579  
9806.519659  
9688.552182  
9780.016135  
9778.538086  
9699.462933  
9741.099609  
9716.943572  
9710.505902  
9826.318402  
9725.993716  
9775.726902  
9724.436948  
9768.755859  
9581.870669  
9785.31613  
9722.870754  
9750.553902  
9767.73654  
9772.708347  
9776.403193  
9733.92801  
9839.870075  
9728.981318  
9614.411833  
9733.388396  
9624.887674  
9638.059676  
9636.93595  
9604.158097  
9689.085088  
9735.415612  
9776.147142  
9672.856063  
9624.711893  
9624.878694  
9592.995499  
9656.346085  
9698.926248  
9640.467837  
9744.643449  
9702.150943  
9799.354344  
9650.374363  
9729.63882  
9774.362984  
9762.640031  
9650.044073  
9702.229662  
9732.450599  
9659.55231  
9754.895083  
9369.367655  
9873.465566  
9839.775391  
9742.37914  
9787.407906  
9771.878736  
9750.823178  
9802.38778  
9785.721191  
9611.009829  
9697.049104  
9768.074304  
9824.574091  
9870.865277  
9709.963719  
9708.978749  
9763.290166  
9749.575535  
9653.057044  
9653.13432  
9797.12672  
9647.175399  
9666.00242  
9745.92973  
9733.422958  
9642.771994  
9855.431534  
9734.086065  
9773.07855  
9744.998769  
9758.920262  
9703.338655  
9594.923085  
9813.636889  
9688.413256  
9749.092582  
9595.856594  
9599.022015  
9709.416653  
9658.761804  
9645.713124  
9691.169667  
9725.081649  
9736.270678  
9775.2607  
9795.92663  
9677.781441  
9799.672745  
9757.456225  
9807.80749  
9562.247389  
9788.356891  
9671.19389  
9820.587126  
9750.856148  
9810.180282  
9745.130074  
9803.129713  
9791.902407  
9738.063519  
9700.85307  
9607.871816  
9784.711553  
9740.641793  
9623.13035  
9726.919264  
9693.86965  
9760.451066  
9702.723229  
9667.14451  
9766.963761  
9773.49913  
9672.002378  
9726.450811  
9718.016771  
9635.884426  
9737.499321  
9801.359715  
9682.213018  
9732.331628  
9715.365723  
9792.293499  
9742.07303  
9773.20735  
9719.18767  
9680.150412  
9764.918478  
9701.627399  
9770.1219  
9729.131857  
9708.3056  
9731.253736  
9729.420389  
9762.430961  
9720.74775  
9755.100628  
9765.265774  
9769.697945  
9778.797873  
9684.032163  
9819.176333  
9775.447584  
9697.622644  
9715.179815  
9731.340778  
9632.803881  
9726.36016  
9667.591542  
9755.7462  
9801.124066  
9704.493398  
9612.511634  
9745.213294  
9807.050951  
9693.434783  
9665.484333  
9779.828571  
9695.19164  
9683.405189  
9659.127887  
9567.87604  
9757.744395  
9771.220427  
9686.393109  
9753.992697  
9707.446714  
9721.81354  
9796.265498  
9748.408861  
9587.997877  
9779.655804  
9766.841754  
9749.995308  
9731.861095  
9805.910411  
9682.693466  
9749.755987  
9721.597104  
9662.362305  
9687.884596  
9722.004798  
9713.210003  
9732.876316  
9714.29127  
9829.049168  
9714.988706  
9694.432532  
9782.592604  
9584.285942  
9740.199686  
9616.085513  
9804.737666  
9704.921748  
9691.163404  
9832.225926  
9804.858568  
9710.898905  
9711.163978  
9774.019552  
9769.173128  
9730.682787  
9702.582796  
9499.768746  
9623.155804  
9702.578167  
9730.601117  
9693.782842  
9679.761209  
9738.43733  
9607.093538  
9713.095937  
9694.387398  
9833.490659  
9667.787258  
9813.532078  
9723.976838  
9696.794327  
9741.739343  
9614.110819  
9764.14105  
9705.929136  
9673.369608  
9692.2386  
9608.163256  
9774.511422  
9846.115999  
9716.659201  
9812.039275  
9731.127208  
9757.243652  
9722.033076  
9787.65574  
9724.132749  
9664.206819  
9543.061163  
9679.134681  
9427.54057  
9911.599652  
9744.756114  
9770.35532  
9732.789699  
9634.021166  
9780.747707  
9741.99482  
9732.747622  
9697.009405  
9745.138544  
9688.082541  
9576.755138  
9588.039975  
9669.128545  
9731.784477  
9722.535432  
9760.932808  
9883.617145  
9788.219047  
9815.724164  
9750.345236  
9806.761889  
9623.786664  
9711.717285  
9680.093814  
9679.946438  
9738.545707  
9581.164126  
9689.940345  
9873.724779  
9808.288595  
9791.873684  
9717.42956  
9703.061226  
9782.977666  
9771.703847  
9744.190366  
9707.591712  
9596.221085  
9607.639521  
9631.425463  
9648.953337  
9655.913171  
9615.316088  
9561.135445  
9680.076384  
9614.352815  
9762.308381  
9747.511146  
9772.429624  
9748.245096  
9768.55214  
9775.855256  
9706.277216  
9912.510615  
9963.961362  
9589.058084  
9915.620329  
9876.112007  
9280.082859  
9874.74223  
9859.997877  
10028.19034  
9630.650858  
9513.853664  
9567.425696  
9569.051482  
9679.153957  
9797.649541  
9520.428138  
9675.355469  
9658.496688  
9695.085895  
9812.595618  
9651.048085  
9808.795177  
9618.978218  
9851.437224  
9763.535326  
9726.988536  
9705.422936  
9627.965014  
9731.253736  
9797.627526  
9780.277004  
9699.398353  
9451.38916  
9783.325493  
9752.271612  
9879.032991  
9702.401282  
9687.934868  
9742.653596  
9794.490404  
9822.522631  
9763.505817  
9731.068423  
9804.060016  
9692.915867  
9743.810695  
9795.296344  
9697.24896  
9749.952743  
9741.366168  
9772.088358  
9756.035538  
9689.986647  
9792.065897  
9775.88277  
9677.112432  
9484.988982  
9796.206076  
9845.476775  
9765.947711  
9758.890094  
9736.894871  
9585.862156  
9790.549168  
9816.081246  
9797.708645  
9728.54212  
9745.050675  
9614.816767  
9557.685356  
9708.344472  
9761.802819  
9721.380435  
9778.390795  
9684.940217  
9694.672469  
9677.477921  
9666.340099  
9783.460853  
9708.710598  
9732.708942  
9732.240362  
9791.353133  
9792.696077  
9775.020656  
9726.289275  
9751.985967  
9732.082244  
9701.97756  
9648.961065  
9586.157821  
9686.764224  
9708.169455  
9763.845618  
9788.82632  
9722.804348  
9731.327424  
9619.757855  
9738.473739  
9636.292268  
9756.866508  
9712.207137  
9680.74569  
9666.093962  
9811.144064  
9606.76864  
9720.030932  
9676.551885  
9755.44769  
9691.262653  
9781.711872  
9692.583241  
9762.264564  
9662.606509  
9727.91971  
9658.279  
9711.273968  
9754.505859  
9751.289912  
9747.893427  
9696.927437  
9636.411494  
9694.087593  
9724.678414  
9656.88381  
9681.975565  
9829.521824  
9656.712593  
9751.523989  
9729.553626  
9713.010466  
9786.134086  
9621.120521  
9599.251019  
9747.01675  
9767.205418  
9773.37396  
9688.854598  
9634.67283  
9727.488939  
9670.369693  
9799.843283  
9789.038128  
9671.193699  
9766.834876  
9777.258492  
9729.992931  
9778.688052  
9766.559825  
9691.571968  
9830.195355  
9769.251337  
9704.681131  
9778.086702  
9719.10721  
9747.66765  
9778.179709  
9829.067786  
9699.734587  
9736.656059  
9658.280231  
9648.200259  
9763.542926  
9820.539699  
9818.885785  
9745.731148  
9610.401983  
9770.558509  
9831.845279  
9788.965417  
9624.900858  
9563.082626  
9735.33961  
9784.808679  
9707.297745  
9646.693529  
9666.117655  
9703.587424  
9728.083687  
9712.156314  
9699.604874  
9665.341309  
9743.296026  
9690.008832  
9668.03488  
9781.864767  
9602.298764  
9729.489046  
9768.045835  
9784.669327  
9813.938349  
9732.753439  
9786.332965  
9759.302798  
9743.829399  
9729.710662  
9687.713018  
9681.662216  
9707.298191  
9728.965481  
9676.775157  
9587.686672  
9729.976032  
9714.475798  
9798.984715  
9805.915633  
9718.809358  
9730.727051  
9777.282269  
9703.962487  
9730.773055  
9783.925272  
9621.088867  
9682.587211  
9707.896909  
9720.880605  
9748.53004  
9728.396994  
9775.532439  
9671.052161  
9742.19009  
9803.899966  
9744.637292  
9758.06664  
9723.934613  
9665.344748  
9575.276749  
9790.129203  
9867.839631  
9751.275518  
9744.588103  
9671.06923  
9666.836787  
9633.536112  
9681.411133  
9668.164784  
9750.828401  
9661.362432  
9720.49448  
9668.479896  
9621.739173  
9758.887738  
9710.652811  
9760.46841  
9776.853218  
9705.4893  
9747.907672  
9680.829547  
9726.429794  
9637.987496  
9645.640264  
9737.807829  
9671.949941  
9631.649605  
9678.877293  
9736.073242  
9767.451129  
9786.799507  
9818.080036  
9835.95183  
9659.968601  
9737.251295  
9770.030465  
9714.965757  
9638.20183  
9800.201023  
9782.563116  
9835.377802  
9748.317234  
9716.309719  
9734.340544  
9792.011082  
9778.80473  
9610.645932  
9759.309018  
9818.26537  
9783.146569  
9770.235373  
9726.312458  
9725.06216  
9704.384383  
9769.440812  
9726.115786  
9837.712806  
9512.765901  
9648.962148  
9662.839568  
9794.139691  
9746.659689  
9730.705418  
9716.454462  
9683.504034  
9661.590353  
9678.500764  
9730.053584  
9744.02849  
9744.117527  
9734.730256  
9722.713252  
9750.099057  
9799.667204  
9574.737177  
9775.31112  
9809.853643  
9760.199155  
9562.786791  
9693.937585  
9730.379713  
9750.485436  
9807.546281  
9704.715629  
9741.157396  
9722.491848  
9801.566003  
9756.036685  
9733.198603  
9689.197818  
9773.137886  
9797.291292  
9699.412895  
9697.768958  
9792.594111  
9838.769022  
9327.158458  
9922.130053  
9618.547767  
9745.023841  
9699.928668  
9700.442001  
9615.029106  
9695.374533  
9703.739003  
9712.006581  
9678.247856  
9626.624045  
9742.522164  
9653.705248  
9641.943423  
9706.567871  
9624.869034  
9783.185144  
9754.988918  
9711.022079  
9812.752356  
9751.761103  
9765.296493  
9632.306195  
9649.980554  
9763.210683  
9804.857167  
9687.495966  
9683.803117  
9631.623365  
9674.358186  
9773.690005  
9651.637929  
9731.945015  
9726.791037  
9760.938264  
9782.316236  
9782.562925  
9689.15642  
9719.852921  
9704.755881  
9747.920814  
9645.954462  
9772.298913  
9787.972104  
9698.379352  
9723.834855  
9688.426864  
9684.478792  
9686.063965  
9760.318911  
9807.497516  
9736.044158  
9670.868398  
9600.353919  
9656.95873  
9682.369204  
9767.912279  
9706.539105  
9724.70355  
9765.766559  
9690.972847  
9781.305919  
9674.926206  
9713.90918  
9750.829781  
9768.167693  
9777.552395  
9740.706946  
9798.519574  
9664.353707  
9710.011804  
9761.246646  
9715.583326  
9779.051461  
9663.93336  
9689.92801  
9799.541737  
9633.180197  
9686.462615  
9694.307108  
9755.831437  
9684.162576  
9781.871773  
9792.678371  
9632.08961  
9710.995478  
9812.130138  
9728.218538  
9689.159371  
9633.352136  
9765.819293  
9732.826214  
9648.214037  
9824.486498  
9797.358696  
9700.586617  
9726.73533  
9702.140349  
9661.910008  
9752.978983  
9683.865468  
9625.701724  
9688.413362  
9658.85065  
9495.021166  
9724.17472  
9729.626889  
9785.132982  
9678.291249  
9612.25656  
9674.105893  
9607.356169  
9643.546535  
9693.184783  
9737.588358  
9681.918945  
9740.440897  
9793.587424  
9787.513162  
9700.835322  
9701.080503  
9763.95096  
9843.417162  
9584.127484  
9688.24569  
9778.320397  
9778.71391  
9768.609757  
9772.168669  
9772.58029  
9770.636039  
9745.498259  
9776.043393  
9598.928668  
9777.148862  
9724.442064  
9745.889946  
9698.224694  
9736.971956  
9700.987857  
9780.664487  
9722.752717  
9791.067425  
9670.47928  
9574.62604  
9812.927904  
9759.352985  
9734.885381  
9462.981912  
9606.525794  
9722.010042  
9687.800484  
9620.277641  
9712.934634  
9708.374321  
9833.772631  
9803.198879  
9743.490256  
9750.821416  
9737.915421  
9190.814878  
9964.514564  
9796.986901  
9747.302097  
9850.087933  
9707.860394  
9732.62137  
9737.423743  
9796.648268  
9709.412407  
9743.452488  
9810.597953  
9697.162534  
9653.573858  
9717.190408  
9694.116232  
9664.932065  
9766.261464  
9957.873217  
9559.544243  
9843.082031  
9875.384256  
9756.628736  
9742.842221  
9754.013523  
9786.053477  
9771.657863  
9630.324219  
9703.502824  
9660.682341  
9664.343962  
9793.168733  
9738.406547  
9728.429772  
9763.178753  
9841.363196  
9659.554963  
9562.696671  
9688.687394  
9631.653108  
9656.286303  
9546.911218  
9730.285453  
9723.268661  
9756.202785  
9742.146166  
9778.891517  
9786.089547  
9763.96616  
9687.541207  
9740.692213  
9756.261974  
9753.48998  
9732.510976  
9734.689941  
9763.79161  
9887.247877  
9738.375127  
9698.951639  
9834.303223  
9725.84392  
9741.405995  
9681.124406  
9669.525369  
9766.957286  
9813.336213  
9732.768831  
9783.457286  
9731.720618  
9612.094132  
9625.579271  
9715.930685  
9727.942765  
9676.290803  
9709.058912  
9665.583241  
9702.52089  
9585.819463  
9534.276962  
9666.789827  
9618.10532  
9642.799911  
9591.192489  
9797.723569  
9705.290124  
9722.072308  
9760.858038  
9788.867188  
9602.018003  
9729.395487  
9695.287683  
9608.209834  
9691.180643  
9818.495881  
9774.843941  
9761.510997  
9812.09426  
9786.366912  
9533.900242  
9739.396718  
9883.501996  
9759.839419  
9806.64623  
9724.213421  
9803.832753  
9723.118525  
9824.535432  
9716.218644  
9789.351053  
9740.605851  
9623.504522  
9692.329951  
9604.061439  
9687.920771  
9759.686799  
9718.838846  
9803.500467  
9786.06768  
9688.759405  
9774.919285  
9623.545941  
9807.298743  
9734.156335  
9587.414975  
9753.773268  
9764.507812  
9722.117166  
9757.464377  
9719.171833  
9672.014861  
9638.172024  
9612.858611  
9716.782311  
9792.23688  
9752.843453  
9753.098336  
9830.662492  
9760.595045  
9677.32424  
9655.873344  
9704.041398  
9751.260487  
9675.998641  
9645.99085  
9743.138353  
9756.760912  
9811.881496  
9721.942807  
9728.221807  
9729.376783  
9751.708114  
9722.194124  
9654.801291  
9707.726371  
9686.168775  
9688.466542  
9666.838252  
9722.418415  
9841.198646  
9745.8636  
9638.309974  
9780.907354  
9816.58063  
9747.127123  
9736.857337  
9781.496264  
9694.842391  
9617.364555  
9787.595194  
9699.948837  
9639.295941  
9575.140519  
9671.580333  
9704.329123  
9738.691194  
9743.006326  
9704.273671  
9808.251104  
9759.994586  
9571.044986  
9622.648204  
9688.338888  
9630.750021  
9519.704526  
9659.350204  
9685.811863  
9740.454378  
9694.853877  
9642.086638  
9696.544816  
9741.558424  
9831.457031  
9823.469217  
9750.988111  
9797.912067  
9819.478261  
9737.173828  
9848.301864  
9673.06199  
9639.529297  
9685.190536  
9719.977773  
9703.178605  
9729.084558  
9811.662407  
9810.782439  
9804.240701  
9766.02382  
9778.11636  
9707.021548  
9729.634935  
9587.066555  
9728.305961  
9726.986498  
9760.043542  
9730.679581  
9787.462126  
9786.610776  
9668.324962  
9775.753376  
9698.259192  
9771.013162  
9828.032439  
9741.023013  
9714.106721  
9697.026388  
9664.901091  
9729.037024  
9723.627717  
9748.874682  
9733.787449  
9701.514606  
9713.41886  
9652.0297  
9734.404721  
9656.562542  
9807.76329  
9718.606254  
9718.684231  
9703.494459  
9651.69958  
9770.464589  
9692.006645  
9789.91419  
9719.467604  
9538.410602  
9574.693678  
9804.111816  
9809.291079  
9709.912725  
9632.267769  
9645.939305  
9721.371264  
9738.557341  
9665.239046  
9600.653087  
9658.632473  
9811.492888  
9657.433275  
9884.020126  
9807.921323  
9656.785517  
9792.54645  
9760.021357  
9794.90659  
9802.445482  
9650.356424  
9794.778787  
9649.529488  
9737.415145  
9809.702615  
9784.069718  
9690.129331  
9724.290973  
9636.245839  
9817.685653  
9632.436672  
9786.493801  
9690.83305  
9701.034222  
9716.797024  
9756.1174  
9778.306343  
9661.316385  
9654.316937  
9687.2058  
9656.477348  
9691.444676  
9725.969132  
9712.987114  
9696.108186  
9735.42627  
9668.321162  
9718.249575  
9691.001868  
9686.894659  
9791.278533  
9751.447563  
9682.131135  
9749.500807  
9706.528363  
9697.943296  
9745.714355  
9707.483144  
9674.972253  
9698.130286  
9783.879925  
9746.745202  
9750.321905  
9780.17145  
9664.399181  
9712.726881  
9703.067914  
9723.148353  
9712.076894  
9804.257282  
9763.790633  
9695.56802  
9779.484545  
9697.395975  
9731.602199  
9747.554539  
9831.447266  
9721.923701  
9741.851414  
9719.750594  
9790.418775  
9644.178966  
9739.661005  
9764.06543  
9680.863578  
9706.517154  
9729.588188  
9741.855065  
9724.705779  
9705.77641  
9725.006305  
9708.716372  
9693.754883  
9543.28556  
9850.899881  
9667.768045  
9748.547066  
9730.564368  
9737.311439  
9820.588188  
9803.185993  
9761.797724  
9724.816088  
9716.52573  
9671.416355  
9602.504501  
9791.313307  
9779.042926  
9586.326214  
9696.105172  
9654.744056  
9692.527917  
9771.844896  
9649.880435  
9748.172193  
9787.788808  
9748.45839  
9738.713719  
9630.343177  
9608.339292  
9690.93319  
9775.713336  
9726.0404  
9716.537789  
9832.308318  
9704.128821  
9736.43905  
9640.58305  
9686.8788  
9729.490149  
9654.112729  
9713.358547  
9649.682766  
9554.676185  
9701.084982  
9333.177204  
9825.425102  
9745.314326  
9757.991699  
9734.013587  
9660.50259  
9634.585364  
9737.20667  
9745.857783  
9335.453083  
9726.595809  
9743.977603  
9736.506114  
9758.620245  
9673.145741  
9776.759808  
9729.614152  
9595.208008  
9809.53626  
9866.824134  
9763.150688  
9737.953295  
9756.849418  
9804.514266  
9616.622559  
9683.947818  
9723.514564  
9658.732486  
9735.63657  
9733.791398  
9772.116784  
9768.430155  
9770.642196  
9652.198518  
9727.592413  
9629.312903  
9829.597911  
9744.417056  
9703.805983  
9755.942638  
9716.294986  
9815.231721  
9685.904743  
9629.910114  
9666.988472  
9764.438901  
9703.387356  
9722.635063  
9734.384808  
