9791.426727  
9643.48938  
9681.508789  
9617.960419  
9625.835327  
9637.877136  
9724.448547  
9618.421326  
9682.827209  
9652.405975  
9693.290161  
9740.244202  
9623.736694  
9645.546265  
9693.779999  
9544.442169  
9613.008728  
9625.461945  
9587.6362  
9669.37439  
9624.554779  
9694.179199  
9714.326294  
9605.927277  
9658.826263  
9733.372467  
9551.154846  
9634.400208  
9686.815857  
9752.160461  
9708.685394  
9713.867188  
9689.016876  
9641.145691  
9650.908081  
9651.916046  
9702.748627  
9606.930389  
9680.310333  
9577.120178  
9741.093689  
9600.89386  
9582.977142  
9666.064209  
9655.957855  
9575.373199  
9590.724762  
9667.345795  
9633.574585  
9644.055389  
9665.891907  
9715.594788  
9856.294159  
9711.776886  
9691.546997  
9613.243378  
9613.144196  
9669.120178  
9762.977142  
9705.216553  
9618.627777  
9692.28064  
9550.92041  
9706.437622  
9652.579742  
9719.082886  
9570.994965  
9625.128937  
9698.376495  
9677.630615  
9691.058807  
9640.240906  
9643.172485  
9553.670898  
9637.632324  
9621.133362  
9628.1362  
9696.366302  
9639.557861  
9765.665192  
9690.250946  
9612.125153  
9603.915955  
9717.210876  
9638.879028  
9691.933777  
9710.069946  
9619.319397  
9669.514496  
9670.477844  
9646.274139  
9641.237579  
9608.490875  
9767.905243  
9721.508545  
9633.9729  
9701.054016  
9704.302246  
9634.084137  
9669.151917  
9630.841278  
9694.015839  
9526.913239  
9715.168732  
9807.029541  
9652.155609  
9649.89682  
9648.922791  
9710.370178  
9585.928467  
9359.200836  
9618.976013  
9659.100952  
9705.489868  
9683.423157  
9676.412689  
9614.284943  
9701.437256  
9642.176697  
9679.347046  
9670.638306  
9698.624481  
9646.44101  
9594.429504  
9702.548615  
9688.650818  
9700.696045  
9717.478699  
9776.896576  
9600.810272  
9697.713531  
9675.864441  
9677.188446  
9661.233887  
9714.226593  
9721.74826  
9703.330048  
9587.529877  
9674.736664  
9557.858826  
9655.996735  
9683.574341  
9640.938843  
9540.941132  
9615.983398  
9697.59433  
9700.738617  
9640.737366  
9664.067749  
9754.494904  
9584.275146  
9662.537628  
9663.240021  
9484.054169  
9646.393555  
9667.620605  
9686.783447  
9680.233185  
9695.997437  
9684.14801  
9623.442352  
9688.612762  
9661.434143  
9666.556213  
9679.116364  
9583.508453  
9695.665283  
9595.561829  
9616.445496  
9708.964417  
9615.512695  
9700.637543  
9686.570496  
9536.750305  
9728.618164  
9742.219055  
9647.990509  
9633.275818  
9657.819092  
9667.213776  
9663.945831  
9736.044769  
9658.174164  
9665.999451  
9741.6008  
9660.038116  
9616.50827  
9583.813934  
9672.559601  
9639.28006  
9655.680054  
9660.419281  
9762.113922  
9731.467133  
9658.76413  
9680.543671  
9655.129272  
9758.846832  
9646.585541  
9603.896454  
9721.049103  
9712.664917  
9619.204681  
9715.828705  
9626.41507  
9559.386566  
9695.595795  
9565.14743  
9600.300873  
9645.568939  
9655.443848  
9514.956543  
9749.026123  
9729.418365  
9613.900391  
9597.433899  
9806.646637  
9636.759247  
9681.490936  
9556.715668  
9640.608429  
9634.047272  
9600.891449  
9646.174744  
9706.463928  
9738.478729  
9706.397614  
9681.835052  
9542.995697  
9622.592865  
9701.770752  
9650.092316  
9794.10141  
9656.728241  
9649.593933  
9778.238373  
9687.90509  
9719.786194  
9620.433533  
9581.72049  
9757.271454  
9712.418549  
9598.320709  
9633.258087  
9749.749268  
9693.131836  
9621.478424  
9616.866272  
9506.012573  
9717.021667  
9626.704285  
9603.27359  
9613.295197  
9664.142731  
9575.32843  
9636.092896  
9678.450653  
9679.805023  
9473.539642  
9583.335022  
9669.70575  
9656.518738  
9769.724579  
9580.949554  
9732.018799  
9690.624481  
9673.082733  
9555.281097  
9735.728973  
9631.433533  
9615.63031  
9741.646484  
9634.97702  
9676.530487  
9750.977448  
9695.990631  
9582.665405  
9790.624054  
9731.555878  
9723.338257  
9685.254181  
9709.479675  
9553.047607  
9764.100006  
9641.188049  
9519.528015  
9689.208771  
9551.171387  
9604.548645  
9642.447845  
9734.009064  
9728.747894  
9618.612122  
9590.422058  
9718.155029  
9759.481995  
9629.734161  
9721.231964  
9627.715515  
9700.740295  
9606.729675  
9729.845703  
9705.495239  
9655.82254  
9664.857727  
9792.595734  
9707.98175  
9683.349304  
9543.658051  
9750.445801  
9636.045166  
9705.871033  
9659.587769  
9516.515045  
9689.447357  
9674.770721  
9584.601807  
9695.410553  
9637.197662  
9630.635651  
9694.468933  
9694.618469  
9596.140503  
9720.889435  
9602.787903  
9692.996338  
9650.993927  
9561.742279  
9693.726624  
9754.924683  
9590.39032  
9742.654846  
9627.65033  
9738.595642  
9643.386322  
9613.937836  
9712.854706  
9584.876678  
9675.046021  
9590.672119  
9670.752228  
9816.720551  
9664.5961  
9680.649811  
9554.443207  
9700.149384  
9706.429504  
9805.980835  
9692.064941  
9641.44574  
9686.125885  
9622.915588  
9505.12616  
9654.88446  
9639.054688  
9584.180389  
9734.302795  
9545.7836  
9620.146057  
9530.888031  
9537.813812  
9677.012512  
9699.356873  
9666.346527  
9702.419037  
9672.512817  
9639.318848  
9621.454163  
9555.527618  
9555.614166  
9685.534119  
9692.39444  
9704.494049  
9574.111725  
9704.07843  
9609.176666  
9612.549103  
9690.356018  
9535.566711  
9658.471375  
9757.572784  
9675.750732  
9682.773499  
9748.577515  
9642.564301  
9641.391052  
9655.682159  
9725.382172  
9677.757599  
9649.669617  
9742.763306  
9692.087769  
9709.464447  
9548.254578  
9699.455566  
9671.063385  
9781.97876  
9717.434052  
9670.490967  
9683.873352  
9668.263214  
9626.242462  
9748.554596  
9615.49707  
9621.947815  
9712.963135  
9574.595703  
9678.818207  
9606.053589  
9764.466766  
9671.654877  
9669.591614  
9655.172791  
9523.417023  
9823.584259  
9723.473724  
9698.322845  
9621.846497  
9639.15567  
9661.053925  
9606.786469  
9669.25351  
9508.659637  
9615.089508  
9681.699158  
9577.349243  
9667.796173  
9656.935913  
9602.032196  
9640.047485  
9656.263031  
9570.769165  
9649.630432  
9663.38501  
9709.164703  
9636.831512  
9703.378143  
9648.759705  
9636.297913  
9724.625671  
9624.999451  
9567.979828  
9682.282776  
9734.654144  
9723.474609  
9733.962372  
9740.043701  
9663.348022  
9623.734192  
9758.158478  
9702.823853  
9574.447174  
9659.054626  
9651.688171  
9603.085266  
9645.776276  
9634.307648  
9681.809937  
9749.785431  
9642.312286  
9688.640686  
9649.967499  
9667.876251  
9637.021393  
9617.341614  
9669.34967  
9643.622009  
9674.525879  
9679.335083  
9666.423859  
9707.282166  
9638.711975  
9712.619324  
9648.807068  
9689.654755  
9757.068878  
9637.526031  
9695.874603  
9623.458099  
9753.107513  
9497.941803  
9741.801849  
9716.945709  
9676.085571  
9661.063965  
9699.015198  
9741.694733  
9694.524109  
9806.092529  
9706.937775  
9519.458344  
9661.856049  
9560.448425  
9500.11319  
9592.224884  
9533.93396  
9584.631531  
9704.518738  
9690.116302  
9639.404846  
9589.36087  
9563.153076  
9486.493073  
9620.503296  
9619.83844  
9562.382385  
9697.953888  
9659.36795  
9700.430481  
9562.18338  
9656.565765  
9740.10553  
9686.995728  
9599.487854  
9622.410095  
9674.053925  
9618.338287  
9703.417725  
9292.329712  
9859.244202  
9800.703735  
9635.998138  
9772.216095  
9686.61853  
9696.8367  
9755.471252  
9645.395721  
9541.79071  
9595.278137  
9713.134308  
9809.711945  
9793.659912  
9700.792908  
9608.023193  
9743.356628  
9681.597137  
9598.249908  
9592.537506  
9745.096558  
9578.243866  
9586.627106  
9670.024017  
9703.360168  
9581.200775  
9771.790527  
9678.638306  
9669.070435  
9683.689545  
9691.678131  
9692.364655  
9532.941101  
9831.026642  
9552.060181  
9732.898682  
9539.154602  
9517.287445  
9661.402405  
9579.756958  
9573.550476  
9633.808594  
9662.817749  
9687.182526  
9726.748993  
9734.95575  
9604.649811  
9743.585266  
9722.424469  
9756.058929  
9506.350342  
9708.119781  
9604.612183  
9788.025208  
9740.484039  
9761.330505  
9723.745972  
9723.73587  
9699.631714  
9696.586182  
9629.71875  
9519.344849  
9718.994232  
9716.432556  
9535.641937  
9654.618866  
9578.347015  
9722.011505  
9625.994019  
9622.436554  
9703.487732  
9714.633148  
9628.622467  
9701.368073  
9680.676758  
9598.50415  
9649.122833  
9733.561768  
9607.47171  
9687.193573  
9658.645813  
9712.674286  
9694.094177  
9734.435455  
9648.555267  
9617.379059  
9725.588165  
9643.500763  
9749.743256  
9672.980316  
9656.337646  
9690.784393  
9665.429047  
9722.727722  
9695.267792  
9690.638123  
9673.183533  
9709.569855  
9733.072937  
9625.462891  
9738.936584  
9715.314423  
9645.647491  
9638.508514  
9645.54892  
9523.120178  
9647.580048  
9618.619995  
9694.550537  
9676.846527  
9735.95166  
9509.698456  
9683.232361  
9707.852051  
9638.760986  
9571.553009  
9717.719116  
9611.896362  
9652.721558  
9560.149597  
9535.049408  
9703.573822  
9694.907562  
9629.707581  
9700.534851  
9634.415771  
9660.117767  
9769.966766  
9636.947693  
9461.664154  
9672.451355  
9701.533051  
9680.332581  
9669.729431  
9740.406036  
9652.598846  
9675.740967  
9675.934814  
9603.522705  
9626.589386  
9630.725067  
9627.274933  
9668.014221  
9666.968842  
9747.678406  
9627.856537  
9659.672211  
9750.048279  
9579.861359  
9633.085938  
9621.472534  
9701.855377  
9624.217987  
9616.679352  
9794.495453  
9734.844208  
9688.81366  
9695.280182  
9711.888  
9788.223785  
9690.433533  
9559.071198  
9427.40979  
9569.892426  
9639.430542  
9684.521149  
9659.930237  
9636.745209  
9626.987793  
9591.671143  
9635.139801  
9668.137207  
9752.466614  
9629.610657  
9764.06604  
9716.688324  
9641.593079  
9686.174957  
9538.093231  
9669.549988  
9677.071533  
9692.926025  
9605.159851  
9522.204224  
9676.334381  
9825.414276  
9649.1651  
9791.372345  
9663.641296  
9706.045563  
9666.440155  
9744.302368  
9692.048981  
9615.358002  
9486.109314  
9617.275269  
9248.430908  
9828.667328  
9701.137665  
9703.649719  
9725.151428  
9556.076965  
9752.619171  
9717.344055  
9672.096252  
9647.641144  
9677.95575  
9639.170227  
9555.136139  
9491.683289  
9624.904541  
9655.293427  
9667.728821  
9649.062469  
9793.949554  
9731.748688  
9738.122772  
9660.992462  
9764.654724  
9521.908264  
9629.337982  
9580.212036  
9628.93866  
9685.820831  
9471.061249  
9666.783569  
9820.641144  
9751.00174  
9714.909302  
9679.672607  
9618.367188  
9791.148346  
9750.639099  
9694.745117  
9664.412476  
9535.358093  
9543.389313  
9577.381989  
9591.784821  
9591.035675  
9559.107178  
9505.996979  
9616.347931  
9635.23645  
9722.46582  
9645.981262  
9710.375153  
9695.225983  
9735.510773  
9776.134247  
9613.665131  
9795.717102  
9833.22345  
9693.591095  
9767.205078  
9753.529724  
9170.458893  
9714.856018  
9796.514038  
9930.043701  
9613.41684  
9403.451477  
9507.474731  
9523.092621  
9658.729034  
9746.276276  
9395.035614  
9663.570984  
9573.677032  
9625.061523  
9789.72052  
9586.171753  
9736.657471  
9590.124512  
9765.794464  
9733.086823  
9676.128876  
9597.951691  
9555.504883  
9654.06192  
9760.538788  
9734.348785  
9651.300812  
9351.750732  
9766.790894  
9637.707428  
9890.031708  
9655.412384  
9586.473846  
9673.331665  
9723.341095  
9757.678589  
9670.047394  
9648.462555  
9765.828339  
9635.073303  
9636.893311  
9690.535492  
9674.726776  
9699.503754  
9676.556213  
9714.660095  
9683.199615  
9608.326141  
9717.016632  
9697.481628  
9623.46347  
9485.580841  
9768.932922  
9744.231903  
9720.922333  
9704.86792  
9684.064789  
9505.972931  
9727.624756  
9778.365204  
9744.143433  
9649.495605  
9687.012512  
9513.6633  
9491.128571  
9661.355011  
9689.720886  
9686.382965  
9691.398743  
9653.726318  
9631.325897  
9625.05368  
9593.676758  
9765.783142  
9660.024323  
9660.952362  
9669.904327  
9724.016693  
9738.407715  
9703.827026  
9658.91507  
9741.825958  
9688.629456  
9646.919128  
9600.930603  
9504.126526  
9592.481201  
9633.569153  
9704.541565  
9756.973755  
9678.480865  
9654.746826  
9506.197754  
9639.610901  
9563.403809  
9669.024506  
9667.02533  
9649.858582  
9586.148529  
9763.180298  
9529.321106  
9647.362213  
9626.614685  
9718.57782  
9650.599915  
9765.751648  
9675.679169  
9714.096497  
9668.269562  
9621.397308  
9613.638885  
9601.388214  
9778.475586  
9708.806671  
9667.361237  
9654.154938  
9573.485901  
9615.391754  
9723.076843  
9599.06897  
9580.599976  
9857.040466  
9590.972321  
9679.740295  
9657.814423  
9576.10022  
9784.671448  
9558.055389  
9537.693512  
9684.139709  
9721.786163  
9694.775421  
9591.566681  
9542.483734  
9629.731567  
9622.987274  
9732.625916  
9720.090179  
9659.506531  
9651.67923  
9725.884857  
9728.414062  
9733.061737  
9689.8125  
9617.683929  
9791.020691  
9727.435516  
9622.090332  
9719.697937  
9668.43692  
9692.914734  
9722.861267  
9746.60022  
9650.3367  
9656.651215  
9557.84726  
9581.240936  
9685.929688  
9775.554962  
9795.621002  
9658.874664  
9526.072449  
9687.279755  
9756.149658  
9699.275146  
9582.091309  
9586.553894  
9654.978088  
9738.960876  
9660.634125  
9579.409668  
9558.767303  
9631.856415  
9677.601562  
9692.66507  
9609.807373  
9548.701935  
9698.355194  
9621.445801  
9593.653168  
9741.642212  
9487.830994  
9659.616272  
9722.518097  
9722.587769  
9786.562347  
9665.793579  
9711.627106  
9724.108673  
9699.099396  
9698.022644  
9630.685181  
9637.907654  
9645.493439  
9684.618866  
9663.442078  
9492.173889  
9627.62146  
9609.870178  
9745.372131  
9713.950989  
9675.299622  
9659.938843  
9693.144379  
9620.406616  
9665.326172  
9711.101593  
9579.608063  
9586.739075  
9635.944336  
9637.848969  
9726.41153  
9720.329254  
9721.746368  
9641.678223  
9693.705048  
9700.931152  
9678.963654  
9705.893433  
9618.785828  
9590.013397  
9570.027832  
9749.129181  
9824.827362  
9674.02243  
9658.713104  
9647.062408  
9616.274261  
9565.290863  
9622.517883  
9591.984711  
9689.594513  
9567.125  
9645.611969  
9594.422058  
9623.568726  
9707.334595  
9685.627899  
9691.98465  
9730.4245  
9598.660461  
9681.377533  
9589.738342  
9665.094299  
9581.680573  
9582.084106  
9713.523956  
9585.988251  
9584.411499  
9589.342316  
9624.713562  
9697.212311  
9703.856873  
9774.861572  
9812.135162  
9621.330109  
9641.385406  
9713.170166  
9636.171967  
9658.020142  
9653.335052  
9692.8367  
9812.300018  
9688.371368  
9678.150665  
9628.500244  
9727.880188  
9740.29657  
9532.693573  
9678.340424  
9738.832611  
9730.644714  
9693.090332  
9681.081085  
9652.387115  
9589.729034  
9716.831635  
9633.003815  
9794.337952  
9564.377167  
9387.360046  
9583.039886  
9762.851807  
9688.907501  
9715.297363  
9615.7276  
9635.382843  
9629.520233  
9635.408356  
9632.198517  
9720.933563  
9710.214905  
9666.771362  
9692.593933  
9730.877533  
9751.729126  
9497.579651  
9719.27124  
9797.765106  
9715.796997  
9498.241547  
9608.633575  
9664.594635  
9740.66275  
9690.519836  
9654.968231  
9683.502655  
9681.518127  
9739.945312  
9691.897736  
9697.098572  
9617.295746  
9693.726288  
9789.180847  
9632.930298  
9653.043304  
9753.478027  
9734.480743  
9376.576324  
9852.38623  
9559.461212  
9692.523987  
9631.864319  
9631.442383  
9553.062012  
9634.174774  
9588.885468  
9678.130554  
9582.791168  
9522.088318  
9714.40979  
9561.856842  
9573.646515  
9599.940063  
9555.851166  
9730.078705  
9738.546753  
9640.64328  
9793.160522  
9708.754669  
9687.517975  
9611.211639  
9576.456573  
9752.492462  
9793.659546  
9620.830536  
9576.532257  
9558.357727  
9617.742645  
9691.343231  
9582.738434  
9709.5466  
9656.974548  
9723.61615  
9739.043976  
9741.452881  
9610.370117  
9624.498352  
9625.439362  
9637.211975  
9584.309753  
9708.887573  
9763.875885  
9626.234283  
9628.671265  
9633.468964  
9592.877197  
9557.552032  
9692.675018  
9758.989929  
9686.083923  
9587.826843  
9548.437439  
9618.950836  
9635.49527  
9695.612244  
9689.262543  
9686.05304  
9743.755554  
9651.336212  
9765.410217  
9618.474487  
9694.604858  
9705.234314  
9713.135406  
9724.350281  
9674.28653  
9758.117035  
9611.943207  
9599.458069  
9715.564941  
9652.547272  
9679.506958  
9640.019867  
9619.15863  
9764.657959  
9533.296234  
9616.029968  
9627.883453  
9660.329407  
9598.311615  
9743.793182  
9704.467957  
9571.048431  
9607.896973  
9789.78476  
9655.385132  
9608.917297  
9558.381348  
9736.008789  
9593.267548  
9638.450592  
9753.323303  
9758.860107  
9691.213318  
9611.984589  
9669.761566  
9617.419434  
9758.202881  
9632.065399  
9523.850891  
9603.94516  
9594.251129  
9427.772797  
9655.954132  
9667.290894  
9775.564392  
9618.020874  
9575.923218  
9603.885071  
9520.866516  
9567.153717  
9660.928131  
9653.149689  
9625.875702  
9698.285797  
9749.235718  
9768.797089  
9667.371552  
9590.742981  
9681.848114  
9810.798706  
9515.307831  
9622.713074  
9705.866425  
9733.201447  
9710.211609  
9739.518799  
9716.832062  
9715.668671  
9706.511963  
9707.148804  
9466.632843  
9700.498901  
9680.159302  
9725.19986  
9638.25412  
9679.465454  
9647.129913  
9733.917114  
9638.674469  
9778.554901  
9631.565094  
9533.951141  
9731.21225  
9695.415466  
9699.018311  
9437.083191  
9534.44342  
9643.469727  
9641.112457  
9537.982422  
9611.251099  
9672.493256  
9886.221313  
9790.812134  
9707.740082  
9702.334137  
9636.034363  
9061.142273  
9834.391602  
9742.451416  
9681.782196  
9813.621246  
9637.180359  
9623.465271  
9627.002472  
9738.965515  
9598.828918  
9692.204987  
9761.574829  
9593.769653  
9554.360931  
9615.751434  
9615.297363  
9595.816193  
9679.607086  
9917.156006  
9545.005096  
9800.389313  
9854.598511  
9743.569214  
9721.281189  
9737.075989  
9712.458649  
9668.613495  
9584.092041  
9644.410645  
9604.848724  
9547.483887  
9730.380646  
9687.972534  
9686.155518  
9702.876068  
9866.200653  
9543.194092  
9495.382141  
9650.871216  
9574.276398  
9612.572235  
9444.65976  
9659.172729  
9654.053009  
9702.773346  
9644.072571  
9715.26239  
9763.052399  
9756.759705  
9558.160767  
9700.069641  
9683.229218  
9670.687531  
9707.950073  
9648.322815  
9661.761688  
9826.77655  
9668.721832  
9629.680573  
9761.017334  
9654.192627  
9700.681671  
9615.045807  
9599.984772  
9716.956787  
9739.563538  
9651.706635  
9750.883667  
9639.166992  
9533.048553  
9576.288025  
9669.740479  
9661.675903  
9618.527954  
9682.607117  
9558.220337  
9664.276367  
9509.593964  
9446.872314  
9598.917877  
9500.832916  
9578.448273  
9481.822327  
9759.382477  
9722.046997  
9698.901398  
9717.517548  
9761.018402  
9507.270721  
9642.849487  
9614.554871  
9532.830383  
9620.802948  
9738.655457  
9735.077484  
9682.480164  
9772.499268  
9762.538208  
9402.582184  
9740.89975  
9814.031921  
9721.278564  
9716.641235  
9649.921509  
9743.477905  
9641.267395  
9813.521698  
9674.950165  
9770.799225  
9705.177612  
9565.28186  
9625.176514  
9534.509094  
9638.63858  
9719.69519  
9589.420624  
9773.775085  
9722.429657  
9623.88382  
9741.27063  
9560.7258  
9727.237915  
9629.6716  
9520.094696  
9718.368225  
9708.109711  
9728.596466  
9680.397766  
9633.099792  
9636.946899  
9535.247223  
9559.825531  
9640.793182  
9729.632202  
9724.813171  
9708.217957  
9826.536102  
9748.676208  
9612.348846  
9564.18454  
9570.537323  
9688.523407  
9607.518982  
9616.982849  
9727.851868  
9663.026672  
9801.433105  
9664.329834  
9682.00119  
9671.514526  
9718.993958  
9649.357758  
9560.752686  
9646.02179  
9606.623932  
9616.895233  
9582.802704  
9635.19577  
9812.996063  
9695.590149  
9541.775665  
9702.348389  
9755.90921  
9684.434723  
9686.747131  
9726.612549  
9623.640076  
9540.111908  
9764.368225  
9645.176605  
9579.332703  
9555.10202  
9619.909088  
9576.266296  
9632.15036  
9694.708282  
9676.332794  
9768.747437  
9698.010864  
9479.929993  
9520.082428  
9615.383667  
9524.697845  
9454.700165  
9566.650421  
9621.828583  
9664.890259  
9614.946472  
9603.128784  
9685.073608  
9710.92923  
9697.359222  
9850.60611  
9678.130371  
9761.681793  
9798.636566  
9665.474548  
9903.261292  
9598.39032  
9543.890564  
9588.87439  
9610.216827  
9648.399353  
9640.249969  
9734.102509  
9746.381012  
9744.018219  
9709.029541  
9737.908203  
9654.604309  
9655.331146  
9538.931366  
9654.496521  
9688.246185  
9746.650726  
9682.054108  
9743.722931  
9749.313354  
9627.003021  
9708.735779  
9701.523682  
9687.15152  
9765.886078  
9700.935913  
9682.569916  
9626.724091  
9553.664703  
9647.888397  
9734.801361  
9687.993591  
9657.544952  
9621.702454  
9612.231079  
9618.731415  
9629.532745  
9600.688934  
9757.699738  
9655.76297  
9618.93927  
9641.831055  
9571.089661  
9656.657074  
9602.617401  
9766.407745  
9657.452484  
9462.498016  
9570.771576  
9703.062622  
9796.042175  
9687.904877  
9575.787567  
9568.183655  
9686.195221  
9684.520447  
9565.904724  
9526.067261  
9605.282837  
9782.810883  
9537.605621  
9818.400665  
9777.752319  
9591.203339  
9756.715485  
9663.473846  
9763.511047  
9754.853455  
9590.412964  
9759.256744  
9598.076691  
9631.049194  
9725.242096  
9794.386688  
9601.561096  
9666.372406  
9557.003937  
9765.28772  
9610.465729  
9760.455322  
9598.231934  
9611.030823  
9639.71286  
9728.147827  
9734.899353  
9625.635803  
9516.414062  
9631.683289  
9594.136414  
9639.129547  
9646.081757  
9666.233002  
9630.668427  
9690.648529  
9610.309998  
9657.23703  
9653.155579  
9609.575989  
9773.027283  
9675.351318  
9629.953156  
9724.798889  
9611.813751  
9654.122559  
9682.940948  
9654.345398  
9624.000946  
9602.92099  
9675.04126  
9659.546295  
9680.304962  
9727.731262  
9588.026093  
9670.959595  
9633.308472  
9651.096436  
9655.367706  
9758.813171  
9661.695984  
9650.842438  
9779.84845  
9669.24765  
9621.2034  
9695.565308  
9769.350037  
9654.726105  
9677.858765  
9596.020386  
9747.781952  
9577.72522  
9663.785156  
9679.775574  
9616.310699  
9610.977448  
9700.481995  
9680.716461  
9666.904846  
9638.991394  
9620.35791  
9659.721283  
9615.216553  
9508.840057  
9781.803497  
9630.925629  
9721.898132  
9714.138092  
9683.694702  
9778.012878  
9769.85733  
9717.90802  
9656.21344  
9699.970062  
9578.26651  
9556.67514  
9692.258881  
9713.80545  
9522.037872  
9607.36908  
9601.727112  
9635.796753  
9695.277283  
9551.78656  
9694.363007  
9747.454102  
9678.668762  
9665.791473  
9616.538116  
9536.427368  
9599.608093  
9691.431702  
9671.339203  
9636.181793  
9814.727448  
9685.774994  
9639.451782  
9538.842621  
9657.439087  
9660.656708  
9561.481689  
9641.78302  
9584.942932  
9479.015594  
9655.816345  
9266.407257  
9800.196655  
9709.125092  
9759.072113  
9693.772247  
9638.246857  
9545.989868  
9692.688873  
9658.383942  
9259.694885  
9601.283295  
9685.87265  
9664.097412  
9706.277313  
9644.123444  
9674.182434  
9651.743469  
9504.559296  
9773.768585  
9861.627075  
9670.55722  
9664.27713  
9677.859131  
9769.888641  
9579.898956  
9600.317047  
9683.6474  
9600.979187  
9707.589691  
9656.199524  
9717.296448  
9673.885742  
9737.57724  
9569.748535  
9648.48642  
9602.821014  
9776.693604  
9684.997955  
9620.446167  
9670.772644  
9679.803802  
9775.468597  
9596.51593  
9578.419006  
9586.205933  
9720.246368  
9612.190887  
9670.252991  
9700.94812  
