6553.942975  
6564.617414  
6549.134933  
6531.231744  
6540.467923  
6540.898832  
6548.952527  
6539.469561  
6565.774648  
6561.869437  
6537.005144  
6549.878013  
6568.015216  
6555.798426  
6532.893782  
6542.723764  
6537.594811  
6529.859809  
6518.730377  
6561.23234  
6561.460901  
6570.728851  
6565.47789  
6572.233753  
6556.21587  
6524.463629  
6565.201393  
6565.271509  
6558.983904  
6565.334242  
6573.635081  
6574.405525  
6530.535797  
6526.95092  
6568.584366  
6592.990399  
6538.376506  
6526.799387  
6531.051081  
6540.586624  
6549.053473  
6560.588184  
6569.752445  
6565.61038  
6539.094787  
6558.295017  
6586.118731  
6538.107006  
6562.130911  
6563.650897  
6559.726317  
6584.355932  
6599.763473  
6568.246247  
6552.051372  
6530.065673  
6556.222329  
6540.296215  
6558.222655  
6570.76428  
6555.055964  
6527.397921  
6550.815441  
6560.155741  
6539.510764  
6563.444043  
6566.861474  
6550.926127  
6534.217301  
6549.492856  
6532.083037  
6527.652114  
6510.941272  
6549.300208  
6530.863423  
6530.507474  
6547.866418  
6563.771062  
6554.067416  
6562.430046  
6559.053622  
6531.84976  
6515.938204  
6564.347959  
6584.499456  
6565.856017  
6562.340222  
6577.272675  
6592.266444  
6553.43921  
6556.981878  
6596.134345  
6568.093115  
6552.653071  
6569.685415  
6551.838833  
6581.330868  
6573.14813  
6536.903329  
6538.500418  
6545.521667  
6561.342102  
6547.845833  
6539.070769  
6544.737321  
6541.675837  
6535.564201  
6571.518642  
6600.018776  
6539.066932  
6507.013247  
6585.242781  
6546.199151  
6556.988788  
6576.132851  
6533.251038  
6524.634925  
6553.318038  
6518.30848  
6498.164038  
6521.133771  
6457.802136  
6501.310609  
6533.476752  
6578.29719  
6538.943578  
6565.106355  
6577.939867  
6546.682283  
6566.903422  
6567.525802  
6584.431947  
6564.622037  
6551.872032  
6553.791532  
6559.575745  
6557.761484  
6563.916617  
6565.034139  
6584.238957  
6530.377297  
6532.037494  
6562.757378  
6529.438408  
6520.478312  
6545.03611  
6551.449195  
6514.164937  
6551.569064  
6572.737848  
6540.888722  
6546.67429  
6542.319888  
6535.493  
6512.990311  
6541.76111  
6563.491084  
6557.952285  
6549.32728  
6563.720439  
6533.992274  
6544.023524  
6541.522602  
6551.395077  
6551.008924  
6530.868216  
6537.812001  
6547.320091  
6535.790631  
6542.593425  
6552.387837  
6565.067455  
6576.026852  
6563.065405  
6566.52456  
6576.992943  
6547.361304  
6554.145641  
6520.895853  
6557.045999  
6565.769736  
6574.370137  
6543.843943  
6550.822335  
6572.469443  
6540.281132  
6570.307469  
6540.523239  
6548.811432  
6583.957434  
6576.462337  
6572.771993  
6573.728253  
6552.49237  
6539.846299  
6552.93536  
6555.674063  
6555.26246  
6557.89682  
6530.919345  
6556.296527  
6555.149134  
6559.870961  
6551.429498  
6551.517903  
6534.247048  
6538.261217  
6533.560643  
6554.058974  
6557.070516  
6561.365743  
6559.394435  
6555.038175  
6543.77924  
6541.709579  
6518.052725  
6533.857888  
6561.46296  
6548.899964  
6557.5856  
6555.609722  
6548.279596  
6522.125192  
6554.462602  
6548.134471  
6558.261993  
6546.412266  
6554.962914  
6573.590121  
6566.388892  
6571.659271  
6544.206314  
6574.638002  
6558.208738  
6556.999197  
6571.671605  
6554.116982  
6546.226131  
6549.264453  
6544.772275  
6566.855776  
6577.164993  
6539.069365  
6557.621793  
6545.268143  
6534.232113  
6518.072703  
6525.804651  
6530.581603  
6528.961159  
6550.340144  
6548.108728  
6558.675148  
6542.13254  
6554.672942  
6527.621349  
6543.23499  
6578.475635  
6550.664468  
6563.626906  
6539.985717  
6533.855507  
6536.300435  
6531.693403  
6542.766843  
6551.06375  
6573.870909  
6564.322035  
6557.147816  
6557.307006  
6546.351302  
6537.487154  
6565.91489  
6559.429277  
6560.474319  
6566.412453  
6579.180769  
6590.460702  
6563.718508  
6556.208606  
6524.906392  
6556.996829  
6559.788453  
6514.976973  
6513.836377  
6505.618613  
6520.723434  
6538.37644  
6545.604897  
6586.536123  
6574.779354  
6526.113899  
6549.757653  
6577.855372  
6555.823062  
6540.575575  
6524.314223  
6559.473056  
6572.881277  
6573.157892  
6537.912319  
6543.846365  
6552.787924  
6565.818116  
6573.658285  
6575.730359  
6563.585301  
6579.699339  
6551.836858  
6561.079837  
6559.903851  
6554.921491  
6533.067474  
6507.74258  
6546.928272  
6544.640104  
6535.422043  
6539.867574  
6529.150203  
6529.402608  
6559.667007  
6571.099435  
6541.09697  
6542.399488  
6520.506182  
6516.787392  
6524.60837  
6555.024265  
6581.78288  
6573.707137  
6548.935841  
6545.940223  
6538.743513  
6556.465022  
6538.013014  
6540.446969  
6549.177615  
6548.38508  
6536.69394  
6494.27776  
6537.735361  
6567.588308  
6555.853121  
6532.31177  
6549.509516  
6585.290719  
6572.473375  
6571.213121  
6540.001267  
6521.719448  
6540.106142  
6590.728701  
6537.790822  
6588.465659  
6538.213847  
6553.5849  
6543.755178  
6483.071771  
6493.658189  
6495.773848  
6533.185765  
6515.419451  
6562.551094  
6525.661986  
6533.933563  
6509.9202  
6517.933185  
6520.71024  
6518.318783  
6543.096931  
6542.827017  
6579.350177  
6549.036803  
6541.6951  
6594.41373  
6593.711695  
6587.727385  
6541.382078  
6544.984946  
6548.657774  
6588.34657  
6594.86678  
6643.469985  
6598.659993  
6586.432064  
6589.609012  
6579.719242  
6569.85378  
6555.630264  
6554.272337  
6572.496036  
6579.051781  
6565.238027  
6585.435172  
6583.508795  
6607.512168  
6602.07176  
6563.626145  
6567.955524  
6559.974507  
6582.263918  
6571.585969  
6562.964873  
6564.501855  
6565.613578  
6556.861337  
6549.302375  
6623.066497  
6560.8338  
6549.481861  
6516.736658  
6560.131662  
6553.951801  
6487.683562  
6559.210564  
6521.14508  
6517.12758  
6527.147399  
6517.952353  
6476.987444  
6458.427555  
6487.507257  
6470.87623  
6514.826773  
6513.651629  
6527.139209  
6515.944787  
6518.997647  
6557.492207  
6552.2891  
6582.12961  
6562.386878  
6505.045075  
6580.506327  
6571.927908  
6582.49275  
6572.830651  
6593.790607  
6558.430368  
6546.726749  
6557.549515  
6568.16867  
6551.006575  
6538.110893  
6557.949627  
6539.437119  
6575.040558  
6561.132547  
6574.934101  
6550.520855  
6537.057916  
6533.50144  
6539.721351  
6553.959692  
6515.331257  
6529.91895  
6552.364985  
6571.343942  
6535.477196  
6565.045287  
6564.568945  
6562.756972  
6610.223457  
6617.338884  
6596.744556  
6598.912345  
6573.835899  
6553.816795  
6533.390835  
6553.778338  
6566.010981  
6529.314888  
6576.165807  
6579.600327  
6545.714395  
6557.560158  
6565.977395  
6556.953298  
6558.853843  
6547.144435  
6500.831525  
6574.091508  
6585.330907  
6562.756664  
6580.419027  
6567.093374  
6599.887327  
6552.653979  
6552.609989  
6545.638158  
6488.503115  
6513.175254  
6486.681727  
6467.679719  
6504.341203  
6474.502862  
6502.155315  
6497.042604  
6519.623174  
6498.170329  
6512.713831  
6512.998202  
6530.879607  
6504.396366  
6502.903278  
6554.874469  
6566.272867  
6564.339245  
6586.412153  
6596.989396  
6595.084253  
6599.488628  
6614.143747  
6595.627776  
6590.974203  
6581.497667  
6559.683596  
6577.033372  
6361.685921  
6580.17374  
6593.538823  
6564.53921  
6530.51102  
6521.682832  
6525.793893  
6527.205196  
6519.535243  
6527.251779  
6596.016173  
6575.266768  
6549.291985  
6503.881265  
6534.213986  
6546.924305  
6537.957838  
6560.588192  
6561.211217  
6564.280983  
6548.83455  
6544.042043  
6544.320734  
6539.228941  
6539.191778  
6541.989818  
6609.48027  
6630.654847  
6661.196046  
6580.786342  
6561.342119  
6509.385949  
6466.856788  
6509.337273  
6504.291127  
6514.791355  
6525.137926  
6555.418987  
6543.845684  
6549.179896  
6562.156152  
6536.680721  
6563.1489  
6591.527234  
6566.729919  
6544.863747  
6580.709852  
6607.76259  
6592.920077  
6575.069363  
6568.290844  
6582.055177  
6578.707678  
6596.404603  
6585.564256  
6602.18953  
6542.997169  
6563.406008  
6571.590961  
6528.930854  
6517.235894  
6518.213492  
6530.519811  
6515.187227  
6519.155879  
6534.453187  
6558.143181  
6548.109414  
6528.94706  
6546.194154  
6555.820831  
6544.847489  
6573.429308  
6580.782565  
6586.58153  
6596.588818  
6586.17911  
6561.280513  
6572.422905  
6588.795494  
6582.632156  
6572.061552  
6557.151599  
6562.117524  
6547.468268  
6552.959006  
6534.522836  
6549.110914  
6559.217233  
6513.43435  
6526.206921  
6536.860547  
6582.696041  
6574.031116  
6594.924364  
6578.084858  
6565.514811  
6594.309256  
6556.166585  
6537.450998  
6566.738617  
6525.123697  
6506.108628  
6492.966773  
6523.511781  
6532.117682  
6534.377546  
6536.673818  
6557.110602  
6576.20681  
6481.191379  
6518.722139  
6571.085254  
6583.462222  
6566.515688  
6542.274317  
6539.305946  
6532.049689  
6513.43247  
6513.259253  
6532.243256  
6623.546751  
6574.519936  
6563.829137  
6541.222312  
6549.643345  
6555.3211  
6558.680248  
6505.495064  
6493.968998  
6590.491674  
6545.871403  
6555.438538  
6546.514807  
6552.674859  
6589.897603  
6614.131576  
6550.645188  
6571.586528  
6571.42378  
6563.220068  
6534.919992  
6549.429358  
6554.36587  
6549.657361  
6554.373731  
6572.152461  
6576.812899  
6543.029994  
6563.216883  
6527.865892  
6560.09866  
6533.552283  
6577.462802  
6603.142044  
6601.608849  
6581.117611  
6556.481062  
6581.833878  
6600.887504  
6530.615211  
6502.049078  
6507.932501  
6547.00342  
6569.859967  
6596.291725  
6545.145676  
6524.285658  
6548.79763  
6533.772352  
6526.079338  
6613.698862  
6598.608222  
6586.076716  
6569.775792  
6556.389951  
6480.707695  
6551.780529  
6581.880207  
6601.917288  
6511.458452  
6503.44773  
6490.855641  
6547.545372  
6634.026744  
6622.872886  
6582.241587  
6555.775047  
6572.047385  
6554.96813  
6561.032588  
6544.409764  
6477.67685  
6533.092777  
6532.21318  
6601.125973  
6484.032411  
6589.377682  
6584.65265  
6561.815517  
6554.082938  
6528.992077  
6525.096675  
6526.972113  
6522.971275  
6504.386741  
6516.748128  
6464.216894  
6440.681512  
6533.91104  
6561.817853  
6577.705105  
6525.238053  
6600.500311  
6581.530867  
6564.287588  
6564.516546  
6533.567169  
6535.113368  
6521.894778  
6516.05421  
6552.056613  
6439.640972  
6502.194335  
6511.148152  
6550.124002  
6631.872295  
6606.141511  
6558.549922  
6535.113621  
6520.68831  
6530.116345  
6527.215796  
6503.662098  
6473.291267  
6507.075843  
6471.954786  
6539.176702  
6524.446945  
6525.938867  
6538.840374  
6553.165887  
6585.017434  
6417.88831  
6594.022339  
6609.52344  
6557.036494  
6573.788773  
6541.973416  
6556.118208  
6547.767311  
6609.935125  
6639.73354  
6641.005043  
6630.747635  
6622.852385  
6162.874371  
6299.665327  
6517.821483  
6566.24712  
6472.725836  
6499.974271  
6578.879313  
6615.673461  
6620.474623  
6528.504288  
6502.339919  
6567.211449  
6563.808927  
6571.198214  
6575.166186  
6551.280008  
6573.855428  
6540.725009  
6582.684565  
6566.390247  
6556.319921  
6537.777077  
6579.637432  
6595.043467  
6581.05569  
6530.522553  
6466.170034  
6378.040855  
6629.769351  
6601.49085  
6531.645469  
6537.17506  
6519.958267  
6551.749085  
6594.128537  
6585.672556  
6558.24098  
6555.50375  
6536.950154  
6583.973423  
6578.643295  
6561.366908  
6556.591614  
6572.38441  
6576.058498  
6529.281882  
6514.600658  
6507.370895  
6537.014053  
6577.337389  
6580.294023  
6535.579896  
6584.757001  
6636.8291  
6615.319347  
6607.739641  
6553.708573  
6582.353236  
6589.047505  
6600.12543  
6571.16637  
6527.813274  
6522.798625  
6508.393921  
6531.016597  
6585.38931  
6619.033184  
6602.351658  
6570.468611  
6571.637343  
6595.652473  
6583.437537  
6561.297089  
6551.028902  
6573.014236  
6555.95077  
6542.559967  
6581.240198  
6588.030771  
6582.681283  
6565.046207  
6546.465001  
6531.89011  
6500.01389  
6525.410074  
6543.625211  
6552.395479  
6527.781799  
6527.77065  
6502.605779  
6529.589209  
6568.549644  
6478.460205  
6581.485055  
6546.574932  
6562.35765  
6562.228716  
6574.022897  
6576.817426  
6557.440625  
6552.047431  
6542.882731  
6568.923323  
6581.146916  
6566.328615  
6561.934698  
6571.099808  
6577.16651  
6565.407448  
6551.888267  
6550.934236  
6551.73872  
6569.776492  
6557.517239  
6557.345002  
6547.599658  
6566.058021  
6541.215469  
6502.166703  
6539.406324  
6543.290517  
6532.576981  
6507.061437  
6523.500971  
6559.089863  
6536.481132  
6502.377279  
6497.430724  
6527.221873  
6589.05013  
6539.609282  
6530.583773  
6523.940438  
6534.623387  
6543.367188  
6558.459632  
6581.007839  
6552.069513  
6542.540273  
6567.781803  
6546.739027  
6584.485427  
6570.988801  
6578.195774  
6601.48176  
6578.292065  
6559.179584  
6577.938808  
6590.087266  
6578.423464  
6539.851862  
6560.640022  
6574.281357  
6521.718579  
6515.576806  
6530.480692  
6568.929394  
6564.994213  
6596.387778  
6592.699329  
6577.139849  
6568.555782  
6570.171742  
6591.00204  
6539.072906  
6478.863703  
6447.047146  
6589.547328  
6574.205618  
6533.212962  
6527.590243  
6531.203602  
6558.176175  
6554.096449  
6501.127774  
6504.599749  
6532.555026  
6525.834895  
6506.755386  
6515.428373  
6535.529401  
6519.388261  
6573.566645  
6597.911148  
6590.371448  
6594.972302  
6539.136378  
6565.799348  
6570.449509  
6537.452182  
6536.95592  
6526.049031  
6535.754829  
6528.47443  
6528.17299  
6477.881967  
6470.926883  
6531.063848  
6560.85726  
6555.038899  
6535.33535  
6580.019545  
6610.238659  
6595.446178  
6577.604325  
6576.031898  
6559.162746  
6567.205971  
6588.033229  
6600.458979  
6579.085664  
6590.23715  
6579.057058  
6607.124982  
6614.076405  
6575.63068  
6575.725978  
6579.28959  
6589.712404  
6579.305144  
6549.055092  
6525.604714  
6566.51192  
6577.580132  
6542.187436  
6549.719071  
6506.430489  
6463.186685  
6497.862337  
6532.945676  
6553.38858  
6552.558644  
6542.490322  
6550.795106  
6525.51773  
6488.193676  
6539.204143  
6565.650178  
6542.867774  
6525.362911  
6550.374109  
6536.515025  
6517.864338  
6503.031803  
6520.48074  
6483.877381  
6523.806671  
6490.915808  
6504.686424  
6560.117302  
6607.141839  
6604.663792  
6590.635031  
6570.214442  
6552.189599  
6592.180913  
6579.660559  
6578.084516  
6548.878776  
6489.10132  
6589.219434  
6576.004209  
6587.465522  
6571.554998  
6555.763323  
6594.145492  
6557.464143  
6567.479174  
6545.162685  
6581.355043  
6604.528261  
6590.320672  
6557.339865  
6559.231602  
6581.195938  
6582.108916  
6546.894184  
6548.929567  
6561.679037  
6520.05948  
6049.504719  
6535.467134  
6598.03351  
6599.746975  
6572.023291  
6565.459753  
6532.084295  
6541.467786  
6551.140497  
6555.260434  
6585.909611  
6603.192635  
6579.855836  
6584.907277  
6551.451157  
6531.830589  
6541.41451  
6563.222344  
6545.664073  
6527.358057  
6526.310568  
6576.216004  
6611.730762  
6606.515484  
6562.824402  
6560.095923  
6555.267095  
6561.832868  
6544.564124  
6539.523159  
6509.020375  
6536.86668  
6574.931192  
6558.468924  
6572.881664  
6485.723413  
6558.18139  
6602.753836  
6319.363605  
6581.624177  
6541.397191  
6576.013461  
6581.218442  
6596.00202  
6538.081099  
6535.236758  
6553.672618  
6549.472413  
6558.535221  
6573.837672  
6524.782749  
6514.63892  
6539.539036  
6549.71035  
6582.849271  
6601.103228  
6573.540516  
6571.090709  
6564.113096  
6576.060602  
6558.4605  
6540.941147  
6548.098413  
6574.084954  
6569.114938  
6549.993041  
6541.476346  
6537.664773  
6526.384054  
6533.460007  
6520.099525  
6556.310488  
6547.545548  
6550.44048  
6567.31634  
6550.495942  
6539.155979  
6527.281731  
6546.820691  
6558.318204  
6537.733613  
6516.191965  
6552.412119  
6551.68742  
6536.508824  
6547.435967  
6523.083562  
6533.780863  
6572.865266  
6547.057113  
6536.585876  
6529.993618  
6529.770307  
6567.312887  
6549.196803  
6575.324869  
6558.905126  
6586.959091  
6610.571344  
6588.536505  
6565.730704  
6571.303461  
6552.889837  
6535.95595  
6591.786643  
6598.742251  
6557.305908  
6569.285255  
6579.483108  
6563.475883  
6538.034509  
6540.291047  
6534.024994  
6518.615198  
6532.80171  
6540.019676  
6534.357725  
6543.120583  
6583.968576  
6617.90977  
6551.115283  
6543.785528  
6559.456897  
6579.801155  
6566.572761  
6564.654098  
6525.585886  
6517.268408  
6552.935688  
6579.896889  
6563.907197  
6572.743796  
6581.175338  
6562.049471  
6571.002818  
6571.668443  
6553.756016  
6505.419232  
6500.931067  
6487.999642  
6539.702615  
6498.758624  
6501.824261  
6502.372896  
6561.198515  
6530.850744  
6524.713572  
6542.326486  
6506.152055  
6523.289803  
6538.244686  
6546.354285  
6545.479438  
6550.877652  
6572.302975  
6601.715246  
6575.73028  
6550.267993  
6539.48581  
6561.847398  
6583.551733  
6531.583589  
6520.753499  
6558.895559  
6590.82757  
6592.65379  
6571.294726  
6588.081567  
6602.938877  
6577.882438  
6519.378147  
6520.526782  
6499.405527  
6571.503289  
6520.789956  
6542.87218  
6566.14423  
6588.396542  
6579.414458  
6600.144731  
6563.039484  
6519.89368  
6533.128642  
6547.476692  
6602.428214  
6552.853047  
6493.792363  
6480.327069  
6564.27406  
6561.519811  
6576.229163  
6562.153537  
6604.419521  
6583.136873  
6572.815257  
6560.836517  
6575.533639  
6576.145036  
6570.641046  
6136.183689  
6607.52195  
6545.270696  
6567.3141  
6602.42344  
6568.753416  
6553.22744  
6540.20654  
6535.706491  
6553.692252  
6533.108741  
6515.36036  
6516.551799  
6548.674807  
6581.735936  
6569.786816  
6609.704007  
6616.574577  
6545.631894  
6576.712301  
6591.082602  
6569.08032  
6552.590365  
6553.516244  
6548.927739  
6557.778436  
6491.331123  
6523.234905  
6515.78539  
6529.061959  
6536.844541  
6572.230389  
6612.984368  
6562.142651  
6555.525535  
6545.600345  
6518.167783  
6473.980662  
6532.750732  
6544.443426  
6535.786888  
6565.925885  
6587.898069  
6574.536004  
6577.025583  
6594.821732  
6564.720996  
6555.751749  
6541.612669  
6548.333857  
6538.646101  
6552.812102  
6524.859392  
6489.874141  
6539.332941  
6569.949801  
6575.219457  
6499.415434  
6529.311663  
6581.019462  
6544.715062  
6474.83273  
6522.608488  
6574.345998  
6607.64825  
6569.69517  
6560.649515  
6542.077626  
6560.355202  
6539.542078  
6561.991627  
6552.855976  
6550.474606  
6534.313868  
6463.364556  
6496.364892  
6462.11124  
6486.622585  
6494.658691  
6521.109567  
6500.59746  
6507.343543  
6504.35142  
6538.000151  
6537.663768  
6572.48099  
6551.21059  
6543.873639  
6548.364494  
6539.616656  
6512.268602  
6539.920767  
6572.943269  
6599.176997  
6587.519415  
6584.20367  
6576.414658  
6560.295459  
6275.325505  
6562.109527  
6665.23576  
6636.465346  
6601.655888  
6569.577215  
6551.517473  
6581.918215  
6585.779635  
6574.238427  
6561.295961  
6596.239234  
6572.985499  
6550.672736  
6517.488439  
6619.095205  
6589.028831  
6578.727614  
6587.578638  
6576.707377  
6552.697985  
6546.824506  
6550.864517  
6559.64972  
6533.3572  
6522.005326  
6597.738012  
6595.866119  
6552.206491  
6538.024645  
6517.131729  
6542.681136  
6529.211575  
6548.376172  
6591.199949  
6602.83338  
6599.239257  
6533.970616  
6569.492625  
6545.151688  
6547.799918  
6579.146933  
6665.347158  
6618.245224  
6577.284844  
6555.666567  
6569.726175  
6584.272974  
6559.233847  
6554.88118  
6544.70259  
6552.644145  
6573.357638  
6564.190105  
6562.61545  
6530.366814  
6552.795345  
6511.090506  
6554.805877  
6521.566139  
6572.817143  
6492.579087  
6529.409987  
6579.661577  
6600.000735  
6552.948589  
6550.811135  
6556.923712  
6535.690203  
6521.42415  
6516.567722  
6520.168408  
6501.561044  
6497.254601  
6511.569432  
6520.467836  
6547.435579  
6550.625519  
6498.205043  
6477.992154  
6489.926836  
6474.947817  
6517.925266  
6508.740515  
6517.244133  
6507.707615  
6562.114838  
6573.472843  
6578.64552  
6551.332644  
6508.330542  
6532.165895  
6546.268042  
6582.413849  
6544.186426  
6571.308495  
6604.716197  
6595.356276  
6564.092272  
6580.919044  
6499.559306  
6559.784521  
6531.560908  
6547.661754  
6528.427366  
6548.585764  
6611.551991  
6567.926497  
6576.032489  
6580.462936  
6532.360196  
6556.695207  
6515.348208  
6562.381886  
6583.82088  
6583.066228  
6590.7018  
6606.247809  
6572.188449  
6560.724456  
6531.279172  
6532.358735  
6509.644974  
6601.821706  
6588.466485  
6563.190303  
6556.178823  
6594.095037  
6574.109715  
6556.418699  
6555.811719  
6557.546194  
6553.997054  
6553.795424  
6541.455735  
6540.294129  
6561.85661  
6562.663944  
6536.06173  
6563.098376  
6541.847703  
6528.375598  
6543.727731  
6577.991333  
6572.316224  
6542.676373  
6542.062914  
6470.683579  
6517.019135  
6588.087484  
6539.069027  
6535.408312  
6534.282655  
6548.834155  
6565.319877  
6518.97569  
6510.67268  
6499.01604  
6532.540453  
6578.683445  
6546.894939  
6566.368518  
6547.139658  
6559.704981  
6571.390304  
6614.668183  
6603.713792  
6546.901587  
6543.103649  
6551.365914  
6537.894191  
6586.090326  
6559.044376  
6549.11367  
6552.415816  
6536.655321  
6547.271029  
6554.943311  
6520.24326  
6478.580225  
6510.153137  
6557.221088  
6578.411687  
6538.497861  
6508.835504  
6521.297899  
6517.078126  
6540.693822  
6502.523254  
6555.305383  
6540.422699  
6564.443883  
6556.283359  
6543.99441  
6557.353723  
6583.372327  
6574.245503  
6562.48544  
6571.832612  
6586.222319  
6554.182853  
6574.003504  
6566.51883  
6577.914864  
6562.290682  
6560.225009  
6579.579916  
6555.734899  
6578.168381  
6587.802084  
6563.102671  
6563.967264  
6587.037263  
6557.808784  
6575.357588  
6533.849311  
6589.469854  
6608.326808  
6585.472073  
6547.916581  
6553.814741  
6547.021919  
6562.228131  
6561.711144  
6572.321119  
6522.246218  
6523.948073  
6557.147595  
6536.125038  
6544.124092  
6548.7898  
6549.497034  
6556.27813  
6514.211846  
6566.788913  
6573.215561  
6534.964488  
6561.665625  
6535.306147  
6542.922001  
6566.489968  
6484.694503  
6611.277939  
6582.801856  
6581.298992  
6592.838476  
6582.316651  
6589.68319  
6601.472808  
6550.479032  
6556.276999  
6562.221707  
6538.10061  
6564.00281  
6585.988911  
6568.577531  
6519.995745  
6543.936873  
6594.27589  
6603.5526  
6545.532341  
6520.450115  
6561.278939  
6543.775405  
6565.505748  
6549.67507  
6507.582793  
6456.404609  
6525.221127  
6524.787717  
6501.518347  
6529.550317  
6485.321146  
6497.402138  
6508.188557  
6472.712736  
6479.317184  
6502.366513  
6517.641214  
6502.86541  
6506.038524  
6503.71852  
6521.119138  
6318.443399  
6661.825691  
6608.342298  
6566.339336  
6578.079165  
6564.942379  
6569.23312  
6573.202846  
6578.352617  
6444.462101  
6547.738336  
6526.342283  
6574.08895  
6555.400273  
6558.930146  
6597.860757  
6575.079753  
6565.564126  
6575.104554  
6559.501382  
6570.950881  
6572.627859  
6559.672519  
6557.02871  
6522.814992  
6538.204257  
6550.012523  
6560.000576  
6555.623984  
6573.494522  
6552.937321  
6568.237996  
6529.711486  
6517.161693  
6560.416424  
6461.635771  
6542.933617  
6528.042029  
6543.698495  
6575.899662  
6562.487403  
6541.365499  
6545.673861  
6561.266402  
6564.032238  
6585.684742  
6550.637278  
6550.45882  
6561.911065  
