8324.757278  
8321.736093  
8323.307622  
8324.404428  
8317.645458  
8278.948545  
8255.746343  
8297.031137  
8322.703616  
8215.547343  
8200.335856  
8206.65811  
8207.369155  
8159.484553  
8182.226893  
8198.761692  
8154.323622  
8187.279881  
8276.157767  
8229.960479  
8251.782273  
8271.947857  
8275.307419  
8204.745324  
8258.613702  
8273.777996  
8281.428852  
8240.54853  
8220.992158  
8209.481813  
8255.988147  
8208.049644  
8227.489238  
8205.506008  
8273.714329  
8228.622608  
8261.088084  
8232.453584  
8214.56979  
8231.683679  
8245.495542  
8297.28136  
8258.317071  
8279.794981  
8249.659877  
8242.330699  
8247.696383  
8318.273685  
8356.828417  
8308.137411  
8350.405324  
8388.83389  
8275.557086  
8264.249912  
8246.39612  
8250.283121  
8265.234462  
8269.676302  
8271.107066  
8231.024652  
8250.808938  
8252.593475  
8300.916337  
8292.299551  
8265.131023  
8254.690164  
8240.8719  
8193.886144  
8187.850042  
8246.312024  
8185.978032  
8208.806763  
8215.532896  
8214.818514  
8216.358598  
8192.064597  
8223.998342  
8191.127718  
8217.98459  
8305.788508  
8310.664032  
8232.356833  
8248.154226  
8291.629977  
8324.44589  
8251.201682  
8292.402869  
8329.379208  
8269.355073  
8257.908999  
8247.965962  
8257.613071  
8239.901851  
8204.326883  
8203.864326  
8177.838487  
8240.720434  
8269.057684  
8309.897767  
8274.687602  
8255.537763  
8240.791424  
8229.277491  
8292.261951  
8361.071067  
8296.15621  
8269.690008  
8236.267688  
8178.964987  
8175.931523  
8216.639265  
8232.1808  
8218.610166  
8239.750885  
8199.630896  
8201.214082  
8220.853863  
8246.842973  
8249.770605  
8238.368807  
8212.43598  
8188.534788  
8182.745825  
8220.305381  
8302.092483  
8334.366236  
8278.768386  
8256.218747  
8266.845974  
8219.534306  
8226.596746  
8265.042718  
8277.444141  
8271.670614  
8271.091854  
8265.602211  
8241.736963  
8197.047118  
8261.121687  
8257.365978  
8208.241857  
8227.61254  
8267.248739  
8239.762196  
8245.251918  
8256.531899  
8243.211535  
8229.442375  
8268.799851  
8259.312477  
8252.232289  
8250.343942  
8283.440652  
8228.374957  
8223.889188  
8263.988963  
8265.015135  
8244.153113  
8259.227782  
8276.232433  
8233.355155  
8203.69359  
8181.322253  
8179.755062  
8233.616531  
8249.772924  
8267.595683  
8280.888771  
8278.08251  
8273.546819  
8263.845783  
8309.524462  
8308.56806  
8256.49396  
8281.362431  
8251.756865  
8193.205276  
8259.408843  
8229.824919  
8237.011493  
8243.006689  
8271.041082  
8248.199072  
8309.537993  
8301.615214  
8224.863032  
8261.200625  
8253.530362  
8274.117653  
8337.63036  
8347.630298  
8326.488771  
8277.64541  
8238.394908  
8279.803176  
8290.26547  
8261.792946  
8252.885342  
8269.747877  
8198.997848  
8249.469952  
8289.43934  
8279.745533  
8265.739894  
8241.512008  
8195.079794  
8200.934558  
8234.953984  
8239.871525  
8259.978755  
8271.021559  
8218.77771  
8251.729304  
8271.271018  
8226.154941  
8224.327479  
8247.219401  
8210.125406  
8242.064767  
8273.305956  
8289.352749  
8285.946512  
8252.083705  
8258.295092  
8244.502509  
8245.807175  
8248.087512  
8275.444894  
8276.599866  
8283.338507  
8332.072983  
8300.825401  
8209.158783  
8260.396648  
8254.387354  
8252.6874  
8252.059716  
8260.699826  
8258.674497  
8306.921339  
8290.222227  
8286.195325  
8240.719858  
8218.396293  
8263.151682  
8252.801991  
8165.453151  
8189.624059  
8183.684142  
8240.400316  
8293.618689  
8214.612005  
8242.818109  
8249.807931  
8243.195385  
8248.705305  
8235.81577  
8248.377602  
8255.130697  
8246.062753  
8254.954545  
8206.593934  
8232.628654  
8260.296958  
8187.72581  
8198.815019  
8279.240863  
8282.181616  
8267.749543  
8250.735812  
8251.670885  
8233.839099  
8251.263921  
8283.441187  
8296.739139  
8299.612578  
8303.654479  
8317.607153  
8332.527617  
8267.244338  
8262.496993  
8277.007075  
8235.214969  
8210.866302  
8289.863286  
8232.766815  
8206.52125  
8234.108397  
8249.13624  
8283.231473  
8257.394559  
8222.197244  
8235.784415  
8255.35654  
8269.583056  
8236.121264  
8214.898442  
8237.651744  
8201.929436  
8288.590284  
8260.118614  
8268.827423  
8278.672386  
8301.981748  
8332.629881  
8316.229556  
8274.118329  
8281.492095  
8231.366344  
8231.801854  
8239.640656  
8224.219223  
8199.829412  
8209.871686  
8248.800872  
8249.973874  
8214.74739  
8239.677595  
8205.24216  
8215.010517  
8257.448204  
8255.81171  
8306.223943  
8255.095332  
8281.959661  
8177.364956  
8251.86078  
8265.390897  
8246.798034  
8313.082765  
8283.053787  
8282.016677  
8257.940716  
8222.603414  
8219.903697  
8213.127979  
8265.825461  
8216.93317  
8239.1731  
8269.756702  
8258.267648  
8277.694084  
8219.831291  
8315.040727  
8264.708181  
8297.765229  
8316.532885  
8291.440983  
8283.515639  
8257.755618  
8319.936284  
8186.085323  
8273.490982  
8250.313385  
8250.33203  
8225.697967  
8192.380173  
8124.148425  
8168.954318  
8140.011201  
8269.54053  
8288.394772  
8340.78888  
8272.57287  
8275.462297  
8206.100478  
8215.59861  
8240.76259  
8201.092773  
8205.357236  
8232.419775  
8258.494371  
8188.684301  
8235.455376  
8243.237076  
8258.947394  
8279.831183  
8277.804332  
8230.609684  
8230.284852  
8316.451212  
8281.316797  
8255.272722  
8282.990006  
8294.89997  
8265.992116  
8253.972475  
8276.11601  
8272.702192  
8231.632349  
8276.431556  
8223.413823  
8221.128069  
8233.418992  
8305.578734  
8319.444778  
8319.897365  
8344.189649  
8286.484185  
8238.456663  
8295.270735  
8270.734118  
8301.803768  
8291.854265  
8240.661831  
8241.674029  
8350.57009  
8324.511206  
8277.464712  
8208.786545  
8177.164844  
8228.206673  
8256.541884  
8249.223576  
8294.865795  
8182.421878  
8192.491481  
8235.091145  
8221.356411  
8158.065609  
8143.394536  
8213.022399  
8179.157624  
8226.527971  
8208.788565  
8193.034935  
8217.35918  
8206.480602  
8206.000346  
8303.707356  
8321.452026  
8263.381601  
8374.221799  
8242.668392  
8253.513009  
8285.009755  
8293.846996  
8271.168941  
8237.694532  
8205.596334  
8219.591916  
8224.005862  
8222.476898  
8206.48639  
8260.658304  
8301.301375  
8277.606266  
8256.230855  
8216.479579  
8179.458204  
8234.614096  
8255.207053  
8307.43462  
8314.54933  
8270.544559  
8238.52094  
8234.584576  
8214.362621  
8255.359411  
8290.297543  
8276.307857  
8320.003628  
8247.685944  
8323.54706  
8320.449124  
8296.308955  
8245.210166  
8350.048786  
8267.75011  
8264.996931  
8295.277149  
8349.268068  
8344.011125  
8326.823579  
8251.286671  
8228.448159  
8235.052742  
8252.335071  
8226.551526  
8219.559377  
8222.803354  
8318.651145  
8365.680876  
8315.269201  
8096.490009  
8182.429609  
8136.614652  
8259.114329  
8189.141629  
8139.980058  
8162.042417  
8198.842141  
8185.635487  
8170.949185  
8191.518416  
8236.192273  
8219.159733  
8255.169492  
8244.860064  
8209.436669  
8197.299176  
8258.276639  
8264.890653  
8267.56965  
8298.335513  
8277.385748  
8287.275502  
8331.130034  
8340.355787  
8336.621506  
8296.117429  
8258.481067  
8278.902157  
8292.051019  
8257.964816  
8259.414443  
8287.476705  
8218.83835  
8162.219547  
8232.097154  
8241.159801  
8298.003192  
8256.719506  
8311.826306  
8319.302204  
8263.657194  
8183.973628  
8208.398407  
8237.606801  
8318.195802  
8248.297135  
8261.424833  
8259.305493  
8230.80597  
8247.397303  
8263.485834  
8253.898584  
8281.226901  
8241.353112  
8232.507278  
8197.472985  
8218.397861  
8155.501658  
8203.35568  
8214.732102  
8217.765222  
8324.661281  
8299.640484  
8265.262783  
8241.518229  
8204.283585  
8210.06561  
8224.255708  
8228.096108  
8198.40678  
8273.311539  
8291.664497  
8293.040622  
8224.499651  
8260.983335  
8332.680856  
8302.533661  
8322.665991  
8340.703162  
8330.101385  
8334.519315  
8312.399048  
8295.367291  
8235.749915  
8232.270134  
8248.328732  
8211.078133  
8261.5364  
8293.660394  
8295.527838  
8276.598005  
8240.473854  
8218.148802  
8217.02512  
8211.113337  
8219.824134  
8245.861327  
8217.349073  
8254.289962  
8288.659819  
8265.839113  
8243.164801  
8217.540011  
8233.975937  
8257.185569  
8258.66257  
8253.693108  
8282.181171  
8306.680143  
8308.044494  
8283.73628  
8218.459874  
8253.371506  
8260.223512  
8271.0082  
8253.183728  
8213.630331  
8262.203304  
8233.384555  
8236.439824  
8210.53261  
8226.682129  
8263.749178  
8257.180718  
8225.969152  
8242.018888  
8239.706609  
8274.261187  
8272.141666  
8307.517427  
8281.855191  
8291.722301  
8284.003693  
8303.883777  
8293.531318  
8269.654793  
8196.04876  
8210.586559  
8221.461511  
8195.256443  
8243.824957  
8258.426535  
8286.509647  
8198.492912  
8306.530343  
8277.169015  
8301.263728  
8255.589204  
8193.233521  
8238.008897  
8190.506621  
8270.439728  
8257.749099  
8219.649709  
8240.296347  
8272.075589  
8262.341732  
8213.640891  
8232.508491  
8300.958572  
8267.120153  
8293.28519  
8224.115567  
8193.260983  
8219.901741  
8219.119247  
8286.20648  
8239.086092  
8230.967633  
8275.086359  
8312.252347  
8293.87564  
8278.101689  
8241.89911  
8238.415636  
8281.008265  
8231.670395  
8239.077858  
8267.42399  
8271.821799  
8304.182779  
8266.188473  
8276.719839  
8209.671924  
8253.405321  
8252.14548  
8233.432973  
8272.021515  
8240.269525  
8247.808826  
8274.72376  
8326.145655  
8250.84133  
8310.347128  
8232.580296  
8259.371936  
8207.884398  
8316.639587  
8332.809462  
8257.140616  
8296.702444  
8218.471021  
8217.206205  
8116.019378  
8300.759912  
8338.844206  
8298.828947  
8261.351978  
8242.7535  
8184.928556  
8215.699485  
8245.063985  
8358.825858  
8173.91004  
8210.868779  
8198.835795  
8228.123955  
8263.330001  
8290.608598  
8311.591817  
8256.636414  
8232.175472  
8220.875643  
8221.918574  
8228.433041  
8255.919721  
8270.361239  
8211.539735  
8279.75767  
8278.868456  
8183.88428  
8254.230801  
8241.662496  
8277.729874  
8268.115446  
8273.352584  
8263.15203  
8243.733267  
8195.720808  
8296.746579  
8221.916986  
8261.568588  
8214.899167  
8268.777812  
8256.817778  
8347.438603  
8211.177139  
8318.295149  
8269.375354  
8324.700535  
8324.242687  
8370.899941  
8266.94032  
8229.609594  
8219.839391  
8133.468056  
8191.051872  
8270.58894  
8351.569589  
8408.011611  
8324.48437  
8289.762428  
8194.349979  
8175.922811  
8222.245547  
8268.441703  
8208.364856  
8197.805523  
8126.516157  
8158.094334  
8193.901129  
8223.432189  
8211.72186  
8197.832081  
8218.04107  
8223.339923  
8073.596785  
8366.567057  
8344.501847  
8240.58376  
8272.79563  
8288.323669  
8339.872708  
8294.250436  
8305.092449  
8230.310434  
8330.872776  
8312.229399  
8286.261668  
7585.005458  
8087.300237  
8258.129395  
8271.487757  
8230.620754  
8320.212497  
8348.561242  
8371.312319  
8322.782954  
8168.682756  
8165.353573  
8272.911425  
8208.798737  
8246.214063  
8261.379747  
8286.147084  
8271.874212  
8262.057654  
8299.197805  
8292.839091  
8281.056811  
8245.995224  
8205.297284  
8277.009314  
8340.616863  
8249.484026  
8090.607257  
8117.440121  
8267.657075  
8239.710324  
8250.764018  
8238.859242  
8197.673586  
8257.604732  
8264.561389  
8298.470003  
8269.331833  
8217.880784  
8237.946382  
8229.0264  
8251.32028  
8250.109055  
8257.639896  
8293.124727  
8299.513749  
8273.050648  
8255.762913  
8229.634134  
8207.287058  
8231.68352  
8253.877186  
7932.43576  
8505.356331  
8407.546038  
8342.353434  
8259.535949  
8240.205786  
8259.89925  
8314.5053  
8297.451963  
8305.497736  
8251.305632  
8263.795662  
8224.342358  
8213.496857  
8268.519615  
8343.83243  
8276.149071  
8244.886971  
8257.050821  
8272.498412  
8283.243498  
8260.298335  
8281.039348  
8299.96427  
8271.882797  
8240.553342  
8312.024816  
8374.494034  
8298.12661  
8252.338929  
8229.265333  
8198.536684  
8170.518748  
8193.261489  
8154.675049  
8200.19121  
8258.378449  
8209.570623  
8235.376775  
8237.268159  
8159.477592  
8300.281652  
8291.632177  
8258.428872  
8255.461829  
8277.10893  
8290.551946  
8325.142453  
8315.451625  
8256.881431  
8275.904159  
8296.434365  
8365.833783  
8351.695778  
8301.705007  
8262.458252  
8251.294735  
8235.089732  
8250.935034  
8226.302444  
8306.046002  
8294.040697  
8271.643947  
8213.818707  
8235.460795  
8237.494437  
8259.124703  
8169.96996  
8232.537411  
8233.597321  
8224.519649  
8223.199732  
8237.007779  
8258.300029  
8232.921529  
8148.179803  
8170.417048  
8198.318838  
8245.295407  
8209.107938  
8233.218939  
8234.014203  
8191.255529  
8194.613566  
8232.788508  
8220.700249  
8251.386671  
8252.267943  
8298.336583  
8303.387164  
8354.094119  
8334.679153  
8366.41377  
8377.159688  
8304.714257  
8285.441564  
8258.893564  
8313.075993  
8281.571926  
8264.846334  
8258.445033  
8307.374892  
8202.276947  
8230.330653  
8225.115772  
8198.173553  
8226.892493  
8198.222522  
8248.088706  
8277.694798  
8281.087189  
8307.416065  
8265.01033  
8208.889264  
8148.665055  
8195.07849  
8302.568888  
8267.1374  
8229.778977  
8264.931832  
8216.816854  
8281.078732  
8374.458879  
8258.36336  
8241.155674  
8205.13092  
8186.03116  
8209.977516  
8208.63389  
8263.708079  
8246.990879  
8262.32316  
8312.661198  
8325.07007  
8274.476881  
8267.01492  
8290.363549  
8274.548454  
8276.400636  
8238.148632  
8188.596553  
8245.498238  
8205.243903  
8211.462011  
8211.763253  
8193.182127  
8220.469974  
8266.001508  
8210.02021  
8229.99795  
8250.171969  
8281.316538  
8264.882148  
8291.073391  
8234.147738  
8197.440516  
8213.449245  
8256.759469  
8297.440005  
8282.379574  
8274.431593  
8278.227921  
8319.495802  
8301.829468  
8270.075937  
8263.276658  
8302.261221  
8287.901862  
8279.237859  
8275.176784  
8283.195907  
8335.170472  
8315.00965  
8289.84197  
8246.279215  
8130.161057  
8161.501445  
8193.34413  
8165.110566  
8240.556993  
8318.294616  
8343.205631  
8277.873537  
8218.921954  
8194.090213  
8203.6313  
8262.634191  
8224.782251  
8194.622009  
8233.364805  
8233.73847  
8224.045705  
8241.466323  
8241.720918  
8109.217613  
8197.044978  
8187.598667  
8246.339022  
8212.659662  
8310.182036  
8379.158104  
8363.67043  
8252.105248  
8216.774548  
8222.348696  
8269.310805  
8304.388775  
8307.704815  
8248.452926  
8247.264251  
8261.414932  
8252.27722  
8248.905808  
8295.958853  
8291.647238  
8234.029771  
8209.922793  
8227.542113  
8244.725266  
8268.244544  
8298.495122  
8257.163318  
8238.690201  
8279.024162  
8273.065669  
8290.620038  
8283.012394  
8301.442482  
8272.385333  
8129.971587  
8282.401712  
8262.987319  
8267.119074  
8283.78795  
8271.378083  
8297.20499  
8247.103227  
8197.775023  
8186.923454  
8230.346434  
8272.2737  
8282.985557  
8276.391495  
8257.054174  
8279.032146  
8229.11908  
8283.803838  
8256.786037  
8254.570512  
8220.413868  
8259.335825  
8330.979967  
8359.620245  
8348.008338  
8350.782084  
8295.874977  
8277.736611  
8279.164078  
8248.514585  
8198.460927  
8281.711923  
8272.023896  
8254.755125  
8270.61114  
8226.14474  
8254.558092  
8217.074293  
7933.853839  
8304.497767  
8256.804414  
8241.189439  
8266.346306  
8275.672476  
8215.945866  
8174.681525  
8207.362697  
8221.492748  
8227.145183  
8240.187427  
8267.564756  
8266.783081  
8240.567659  
8284.058231  
8300.668126  
8343.444883  
8376.799896  
8336.88583  
8321.398107  
8313.784878  
8301.129272  
8257.554701  
8263.86425  
8262.408285  
8201.64857  
8192.226725  
8197.227933  
8177.951252  
8181.178983  
8232.241469  
8236.906247  
8238.540229  
8248.965122  
8249.95484  
8286.033639  
8252.478958  
8201.920772  
8252.65916  
8332.624674  
8343.559495  
8285.551903  
8241.763074  
8237.9753  
8195.226379  
8218.019969  
8232.450008  
8184.278374  
8252.776563  
8323.647938  
8234.986577  
8186.309235  
8199.50908  
8231.036042  
8267.705599  
8274.055187  
8206.895366  
8192.109693  
8230.872208  
8305.083712  
8323.679925  
8324.758869  
8325.400829  
8270.899686  
8259.037449  
8306.258469  
8289.460942  
8253.255482  
8255.834723  
8233.861974  
8289.327921  
8319.464847  
8271.310031  
8205.209199  
8164.056747  
8189.550261  
8209.93654  
8238.798344  
8233.944456  
8290.59918  
8320.769783  
8246.536701  
8211.743648  
8234.30167  
8227.160651  
8275.85179  
8331.274885  
8248.305627  
8233.963479  
8231.26966  
8234.491022  
8202.856223  
8368.065328  
8300.199563  
8238.209698  
8171.944228  
8179.367146  
8205.261115  
8171.935188  
8165.867276  
8146.322266  
8179.125525  
8207.225524  
8196.2161  
8190.350515  
8231.783056  
8222.8171  
8218.650176  
8166.078924  
8207.17503  
8235.277208  
8238.475399  
8248.30676  
8197.340108  
8228.954559  
8262.362819  
8340.30769  
8314.897645  
8306.503741  
8269.510789  
8329.627463  
8316.493526  
8281.328097  
8243.844986  
8249.816008  
8275.846548  
8321.058078  
8323.42487  
8346.382553  
8397.493144  
8341.703958  
8218.947351  
8245.650199  
8189.852403  
8219.911638  
8178.675145  
8206.825546  
8231.292185  
8280.030341  
8309.246287  
8328.979132  
8300.389534  
8207.828915  
8218.394188  
8214.390903  
8270.185793  
8271.255581  
8205.947496  
8212.348148  
8225.117263  
8245.577955  
8286.324168  
8291.44817  
8242.11448  
8283.411508  
8322.280035  
8250.181274  
8294.418134  
8289.124672  
8250.565532  
8190.720955  
8213.137915  
8235.129768  
8250.477425  
8271.061619  
8273.723186  
8276.472253  
8235.75274  
8217.114301  
8204.531247  
8181.121117  
8192.62986  
8194.950966  
8256.590737  
8253.045982  
8287.087663  
8342.165549  
8378.284979  
8285.51514  
8264.783619  
8278.438761  
8232.457458  
8287.117472  
8261.96392  
8289.873514  
8247.467299  
8242.035303  
8181.264015  
8236.893426  
8262.133523  
8257.279492  
8308.672369  
8292.944384  
8310.659538  
8276.4224  
8215.893875  
8215.075354  
8129.848046  
8235.580077  
8236.225866  
8299.056998  
8292.405116  
8330.724507  
8270.301308  
8318.159286  
8361.118768  
8373.044469  
8312.780598  
8313.244702  
8254.713711  
8232.308416  
8244.314194  
8260.920154  
8197.294998  
8139.630674  
8179.773013  
8231.453139  
8186.093296  
8216.097628  
8214.50413  
8229.548485  
8215.788407  
8185.265574  
8253.181804  
8323.784268  
8359.63816  
8304.431872  
8221.009211  
8189.418911  
8244.445453  
8291.305778  
8247.476535  
8255.151794  
8216.299848  
8230.772444  
8222.614476  
8189.67011  
8206.402501  
8199.760371  
8257.944809  
8255.326901  
8218.544016  
8248.651769  
8217.511057  
8274.971157  
8265.673873  
8216.565006  
8239.369814  
8292.205883  
8287.341245  
8313.793306  
8264.551401  
8253.513618  
8283.892235  
8335.265202  
8315.486373  
8296.798314  
8233.527982  
7836.428801  
8217.561987  
8314.009223  
8272.94923  
8258.743632  
8254.369329  
8250.676328  
8241.497946  
8218.197434  
8259.912455  
8230.201643  
8259.333621  
8296.311707  
8248.6143  
8253.019415  
8250.653931  
8295.032084  
8340.012039  
8296.415272  
8272.312886  
8265.68347  
8247.473862  
8285.431891  
8206.278034  
8208.194643  
8237.741889  
8312.81483  
8334.654499  
8336.174655  
8275.294002  
8234.28206  
8157.445972  
8182.561112  
8216.832768  
8229.862434  
8288.12901  
8346.917491  
8268.786976  
8223.31127  
8212.926215  
8223.524199  
8240.721283  
8345.619892  
8321.47384  
8258.51874  
8247.02771  
8229.141747  
8254.987788  
8223.377783  
8252.684907  
8269.507431  
8275.488488  
8283.370995  
8312.63675  
8316.050057  
8286.953035  
8290.659323  
8230.387014  
8260.897646  
8255.727109  
8303.952987  
8261.138578  
8237.136717  
8324.543556  
8297.31861  
8257.893048  
8248.355384  
8285.809363  
8258.135302  
8274.0801  
8291.212869  
8257.060649  
8279.738289  
8278.930258  
8229.07149  
8203.082396  
8230.4489  
8203.20828  
8101.062434  
8104.044254  
8170.299168  
8182.638744  
8208.58616  
8232.785326  
8232.085941  
8153.8509  
8176.791791  
8265.923275  
8313.967488  
8257.55694  
8258.162304  
8237.172618  
8194.971777  
8393.687797  
8267.094061  
8270.270409  
8325.46383  
8286.322516  
8283.465621  
8247.20456  
8263.655681  
8254.609509  
8267.342685  
8195.569257  
8146.249609  
8214.204068  
8270.554919  
8311.327036  
8281.594223  
8199.4004  
8156.250278  
8187.421129  
8277.774629  
8293.354566  
8354.70022  
8337.021681  
8285.653478  
8246.056231  
8242.288631  
8239.492847  
8228.329911  
8217.124725  
8274.542014  
8322.523257  
8289.871769  
8294.163163  
8292.353928  
8347.479032  
8354.347479  
8342.295818  
8292.745465  
8251.916155  
8247.298375  
8219.094223  
8251.087157  
8235.083753  
8257.980249  
8290.444925  
8267.826456  
8211.578144  
8158.642203  
8147.325124  
8174.973911  
8243.595385  
8261.633636  
8233.411956  
8255.743955  
8282.969634  
8259.284393  
8276.469847  
8170.818036  
8159.462429  
8184.11907  
8248.55149  
8285.524848  
8241.259679  
8195.860773  
8152.693739  
8166.359142  
8271.601828  
8322.037621  
8317.297848  
8281.956116  
8254.308353  
8332.0946  
8358.258514  
8339.912117  
8300.046872  
8212.710621  
8222.681152  
8271.700501  
8327.288491  
8271.31165  
8275.691488  
8237.439367  
8223.887686  
8235.770327  
8283.090995  
8231.003101  
8233.80624  
8155.446532  
8190.881125  
8247.55366  
8227.769731  
8161.993197  
8152.87449  
8223.152427  
8273.853251  
8256.661009  
8284.921965  
8274.670688  
8269.553054  
8259.122814  
8284.272279  
8330.822562  
8358.626658  
8325.836366  
8303.011472  
8326.184039  
8244.783492  
8167.986093  
8177.108823  
8203.025503  
8230.921921  
8247.458742  
8198.968337  
8266.011845  
8310.429545  
8305.977936  
8253.141422  
8259.696295  
8275.649471  
8284.072332  
8297.766734  
8289.402844  
8245.243564  
8269.282597  
8243.194273  
8321.815818  
8300.168034  
8248.35418  
8281.58324  
8304.836767  
8328.393845  
8265.245488  
8255.423808  
8249.372053  
8212.057489  
8241.379184  
8251.160003  
8261.661833  
8268.956047  
8258.28295  
8267.061445  
8296.194803  
8242.594595  
8239.406621  
8216.71519  
8179.745318  
8226.28068  
8267.771081  
8239.343592  
8341.820414  
8301.66865  
8280.419735  
8290.429238  
8321.815468  
8325.697292  
8339.343663  
8307.51187  
8225.301319  
8179.220184  
8211.012382  
8247.790719  
8268.783001  
8232.032159  
8219.175554  
8240.373951  
8298.004677  
8308.809963  
8281.156916  
8196.854591  
8197.568083  
8194.820978  
8260.774188  
8249.689572  
8224.0767  
8182.831531  
8278.361453  
8251.973211  
8208.484479  
8156.015203  
8124.531621  
8133.333746  
8153.49614  
8148.146657  
8176.731988  
8190.484778  
8241.996689  
8248.019451  
8214.084768  
8255.035665  
8265.797402  
8155.51049  
8314.025828  
8279.959708  
8253.906029  
8248.618708  
8273.237404  
8262.846457  
8252.93286  
8237.921342  
8219.472327  
8295.98948  
8231.442035  
8237.221935  
8242.809031  
8228.102629  
8250.528127  
8293.679409  
8258.933999  
8277.480028  
8264.085275  
8254.921105  
8283.24922  
8246.35183  
8257.846792  
8257.091613  
8224.325986  
8215.71385  
8203.653371  
8201.351587  
8252.533012  
8305.489794  
8311.806322  
8207.649141  
8236.398172  
8268.975212  
8260.905819  
8266.071589  
8318.49699  
8251.299265  
8248.073659  
8237.932514  
8229.650885  
8271.809033  
8317.168414  
8305.534907  
8260.466713  
8183.591003  
8220.795905  
8244.197704  
