8545.772304  
8532.796933  
8432.821198  
8475.854939  
8509.80669  
8534.678612  
8478.123957  
8553.057816  
8528.937773  
8367.115805  
8417.033907  
8548.358779  
8544.683999  
8558.696753  
8563.317135  
8441.248469  
8443.427668  
8439.615656  
8479.376887  
8563.677287  
8507.535504  
8492.029744  
8464.38729  
8452.488761  
8511.455103  
8454.298481  
8441.128459  
8464.460995  
8557.80991  
8535.659718  
8517.807816  
8444.008855  
8460.195097  
8443.829722  
8425.887298  
8541.533667  
8490.596208  
8469.03768  
8462.346018  
8491.043416  
8493.817995  
8551.973898  
8528.972756  
8526.984325  
8469.385221  
8505.159469  
8525.278105  
8501.065264  
8425.548133  
8453.765948  
8444.005628  
8528.688584  
8538.059628  
8463.688634  
8429.888581  
8415.888564  
8412.619521  
8444.94393  
8554.807261  
8550.120324  
8453.770615  
8430.635577  
8455.421279  
8495.742154  
8517.73949  
8522.72422  
8529.295476  
8515.802627  
8426.72139  
8433.656358  
8353.433006  
8436.30837  
8436.396931  
8499.466979  
8546.249727  
8515.876473  
8469.899464  
8505.195329  
8519.711997  
8532.291314  
8482.955062  
8415.286116  
8497.641858  
8542.271302  
8530.798108  
8463.449045  
8457.628492  
8510.427776  
8533.854956  
8598.490781  
8528.8378  
8440.85628  
8462.803181  
8492.72984  
8469.488778  
8450.529545  
8529.626233  
8483.893894  
8589.839397  
8458.95459  
8441.283542  
8453.577008  
8467.023735  
8633.044889  
8552.678653  
8495.457801  
8559.700394  
8477.4604  
8467.15001  
8525.407996  
8516.340382  
8513.056773  
8470.495672  
8419.490723  
8474.528809  
8488.865541  
8429.290891  
8410.122261  
8478.930143  
8554.72043  
8559.845049  
8563.136661  
8556.376332  
8489.149969  
8502.458827  
8463.694295  
8541.4592  
8542.889938  
8560.721092  
8512.143786  
8501.38844  
8483.492146  
8508.344636  
8466.654338  
8461.95531  
8394.28202  
8466.353855  
8512.161729  
8508.529752  
8489.461823  
8471.66652  
8460.023057  
8495.581493  
8500.70843  
8493.44643  
8428.866832  
8472.356677  
8443.561565  
8510.027898  
8497.982554  
8450.652228  
8437.962502  
8489.885701  
8525.85244  
8461.690281  
8542.338404  
8520.32282  
8463.685572  
8485.137389  
8539.957834  
8465.408749  
8515.164062  
8477.39372  
8522.264259  
8446.491641  
8483.686234  
8469.934049  
8523.359449  
8471.191853  
8505.382697  
8460.263126  
8508.232753  
8592.285313  
8445.000703  
8450.193078  
8474.551973  
8508.28792  
8551.863604  
8561.160603  
8522.828862  
8469.640435  
8513.343882  
8477.787631  
8464.857571  
8507.815388  
8528.948548  
8444.320975  
8411.561391  
8428.501034  
8472.12913  
8542.810423  
8480.31063  
8491.239614  
8527.405017  
8456.862967  
8525.955086  
8519.896129  
8567.895946  
8498.826933  
8516.336426  
8499.857861  
8567.823441  
8533.167431  
8470.504055  
8532.075775  
8471.926352  
8434.138043  
8433.431574  
8377.626117  
8468.203878  
8425.853656  
8554.942292  
8521.920733  
8522.304381  
8484.574467  
8470.173547  
8495.02568  
8516.656283  
8458.841896  
8432.172429  
8477.405646  
8549.838793  
8572.121979  
8584.460433  
8540.853102  
8539.51954  
8475.982372  
8445.915693  
8372.957652  
8486.837369  
8603.673977  
8507.887861  
8449.34644  
8392.612305  
8446.820511  
8558.535678  
8424.161555  
8437.016767  
8422.510312  
8499.557998  
8470.872294  
8420.462038  
8512.780091  
8532.749479  
8604.057808  
8508.214529  
8522.542365  
8539.448681  
8508.426195  
8522.235691  
8462.757407  
8445.934728  
8426.118586  
8485.815016  
8515.454002  
8516.559488  
8496.7849  
8491.097151  
8417.99371  
8470.574368  
8508.807352  
8524.666223  
8517.283162  
8513.475694  
8457.119256  
8451.441208  
8432.820519  
8528.865441  
8546.633855  
8582.337766  
8551.422454  
8553.49755  
8500.529984  
8464.639301  
8410.3437  
8476.262662  
8466.144937  
8474.678438  
8483.22859  
8437.463006  
8545.036588  
8559.634178  
8495.528949  
8508.423505  
8509.473641  
8533.063112  
8496.2068  
8536.267686  
8542.175351  
8526.761893  
8516.127342  
8442.399836  
8461.323929  
8485.796412  
8519.709191  
8521.628087  
8529.577264  
8532.628567  
8530.166454  
8491.756704  
8513.491484  
8516.020044  
8502.529347  
8500.588313  
8519.346746  
8536.936408  
8584.14737  
8547.363083  
8578.657483  
8481.649166  
8448.228052  
8454.344453  
8528.656457  
8524.575071  
8547.390062  
8452.770144  
8442.590555  
8380.783633  
8442.920518  
8567.779247  
8552.399124  
8408.34994  
8440.492651  
8397.189528  
8396.940537  
8498.08314  
8536.665345  
8445.834605  
8447.048398  
8469.64742  
8500.294574  
8445.360476  
8474.985832  
8453.009079  
8525.449666  
8471.75163  
8471.77093  
8493.76493  
8583.374669  
8663.373924  
8520.175765  
8485.526922  
8513.087684  
8556.693136  
8524.941779  
8484.651061  
8469.167654  
8538.519647  
8347.679944  
8482.468849  
8362.790867  
8461.639781  
8507.637017  
8511.08122  
8399.734449  
8465.947365  
8498.046618  
8522.170245  
8560.180921  
8539.862884  
8471.422669  
8523.097391  
8520.389185  
8533.00643  
8442.013374  
8469.275854  
8417.561126  
8402.823209  
8496.057841  
8433.414882  
8431.315082  
8410.938642  
8436.621524  
8429.216242  
8545.575245  
8489.06082  
8600.943045  
8444.546254  
8440.561987  
8427.689917  
8417.694692  
8503.257142  
8473.759451  
8466.131439  
8396.335805  
8474.991997  
8458.917307  
8518.513184  
8467.165147  
8541.938824  
8453.409502  
8407.015153  
8460.732049  
8456.993868  
8466.466408  
8529.261835  
8548.502955  
8630.647626  
8605.892768  
8488.745448  
8501.687003  
8445.78466  
8518.365888  
8401.688096  
8476.726571  
8556.154462  
8498.032822  
8506.734259  
8558.910843  
8573.635221  
8518.336062  
8518.167017  
8455.798522  
8478.334009  
8517.445776  
8545.223964  
8543.780969  
8608.878989  
8530.834795  
8409.313253  
8407.216631  
8526.454242  
8536.657814  
8513.401591  
8570.091499  
8531.15572  
8628.981305  
8611.7247  
8513.315256  
8533.388953  
8542.843336  
8582.137679  
8544.685174  
8542.640277  
8443.38791  
8402.334415  
8479.540842  
8506.627475  
8567.25269  
8597.902236  
8643.647577  
8565.72331  
8490.356305  
8424.633955  
8449.196661  
8492.532582  
8586.090787  
8544.914609  
8490.01373  
8545.166347  
8509.995018  
8423.207495  
8514.264069  
8475.865342  
8549.681632  
8542.124967  
8607.039236  
8532.478665  
8456.755611  
8422.454954  
8350.062384  
8344.734085  
8370.126465  
8497.197638  
8430.420567  
8495.411414  
8434.465622  
8515.292985  
8434.051799  
8456.939221  
8511.313468  
8493.025606  
8436.691257  
8423.846845  
8387.93294  
8525.479865  
8569.043532  
8543.743139  
8491.277501  
8513.014425  
8505.001995  
8479.163376  
8439.213222  
8505.657922  
8500.785529  
8476.175483  
8442.988033  
8505.761288  
8402.752193  
8417.665453  
8511.610889  
8472.202711  
8529.968369  
8480.754246  
8489.209646  
8486.381199  
8466.183445  
8415.190215  
8358.926361  
8436.765699  
8496.935034  
8620.154926  
8509.6863  
8496.164948  
8413.811159  
8446.302883  
8483.122137  
8507.857885  
8527.126829  
8571.761413  
8521.532152  
8629.298538  
8593.530894  
8505.190984  
8476.573697  
8456.408112  
8518.639268  
8360.143157  
8376.232198  
8567.25509  
8549.22768  
8508.510246  
8464.542332  
8441.462237  
8492.824376  
8466.142835  
8535.490814  
8602.465547  
8571.686068  
8506.162573  
8589.718618  
8595.813286  
8508.242999  
8518.858713  
8519.515575  
8513.726836  
8447.06677  
8467.708008  
8441.318359  
8391.177643  
8520.482049  
8505.175947  
8553.485832  
8564.689917  
8511.401086  
8387.284445  
8477.435481  
8506.962295  
8461.872923  
8536.674308  
8447.076801  
8475.803156  
8464.213677  
8474.729103  
8428.818144  
8417.137422  
8346.910007  
8305.568012  
8370.896873  
8484.739117  
8456.697564  
8436.146873  
8447.097905  
8442.486212  
8487.192557  
8487.720116  
8585.362843  
8593.139615  
8621.178065  
8493.467525  
8481.016022  
8466.464711  
8505.635436  
8549.733142  
8551.10868  
8632.010064  
8503.453613  
8383.207437  
8450.786745  
8459.065595  
8595.756985  
8605.562988  
8512.058511  
8523.475644  
8540.367552  
8536.341631  
8508.489423  
8556.716292  
8612.300252  
8579.358109  
8679.627408  
8600.733688  
8565.251763  
8472.12385  
8380.728648  
8375.510097  
8438.330657  
8496.169061  
8483.663707  
8493.174407  
8466.09596  
8381.33007  
8487.162399  
8333.189586  
8396.87836  
8368.446604  
8418.972549  
8492.503774  
8571.312012  
8564.8798  
8442.952297  
8543.707826  
8369.872352  
8509.054654  
8497.1659  
8544.498154  
8520.094164  
8510.323275  
8510.445362  
8500.962502  
8571.612528  
8490.016395  
8512.44729  
8414.904827  
8490.579822  
8493.998105  
8438.55362  
8432.307419  
8444.602614  
8536.71736  
8509.979674  
8472.539733  
8556.296577  
8573.596787  
8589.402302  
8587.594387  
8495.119066  
8467.415138  
8491.834125  
8558.615549  
8624.238372  
8502.33852  
8446.143488  
8472.350652  
8578.975851  
8634.99232  
8562.086542  
8594.717285  
8480.170038  
8562.663351  
8530.755636  
8510.434852  
8550.685654  
8541.103151  
8523.929075  
8531.850652  
8502.311259  
8505.151988  
8492.746963  
8464.343245  
8434.225313  
8477.892512  
8504.434562  
8379.39089  
8475.202885  
8730.880537  
8655.928918  
8696.792274  
8242.168043  
8058.735699  
8272.086178  
8543.13647  
8513.46683  
8560.252268  
8290.890112  
8371.973293  
8466.717161  
8324.281581  
8454.867254  
8560.521137  
8436.830707  
8448.618288  
8442.410347  
8559.681632  
8607.123659  
8507.490325  
8389.074517  
8375.338768  
8409.293937  
8387.47542  
8443.858895  
8468.699815  
8508.438079  
8531.521211  
8508.273802  
8478.37303  
8433.687334  
8438.716342  
8493.751597  
8536.740152  
8579.940819  
8492.207015  
8509.84658  
8524.858738  
8553.823449  
8508.454457  
8521.944907  
8476.61127  
8468.920178  
8486.972524  
8480.166611  
8492.061565  
8484.139235  
8498.460193  
8588.059496  
8525.61948  
8649.112958  
8559.500902  
8509.549391  
8508.480742  
8551.756166  
8599.445023  
8553.797785  
8635.374901  
8593.882779  
8533.091731  
8534.831013  
8489.617411  
8476.590324  
8564.466466  
8647.562641  
8470.578944  
8489.915461  
8472.303223  
8615.437012  
8506.72864  
8485.775093  
8611.600139  
8590.787118  
8521.250728  
8638.227332  
8601.180366  
8430.92569  
8437.253484  
8598.667522  
8404.690885  
8373.629279  
8566.862081  
8576.571248  
8571.661828  
8559.353085  
8522.190628  
8525.391287  
8464.312757  
8425.282963  
8441.129833  
8424.003906  
8474.605254  
8370.024439  
8648.268555  
8537.521004  
8423.569998  
8288.025225  
8350.928421  
8510.687839  
8501.127259  
8393.073871  
8355.402046  
8398.563882  
8448.920898  
8433.550177  
8453.417406  
8478.138142  
8579.069609  
8569.397237  
8557.605212  
8478.145011  
8478.412267  
8456.420418  
8509.957528  
8510.400192  
8565.100677  
8499.982414  
8529.373428  
8471.43918  
8431.037705  
8425.558403  
8459.466888  
8432.581568  
8421.013597  
8455.483796  
8460.663922  
8527.095405  
8506.739663  
8467.582668  
8444.244745  
8446.374214  
8505.816423  
8502.650084  
8530.623932  
8555.913922  
8503.336691  
8394.129006  
8406.086873  
8463.094735  
8451.696198  
8418.19297  
8455.910628  
8406.547669  
8386.94561  
8372.859797  
8545.437972  
8604.423365  
8498.487876  
8557.503807  
8473.376291  
8329.609706  
8530.395235  
8305.536315  
8641.959481  
8460.03538  
8470.29272  
8481.673224  
8325.629924  
8358.740822  
8452.672785  
8473.290403  
8586.588114  
8544.515617  
8527.932402  
8593.527642  
8574.095885  
8474.93769  
8461.810894  
8488.698962  
8549.738836  
8607.065132  
8580.494248  
8541.121234  
8585.068583  
8435.735153  
8440.668631  
8532.079987  
8588.640658  
8569.563923  
8551.465315  
8470.047934  
8493.100131  
8457.063361  
8458.172471  
8465.336045  
8503.5806  
8485.499073  
8555.921337  
8556.592045  
8542.50965  
8494.722797  
8486.697257  
8467.835358  
8520.91921  
8567.103102  
8448.107579  
8505.797537  
8529.582048  
8579.672049  
8594.874975  
8614.630437  
8554.185431  
8485.562368  
8470.623808  
8557.716549  
8619.514392  
8452.021451  
8405.185671  
8408.270077  
8421.177379  
8447.646757  
8547.232289  
8356.577877  
8507.114887  
8494.09039  
8464.583711  
8463.238819  
8446.250943  
8461.02856  
8508.638928  
8537.219884  
8546.510353  
8521.361626  
8451.382167  
8372.669914  
8473.426005  
8433.309115  
8428.025713  
8446.935431  
8374.204838  
8424.100065  
8449.483655  
8432.245399  
8473.598459  
8509.009393  
8535.706444  
8498.176137  
8496.105245  
8493.818897  
8609.507945  
8480.533782  
8483.883284  
8407.970372  
8421.549689  
8384.642727  
8409.517148  
8449.907715  
8444.401516  
8470.346746  
8554.16009  
8586.418349  
8535.544458  
8425.045162  
8417.368032  
8482.346754  
8507.297247  
8552.202455  
8577.44139  
8481.311416  
8449.590423  
8465.80597  
8409.962146  
8487.94163  
8521.580947  
8555.471183  
8533.706468  
8564.317176  
8541.2248  
8523.573019  
8504.581708  
8473.53869  
8554.789046  
8573.90601  
8597.38916  
8538.112338  
8458.917067  
8430.464976  
8520.440107  
8561.746417  
8468.320437  
8498.441621  
8556.31965  
8561.703994  
8516.321736  
8572.678347  
8599.763109  
8609.025854  
8552.162242  
8510.346878  
8657.470356  
8587.946637  
8565.187856  
8570.965746  
8556.822249  
8580.177693  
8591.794698  
8436.704366  
8430.366178  
8494.919972  
8354.899836  
8464.310497  
8424.049846  
8476.862843  
8353.859342  
8345.54229  
8429.928264  
8449.809877  
8494.701064  
8467.603234  
8488.844826  
8468.556401  
8546.661687  
8623.60354  
8567.19115  
8481.564883  
8468.572837  
8389.349916  
8407.711591  
8412.001647  
8547.368652  
8579.558155  
8527.619422  
8546.524282  
8456.769937  
8551.53317  
8507.709944  
8534.945461  
8505.358349  
8442.656887  
8475.73963  
8451.025523  
8427.37932  
8389.476637  
8407.218949  
8471.60311  
8440.173042  
8416.351654  
8364.587874  
8437.995887  
8514.06687  
8664.483349  
8324.809637  
8161.211616  
8429.755892  
8344.266171  
8439.564147  
8407.758301  
8450.198962  
8484.622145  
8546.485459  
8479.35714  
8479.560621  
8442.252938  
8499.834514  
8564.987462  
8535.655158  
8570.246044  
8587.485385  
8541.600644  
8586.169483  
8528.991923  
8534.28384  
8460.834597  
8503.440397  
8477.977804  
8564.608845  
8606.4519  
8545.033849  
8498.560365  
8491.916669  
8407.297107  
8445.347242  
8456.053405  
8433.324285  
8449.278966  
8546.815595  
8574.291007  
8576.805474  
8527.471125  
8499.340365  
8452.267975  
8555.85959  
8606.751738  
8524.189387  
8475.682377  
8485.633921  
8457.293631  
8516.876183  
8498.185216  
8462.385361  
8376.953142  
8431.844139  
8619.459349  
8526.09423  
8559.046469  
8511.007953  
8474.557328  
8410.909171  
8434.474949  
8483.622343  
8353.07234  
8463.060522  
8512.854062  
8504.821066  
8559.515236  
8576.105982  
8450.491319  
8425.95752  
8452.970968  
8457.341755  
8459.375124  
8470.584051  
8520.718601  
8539.064213  
8564.653767  
8497.553454  
8502.31917  
8477.204515  
8450.721481  
8464.659296  
8464.895797  
8475.075278  
8415.739349  
8401.290163  
8510.092244  
8531.112677  
8468.451263  
8525.684206  
8483.259501  
8525.088793  
8427.638142  
8498.834067  
8538.063758  
8570.136363  
8560.473583  
8450.385419  
8408.44201  
8466.70195  
8333.835896  
8557.279024  
8732.817656  
8635.998097  
8582.705442  
8531.622012  
8540.044922  
8460.280216  
8531.526996  
8471.929356  
8485.77376  
8423.461649  
8410.9988  
8458.7079  
8463.281142  
8607.137944  
8581.89934  
8580.182957  
8500.875364  
8421.137215  
8602.864142  
8426.547429  
8457.113538  
8523.386835  
8386.787101  
8431.911125  
8655.587915  
8496.90654  
8456.809579  
8484.593262  
8612.919252  
8635.373436  
8494.592302  
8450.823689  
8484.876308  
8578.540122  
8552.409031  
8518.162705  
8578.30933  
8480.247956  
8389.114912  
8381.252756  
8504.982769  
8610.81581  
8563.042365  
8504.671809  
8533.27496  
8662.147651  
8587.349229  
8497.591499  
8546.927287  
8511.150035  
8518.862892  
8457.587253  
8407.480792  
8270.30578  
8448.878683  
8515.46755  
8556.917985  
8494.043258  
8450.019134  
8488.572795  
8483.76248  
8413.224038  
8476.300558  
8490.428777  
8540.843204  
8585.489556  
8521.048092  
8518.964844  
8484.096812  
8543.837949  
8578.69787  
8569.336947  
8534.050914  
8573.58362  
8537.497997  
8459.694038  
8350.781904  
8394.861469  
8475.8414  
8565.046983  
8377.619819  
8380.786621  
8346.190918  
8490.418358  
8503.094147  
8441.307079  
8459.131927  
8416.473327  
8159.772709  
8680.098169  
8507.134161  
8506.405116  
8504.608192  
8477.470413  
8499.342103  
8456.758797  
8388.971299  
8467.306599  
8555.206891  
8497.080864  
8445.920849  
8449.860244  
8494.991815  
8513.797132  
8589.903072  
8497.566845  
8462.785107  
8488.548332  
8340.051352  
8453.977878  
8484.524066  
8473.012621  
8508.442797  
8432.921933  
8380.519705  
8532.958579  
8438.020309  
8511.599063  
8573.550732  
8566.960027  
8570.825303  
8493.03  
8415.817532  
8558.153163  
8426.048961  
8632.377185  
8593.248742  
8587.942068  
8526.172562  
8516.386677  
8464.9976  
8451.617154  
8523.811192  
8528.197895  
8557.408451  
8511.906747  
8466.372525  
8527.339364  
8510.103516  
8511.94086  
8553.883044  
8576.537796  
8586.169376  
8543.918374  
8508.74741  
8472.31005  
8492.872534  
8389.44225  
8396.146551  
8247.721373  
8431.927635  
8448.600305  
8399.380081  
8460.639996  
8436.889251  
8413.924424  
8457.10311  
8474.851265  
8483.428744  
8509.796652  
8550.96371  
8553.84418  
8536.448639  
8551.021609  
8499.564288  
8488.107281  
8421.882051  
8456.184595  
8518.554257  
8505.771757  
8488.403817  
8486.831808  
8479.018091  
8480.63892  
8526.357769  
8510.452057  
8544.008905  
8490.665387  
8448.145152  
8577.204433  
8468.018679  
8460.903668  
8493.163351  
8468.283046  
8487.624131  
8530.267545  
8645.580591  
8563.739721  
8466.544417  
8455.373841  
8492.875646  
8494.773148  
8548.648926  
8562.248601  
8460.638664  
8528.090133  
8529.206667  
8484.85508  
8541.987363  
8474.597913  
8462.388995  
8461.769655  
8579.381828  
8570.487445  
8647.108158  
8669.011926  
8543.875414  
8552.221804  
8570.013349  
8495.681798  
8468.074136  
8488.221498  
8537.229649  
8567.71328  
8666.264408  
8708.845322  
8563.032351  
8470.880297  
8376.431351  
8352.063899  
8350.391966  
8305.358357  
8379.840464  
8352.336773  
8404.051915  
8379.016701  
8419.217798  
8439.625612  
8471.342318  
8507.413533  
8395.036034  
8409.13887  
8488.585648  
8558.533816  
8503.381  
8574.416694  
8359.341681  
8491.728425  
8551.58684  
8488.088925  
8478.439072  
8450.839927  
8451.120779  
8404.418267  
8432.417795  
8564.353524  
8598.573648  
8523.367022  
8481.682236  
8451.299482  
8528.929125  
8550.81653  
8459.394473  
8476.8738  
8501.228838  
8569.649364  
8669.641328  
8529.937963  
8537.243594  
8476.32834  
8603.022304  
8503.679166  
8492.610939  
8450.91878  
8443.805184  
8452.678132  
8491.928372  
8499.644448  
8489.357778  
8487.558097  
8482.055714  
8467.157218  
8442.379237  
8463.629444  
8623.733663  
8702.403941  
8543.169003  
8452.789791  
8537.612197  
8587.583703  
8621.083496  
8597.674796  
8558.029959  
8414.819005  
8434.437632  
8538.753203  
8493.462278  
8508.530919  
8457.762397  
8436.306599  
8446.765741  
8445.978168  
8453.690943  
8439.648636  
8473.450915  
8430.352167  
8433.69969  
8525.167232  
8492.361792  
8509.510891  
8566.488041  
8482.563551  
8469.815413  
8472.749462  
8399.614101  
8471.973865  
8387.002632  
8462.621988  
8396.185241  
8400.725271  
8452.254932  
8484.935456  
8484.723658  
8506.309165  
8459.234416  
8497.948135  
8490.105932  
8553.01315  
8629.475884  
8556.37692  
8534.72288  
8497.618081  
8483.443558  
8497.895533  
8542.072199  
8591.700535  
8557.876556  
8581.011148  
8436.266122  
8392.166388  
8431.171743  
8461.242891  
8503.449699  
8496.411406  
8296.665345  
8393.478334  
8379.636636  
8483.373461  
8539.500149  
8458.99563  
8397.771402  
8425.009526  
8420.692399  
8536.79128  
8680.56423  
8503.743106  
8457.521402  
8488.010883  
8506.440968  
8495.052453  
8432.942987  
8507.332478  
8487.994819  
8413.75691  
8441.57911  
8444.315843  
8486.263002  
8493.730196  
8447.769763  
8503.845074  
8558.97686  
8497.216333  
8279.061134  
8624.94086  
8457.902989  
8535.474237  
8529.923166  
8632.451404  
8552.054423  
8495.364994  
8499.090489  
8437.274588  
8495.983357  
8524.697539  
8603.761288  
8530.081286  
8510.0481  
8527.172653  
8642.56394  
8581.554183  
8613.098964  
8583.989837  
8502.233655  
8317.326759  
8234.442954  
8392.482455  
8441.256844  
8459.594942  
8448.4783  
8422.364754  
8447.130644  
8396.362247  
8426.536381  
8353.875662  
8448.385494  
8596.630131  
8601.19297  
8554.477357  
8559.626415  
8490.449517  
8470.140029  
8467.103689  
8531.187467  
8541.059355  
8527.800392  
8483.114159  
8568.154214  
8551.139988  
8617.085317  
8661.702728  
8632.21328  
8575.287987  
8586.421544  
8569.777774  
8552.863571  
8601.859756  
8529.269391  
8508.981412  
8544.55271  
8557.13119  
8543.166785  
8572.884749  
8012.701445  
8320.830873  
8430.235749  
8296.699873  
8433.063088  
8380.899555  
8348.663293  
8409.119199  
8469.836029  
8474.306078  
8496.569212  
8588.466954  
8528.256315  
8521.621557  
8413.840944  
8461.8798  
8488.810017  
8551.333231  
8548.79805  
8586.036422  
8606.962162  
8539.375331  
8456.375877  
8499.732728  
8435.669591  
8477.125099  
8531.833397  
8675.692855  
8417.822406  
8318.458248  
8457.625977  
8530.174242  
8485.099783  
8494.457867  
8447.517694  
8429.284453  
8404.581824  
8449.026127  
8514.97907  
8498.545228  
8520.668126  
8513.744869  
8491.977134  
8428.549879  
8381.794723  
8441.348939  
8434.427279  
8544.649141  
8545.183006  
8535.342856  
8511.619157  
8495.109731  
8426.649927  
8430.12121  
8477.421966  
8510.632779  
8507.814263  
8400.933892  
8483.950063  
8581.176435  
8607.328646  
8609.551038  
8601.830244  
8558.816497  
8512.909933  
8480.145574  
8617.534527  
8618.656796  
8464.356677  
8494.627814  
8567.364415  
8638.303463  
8674.579656  
8573.19489  
8529.917149  
8328.891966  
8338.335764  
8526.02045  
8543.987114  
8509.974452  
8487.2536  
8414.126059  
8335.70358  
8338.508723  
8287.809802  
8466.908559  
8462.077554  
8583.857116  
8650.289278  
8570.150407  
8593.563568  
8623.312583  
8465.577943  
8475.955202  
8575.333124  
8612.988736  
8606.855593  
8536.697108  
8271.349618  
8554.638093  
8462.007779  
8468.443856  
8433.502143  
8473.733912  
8449.547761  
8479.415974  
8493.242982  
8497.889524  
8455.569344  
8439.906515  
8466.374818  
8438.990574  
8455.515244  
8430.433345  
8482.376771  
8440.600975  
8416.633201  
8514.510577  
8510.299258  
8552.176013  
8554.787995  
8597.834133  
8564.753145  
8598.406705  
8542.126316  
8556.509567  
8553.784478  
8502.657094  
8576.251655  
8522.267272  
8376.642661  
8593.637563  
8452.895822  
8470.567697  
8529.510957  
8514.102878  
8425.863041  
8433.392487  
8436.22734  
8451.066605  
8435.991269  
8466.009807  
8516.421991  
8534.795452  
8555.057435  
8505.563377  
8456.380595  
8394.087013  
8382.927097  
8423.9134  
8579.70286  
8530.494596  
8529.869563  
8493.718427  
8470.699608  
8476.049201  
8465.947737  
8541.2188  
8576.393248  
