9263.453345  
9261.042798  
9243.120239  
9249.920288  
9172.834009  
9283.41814  
9288.087451  
9252.475488  
9235.226831  
9292.321191  
9290.905225  
9402.812988  
9290.210327  
9241.470703  
9206.854077  
9205.132837  
9297.964575  
9277.58772  
9277.690015  
9206.006006  
9218.028027  
9301.77146  
9245.662573  
9315.645264  
9257.421484  
9205.128149  
9231.95376  
9252.860254  
9263.672388  
9165.08147  
9132.360669  
9200.908276  
9244.741309  
9220.33374  
9365.977271  
9280.838013  
9212.796582  
9085.959473  
9144.270776  
9210.697754  
9184.283569  
9291.506763  
9245.881299  
9220.825781  
9281.980225  
9209.998389  
9149.037329  
9331.404785  
9214.943164  
9234.752905  
9290.034741  
9304.098657  
9209.258423  
9263.270923  
9248.365015  
9284.31543  
9355.279028  
9315.439258  
9322.696191  
9193.69502  
9161.150439  
9204.948755  
9297.35835  
9412.679468  
9249.7104  
9188.898291  
9190.199341  
9279.852563  
9184.555078  
9222.342529  
9292.283447  
9298.099048  
9288.677686  
9323.483716  
9299.957446  
9326.960596  
9256.343872  
9225.151465  
9231.25022  
9196.075513  
9234.599756  
9244.680566  
9260.422241  
9176.026685  
9188.748584  
9228.384619  
9223.502246  
9211.046802  
9205.721582  
9205.093506  
9178.729761  
9187.329492  
9222.937622  
9191.626245  
9238.917358  
9256.049805  
9324.244702  
9212.603442  
9238.369531  
9218.75647  
9240.506714  
9301.663721  
9309.450879  
9402.971973  
9139.689648  
9284.859473  
9211.368579  
9191.086816  
9300.558716  
9313.887891  
9337.986279  
9198.905591  
9252.266211  
9228.710107  
9303.811719  
9261.370752  
9213.95249  
9242.711157  
9313.961841  
9273.188281  
9216.539038  
9225.043896  
9199.755981  
9276.725171  
9322.683447  
9302.710327  
9266.387183  
9189.70437  
9231.934888  
9255.327905  
9308.645508  
9268.144849  
9276.445825  
9186.09519  
9219.912891  
9218.834448  
9283.859863  
9355.429053  
9310.193921  
9142.401245  
9237.799854  
9265.815039  
9300.122485  
9251.193481  
9298.856128  
9257.742065  
9226.631006  
9216.842114  
9256.343726  
9316.609497  
9237.503442  
9246.300293  
9209.545728  
9146.785815  
9271.073389  
9205.374829  
9267.076782  
9251.677734  
9322.148242  
9303.31626  
9259.4823  
9295.933032  
9252.196411  
9270.472681  
9226.327222  
9224.353369  
9257.95083  
9263.668066  
9190.124292  
9200.850122  
9272.370752  
9240.62876  
9237.286304  
9187.295117  
9286.069751  
9244.834692  
9250.581885  
9227.326709  
9194.615088  
9222.352808  
9259.900098  
9283.915039  
9245.200854  
9261.177856  
9284.086353  
9332.193018  
9263.547046  
9275.712769  
9206.60188  
9206.323145  
9204.988403  
9224.116187  
9235.713745  
9294.731494  
9244.643994  
9316.07522  
9280.236792  
9319.213159  
9300.958521  
9260.365015  
9297.605713  
9214.585254  
9240.482104  
9247.69751  
9365.190674  
9240.216675  
9255.015747  
9346.967065  
9402.563281  
9344.37981  
9261.568872  
9275.807837  
9221.751196  
9202.76731  
9277.153882  
9312.49668  
9244.200659  
9351.185864  
9159.413916  
9149.527515  
9278.18186  
9208.012134  
9293.366333  
9197.193604  
9212.447852  
9233.685864  
9216.539551  
9270.171021  
9206.19519  
9297.572778  
9265.549072  
9237.778784  
9135.885352  
9272.909009  
9268.83042  
9236.446753  
9119.154883  
9230.12998  
9236.804346  
9325.420093  
9227.805664  
9347.608789  
9237.034326  
9272.128516  
9299.475146  
9252.494434  
9088.356665  
9207.404492  
9225.956519  
9259.792334  
9237.199634  
9210.697266  
9209.880371  
9223.559497  
9254.750928  
9277.931958  
9277.827002  
9227.453076  
9181.308716  
9319.234692  
9235.601904  
9325.760913  
9276.943579  
9119.622998  
9287.134009  
9330.938477  
9374.080469  
9294.467407  
9369.604663  
9271.174609  
9250.986328  
9193.357617  
9242.02644  
9334.393604  
9273.965723  
9326.469824  
9252.788257  
9249.559302  
9297.58728  
9280.79563  
9160.571973  
9305.707642  
9230.475659  
9294.555908  
9280.310522  
9286.036938  
9251.642163  
9273.758594  
9243.86687  
9235.147119  
9247.328906  
9195.845703  
9230.328418  
9288.235327  
9287.197705  
9344.527637  
9305.463477  
9222.324121  
9252.155005  
9311.578223  
9299.164771  
9276.363208  
9214.883423  
9271.873608  
9225.782471  
9241.475488  
9252.258984  
9273.744385  
9255.003979  
9230.195532  
9192.639868  
9252.047461  
9258.995264  
9155.018433  
9216.082959  
9150.712671  
9169.784131  
9221.251562  
9308.269897  
9226.597974  
9193.653442  
9248.915405  
9189.994897  
9304.278589  
9249.925098  
9270.33396  
9182.798071  
9142.735937  
9244.264063  
9269.864233  
9290.291064  
9292.023071  
9224.351099  
9228.625757  
9274.195264  
9300.198511  
9317.129688  
9203.329712  
9252.836523  
9154.869824  
9300.012964  
9287.322534  
9100.112256  
9204.056055  
9257.600903  
9245.233057  
9327.748633  
9368.930151  
9244.213647  
9263.67124  
9371.867822  
9377.707349  
9309.828247  
9183.210938  
9286.045679  
9212.990723  
9277.663477  
9269.587109  
9304.507788  
9160.203198  
9199.302759  
9210.89314  
9168.301978  
9215.795996  
9206.232007  
9239.356372  
9285.389453  
9178.660693  
9248.184766  
9222.990942  
9178.750342  
9211.484546  
9267.130371  
9260.442944  
9283.016089  
9231.292676  
9153.127148  
9235.713672  
9179.013525  
9299.215039  
9343.198169  
9172.617798  
9277.767725  
9287.478979  
9279.782129  
9336.635889  
9298.759399  
9241.960718  
9239.088965  
9293.122729  
9205.097803  
9212.598413  
9241.617554  
9239.951196  
9384.381763  
9305.721973  
9286.805127  
9267.246045  
9201.046265  
9261.343579  
9242.052417  
9351.972827  
9328.263965  
9227.754565  
9232.286304  
9319.022876  
9343.542554  
9338.47749  
9311.744775  
9289.127856  
9355.656323  
9221.808057  
9253.946484  
9298.143823  
9281.262646  
9333.714233  
9248.064038  
9247.80542  
9214.905811  
9165.976099  
9271.016187  
9317.678174  
9263.86958  
9146.58147  
9303.957422  
9299.393115  
9307.423193  
9179.080322  
9245.422827  
9213.477856  
9199.228076  
9242.504248  
9292.123657  
9103.514917  
9166.333643  
9234.844727  
9351.825659  
9220.708521  
9313.657617  
9200.111572  
9095.614844  
9159.879517  
9165.742944  
9227.934448  
9258.428003  
9216.735205  
9320.787378  
9207.524731  
9166.369409  
9188.699341  
9157.250171  
9293.594336  
9372.419702  
9342.144897  
9289.32793  
9287.17605  
9263.078296  
9183.370264  
9301.346387  
9362.801855  
9340.107129  
9306.881836  
9372.758862  
9360.918359  
9254.807861  
9351.255396  
9263.969604  
9210.723779  
9290.062524  
9304.124805  
9206.704175  
9258.563623  
9242.75752  
9311.547754  
9392.637183  
9278.11582  
9275.952051  
9249.921021  
9211.193335  
9202.831299  
9260.896973  
9208.891846  
9243.253418  
9243.327393  
9276.15647  
9226.125195  
9294.5427  
9133.205444  
9144.459985  
9254.144824  
9300.636646  
9251.945801  
9181.008594  
9233.591577  
9203.600244  
9250.11333  
9176.346167  
9238.021948  
9175.491992  
9286.901538  
9317.607007  
9246.705249  
9114.421167  
9170.922729  
9198.087183  
9253.944092  
9259.474976  
9294.449414  
9291.55481  
9158.662695  
9230.395361  
9195.131519  
9179.766333  
9132.535425  
9116.614966  
9254.390552  
9304.435474  
9233.333228  
9293.850854  
9320.246533  
9310.106909  
9317.370898  
9201.146265  
9285.298755  
9341.417896  
9265.15835  
9364.138159  
9225.914771  
9265.012842  
9306.410156  
9356.386865  
9366.577734  
9237.987744  
9192.903857  
9194.394043  
9214.491553  
9218.002466  
9273.566772  
9279.012891  
9300.635303  
9193.919092  
9222.595044  
9260.894092  
9214.376807  
9199.838867  
9236.123193  
9286.760815  
9348.075171  
9322.190088  
9173.43855  
9379.689966  
9290.777026  
9315.086987  
9256.018384  
9256.263794  
9244.008154  
9192.333618  
9260.53667  
9265.972217  
9299.580762  
9241.970288  
9261.581738  
9179.986426  
9246.061255  
9326.353833  
9306.730127  
9365.144385  
9166.090723  
9157.475073  
9231.24541  
9241.874805  
9321.763623  
9313.608716  
9197.360962  
9153.320068  
9172.261548  
9218.349756  
9124.311914  
9316.295288  
9241.116138  
9242.061621  
9218.276929  
9211.277637  
9267.519141  
9220.292627  
9186.182812  
9252.246875  
9324.672412  
9223.075195  
9231.055176  
9227.772681  
9199.314307  
9235.454663  
9272.915674  
9245.117773  
9267.558423  
9223.93689  
9194.431909  
9228.747046  
9295.922705  
9288.302734  
9318.088672  
9226.345386  
9296.413354  
9212.127417  
9234.676514  
9222.550464  
9258.133447  
9242.054761  
9234.482202  
9275.843945  
9349.435083  
9373.060229  
9403.123389  
9366.598022  
9191.541089  
9256.862622  
9246.545557  
9318.431152  
9229.183765  
9313.039893  
9295.03833  
9206.53855  
9251.688013  
9248.611182  
9228.170874  
9272.098608  
9319.177051  
9265.855591  
9199.176831  
9250.079004  
9273.535107  
9299.674023  
9244.25332  
9249.076196  
9269.295483  
9182.353491  
9305.530981  
9234.967383  
9273.680884  
9158.568066  
9162.682812  
9213.306421  
9310.938965  
9342.562939  
9198.969312  
9220.336963  
9127.65249  
9247.070386  
9131.91897  
9216.675903  
9175.011841  
9250.131738  
9252.906152  
9243.034229  
9246.802344  
9189.037988  
9180.851416  
9160.351758  
9266.562085  
9216.430493  
9126.834082  
9165.030518  
9089.309814  
9323.474854  
9266.775146  
9172.848877  
9216.126221  
9118.685254  
9591.487793  
9223.880737  
9337.543604  
9293.240088  
9262.819702  
9343.252979  
9458.687183  
9269.948022  
9307.052466  
9295.330615  
9338.290063  
9262.637598  
9312.452295  
9409.984106  
9288.808545  
9182.294775  
9220.752539  
9131.639941  
9241.419604  
9160.084839  
9392.203467  
9422.374072  
9342.088354  
9240.933813  
9249.075195  
9309.080078  
9279.541431  
9259.029248  
9387.593237  
9221.331445  
9200.214185  
9216.77915  
9226.980615  
9224.589282  
9298.048389  
9262.967114  
9262.253906  
9160.39668  
9281.164233  
9290.257202  
9252.959595  
9232.197095  
9251.929712  
9246.99646  
9274.685986  
9295.18186  
9199.987866  
9228.305518  
9283.890234  
9167.120386  
9353.198828  
9288.738525  
9244.627246  
9258.223315  
9213.885156  
9298.504395  
9254.269727  
9263.865186  
9212.953442  
9216.692188  
9167.676904  
9104.380396  
9229.803394  
9200.655054  
9225.085181  
9238.593213  
9299.41936  
9250.485815  
9261.43562  
9198.678687  
9278.445532  
9249.174854  
9214.485571  
9199.917432  
9194.699731  
9356.344409  
9355.403003  
9247.692407  
9290.670947  
9297.564038  
9275.354565  
9223.946875  
9117.797168  
9184.056689  
9184.575928  
9368.864648  
9296.870776  
9258.721387  
9182.766162  
9200.217163  
9331.485645  
9246.225049  
9214.583789  
9242.940601  
9278.935718  
9362.435254  
9274.855591  
9243.612866  
9294.861987  
9361.890039  
9347.505054  
9383.910352  
9494.608643  
9323.322998  
9312.818848  
9269.721167  
9254.030298  
9169.322363  
9245.314917  
9316.901685  
9250.018506  
9248.104761  
9248.82251  
9199.329761  
9077.595142  
9147.821997  
9223.364941  
9206.379932  
9204.95791  
9217.005786  
9290.106348  
9138.039893  
9306.100024  
9250.685962  
9278.137671  
9167.854468  
9262.410132  
9311.39397  
9311.770728  
9274.669897  
9187.804419  
9241.778687  
9256.65166  
9287.536133  
9265.301636  
9315.801807  
9261.177368  
9200.482715  
9330.294971  
9244.444751  
9274.403735  
9342.894043  
9268.717041  
9234.962915  
9215.285742  
9212.424634  
9281.289722  
9178.223657  
9260.915039  
9221.956055  
9285.301733  
9280.718896  
9285.237085  
9234.614819  
9168.736353  
9296.224146  
9350.416235  
9349.996729  
9254.488989  
9187.579004  
9255.473193  
9227.189746  
9236.026465  
9195.605151  
9250.986133  
9290.8479  
9202.049756  
9288.600562  
9273.767432  
9262.557422  
9214.988916  
9160.704663  
9322.82019  
9232.102344  
9141.344141  
9294.087695  
9213.590869  
9275.289087  
9321.689209  
9248.140332  
9304.277197  
9131.8979  
9159.96355  
9125.168506  
9244.890308  
9230.535693  
9193.077954  
9248.1125  
9182.379541  
9236.623926  
9141.234766  
9056.207544  
9265.016821  
9255.92312  
9277.811035  
9225.270435  
9189.381738  
9149.976221  
9229.732422  
9178.681714  
9207.311328  
9292.247241  
9300.681177  
9296.632373  
9188.51731  
9277.121948  
9331.687891  
9278.514795  
9225.251587  
9331.763745  
9293.970728  
9304.690234  
9274.663965  
9327.636597  
9243.484888  
9293.300146  
9290.543164  
9228.609766  
9319.791187  
9294.207031  
9281.124121  
9334.396729  
9371.810498  
9392.507495  
9328.469897  
9142.85957  
9305.427246  
9312.759814  
9307.450415  
9280.206543  
9284.72251  
9255.523657  
9291.502759  
9285.108691  
9316.899854  
9394.573608  
9294.686841  
9236.894482  
9216.324243  
9239.545361  
9264.247632  
9305.777319  
9250.616479  
9212.148022  
9161.354248  
9300.724097  
9264.844409  
9274.00144  
9186.427539  
9197.215039  
9165.016357  
9351.072095  
9252.803491  
9198.689966  
9061.512744  
9175.984644  
9186.880615  
9234.047632  
9344.271777  
9278.012793  
9275.501636  
9172.51123  
9260.392944  
9223.956104  
9258.402295  
9224.362769  
9200.091113  
9238.995679  
9350.291577  
9247.223901  
9308.659009  
9213.834644  
9123.209253  
9166.375732  
9189.696924  
9310.473291  
9189.246753  
9225.188867  
9221.41189  
9259.808887  
9174.697217  
9150.785278  
9247.046924  
9149.292944  
9189.806909  
9293.782959  
9249.934473  
9214.329346  
9152.754419  
9197.574927  
9160.851929  
9285.357568  
9247.158838  
9261.94187  
9270.613599  
9387.798682  
9382.22937  
9317.476392  
9235.70752  
9222.394482  
9222.35647  
9184.507397  
9352.753247  
9270.590015  
9233.337549  
9252.0604  
9239.888354  
9331.431763  
9378.454785  
9354.013159  
9304.483765  
9218.395386  
9221.444189  
9252.70415  
9274.275537  
9387.974805  
9314.557544  
9372.835815  
9264.647534  
9248.738281  
9259.123145  
9209.652222  
9268.614185  
9282.797021  
9274.342603  
9275.455908  
9303.784888  
9250.833325  
9193.8646  
9411.506763  
9337.577319  
9319.194971  
9327.403687  
9237.128076  
9277.986523  
9268.441748  
9278.362573  
9090.015674  
9468.92644  
9291.307788  
9091.576758  
9216.236133  
9222.235547  
9214.705469  
9320.765869  
9241.583374  
9263.089697  
9299.24541  
9224.961108  
9193.191309  
9297.882349  
9242.123926  
9240.218848  
9242.01687  
9317.780176  
9243.495435  
9305.099902  
9240.611035  
9219.257568  
9080.315649  
9380.748438  
9343.583057  
9307.183301  
9215.534912  
9169.317554  
9269.961133  
9122.577661  
9100.396387  
9079.991113  
9231.840161  
9108.001025  
9213.228491  
9249.779468  
9209.184619  
9129.038965  
9239.522559  
9214.402515  
9322.724341  
9239.04563  
9197.110254  
9125.822314  
9164.312744  
9292.478711  
9230.049536  
9322.672827  
9267.6729  
9300.099878  
9186.590845  
9456.771216  
9344.229102  
9234.418066  
9219.874561  
9200.39231  
9281.719043  
9340.85105  
9332.616724  
9313.451831  
9252.748779  
9193.862402  
9460.814185  
9390.789795  
9306.196997  
9161.5802  
9206.80896  
9187.444751  
9227.736743  
9325.412305  
9322.840771  
8763.453516  
9469.084717  
9216.188354  
9346.875854  
9186.520679  
9179.219629  
9193.001489  
9166.446997  
9325.258521  
9256.835645  
9246.554468  
9167.849878  
9277.733716  
9279.47439  
9305.147656  
9332.811182  
9275.39209  
9362.413013  
9243.241699  
9241.401807  
9249.446802  
9296.14104  
9209.317261  
9123.754785  
9196.355713  
9135.637427  
9306.949146  
9275.485425  
9414.939331  
9308.760498  
9331.80459  
9307.68457  
9135.658862  
9031.483984  
9152.191602  
9196.869214  
9159.612915  
9209.627808  
9172.482935  
9230.833643  
9216.512231  
9291.599121  
9330.38606  
9335.127295  
9206.252441  
9304.482568  
9333.470801  
9323.86377  
9267.862183  
9179.856567  
9125.935352  
9207.304248  
9340.71709  
9199.591577  
9261.233984  
9189.21084  
9382.299146  
9312.889233  
9210.228955  
9099.661255  
9286.770361  
9413.042041  
9212.84646  
9297.534155  
9218.897583  
9191.239966  
9278.906616  
9195.24856  
9228.015869  
9297.078125  
9324.97876  
9304.034229  
9342.010522  
9227.517725  
9129.618042  
9202.643701  
9268.238403  
9292.197241  
9215.945044  
9282.166357  
9178.611353  
9152.456714  
9399.436914  
9363.134424  
9412.053418  
9262.888794  
9299.184326  
9242.623853  
9280.910352  
9178.639697  
9308.899292  
9322.693872  
9358.216235  
9279.900586  
9259.591504  
9249.378491  
9297.753052  
9338.051953  
9376.406152  
9306.52666  
9186.478906  
9192.23042  
9182.545483  
9225.485132  
9122.896094  
9007.519849  
9175.445752  
9292.114941  
9200.840112  
9229.209888  
9169.587061  
9294.835034  
9357.026758  
9283.44126  
9403.648535  
9145.079834  
9192.659131  
9246.973047  
9212.56377  
9254.853882  
9318.32207  
9268.274561  
9171.956934  
9214.47417  
9075.821948  
9243.593726  
9192.09917  
9280.684814  
9180.101367  
9181.155542  
9230.550146  
9217.190015  
9261.430054  
9306.354419  
9267.4927  
9270.088745  
9344.685229  
9284.216431  
9391.3198  
9249.620312  
9190.530078  
9188.981274  
9175.481616  
9269.895264  
9296.64082  
9452.69668  
9434.23374  
9304.025293  
9278.746729  
9266.833838  
9205.490771  
9176.289844  
9238.968823  
9308.807349  
9326.08916  
9340.864185  
9247.455371  
9166.993823  
9189.065112  
9209.615991  
9173.517725  
9164.540063  
9210.465649  
9153.363989  
9168.694409  
9192.687012  
9195.239063  
9266.759961  
9195.969092  
9333.738794  
9275.305737  
9215.806738  
9270.499976  
9199.668433  
9253.908789  
9265.230713  
9139.116797  
9465.496216  
9420.000293  
9311.50686  
9279.515869  
9196.980811  
9181.348975  
9216.880908  
9316.481274  
9403.328711  
9330.804761  
9348.903369  
9432.443701  
9408.789111  
9332.964478  
9285.83916  
9253.339307  
9215.691016  
9100.576514  
9184.481201  
9309.14646  
9255.739795  
9270.421558  
9174.112598  
9080.694189  
9208.404785  
9277.814355  
9282.553101  
9309.373486  
9248.897363  
9137.452222  
9173.527051  
9176.33457  
9229.114575  
9274.696045  
9275.305835  
9252.077393  
9404.038672  
9311.465771  
9184.829004  
9267.8198  
9216.459277  
9213.182007  
9266.278979  
9325.245776  
9250.101758  
9196.734619  
9243.562451  
9214.499805  
9312.800049  
9203.910181  
9127.875488  
9125.411108  
9169.132568  
9327.326904  
9315.535522  
9280.698267  
9292.585596  
9289.928662  
9160.711963  
9169.726318  
9193.389185  
9174.461133  
9179.153564  
9229.063086  
9283.420898  
9249.455103  
9390.607373  
9273.671899  
9220.759521  
9329.829272  
8852.500366  
9519.464844  
9396.213379  
9350.53457  
9199.577051  
9261.266162  
9252.815601  
9280.439478  
9324.02959  
9278.840527  
9393.817041  
9279.683887  
9382.711597  
9257.425342  
9365.401489  
9267.50127  
9206.14314  
9176.578149  
9160.443262  
9203.010449  
9318.059717  
9410.940405  
9298.987793  
9317.440967  
9190.70957  
9277.828125  
9258.39646  
9265.719116  
9167.839941  
9249.005103  
9304.99707  
9263.438696  
9267.282935  
9291.755566  
9261.018018  
9346.609033  
9308.985571  
9265.852979  
9239.024512  
9176.958887  
9296.774585  
9220.409033  
9309.524658  
9200.500317  
9268.806201  
9300.851758  
9305.477173  
9324.232495  
9235.11665  
9125.474951  
9170.89939  
9257.758057  
9230.97522  
9173.878003  
9292.624951  
9370.056128  
9234.882886  
9278.830249  
9264.923804  
9080.06189  
9288.737476  
9157.039917  
9216.721094  
9052.144263  
9121.787744  
9240.056299  
9329.578491  
9277.819434  
9251.476172  
9282.776318  
9248.522876  
9174.17771  
9280.981152  
9270.078906  
9267.724902  
9239.289526  
9265.312988  
9094.289185  
9364.367432  
9342.064258  
9213.944116  
9268.062964  
9218.85166  
9226.34353  
9186.677734  
9181.922217  
9236.198169  
9179.259863  
9276.92373  
9126.759717  
9315.283984  
9179.340137  
9264.857788  
9314.593433  
9278.832251  
9259.289526  
9328.717285  
9268.046143  
9350.75542  
9321.47666  
9227.698975  
9170.726636  
9174.310791  
9294.287988  
9376.899707  
9328.813428  
9272.441162  
9288.190454  
9179.434131  
9220.047534  
9305.330713  
9337.193286  
9293.516284  
9323.347925  
9303.596729  
9241.502515  
9138.947729  
9170.263232  
9327.943921  
9339.221973  
9174.344141  
9166.614136  
9237.1927  
9273.005493  
9382.481201  
9293.279248  
9290.284473  
9202.869116  
9273.604053  
9301.184692  
9223.268823  
9249.723999  
9248.116919  
9253.89231  
9165.236084  
9167.355029  
9176.248999  
9220.791724  
9231.976465  
9194.615405  
9260.188208  
9312.268164  
9264.837598  
9280.82876  
9298.337109  
9338.685083  
9136.6927  
9233.53728  
9101.619385  
9156.384766  
9145.183374  
9053.324072  
9065.644531  
9189.219897  
9125.303784  
9205.849658  
9201.875806  
9167.555103  
9212.366846  
9326.432812  
9354.888501  
9409.097583  
9324.138037  
9307.599341  
9170.562769  
9513.115405  
9437.317822  
9467.163672  
9293.200732  
9362.959155  
9280.823315  
9360.743384  
9301.931934  
9389.134253  
9301.008813  
9313.561255  
9271.917847  
9300.213184  
9178.449365  
9248.227441  
9232.060889  
9254.947021  
9312.612476  
9270.054956  
9331.755933  
9244.605469  
9153.911304  
9309.195361  
9240.528906  
9431.867163  
9401.248389  
9302.557837  
9293.256177  
9182.488818  
9267.540698  
9160.745215  
9112.252173  
9196.125977  
9178.621948  
9321.35415  
9187.206421  
9119.045508  
9253.595801  
9263.010352  
9294.691699  
9276.343042  
9343.12771  
9277.463501  
9252.563379  
9167.873413  
9001.799731  
9253.691016  
9097.08208  
9277.271729  
9263.560474  
9233.658325  
9248.255054  
9226.740942  
9232.293652  
9227.492383  
9418.717969  
9301.492358  
9235.257471  
9319.011792  
9183.014722  
9156.427881  
9229.972778  
9149.685327  
9226.85896  
9138.724194  
9261.728735  
9149.323853  
9141.648218  
9332.696973  
9353.314844  
9439.864917  
9359.818457  
9177.010181  
9277.128589  
9190.981421  
9271.485376  
9304.419995  
9346.025391  
9267.221387  
9276.843799  
9244.101685  
9266.041455  
9288.067993  
9185.0104  
9111.473267  
9216.678052  
9292.711865  
9264.927686  
9320.157739  
9278.193213  
9294.681177  
9218.930591  
9298.893677  
9248.389063  
9190.787085  
9136.186182  
9176.877124  
9272.432397  
9333.206836  
9251.826074  
9316.497485  
9274.640845  
9192.211743  
9178.489697  
9279.672583  
9197.312256  
9206.0177  
9174.565747  
9191.088184  
9282.923779  
9271.14624  
9183.168555  
9198.01687  
9300.440283  
9328.838477  
9369.490747  
9239.311499  
9353.970825  
9229.263257  
9240.319849  
9206.011694  
9278.813525  
9280.211279  
9303.255054  
9309.630249  
9193.05083  
9230.030249  
9335.386035  
9227.223462  
9265.464868  
9221.142456  
9231.36416  
9321.488477  
9381.602856  
9275.291235  
9264.015356  
9219.233447  
9441.186572  
9274.504395  
9238.601001  
9237.263403  
9231.335229  
9037.94563  
9176.82605  
9076.502393  
9200.013672  
9173.743262  
9390.714404  
9315.072437  
9199.149194  
9202.022217  
9183.948608  
9209.783545  
9221.884912  
9209.299463  
9119.82146  
9324.659204  
9316.385791  
9264.612402  
9256.598804  
9246.699951  
9234.613525  
9228.569629  
9196.002075  
9320.672363  
9191.623853  
9287.845264  
9232.898608  
9267.627563  
9370.867969  
9276.225439  
9409.127954  
9253.609668  
9224.670557  
9244.672559  
9341.634644  
9273.537085  
9300.844971  
9285.035254  
9289.632153  
9251.751245  
9299.256372  
9244.780322  
9131.080347  
9241.395386  
9294.137402  
9403.441235  
9181.95603  
9350.439893  
9255.926343  
9192.594019  
9227.907983  
9217.308887  
9221.868506  
9177.080469  
9266.499683  
9270.554419  
9130.499414  
