6753.665283  
6758.020101  
6776.633346  
6802.729519  
6790.626085  
6768.921025  
6843.169551  
6737.330874  
6764.324409  
6806.6166  
6817.389006  
6802.339636  
6767.136637  
6785.178241  
6763.934742  
6733.025137  
6759.520309  
6778.404903  
6737.750606  
6750.907317  
6785.56363  
6775.747387  
6805.045365  
6850.447528  
6820.339934  
6798.93967  
6790.446452  
6803.246193  
6771.465576  
6740.915365  
6756.199174  
6767.823875  
6754.162082  
6826.461127  
6827.115885  
6791.46913  
6709.158936  
6691.23027  
6755.378581  
6772.357756  
6782.423385  
6752.892623  
6807.327962  
6782.648989  
6824.93778  
6783.888925  
6779.671305  
6749.850116  
6736.475649  
6760.742242  
6776.597792  
6759.032986  
6784.174136  
6702.592828  
6774.667381  
6720.623065  
6790.784125  
6795.541911  
6779.387804  
6766.776213  
6801.514386  
6770.43995  
6816.903085  
6835.97272  
6800.391149  
6788.955295  
6731.362775  
6729.023175  
6773.816723  
6753.481798  
6725.796414  
6757.456226  
6797.958758  
6844.815321  
6833.016005  
6731.745108  
6775.288529  
6787.518455  
6780.955584  
6739.325548  
6778.514874  
6812.261402  
6744.146774  
6761.080928  
6800.227186  
6761.884531  
6804.285174  
6819.192853  
6781.181921  
6790.282498  
6784.371654  
6750.1604  
6788.615189  
6757.911115  
6787.852322  
6819.775508  
6750.273474  
6787.259937  
6739.039759  
6769.875651  
6802.171938  
6815.779469  
6842.379015  
6808.148962  
6770.38576  
6795.363381  
6782.420718  
6773.160165  
6844.344329  
6804.333044  
6760.105849  
6778.569535  
6710.963976  
6719.069942  
6751.523293  
6760.831679  
6783.056812  
6781.505425  
6772.790518  
6772.343741  
6798.370352  
6785.639061  
6810.310465  
6800.763889  
6794.5811  
6828.007252  
6831.465911  
6744.728181  
6766.848208  
6788.740497  
6801.015498  
6806.398944  
6751.122296  
6735.417535  
6735.042643  
6750.930393  
6775.470079  
6774.609339  
6790.080594  
6754.695882  
6783.622414  
6782.576181  
6782.461959  
6806.673991  
6784.396566  
6763.660283  
6815.304335  
6836.999846  
6786.387415  
6811.935357  
6787.606653  
6756.080955  
6817.595396  
6768.750868  
6795.80136  
6753.467195  
6823.529206  
6829.297607  
6815.674868  
6747.371175  
6743.967285  
6766.08761  
6757.353217  
6785.572935  
6745.352711  
6708.905717  
6782.587375  
6749.432988  
6815.605668  
6771.770246  
6765.691135  
6812.132876  
6780.029668  
6772.936994  
6774.413692  
6835.75349  
6784.398926  
6740.861455  
6776.250995  
6776.661232  
6824.009829  
6786.385109  
6751.136981  
6754.352096  
6808.392614  
6761.637306  
6775.934769  
6774.423891  
6761.15795  
6713.360234  
6744.552445  
6761.814055  
6784.358389  
6760.365379  
6753.92778  
6775.456733  
6756.373852  
6841.809634  
6783.323116  
6772.151657  
6792.271512  
6743.245063  
6813.885263  
6818.861039  
6807.98876  
6777.91427  
6797.707104  
6785.959391  
6861.581733  
6798.181559  
6745.39681  
6736.959328  
6734.543556  
6763.129277  
6803.076723  
6792.15228  
6778.728588  
6728.758961  
6746.512632  
6755.16512  
6839.550429  
6763.85819  
6775.911712  
6757.05986  
6802.601273  
6750.151693  
6748.019857  
6721.616283  
6813.228859  
6824.105767  
6831.371501  
6775.51718  
6786.855424  
6757.10064  
6780.262894  
6801.050139  
6749.730161  
6774.727819  
6768.058874  
6793.913565  
6805.422246  
6786.355351  
6814.302915  
6794.414704  
6803.701317  
6780.555782  
6718.465685  
6776.099438  
6764.107295  
6721.443124  
6752.119484  
6726.056261  
6770.218931  
6770.810809  
6746.892198  
6789.164994  
6775.631375  
6710.384187  
6769.238887  
6783.686894  
6782.101011  
6810.829698  
6812.520255  
6763.543059  
6760.10376  
6811.011185  
6828.736084  
6853.627487  
6815.774568  
6822.323875  
6795.37982  
6768.551016  
6808.870325  
6803.755281  
6806.221137  
6794.478091  
6780.407127  
6788.639386  
6771.040383  
6780.946795  
6755.09979  
6745.020038  
6788.875561  
6757.018211  
6818.18486  
6796.90181  
6813.96214  
6818.343958  
6771.849085  
6773.810194  
6810.63076  
6776.556613  
6760.297327  
6780.31996  
6825.498083  
6754.001646  
6783.067419  
6771.066262  
6806.185673  
6800.826597  
6776.682075  
6780.018971  
6744.587448  
6779.646629  
6776.264603  
6784.607377  
6786.629132  
6766.108353  
6756.369475  
6733.784957  
6776.545564  
6751.631321  
6763.14039  
6750.939779  
6713.34639  
6749.013663  
6776.196217  
6748.751085  
6806.127975  
6787.432048  
6727.064408  
6720.528673  
6754.278555  
6755.483751  
6765.544081  
6761.831489  
6773.649523  
6769.244394  
6772.148573  
6802.718587  
6822.988417  
6852.519396  
6802.396032  
6764.537209  
6754.867432  
6772.001239  
6779.132677  
6779.208776  
6772.044596  
6847.586073  
6740.919795  
6733.196931  
6754.51341  
6766.636972  
6760.734502  
6790.989321  
6862.794922  
6806.265761  
6781.430908  
6813.46205  
6800.778013  
6833.649975  
6770.04447  
6764.844708  
6800.606662  
6812.393121  
6802.491943  
6785.734321  
6861.613128  
6790.495624  
6795.513238  
6742.483426  
6710.874087  
6782.814308  
6743.070439  
6758.235605  
6776.032832  
6778.942636  
6801.358878  
6713.466363  
6729.605677  
6781.197871  
6841.194978  
6779.141095  
6754.445982  
6751.942998  
6737.405563  
6787.761375  
6764.821741  
6809.726345  
6804.493019  
6840.652389  
6795.070891  
6815.356825  
6814.699219  
6817.692564  
6785.743824  
6782.158818  
6769.954744  
6785.890327  
6774.818658  
6774.681225  
6800.521756  
6880.967348  
6807.001591  
6820.310429  
6782.70478  
6795.330286  
6742.625977  
6783.350279  
6752.383834  
6779.75821  
6760.139513  
6806.84016  
6783.422354  
6793.136592  
6796.208559  
6828.024667  
6804.292453  
6769.961579  
6792.803485  
6766.41409  
6773.400499  
6799.738345  
6797.466743  
6822.041929  
6770.413203  
6733.627224  
6701.622703  
6709.145454  
6721.896539  
6740.505407  
6729.738869  
6796.622188  
6793.579906  
6811.686514  
6835.381031  
6813.976481  
6803.785626  
6750.81939  
6802.151629  
6745.143103  
6733.144812  
6765.271982  
6732.69043  
6757.995235  
6790.685357  
6760.685583  
6821.002089  
6733.859945  
6715.568848  
6710.207764  
6697.720215  
6782.131791  
6767.231554  
6782.099175  
6752.760543  
6762.146186  
6713.480369  
6751.938495  
6770.335286  
6844.342565  
6717.655129  
6832.687437  
6834.563079  
6828.95336  
6771.104565  
6788.603073  
6802.077022  
6777.334382  
6808.253753  
6830.949264  
6827.645164  
6843.203894  
6828.953758  
6791.63463  
6804.009377  
6798.066026  
6826.671061  
6748.699418  
6784.30863  
6801.077148  
6765.541929  
6810.984086  
6843.10546  
6769.349456  
6730.824083  
6766.747459  
6819.928711  
6797.54437  
6755.855921  
6778.264486  
6785.482015  
6760.280129  
6768.413882  
6723.799434  
6743.823116  
6732.084663  
6754.482187  
6796.821985  
6820.663357  
6712.364122  
6754.828794  
6785.238959  
6712.247875  
6752.627722  
6728.177988  
6752.630715  
6761.599157  
6783.393283  
6777.935954  
6765.929561  
6739.150825  
6748.653347  
6790.259531  
6757.65861  
6856.503436  
6811.516149  
6793.731246  
6781.420781  
6829.753346  
6782.028266  
6770.81467  
6722.819463  
6737.120551  
6746.692989  
6791.77266  
6801.685655  
6789.879856  
6786.396557  
6822.990424  
6797.410165  
6798.125434  
6780.449535  
6780.247649  
6834.720323  
6827.33639  
6808.570186  
6809.919298  
6813.111238  
6816.708704  
6822.207212  
6748.852883  
6745.480668  
6753.115108  
6778.867305  
6750.839518  
6724.171866  
6790.263473  
6755.731463  
6724.480279  
6767.092348  
6736.877839  
6747.830937  
6753.289524  
6810.560456  
6800.88708  
6801.783411  
6833.754259  
6822.769079  
6826.511032  
6775.997595  
6789.264549  
6813.50453  
6786.223696  
6747.058467  
6733.489665  
6770.816081  
6791.305483  
6764.478895  
6791.318242  
6809.926324  
6818.320403  
6758.637153  
6795.054199  
6850.023591  
6816.776575  
6797.968605  
6770.764594  
6807.966869  
6777.070602  
6723.201271  
6783.236934  
6714.970133  
6708.358869  
6726.254937  
6727.285464  
6751.99377  
6783.886746  
6804.557599  
6757.956923  
6741.305935  
6775.774911  
6746.157715  
6761.933223  
6781.095504  
6821.292028  
6790.604103  
6842.003536  
6778.729275  
6803.153673  
6764.455991  
6774.162091  
6786.197067  
6758.972168  
6767.646285  
6719.782615  
6760.443233  
6768.556116  
6768.108272  
6780.062274  
6793.994783  
6792.533719  
6746.86688  
6780.955485  
6733.707492  
6766.468253  
6795.816099  
6775.791992  
6774.141629  
6813.289117  
6836.889052  
6827.808322  
6799.861617  
6784.693215  
6805.460612  
6796.292526  
6824.349835  
6864.4882  
6800.917381  
6825.127848  
6767.954725  
6763.465142  
6740.988182  
6735.968063  
6742.87661  
6765.577637  
6739.197392  
6747.547327  
6783.261339  
6801.758898  
6793.941243  
6795.549497  
6822.510715  
6814.186487  
6811.51784  
6803.746492  
6802.292725  
6787.034578  
6778.492043  
6760.440846  
6747.339744  
6816.868553  
6764.816515  
6808.388482  
6790.743227  
6777.357865  
6745.563495  
6767.785581  
6768.612305  
6727.360722  
6736.591019  
6751.97111  
6732.767117  
6786.784623  
6779.347692  
6750.022389  
6759.261402  
6744.059796  
6779.514603  
6742.492341  
6734.724456  
6761.896448  
6784.017153  
6821.226662  
6834.30155  
6872.195954  
6733.22196  
6863.901512  
6460.738173  
6891.129069  
6771.070945  
6737.221571  
6664.58799  
6823.579789  
6768.768202  
6732.417878  
6770.964853  
6807.634928  
6776.572202  
6776.843849  
6798.267849  
6849.230008  
6832.690683  
6745.034243  
6746.033303  
6742.364014  
6720.421956  
6786.860731  
6855.459726  
6851.814173  
6812.147452  
6797.997984  
6783.629693  
6792.07185  
6828.474546  
6775.653257  
6815.893645  
6786.158266  
6766.184534  
6788.736102  
6767.409351  
6787.429579  
6791.44383  
6770.86943  
6781.514657  
6745.663719  
6762.636258  
6713.927074  
6748.223805  
6742.073866  
6755.160771  
6785.554552  
6817.189281  
6772.077863  
6806.040148  
6747.756836  
6803.150083  
6772.40757  
6799.641764  
6741.242884  
6742.362097  
6779.306252  
6759.222873  
6796.276611  
6755.842168  
6771.951172  
6781.172788  
6744.228018  
6750.582086  
6745.561144  
6761.507415  
6786.748987  
6759.049371  
6765.05476  
6790.406051  
6724.033999  
6798.757406  
6794.571045  
6788.3192  
6768.616184  
6771.740153  
6764.78559  
6825.856391  
6832.893745  
6799.053485  
6808.871844  
6826.128346  
6792.700467  
6772.144703  
6745.119394  
6719.626076  
6732.241491  
6788.485135  
6813.356916  
6796.332185  
6775.038665  
6734.405653  
6795.328613  
6803.724004  
6724.23386  
6778.748589  
6822.178494  
6831.194987  
6801.499882  
6806.476897  
6787.652262  
6771.113082  
6810.946624  
6803.385733  
6900.58667  
6853.808567  
6813.622432  
6827.9984  
6848.560664  
6814.443567  
6776.301514  
6749.200313  
6773.916829  
6764.308567  
6805.452917  
6778.143645  
6757.512903  
6751.444481  
6751.936388  
6758.571967  
6710.925872  
6736.516059  
6849.551487  
6789.381411  
6733.410952  
6788.959708  
6704.079508  
6745.781585  
6735.645788  
6743.197935  
6794.991609  
6785.995217  
6780.095432  
6761.920256  
6763.833098  
6780.563133  
6760.186053  
6794.787127  
6784.66456  
6811.185574  
6801.051866  
6773.400038  
6765.80693  
6814.278366  
6811.836896  
6771.11178  
6791.338298  
6752.263048  
6749.444164  
6746.536196  
6764.650472  
6898.523049  
6735.299108  
6818.254259  
6801.38944  
6771.090811  
6707.27738  
6759.605207  
6800.301053  
6771.109773  
6838.84167  
6760.541097  
6770.628481  
6772.155282  
6735.543981  
6773.246483  
6751.600441  
6818.865741  
6788.877704  
6744.333053  
6808.504349  
6769.929706  
6805.838976  
6800.774134  
6763.28087  
6799.065041  
6738.267895  
6750.17674  
6738.566895  
6767.703975  
6759.011384  
6749.790654  
6780.68571  
6747.354601  
6748.519992  
6762.700647  
6687.00869  
6772.742242  
6744.663131  
6771.493245  
6769.532398  
6724.823278  
6754.777488  
6750.467294  
6744.022262  
6766.95176  
6761.388274  
6787.525653  
6777.973199  
6759.334129  
6735.194734  
6813.076118  
6773.682816  
6793.534089  
6755.5828  
6775.214446  
6797.900237  
6816.055637  
6838.485252  
6816.884395  
6821.729565  
6788.860804  
6899.282299  
6818.799524  
6839.487739  
6773.723  
6843.051215  
6804.100731  
6863.695005  
6807.219699  
6844.968352  
6863.621546  
6848.314996  
6785.547553  
6781.654423  
6821.759603  
6771.765589  
6790.802364  
6779.950783  
6782.211742  
6768.504277  
6752.679389  
6809.408058  
6784.719971  
6816.241609  
6797.252179  
6812.323396  
6769.141574  
6837.360288  
6749.332303  
6773.541016  
6761.423729  
6733.562455  
6737.128246  
6785.973081  
6767.191108  
6768.381691  
6783.844202  
6801.816587  
6770.683413  
6770.202818  
6734.888238  
6796.378762  
6758.703044  
6793.397985  
6776.141149  
6779.343415  
6769.903781  
6743.15465  
6786.577365  
6761.076823  
6791.887243  
6764.976472  
6793.22678  
6769.014151  
6786.154821  
6782.567202  
6781.01208  
6742.98282  
6732.591489  
6764.138889  
6788.773745  
6776.924642  
6837.975921  
6753.939453  
6741.510986  
6758.557545  
6811.196949  
6748.364149  
6743.52341  
6725.318052  
6776.911594  
6736.963487  
6697.809688  
6777.675392  
6717.326027  
6728.455413  
6755.080829  
6759.244746  
6761.129006  
6730.368616  
6750.559977  
6750.188766  
6771.603715  
6773.094663  
6750.356292  
6770.511249  
6834.17249  
6815.564616  
6868.460259  
6788.280201  
6834.334925  
6786.519757  
6720.776259  
6799.340847  
6785.79598  
6756.322962  
6763.296794  
6800.826344  
6792.265055  
6878.883527  
6892.7838  
6849.614936  
6807.545817  
6758.424669  
6742.889585  
6720.745235  
6776.013979  
6827.93023  
6838.212004  
6774.867649  
6772.61518  
6793.164632  
6805.036205  
6746.620949  
6794.022027  
6733.337285  
6751.776087  
6713.362097  
6733.73102  
6755.579011  
6816.434453  
6813.101816  
6774.349474  
6772.503038  
6787.101291  
6737.710341  
6770.698993  
6793.608435  
6770.789424  
6642.27389  
6882.214862  
6603.386122  
6802.428611  
6828.15795  
6798.679832  
6790.643826  
6760.100061  
6759.796748  
6808.165781  
6777.148935  
6785.62793  
6747.517877  
6780.980849  
6797.076145  
6784.426251  
6778.000543  
6766.768356  
6782.946615  
6709.871826  
6794.612585  
6752.864113  
6825.226264  
6865.567862  
6871.385182  
6799.018075  
6792.013726  
6765.480442  
6775.374539  
6724.057002  
6698.378065  
6739.004801  
6741.928747  
6706.180999  
6724.943712  
6763.663601  
6766.669578  
6770.16182  
6773.597964  
6802.712023  
6795.604863  
6800.10196  
6757.777724  
6732.460965  
6776.108697  
6790.687554  
6852.804407  
6797.375778  
6802.66739  
6795.358706  
6879.144576  
6859.268645  
6828.512777  
6769.892623  
6777.977241  
6769.546866  
6813.096598  
6824.549814  
6738.107765  
6746.40795  
6809.881004  
6805.250344  
6849.995018  
6840.965097  
6846.86462  
6769.581841  
6758.509829  
6775.475758  
6802.367576  
6822.464039  
6689.880633  
6760.374656  
6729.821452  
6786.951913  
6800.278863  
6782.767397  
6787.86074  
6777.216806  
6771.480107  
6766.347177  
6786.063223  
6733.777371  
6763.548846  
6817.609655  
6778.607747  
6820.58261  
6784.268039  
6763.463713  
6811.029261  
6809.750741  
6807.867423  
6831.213388  
6773.350215  
6749.915564  
6760.628047  
6752.277317  
6715.757668  
6681.553548  
6726.144504  
6849.745425  
6767.010724  
6788.531178  
6794.190511  
6702.326335  
6740.745596  
6744.491699  
6759.067998  
6735.761737  
6766.340929  
6746.689417  
6754.93023  
6774.572989  
6810.194671  
6796.364032  
6789.761664  
6787.611834  
6803.475116  
6828.08412  
6787.72366  
6796.211353  
6744.128282  
6742.963596  
6784.930899  
6810.962773  
6759.97508  
6724.043475  
6812.147298  
6818.202763  
6835.065882  
6767.341498  
6800.0997  
6817.533113  
6806.294777  
6763.69836  
6766.858733  
6784.406313  
6776.591951  
6758.239059  
6750.040184  
6779.146367  
6802.086652  
6834.917372  
6817.800808  
6789.500633  
6808.849618  
6826.308422  
6818.731301  
6790.707447  
6786.890453  
6816.377939  
6799.404143  
6710.752025  
6752.391629  
6746.163583  
6833.09847  
6805.352512  
6758.351725  
6756.186496  
6797.178828  
6783.13671  
6757.140263  
6773.344519  
6803.864963  
6799.067618  
6771.608145  
6726.412028  
6774.033483  
6788.646683  
6810.814932  
6821.686614  
6796.761637  
6745.727955  
6786.346164  
6773.127261  
6785.862739  
6742.252459  
6764.855505  
6761.7129  
6775.156214  
6766.249023  
6740.387044  
6792.551423  
6815.087285  
6822.686912  
6785.824336  
6791.702917  
6681.195747  
6676.454237  
6600.509702  
6818.013527  
6783.786051  
6773.245153  
6731.215621  
6721.934787  
6688.010706  
6732.213469  
6730.417779  
6709.256619  
6771.902136  
6754.919614  
6737.409496  
6724.751438  
6759.201534  
6748.309335  
6782.250443  
6766.885796  
6808.020987  
6776.826054  
6806.540907  
6790.401458  
6804.979203  
6756.67051  
6744.592801  
6755.682563  
6791.495542  
6774.158203  
6890.919533  
6833.481192  
6815.050483  
6803.863191  
6777.133879  
6789.546613  
6775.449653  
6791.060755  
6780.386882  
6834.193007  
6771.385118  
6774.386375  
6789.485243  
6786.288249  
6751.685031  
6768.276467  
6828.001971  
6781.56259  
6780.828369  
6790.331733  
6809.044153  
6800.431659  
6813.112983  
6797.454662  
6801.64303  
6766.724944  
6742.205802  
6734.739909  
6788.824987  
6771.400798  
6759.710151  
6788.561921  
6841.892732  
6782.834599  
6749.875868  
6773.390092  
6750.310411  
6778.056632  
6772.242902  
6727.412498  
6767.387279  
6805.594048  
6844.145698  
6816.216345  
6838.395652  
6819.065457  
6794.554027  
6795.865108  
6776.314679  
6758.10961  
6830.787426  
6806.133057  
6820.766882  
6781.270806  
6734.773401  
6779.087402  
6769.509956  
6763.303268  
6859.205268  
6791.19675  
6794.316108  
6727.670781  
6748.66484  
6763.888753  
6748.034957  
6701.526232  
6798.737865  
6834.566036  
6839.939064  
6777.520083  
6799.87472  
6788.946398  
6715.555402  
6696.202022  
6768.864348  
6786.729637  
6756.334816  
6811.073839  
6766.720025  
6768.296604  
6781.14832  
6745.476291  
6688.952619  
6730.793954  
6760.300438  
6782.975911  
6763.218714  
6768.140607  
6829.857214  
6806.591489  
6791.196126  
6754.476562  
6783.803458  
6766.381257  
6761.513762  
6748.519305  
6786.846228  
6787.788683  
6816.01123  
6799.577338  
6817.909487  
6722.653971  
6849.708424  
6854.882758  
6812.399767  
6847.182192  
6796.07364  
6800.64539  
6821.964961  
6830.850939  
6816.07487  
6845.961986  
6818.266104  
6826.904469  
6778.69543  
6801.274595  
6818.37736  
6836.827592  
6815.149025  
6774.878825  
6751.797508  
6789.24311  
6808.032091  
6788.04475  
6797.377559  
6821.154206  
6774.977204  
6777.310321  
6764.538529  
6762.296857  
6767.880172  
6727.8852  
6739.921351  
6732.835901  
6735.517967  
6746.074382  
6757.30211  
6767.201353  
6758.426704  
6762.887153  
6748.45846  
6799.988471  
6838.14511  
6792.778483  
6792.541567  
6770.825331  
6799.882189  
6773.53701  
6764.934163  
6781.624286  
6755.467629  
6767.806496  
6766.845685  
6757.303702  
6739.384115  
6758.82619  
6764.548485  
6805.657001  
6749.291124  
6812.258319  
6761.155192  
6794.379747  
6741.713813  
6800.247369  
6722.427472  
6722.678186  
6750.263889  
6732.043222  
6809.951  
6805.066379  
6805.18193  
6818.466101  
6770.409912  
6765.909442  
6778.227566  
6779.461317  
6793.961173  
6775.055094  
6752.626682  
6703.161847  
6722.106762  
6809.973117  
6792.794262  
6838.133427  
6837.055311  
6776.190873  
6787.89889  
6753.058087  
6771.055085  
6796.311361  
6763.229456  
6734.844871  
6776.223434  
6767.459409  
6748.359465  
6751.313006  
6785.462628  
6754.6655  
6772.248743  
6772.899432  
6800.056424  
6815.228488  
6768.758825  
6769.04145  
6782.502053  
6792.212258  
6796.382243  
6818.548466  
6818.28361  
6763.873192  
6792.034496  
6792.927771  
6822.101644  
6827.326751  
6789.204563  
6791.354348  
6757.035979  
6747.861572  
6641.582836  
6812.266972  
6753.738209  
6747.251429  
6769.402705  
6790.151449  
6780.00878  
6745.180483  
6830.396846  
6771.41654  
6779.781928  
6757.48556  
6790.027018  
6735.000054  
6781.881221  
6783.946578  
6780.702881  
6791.556776  
6777.253617  
6760.274703  
6771.573622  
6776.294497  
6794.082293  
6798.816741  
6781.893681  
6790.462023  
6751.733037  
6721.357485  
6681.761827  
6800.331823  
6745.399468  
6736.055809  
6738.498056  
6719.752749  
6691.83459  
6715.850505  
6713.731382  
6743.144468  
6746.877613  
6746.285608  
6745.458677  
6764.748219  
6781.837059  
6813.728624  
6787.775535  
6836.10782  
6835.594265  
6818.827664  
6798.468189  
6847.884738  
6816.640679  
6795.684091  
6808.402769  
6799.859954  
6812.473081  
6826.91154  
6824.725785  
6818.078161  
6794.134946  
6781.772985  
6862.083451  
6839.78503  
6797.279134  
6790.746736  
6748.947528  
6791.154288  
6801.186578  
6806.017931  
6820.643347  
6753.018564  
6744.788366  
6786.058847  
6801.023953  
6840.817003  
6820.931776  
6801.463967  
6762.421134  
6784.311325  
6766.096616  
6780.672824  
6737.807066  
6763.038963  
6751.44505  
6727.346779  
6738.084301  
6712.680031  
6817.864592  
6800.306885  
6716.873843  
6834.419063  
6790.121103  
6797.768338  
6758.255561  
6748.264097  
6760.093587  
6759.756655  
6823.156431  
6780.710522  
6799.992694  
6774.632008  
6770.560746  
6773.670519  
6774.659361  
6801.278935  
6814.661947  
6792.803232  
6792.63935  
6775.005235  
6803.250217  
6755.62547  
6772.771539  
6751.755968  
6762.988109  
6789.765905  
6756.837493  
6733.874042  
6791.110487  
6770.830395  
6862.708948  
6819.962918  
6800.895725  
6768.989583  
6834.544208  
6725.295139  
6837.713352  
6774.596598  
6814.584572  
6771.497233  
6798.0997  
6807.421884  
6753.431324  
6748.877252  
6728.240189  
6731.361012  
6744.520354  
6765.632487  
6796.900228  
6756.588587  
6738.246908  
6734.825828  
6753.436442  
6779.781494  
6762.048394  
6753.816171  
6772.943594  
6730.975794  
6806.909171  
6815.45761  
6786.218135  
6854.733959  
6832.688956  
6777.151015  
6825.299154  
6819.13435  
6765.514938  
6749.522976  
6721.330919  
6754.79154  
6764.073423  
6786.496202  
6765.075213  
6749.986455  
6790.625  
6801.336417  
6819.950819  
6765.05447  
6811.983986  
6766.164849  
6803.890697  
6788.203306  
6822.594971  
6817.438115  
6775.468614  
6700.870714  
6801.74131  
6829.653438  
6755.221454  
6740.299452  
6773.66182  
6772.455856  
6791.514052  
6854.78257  
6784.396792  
6772.255335  
6711.053955  
6740.655237  
6681.829436  
6794.272262  
6744.246926  
6735.260408  
6750.789415  
6774.03946  
6726.935683  
6722.982458  
6742.909207  
6782.927065  
6797.560031  
6738.437211  
6751.015661  
6767.15474  
6785.395255  
6763.408384  
6726.059444  
6777.895282  
6825.123942  
6771.379566  
6796.492169  
6740.625543  
6774.714383  
6768.168746  
6805.796378  
6769.73282  
6760.468696  
6801.163918  
6757.024278  
6750.684471  
6714.176604  
6778.758473  
6825.856373  
6802.242079  
6789.058295  
6854.056749  
6832.698441  
6813.964509  
6831.162769  
6823.466788  
6847.200693  
6807.028429  
6809.764576  
6788.071117  
6801.709871  
6808.563639  
6790.131872  
6791.209473  
6775.30561  
6776.020372  
6741.509304  
6756.117124  
6760.117468  
6748.750099  
6756.262279  
6756.881158  
6786.278854  
6728.305682  
6743.475848  
6746.802101  
6773.465034  
