10069.40961  
10074.50724  
10058.71848  
10060.69088  
10074.22758  
10070.06795  
10184.68735  
10210.10601  
10211.17432  
10223.78831  
10140.99393  
10152.61152  
10169.57042  
10148.91091  
10079.80376  
10090.23406  
10159.60558  
10192.07606  
10178.34034  
10138.4533  
10090.67314  
10088.66454  
10122.00764  
10128.86903  
10083.17637  
10099.6648  
10133.31177  
10148.95539  
10110.06615  
10050.19557  
10081.71476  
10077.28828  
10133.95735  
10196.89777  
10249.6941  
10126.22165  
10107.6976  
10089.15076  
10083.92299  
10121.58697  
10149.92778  
10064.24745  
10025.89093  
10089.67626  
10140.46564  
10166.00561  
10097.65221  
10108.42194  
10149.59988  
10093.33833  
10123.15138  
10124.98346  
10090.83575  
10112.05759  
10077.5846  
10108.88546  
10143.14691  
10128.49732  
10113.00937  
10095.61418  
10074.75671  
10155.74678  
10150.32703  
10140.18889  
10148.34146  
10179.82822  
10101.07029  
10038.16278  
10094.51102  
10094.45068  
10093.04514  
10177.8075  
10179.01546  
10163.86535  
10145.17926  
10105.94586  
10149.33485  
10128.57277  
10155.60946  
10111.03467  
10078.77484  
10083.04588  
10089.51753  
10095.26612  
10132.31684  
10094.9529  
10029.29927  
10090.42758  
10150.27405  
10120.48165  
10173.16704  
10138.57941  
10086.24184  
10048.00251  
10112.08649  
10116.18337  
10146.64826  
10165.09088  
10136.55544  
10178.0599  
10195.28171  
10152.61003  
10123.39547  
10110.95503  
10053.35576  
10122.78722  
10117.30033  
10073.15818  
10122.75568  
10119.50402  
10130.49407  
10125.87137  
10141.29468  
10099.35027  
10068.33316  
10071.54305  
10091.09108  
10134.72239  
10138.67286  
10102.16307  
10114.52061  
10154.43665  
10107.41099  
10143.57172  
10144.8386  
10089.15165  
10073.67953  
10149.04109  
10172.1295  
10166.0924  
10166.53309  
10079.15378  
10071.37677  
10082.8006  
10090.90003  
10094.43233  
10105.17709  
10100.69376  
10217.18234  
10219.76594  
10207.50851  
10121.32657  
10061.17523  
10109.10068  
10122.30485  
10138.40024  
10116.84271  
10147.63491  
10164.28465  
10208.56173  
10200.15138  
10225.92258  
10231.19825  
10131.08849  
10177.58205  
10110.2625  
10089.85533  
10105.85995  
10061.26721  
10085.30457  
10130.69761  
10119.18941  
10117.69202  
10056.68021  
10056.72329  
10108.25191  
10178.60789  
10199.75263  
10096.34117  
10122.78224  
10101.17862  
10136.20011  
10076.10941  
10160.32349  
10119.51932  
10069.18233  
10055.31177  
10050.41614  
10077.7732  
10072.17774  
10048.31804  
10025.04803  
10122.45423  
10147.86543  
10171.42468  
10149.02682  
10138.06618  
10167.05924  
10172.38263  
10137.93285  
10122.5878  
10177.30282  
10191.34417  
10226.83001  
10196.10613  
10166.17546  
10187.23189  
10096.42058  
10111.98512  
10086.08387  
10138.85909  
10071.61346  
10134.44907  
10097.45001  
10090.84232  
10057.71478  
10116.03666  
10138.82383  
10128.00209  
10111.99698  
10163.29816  
10195.45362  
10096.11327  
10185.75689  
10166.89425  
10180.02753  
10044.67779  
10032.56762  
10055.70461  
10096.72868  
10075.94843  
10130.0163  
10126.65065  
10094.05153  
10176.58158  
10137.67741  
10136.47363  
10053.67673  
10083.20991  
10073.44238  
10145.74501  
10218.87912  
10183.45196  
10234.21021  
10119.13735  
10128.90004  
10022.05607  
10086.80304  
10025.3106  
10088.58163  
10075.19607  
10137.68632  
10122.97205  
10096.49544  
10090.36032  
10102.86174  
10162.34905  
10112.66909  
10103.48555  
10043.94194  
10121.23001  
10158.24781  
10148.90293  
10131.74244  
10170.84605  
10196.68839  
10183.99427  
10077.80637  
10036.77113  
10041.8745  
10022.40617  
10054.33951  
10152.13018  
10113.57737  
10108.07802  
10069.90519  
10124.70126  
10092.76263  
10101.86143  
10115.62709  
10120.86354  
10159.78313  
10100.3819  
10104.56756  
10062.67589  
10157.75624  
10154.6886  
10150.64656  
10111.59476  
10104.89782  
10101.0409  
10116.86038  
10189.82078  
10078.01215  
10158.43877  
10141.95332  
10132.92164  
10192.21964  
10185.41179  
10123.40093  
10074.58477  
10084.94833  
10084.83906  
10093.15745  
10080.92825  
10114.87532  
10116.1644  
10121.42492  
10159.53385  
10156.08864  
10137.94051  
10107.89077  
10110.42456  
10086.56886  
10117.51492  
10150.13389  
10145.00938  
10147.15554  
10144.06794  
10198.33513  
10164.64074  
10177.46167  
10107.72677  
10085.73873  
10049.32646  
10086.44676  
10130.42685  
10155.03617  
10145.73232  
10161.21556  
10166.29493  
10139.85236  
10165.73924  
10147.04607  
10182.75044  
10125.00856  
10175.38695  
10108.54708  
10154.51502  
10178.67295  
10120.3215  
10136.82056  
10124.38204  
10178.79998  
10131.42811  
10151.91252  
10095.83883  
10119.42508  
10058.12517  
10078.00322  
10073.66508  
10136.90555  
10144.39364  
10123.76067  
10192.43325  
10163.42366  
10220.7935  
10140.74357  
10194.7128  
10135.73562  
10134.17722  
10181.99995  
10124.15474  
10111.87292  
10132.448  
10084.21274  
10051.10287  
10108.05533  
10104.96738  
10077.67126  
10147.64336  
10147.38403  
10269.18369  
10218.20976  
10216.26157  
10150.85865  
10106.37569  
10208.05428  
10079.76914  
10114.73186  
10084.51816  
10034.64013  
10100.36299  
10079.34565  
10052.30551  
10045.29393  
10064.04672  
10078.94283  
10114.305  
10106.81371  
10089.96556  
10033.51079  
10077.05487  
10052.21658  
10160.49123  
10185.75123  
10190.44034  
10206.71219  
10140.96532  
10231.4635  
10241.03537  
10218.89083  
10116.40025  
10035.00344  
10009.9422  
10054.42777  
10045.67558  
10058.96708  
10041.42875  
10122.7028  
10130.76063  
10132.30049  
10145.90737  
10145.92714  
10166.35505  
10059.01037  
10109.63921  
10100.56302  
10126.7322  
10177.95249  
10125.95443  
10156.81897  
10151.52223  
10129.86992  
10214.04332  
10247.53478  
10262.38375  
10117.44119  
10138.98056  
10036.76842  
10132.72998  
10067.55841  
10070.58923  
10098.65447  
10116.9747  
10111.0523  
10102.03647  
10119.91165  
10080.40908  
10114.64833  
10117.47365  
10146.11817  
10106.67806  
10186.05822  
10185.4676  
10219.43131  
10177.73076  
10100.78268  
10129.90122  
10076.79171  
10121.99052  
10098.52435  
10127.55278  
10103.79814  
10142.21262  
10104.34637  
10051.87991  
10054.55022  
10084.87449  
10098.24902  
10080.68277  
10123.91371  
10107.46932  
10127.49018  
10092.84377  
10165.40577  
10144.00136  
10166.86339  
10128.96787  
10177.26857  
10122.71375  
10118.50431  
10141.57645  
10128.32983  
10185.7071  
10194.70669  
10229.10757  
10214.06419  
10167.61836  
10103.55737  
10134.05734  
10145.71544  
10156.73951  
10224.42017  
10188.93034  
10204.62232  
10108.90011  
10104.32805  
10120.71128  
10046.1336  
10094.053  
10034.64019  
10031.28464  
10118.37795  
10153.47786  
10064.53865  
10027.27222  
10022.93346  
10041.34149  
10047.58855  
10042.03136  
10138.19163  
10112.48838  
10123.48986  
10157.67335  
10167.88371  
10143.0828  
10069.41933  
10118.18303  
10037.12217  
10069.88499  
10123.0904  
10159.67986  
10158.61123  
10203.79906  
10208.16698  
10137.7882  
10153.90016  
10109.38737  
10073.92962  
10107.76084  
10117.69605  
10198.75526  
10223.20276  
10181.58654  
10081.76811  
10082.89885  
10058.23876  
10101.49497  
10075.57782  
10054.29194  
10125.10044  
10143.91447  
10166.4536  
10217.6601  
10197.3824  
10107.8247  
10110.82307  
10139.6486  
10113.84468  
10151.12337  
10125.01331  
10145.87119  
10076.40547  
10058.7739  
10078.84715  
10101.22007  
10065.33211  
10066.05732  
10126.23484  
10125.79106  
10140.01892  
10155.23434  
10120.91206  
10153.68287  
10152.49564  
10153.48593  
10158.49597  
10127.33202  
10117.51899  
10108.86711  
10128.80494  
10140.05006  
10109.34915  
10120.47204  
10190.24659  
10184.68421  
10178.34851  
10122.98235  
10137.9485  
10114.2586  
10126.89473  
10183.43907  
10160.53622  
10170.61035  
10163.13156  
10152.62501  
10167.30365  
10148.37173  
10107.80489  
10083.83952  
10099.6896  
10116.40824  
10176.12102  
10150.29712  
10143.17365  
10181.29478  
10178.90029  
10186.99749  
10200.91777  
10116.18959  
10058.53031  
10076.75115  
10107.70398  
10071.07665  
10101.43453  
10127.19364  
10155.97605  
10165.27003  
10130.82756  
10104.79007  
10075.05667  
10050.26026  
10182.01274  
10140.22482  
10127.85051  
10080.03126  
10156.79444  
10145.57851  
10151.50873  
10133.86436  
10018.87884  
10034.03867  
10061.95153  
10142.31312  
10113.09453  
10030.17513  
10013.06837  
10042.14002  
10053.2186  
10037.25943  
10122.65036  
10059.05127  
10055.9709  
10072.06051  
10142.12085  
10149.03249  
10102.8687  
10148.45334  
10162.52863  
10167.75319  
10185.86923  
10179.16788  
10197.69976  
10197.05875  
10102.38292  
10091.80212  
10069.016  
10084.01339  
10086.83205  
10046.51532  
10073.0891  
10130.02962  
10160.3971  
10147.02667  
10169.49302  
10129.7201  
10129.09119  
10177.54815  
10055.3621  
10033.3612  
10030.28306  
10013.97511  
10048.46979  
10047.78704  
10042.08188  
10042.89879  
10110.33533  
10197.0683  
10123.52741  
10064.84673  
10039.16481  
10031.1665  
10031.34252  
10096.95895  
10158.43806  
10178.98551  
10186.20563  
10202.83108  
10198.6773  
10155.26213  
10201.62064  
10187.30551  
10189.67359  
10164.73966  
10187.48274  
10167.4629  
10111.67956  
10136.12124  
10157.39201  
10124.19601  
10072.75788  
10074.7465  
10035.84898  
10146.4023  
10249.2604  
10272.62365  
10268.96991  
10220.45904  
10123.03665  
10050.27137  
10066.11191  
10065.17568  
10156.29386  
10102.01385  
10048.83878  
9987.354763  
10066.93529  
10085.72258  
10080.48615  
10097.18195  
10159.4528  
10155.61933  
10144.16148  
10118.81863  
10077.49805  
10166.83775  
10180.3724  
10177.54909  
10211.63216  
10141.98377  
10108.52456  
10131.83706  
10094.59687  
10128.75058  
10155.59905  
10150.54503  
10143.52008  
10085.70654  
10022.62543  
10065.09523  
10101.80433  
10082.63521  
10129.6064  
10236.83883  
10219.46423  
10285.55023  
10204.6478  
10161.07181  
10111.91412  
10143.11197  
10142.82879  
10134.4019  
10139.75136  
10124.64025  
10163.33949  
10172.80631  
10132.22811  
10120.11735  
10075.08793  
10138.14137  
10117.17007  
10145.13841  
10186.70566  
10156.11062  
10118.31606  
10189.37056  
10131.05665  
10194.64461  
10172.04123  
10145.4883  
10122.43941  
10116.51102  
10108.29305  
10054.37304  
10086.12824  
10099.55866  
10154.06239  
10170.19394  
10115.50527  
10141.15459  
10134.37429  
10084.90428  
10054.65541  
10102.33047  
10090.28591  
10091.64616  
10075.53599  
10067.9548  
9991.053692  
9976.112591  
10030.76566  
10033.23037  
10023.14521  
10066.90294  
10011.82965  
10023.02996  
10053.88393  
10115.78662  
10069.39744  
10129.75039  
10127.24851  
10117.09669  
10150.72788  
10163.83058  
10124.91016  
10125.49808  
10142.32066  
10144.79486  
10157.56539  
10200.02425  
10207.9223  
10277.6749  
10214.66802  
10172.84498  
10141.99761  
10144.63201  
10079.12345  
10114.78949  
10055.4357  
10106.55519  
10123.49969  
10207.86371  
10200.18808  
10121.40938  
10106.96215  
10040.19074  
10080.88148  
10044.53016  
10128.67842  
10114.51444  
10146.7061  
10146.78204  
10127.9344  
10098.01592  
10136.29808  
10127.26255  
10091.8542  
10147.88903  
10093.81523  
10123.13634  
10187.61909  
10153.27448  
10125.22952  
10173.73799  
10214.31896  
10196.56802  
10220.02177  
10172.11387  
10140.7597  
10178.40712  
10195.48167  
10258.08333  
10199.27228  
10172.97303  
10116.2352  
10086.62709  
10023.30971  
10069.58509  
10074.44852  
10102.52164  
10109.6017  
10136.02338  
10124.91253  
10155.3182  
10095.45893  
10110.09443  
10182.26079  
10117.99312  
10069.58822  
9978.417539  
9972.259595  
9968.158038  
9977.358465  
10032.2433  
10060.50088  
10108.62294  
10069.88594  
10084.01054  
10106.13754  
10078.18294  
10117.227  
10119.41377  
10091.55736  
10164.24714  
10181.62078  
10192.71769  
10159.47433  
10185.51368  
10199.4463  
10269.61089  
10199.10953  
10196.78247  
10176.45482  
10115.21065  
10112.59144  
10051.23694  
10084.28913  
10062.79459  
10108.04666  
10093.64283  
10116.42882  
10102.02202  
10098.95027  
10101.04234  
10076.50235  
10101.7839  
10135.48891  
10132.92249  
10115.97944  
10109.81468  
10128.26308  
10144.09885  
10152.93198  
10093.2589  
10162.33456  
10164.43638  
10229.32464  
10291.40559  
10295.19548  
10212.38804  
10150.1303  
10172.2728  
10139.03013  
10171.45872  
10206.38936  
10175.70623  
10147.5468  
10093.81944  
10130.19264  
10103.24077  
10111.2786  
10120.02767  
10166.35889  
10175.43399  
10141.93907  
10135.86142  
10183.58271  
10182.49121  
10161.79452  
10135.3754  
10137.78287  
10138.16108  
10180.36549  
10234.84581  
10164.42501  
10122.90669  
10045.63131  
10061.15372  
10000.08019  
10014.60942  
10023.67908  
10021.3967  
10033.21349  
10096.28939  
10072.42139  
10082.22968  
10088.42126  
10089.28189  
10116.69972  
10126.15747  
10134.14509  
10071.01529  
10069.89874  
10107.11517  
10142.00191  
10199.41662  
10163.8349  
10114.1688  
10100.53378  
10113.42761  
10192.46507  
10206.17141  
10220.53825  
10175.52883  
10251.89381  
10218.51016  
10154.17723  
10057.43468  
10101.6464  
10058.61186  
10041.20147  
10008.41078  
10026.22915  
10049.33652  
10118.60754  
10082.17005  
10055.87271  
10094.37773  
10129.63038  
10145.49546  
10148.72371  
10091.71366  
10092.22522  
10038.38767  
10041.46953  
10111.26457  
10176.17885  
10187.08441  
10198.00084  
10170.18194  
10159.30209  
10135.55275  
10106.57245  
10010.55051  
9995.518398  
10071.35509  
10052.07616  
10143.95659  
10118.96277  
10181.54539  
10201.6059  
10158.08066  
10191.86405  
10113.11672  
10146.94812  
10159.60334  
10111.87627  
10094.51917  
10074.96946  
10045.21993  
10104.73175  
10127.11201  
10158.77415  
10207.91196  
10230.0825  
10220.08863  
10193.63618  
10155.12967  
10113.97754  
10159.96061  
10096.57453  
10124.50096  
10158.36817  
10115.51902  
10209.8993  
10201.23711  
10176.11174  
10108.96306  
10130.04231  
10051.35916  
9995.865728  
10043.31373  
10040.62233  
10077.19085  
10081.62266  
10120.63816  
10157.02201  
10127.55694  
10118.78471  
10048.97521  
10008.50329  
10024.57547  
10004.36248  
10096.77317  
10147.67291  
10203.88633  
10166.32119  
10200.58247  
10125.5988  
10103.84201  
10067.14904  
10089.436  
10105.53945  
10025.56826  
10093.75771  
10057.43776  
10136.707  
10237.3435  
10202.93141  
10158.56977  
10126.50303  
10212.7296  
10200.37803  
10248.40299  
10230.98796  
10157.69666  
10105.64421  
10092.52516  
10139.75609  
10163.15309  
10120.62542  
10049.10424  
10144.88853  
10123.92152  
10088.56119  
10100.21196  
10080.41782  
10125.87355  
10231.81202  
10211.38511  
10168.39107  
10079.07227  
10071.01351  
10067.79622  
10062.72027  
10129.14339  
10139.26158  
10153.23601  
10056.04869  
10124.86411  
10239.98011  
10231.85526  
10191.80391  
10209.53314  
10240.55758  
10158.2756  
10188.73249  
10184.24045  
10172.20748  
10058.67592  
10093.76676  
10123.61555  
10101.99851  
10133.38351  
10123.31881  
10080.27582  
10040.85359  
10033.43599  
10091.00584  
10128.01078  
10090.82717  
10090.33619  
10061.76656  
10135.38311  
10183.4937  
10199.33823  
10169.7859  
10191.72444  
10259.97616  
10194.15602  
10154.61407  
10156.6955  
10134.99434  
10123.43122  
10098.89962  
10053.27065  
10036.09991  
10040.67204  
10040.10259  
10052.37766  
10043.06232  
10174.74753  
10107.77186  
10153.605  
10093.61011  
10107.30367  
10107.92002  
10204.19256  
10236.13525  
10154.45589  
10108.43404  
10113.03686  
10091.22627  
10131.0506  
10107.26788  
10078.82622  
10066.11038  
10104.82283  
10116.81189  
10194.46187  
10238.6865  
10172.09561  
10080.79604  
10041.07607  
10043.82504  
10063.57243  
10107.57806  
10078.16419  
10079.82336  
10068.86957  
10045.51484  
10088.04016  
10113.08848  
10104.66925  
10179.00545  
10221.36369  
10171.16519  
10144.44627  
10087.6424  
10063.15483  
10091.97305  
10063.69169  
10124.72811  
10110.83491  
10118.65768  
10156.97259  
10113.97963  
10085.22925  
10128.78005  
10102.00568  
10183.20632  
10093.33879  
10113.83571  
10112.0972  
10125.32197  
10140.29116  
10204.95091  
10237.38284  
10203.71616  
10199.02988  
10143.67377  
10130.42005  
10102.16352  
10150.66185  
10173.64958  
10152.31226  
10118.82271  
10090.24279  
10069.12428  
10075.01123  
10067.2333  
10096.9702  
10116.11715  
10089.8237  
10157.49253  
10184.39125  
10142.74686  
10086.17184  
10069.58424  
10068.29642  
10073.2145  
10075.3158  
10080.60263  
10065.44687  
10067.38025  
10097.12119  
10153.56657  
10177.73347  
10122.88849  
10144.60187  
10135.23734  
10097.6247  
10054.12772  
10082.68955  
10085.02545  
10130.19498  
10165.34836  
10154.95675  
10160.22372  
10084.4392  
10099.05162  
10169.79859  
10208.30964  
10209.71752  
10172.31658  
10103.02907  
10058.13981  
10056.34207  
10027.11795  
10065.42222  
10027.38626  
10129.60025  
10171.81744  
10128.15808  
10094.27135  
10055.00209  
10091.15513  
10087.83401  
10154.36844  
10199.51661  
10214.87924  
10284.79007  
10243.12909  
10193.55479  
10086.98844  
10075.03471  
10048.16593  
10054.73104  
10005.58616  
10019.70841  
10032.2311  
10071.39368  
10096.36875  
10173.35156  
10142.86846  
10144.2071  
10187.66308  
10183.97418  
10202.55233  
10139.34314  
10190.35258  
10197.38172  
10247.33091  
10254.59416  
10239.52475  
10176.52049  
10154.26995  
10097.42089  
10130.81144  
10061.66989  
10094.64085  
10153.54793  
10179.59253  
10189.48443  
10177.26747  
10159.577  
10083.14905  
10079.40592  
10014.56027  
10099.63096  
10078.27983  
10173.69341  
10218.28715  
10165.65746  
10111.68411  
10184.04524  
10230.74904  
10178.71763  
10137.09872  
10034.3484  
9989.54929  
9991.872256  
9990.25071  
10105.62287  
10122.04213  
10149.22115  
10104.4976  
10114.84772  
10134.14251  
10152.45203  
10238.46937  
10167.49847  
10096.9079  
10052.30362  
10049.7804  
10069.4486  
10094.85555  
10086.4639  
10063.60008  
10065.79823  
10104.7967  
10096.91999  
10150.12866  
10127.326  
10155.25105  
10110.47651  
10163.0326  
10182.95534  
10189.4859  
10196.91561  
10162.45229  
10168.74781  
10122.96151  
10140.05426  
10049.08612  
10136.3024  
10157.48698  
10210.82187  
10204.66914  
10185.70599  
10182.62741  
10143.14102  
10103.1121  
10158.1526  
10101.5122  
10137.04635  
10158.16533  
10176.17921  
10227.62963  
10211.59506  
10130.87105  
10138.84252  
10138.85668  
10161.95272  
10128.38231  
10115.23181  
10111.11251  
10107.54287  
10164.31443  
10178.34464  
10112.20076  
10252.88799  
10164.18631  
10077.14355  
10004.99919  
10090.29739  
10143.42032  
10183.52987  
10117.21735  
10171.36115  
10059.46937  
10188.01306  
10041.91587  
10085.72364  
10065.97489  
10024.03123  
9943.761797  
9889.335009  
9926.374311  
9947.543945  
9931.468271  
10006.23933  
10060.04814  
10124.53044  
10078.12109  
10184.11577  
10208.35939  
10207.93449  
10207.98735  
10167.65419  
10163.12637  
10110.68008  
10104.76096  
10155.97384  
10203.44331  
10077.54065  
10178.23071  
10116.30001  
10083.28735  
9998.475232  
9925.459442  
9989.366883  
10032.41852  
10074.8832  
10157.64091  
10167.33812  
10318.30763  
10244.66674  
10231.50617  
10207.12717  
10190.72001  
10118.46216  
10166.02657  
10152.68802  
10129.20228  
10089.49224  
10135.29722  
10118.48507  
10169.73315  
10200.95279  
10089.73983  
10206.29978  
10164.07638  
10146.18871  
9978.848189  
10015.6893  
9991.203124  
10043.96798  
10096.98792  
10047.75292  
10090.66758  
10115.98379  
10131.2178  
10141.36031  
10065.95733  
10147.90224  
10218.46751  
10244.62868  
10249.72827  
10208.31734  
10186.51745  
10152.3405  
10236.39635  
10236.88132  
10308.87092  
10312.07256  
10243.16609  
10105.55555  
10053.50036  
10038.29894  
9989.62813  
10019.10535  
9987.010159  
9982.837156  
10025.34203  
10071.06509  
10038.33817  
10037.47591  
10059.53646  
10025.03148  
10064.92802  
10095.76219  
10132.81079  
10096.1995  
10151.75212  
10100.1341  
10153.60604  
10140.55342  
10169.79569  
10112.82204  
10220.98462  
10320.00884  
10294.25528  
10274.93721  
10145.50128  
10113.05884  
9962.51199  
9958.37856  
9929.145987  
9934.959874  
10016.65726  
9982.993842  
10037.17344  
10121.76812  
10125.89388  
10201.17359  
10200.29976  
10176.75562  
10161.3281  
10146.47651  
10240.71932  
10280.61624  
10313.20405  
10251.32401  
10248.78029  
10193.58221  
10135.6401  
10198.88702  
10189.02539  
10185.99933  
10168.08808  
10112.77966  
10209.97712  
10203.98525  
10314.5141  
10214.40136  
10224.81218  
10150.4348  
10107.34529  
10003.60465  
9933.366914  
9949.319579  
10006.57383  
9995.761738  
10033.35157  
10075.91162  
10008.13673  
10017.08928  
10068.29042  
10101.23714  
10145.87023  
10240.64782  
10247.25125  
10253.60865  
10191.36865  
10246.12723  
10252.10291  
10198.92716  
10310.70241  
10180.76813  
10041.10723  
9935.229743  
9929.143099  
9951.191553  
10009.06643  
10028.09609  
10045.99575  
10156.3947  
10200.38869  
10218.13413  
10193.52362  
10208.42178  
10154.54909  
10053.85255  
10063.3791  
9975.99683  
9963.415702  
9935.122871  
9999.88123  
10043.84925  
10044.51346  
10091.16506  
10038.66057  
10099.73003  
10141.38618  
10099.80616  
10229.62225  
10240.06104  
10247.33948  
10175.38567  
10239.20845  
10192.41687  
10189.91261  
10145.98358  
10156.72629  
10158.74737  
10188.93178  
10226.14894  
10278.68227  
10297.52371  
10253.27889  
10169.42432  
10132.47636  
10174.11027  
10161.36281  
10111.75778  
10174.66278  
10194.58868  
10211.45028  
10273.94263  
10260.50645  
10149.81781  
10186.48094  
10085.1643  
10055.56548  
10031.8773  
9998.635555  
10017.3389  
10003.07232  
10132.03119  
10097.26823  
10084.45022  
10144.53288  
10130.13661  
10143.47111  
10044.42033  
10127.27063  
10127.29527  
10199.54653  
10166.73808  
10116.78542  
10091.8184  
10051.48524  
10080.85831  
10048.23064  
10090.48575  
10101.52551  
10120.43014  
10117.05623  
10168.26219  
10153.55846  
10184.30702  
10209.06586  
10209.6142  
10147.11069  
10071.91896  
10045.42524  
10049.13983  
10003.19881  
10053.67634  
10089.84861  
10186.46006  
10187.84627  
10161.90451  
10151.89635  
10090.45094  
10171.85037  
10167.02173  
10225.65231  
10298.31336  
10259.00057  
10147.57945  
10000.91426  
9989.180566  
9987.935979  
10009.54757  
10047.0971  
10056.36665  
10060.32964  
10076.3503  
10109.93133  
10150.4789  
10191.7412  
10180.61971  
10157.01597  
10043.17611  
10077.25028  
10027.26783  
10054.25035  
10092.69764  
10135.47258  
10153.06864  
10164.30984  
10111.53919  
10164.4491  
10164.56274  
10135.88344  
10143.99077  
10111.37107  
10107.8839  
10130.77009  
10228.59918  
10245.07712  
10299.87172  
10216.55118  
10126.67066  
10033.43328  
9983.398321  
9930.814488  
9959.965856  
9981.260903  
9962.079602  
9988.319372  
10032.49437  
10119.22816  
10073.21002  
10064.39325  
10086.66216  
10110.99211  
10089.51874  
10163.49431  
10186.2594  
10177.64937  
10150.90259  
10146.38908  
10134.74342  
10145.08338  
10124.29128  
10147.41799  
10163.25539  
10234.43884  
10143.67907  
10154.37589  
10148.18619  
10171.23706  
10143.72889  
10136.8634  
10105.99713  
10076.88282  
10120.22627  
10160.90603  
