8021.100674  
8025.665492  
7936.403926  
8027.195301  
7964.182811  
8045.893702  
7875.759742  
8034.032391  
8071.319871  
7941.80494  
8027.59785  
8077.815118  
8076.497059  
8029.066518  
7991.137195  
8035.005942  
7944.702737  
7993.622288  
8016.631754  
7967.545887  
8063.904732  
8118.86987  
7990.666198  
8009.795445  
8048.8135  
7997.339438  
8043.929229  
8070.418628  
7960.92757  
8044.235399  
8040.630442  
7972.433582  
7939.396184  
8001.348892  
7932.139948  
8076.110846  
8036.520043  
7978.513119  
8007.37833  
8037.54128  
7964.256236  
8018.984828  
7985.090797  
7950.989776  
8037.108898  
7998.791951  
7944.753041  
8073.394843  
7975.233487  
8035.467232  
8067.837526  
7935.1892  
8049.093903  
7982.389443  
8017.622735  
8102.365046  
8008.712702  
8004.079125  
8047.371982  
7940.967803  
8015.659209  
8077.846456  
8025.613064  
7986.506789  
8055.752512  
7930.542698  
7956.470074  
8019.464967  
8047.088961  
8006.763437  
8061.241076  
8057.850204  
7986.479939  
7977.082055  
8037.382818  
7977.09495  
7987.236316  
8026.293063  
8113.414145  
8025.241746  
8066.560959  
8130.622035  
8022.524896  
8076.680746  
8092.440647  
8004.521267  
8046.065489  
8122.132307  
8009.647226  
8050.944212  
8156.794134  
8039.347039  
7995.076643  
8055.954931  
7901.11164  
7973.617323  
8060.090579  
7945.561218  
7966.528067  
8027.331114  
7896.540886  
7932.674846  
7970.72345  
7882.99887  
7925.313512  
8054.057623  
7930.214661  
8008.709284  
8079.936353  
7970.152208  
7974.854557  
7997.292175  
7996.3115  
7956.436218  
8037.381707  
8012.453984  
7954.584214  
8078.309523  
7958.850627  
8042.840838  
8078.774967  
7958.092191  
7968.722374  
8019.260777  
8006.021879  
8036.298105  
8100.764484  
8006.167798  
8085.989458  
8119.286686  
8101.941242  
8017.482104  
8060.224786  
8049.205249  
8020.069159  
7977.44173  
7929.441406  
8001.999188  
7861.203825  
8000.749312  
7950.919116  
7900.525179  
7989.571495  
7954.473986  
7915.798952  
7945.286733  
8001.466132  
8022.5035  
7937.569048  
7975.120664  
8059.92604  
8047.747994  
8023.067671  
8037.091097  
8026.093897  
7999.732598  
8056.826231  
8028.86807  
8031.362722  
7968.569612  
7951.779991  
8018.773373  
8003.778467  
8008.58352  
8026.52162  
7954.372188  
7990.296534  
8068.780891  
8018.763878  
7997.783097  
8018.063359  
8055.078196  
8052.966703  
7998.29574  
8032.612546  
8072.775414  
8001.445924  
8014.849945  
7940.174358  
7931.239852  
8071.874971  
7964.497453  
7957.252753  
8032.706484  
8034.75863  
8045.785974  
7982.054964  
7975.92734  
7973.733887  
8039.123494  
7989.201601  
7975.804076  
7925.563206  
8017.070777  
8032.546934  
8057.810047  
8001.983087  
8001.126088  
7997.647261  
7987.623812  
8013.58119  
8063.339708  
8027.634242  
7922.11144  
7985.953213  
7993.98364  
8050.291427  
7966.261831  
7903.809429  
8007.212973  
8058.104245  
8002.921157  
7969.806235  
8006.132224  
7997.39206  
7955.151273  
7999.710396  
7994.004536  
7984.923558  
8060.490011  
8018.220427  
7939.320918  
8002.518084  
8068.392437  
8106.373747  
8007.776726  
8007.595056  
8004.464567  
8120.613028  
7992.683258  
7976.453478  
7951.093162  
8058.984557  
8007.966991  
8018.705008  
7987.955808  
8052.33855  
8038.550964  
8082.881195  
8045.859216  
8007.220774  
8041.616082  
7995.592156  
8075.430811  
7992.432541  
7929.618282  
7916.498706  
7991.122447  
7967.043616  
7970.8146  
7955.572777  
7964.762048  
7995.830861  
7999.701178  
7940.301758  
7981.09758  
8070.983116  
8099.590626  
8005.360357  
7966.456802  
7933.101739  
8018.323066  
8017.882201  
8027.187465  
8049.705755  
7973.505177  
8036.150338  
7992.400073  
7941.550546  
7952.102804  
8050.215661  
8041.717944  
7969.979386  
8000.587414  
7959.329049  
8059.530038  
8005.64512  
8027.045793  
7976.043151  
8029.839714  
8028.572707  
8002.510119  
7966.492864  
8046.315188  
8056.558235  
8046.489381  
8074.363564  
8001.480469  
7950.955802  
8021.538657  
8043.579178  
8017.960573  
8011.201484  
8010.111899  
7976.397555  
8018.915745  
7978.019084  
8018.70176  
7931.422746  
7988.002906  
7992.337138  
7995.416469  
8077.553917  
7967.119582  
7987.303905  
7996.781844  
7989.137948  
8124.123512  
8080.421751  
7932.20882  
8009.293769  
7994.346027  
8031.934359  
7978.195095  
7979.326131  
8032.189247  
8012.348262  
8064.473745  
8058.724368  
7939.329531  
8024.529979  
7974.858116  
8068.015307  
8046.873347  
8018.817377  
8042.745594  
7996.839838  
7939.275673  
8028.959367  
8008.756083  
8062.95509  
8097.031585  
8033.190718  
8053.084149  
7986.794269  
8038.444012  
8017.869317  
8034.43107  
8018.940583  
8073.692395  
8090.261342  
7966.388607  
7974.961443  
8085.499365  
8010.15155  
8069.925216  
8055.032697  
7972.619499  
7974.533068  
8006.171034  
8018.168457  
8095.074842  
8058.141366  
8012.58942  
7961.110357  
7913.454178  
7969.387066  
8031.152714  
8016.899614  
7998.594132  
7999.978221  
7961.542351  
8049.169822  
7998.943595  
8040.464856  
8002.027532  
8039.292045  
8045.66148  
7962.299328  
8043.626512  
8036.928152  
8040.71625  
8017.06973  
8009.335932  
8032.002894  
7996.259824  
8020.024867  
7970.039451  
8058.139266  
8069.370582  
8120.752659  
8077.125953  
8030.39256  
7980.387131  
7972.411509  
8000.91718  
7979.143661  
7997.609304  
7970.939241  
7958.457478  
7995.252512  
7967.232634  
8036.004406  
7951.765984  
8028.456825  
7942.80417  
7938.428029  
7905.613658  
7910.545693  
7979.228633  
7929.479027  
7982.088479  
7992.22245  
7982.115946  
8047.936771  
7965.608228  
7902.584437  
7871.851504  
7919.008566  
7992.302181  
8063.696683  
8066.49377  
7958.559917  
7973.454849  
8065.25103  
8034.658856  
8005.245035  
7951.907162  
8004.620353  
7960.273826  
8048.696366  
7957.735905  
8049.498623  
8025.698495  
8066.657556  
8001.841314  
8032.239346  
8071.369282  
7991.527167  
8012.054911  
8008.713797  
8001.96762  
7973.796398  
8002.413204  
7969.006077  
8061.365258  
8057.521108  
8061.909915  
7976.372517  
8001.620947  
8028.856451  
7974.533085  
8042.780256  
8044.293757  
8076.876071  
8033.11727  
8076.572954  
8012.164645  
8067.764678  
7986.285221  
8090.949872  
8060.454378  
8053.513807  
7988.486611  
7961.235052  
8019.62157  
8005.4409  
8039.706125  
8041.033956  
8032.034474  
8035.116864  
7970.397543  
7958.16451  
8029.674311  
8058.022779  
8059.613628  
8031.449207  
8030.956237  
7988.620176  
7923.85734  
8026.364946  
7998.429611  
8052.499447  
8112.479416  
8049.715767  
8039.832967  
8020.03515  
8084.304482  
8066.917092  
7988.9999  
8025.352492  
7973.790504  
8072.977321  
7963.857234  
8018.483851  
8007.360399  
8010.102933  
8004.790292  
7917.402397  
7936.477904  
7917.518843  
8034.104157  
8021.257342  
7939.593856  
7981.764425  
8021.075707  
8022.252894  
7935.647479  
8041.006789  
7975.77029  
8000.246594  
7965.622512  
7974.817524  
8044.487964  
8052.988222  
7937.932911  
7974.801764  
7979.595433  
7941.60171  
8058.822013  
7985.669639  
7949.0644  
8013.447583  
8075.324895  
8048.26379  
8010.593115  
8045.079084  
8013.107163  
8031.580331  
8089.095338  
8041.482945  
8023.703337  
8006.040827  
7963.965991  
8012.691759  
8003.978822  
7985.820465  
8015.223539  
8011.86414  
7951.694577  
8019.756959  
7960.285568  
8030.563194  
7986.55194  
8029.730075  
8034.911586  
7983.895937  
7984.578684  
7965.416616  
8007.732669  
7981.991034  
8039.504818  
8060.371817  
8031.095674  
8015.485934  
8037.55377  
8019.388537  
8048.150938  
8071.368152  
7999.19576  
8000.888613  
7970.299211  
7948.538792  
7964.659009  
7958.299211  
7978.581608  
7998.065894  
8026.706237  
8023.697372  
7930.548428  
7958.464461  
8047.88616  
8092.54091  
7969.545422  
8066.420675  
7983.584502  
8035.647549  
8065.318036  
8071.104251  
8019.007612  
8042.077548  
8063.594332  
8005.959855  
7958.351898  
7984.823172  
7975.939736  
7964.283085  
7897.219085  
7992.571501  
8083.553623  
7972.47008  
7958.751965  
7951.848821  
8010.335737  
7996.350386  
8044.808653  
8045.139713  
8022.736422  
8065.478716  
8070.88266  
8054.862611  
8013.283256  
8005.494764  
8048.337897  
8058.817695  
8014.687753  
8078.948783  
8101.469521  
8047.766713  
8053.320124  
8086.867835  
8126.561482  
7940.89899  
7996.768437  
7955.36987  
7967.336549  
7924.430288  
7997.023908  
7993.785133  
8041.799205  
7975.531968  
7954.971191  
8034.727421  
7999.820507  
7999.347815  
8011.199784  
8021.679129  
8018.338032  
8032.186065  
8033.9996  
8040.294828  
7990.914615  
7956.630695  
7971.687729  
7988.907291  
7978.772555  
7878.393143  
7943.777079  
7932.985004  
8007.010336  
7920.407003  
7930.009707  
7960.271808  
8053.834679  
8089.665121  
8130.48121  
8032.689059  
8055.197742  
8025.708784  
8088.070154  
8132.03478  
7952.8128  
8045.703643  
7995.428287  
8015.275126  
7898.110222  
7996.01246  
8042.667139  
8058.286998  
8018.044475  
8009.784756  
7982.695983  
7957.484504  
7982.004977  
7957.069612  
7981.95919  
7975.100774  
8019.159362  
8053.568654  
7995.905803  
8040.91115  
8054.179511  
8004.705543  
8083.187547  
8088.767384  
8061.609881  
7978.680223  
8059.164992  
8056.139066  
8092.877553  
8119.026685  
8064.07006  
8052.141331  
7992.343603  
8037.310247  
7978.689847  
7935.589455  
7936.070542  
8057.639219  
8028.943242  
8065.856875  
7962.072048  
7969.574731  
8010.906509  
7958.917563  
7943.180029  
7987.039068  
7890.09595  
7963.20289  
7982.18047  
7972.957772  
7990.78315  
8018.922293  
8058.00223  
7992.577296  
7991.213267  
7995.566342  
7995.089726  
8044.338644  
8011.127965  
8021.467826  
8039.326784  
8037.789004  
8054.245141  
8027.716514  
8026.44976  
8042.310935  
7987.262731  
7977.486611  
8061.220097  
8020.462997  
8023.255418  
7976.130624  
7974.566389  
7937.248635  
8016.373688  
8034.137913  
8026.132936  
8057.78998  
8049.427217  
8112.348762  
7990.296569  
8096.639966  
8102.292386  
7950.316977  
7969.325772  
7968.570677  
7954.096297  
7992.566483  
8060.14762  
7943.424422  
7964.986116  
7987.149343  
7984.998982  
7958.910433  
8001.982816  
8010.934535  
7994.009319  
7962.927134  
7968.665669  
7983.048605  
8007.332343  
8009.496882  
8110.322448  
8056.540921  
8039.921616  
7950.98744  
8005.987275  
8095.59235  
7993.869976  
8033.590356  
7988.688759  
8003.941212  
7972.148214  
7991.404132  
7971.1911  
7981.307194  
8015.997059  
8036.813518  
8041.062782  
7983.017284  
7953.444854  
7967.188453  
7983.70449  
7995.450825  
7970.010142  
7929.698913  
7990.379595  
8002.754524  
8021.763713  
7969.433088  
7981.835755  
8053.233051  
7961.38636  
8000.963108  
7993.421428  
7981.199813  
7992.320718  
7978.835032  
7994.630177  
7941.66138  
7985.815512  
7953.966526  
8022.678423  
8077.952313  
8133.005036  
8045.014672  
8080.953037  
8038.871229  
8013.864481  
8044.532585  
8042.336308  
8017.686876  
8028.14449  
8023.976833  
8046.067806  
8009.024149  
7966.595562  
7980.995394  
7940.651332  
7873.627424  
7988.118476  
7936.063777  
7960.11377  
8036.07326  
7975.84125  
7971.213485  
7996.532544  
7963.538586  
8001.205796  
8031.725551  
7970.400891  
7981.879736  
8049.953096  
8023.236746  
8044.329319  
8052.292916  
8071.723527  
8037.665039  
8072.891337  
8007.150544  
7978.273938  
7996.47911  
8012.999041  
8053.367311  
8017.200725  
8043.099956  
8007.85451  
7964.698054  
7990.395202  
7990.811253  
8001.842738  
8001.078349  
7980.125447  
7926.813859  
7981.960114  
7968.400702  
7970.71715  
8029.596944  
7992.754506  
8049.340638  
8077.072289  
7987.194324  
7977.450395  
8026.670928  
8007.883618  
7949.102474  
7960.685064  
7979.800116  
7965.168369  
8011.584808  
7983.1205  
7916.792986  
8006.073772  
7956.690624  
8043.719985  
7983.010242  
7967.70802  
7982.702048  
7983.373306  
8030.329396  
8109.097644  
8147.657391  
8152.030797  
8169.01376  
8078.090685  
8065.54571  
8082.838697  
8078.030032  
8100.882995  
8075.729045  
8052.926987  
8061.731998  
8104.602604  
8078.143831  
8027.423281  
7981.260854  
8011.09665  
7989.501359  
7999.193395  
7999.426164  
8000.368117  
8035.373606  
8017.385348  
8041.449354  
8040.027267  
8025.175587  
8001.980716  
7996.05897  
8089.485616  
7988.062882  
8056.6834  
7954.614923  
7985.533391  
7921.167445  
7999.911386  
8009.056952  
8010.959237  
8026.970262  
7956.078425  
7886.529773  
7951.727445  
7994.507048  
7979.403997  
7989.943124  
8082.697383  
8032.881242  
7981.13596  
7988.30157  
8011.829896  
7996.478527  
8014.938777  
7983.092109  
7975.435653  
8017.335002  
8027.799328  
8074.918133  
7986.342191  
8076.276408  
8127.945654  
8083.791086  
8043.074948  
8062.398879  
7954.074054  
8008.599268  
7993.692759  
7970.999729  
7995.591238  
7947.614852  
7975.782585  
8022.993599  
8058.967662  
8006.182535  
8037.073336  
7935.704402  
8006.146679  
7965.984669  
8042.30274  
8026.219168  
7904.622017  
8050.432152  
8063.61214  
8052.362987  
7985.086996  
8032.766454  
8090.75953  
8100.045004  
8145.801175  
8072.085479  
8098.684376  
8065.648779  
8078.885483  
8025.104469  
7961.72235  
7925.477604  
7965.472774  
8000.544298  
7987.585726  
7940.594391  
8019.401697  
7979.580772  
7963.528038  
8002.270955  
7991.889219  
8031.53615  
7976.082749  
7935.456155  
7940.895973  
7977.289874  
8026.433935  
8074.152632  
8052.270408  
8093.610328  
8066.587073  
8031.661415  
8045.406479  
7997.716503  
7957.483145  
8025.174734  
7964.203613  
7955.401014  
7971.860852  
8020.473721  
7970.482575  
7989.523955  
8056.604045  
8005.451137  
8061.308858  
7981.745141  
8027.206684  
8043.76999  
8012.846503  
8063.779367  
8082.036898  
8070.374971  
7939.014901  
7984.459467  
7939.651761  
8018.757442  
8048.865805  
7984.389154  
7948.505436  
7914.257507  
7946.352545  
7849.59285  
7976.393325  
8084.138825  
8079.42597  
8053.197566  
8060.602004  
8029.397273  
8015.132795  
7982.055999  
8003.333878  
7939.764301  
7943.225409  
7960.237199  
8036.96985  
8047.420157  
8052.713461  
8023.47901  
8046.651538  
8034.423893  
7991.288957  
7935.758795  
7974.370341  
7989.697124  
8095.211279  
8106.672604  
8095.04101  
8124.841779  
8040.389337  
7997.553276  
7969.289033  
7966.260666  
7891.836567  
7913.911292  
7953.202296  
7923.854833  
7961.149885  
8031.273226  
7968.078954  
7894.453484  
7968.561388  
8050.287762  
8093.180293  
8109.323866  
7996.963744  
8043.378271  
8047.688088  
8061.085726  
8022.593726  
7982.909539  
8038.873659  
8008.776855  
8046.635277  
8114.755683  
8011.570248  
8019.953125  
8006.071242  
7980.439688  
7968.396255  
8016.774138  
8034.592679  
7984.166157  
7968.46775  
8001.577148  
8032.193824  
8022.475757  
8017.359981  
8004.454637  
8052.438812  
8047.869458  
7951.363122  
7966.792651  
7974.883736  
8041.129283  
7987.202954  
8053.040657  
8024.180858  
8143.58419  
8045.13316  
8050.271408  
8043.232016  
8003.137284  
8039.709896  
8058.800752  
8041.022949  
7991.693065  
7969.842668  
8063.694448  
8041.385389  
8097.391284  
8020.328184  
8016.139854  
8026.241193  
8062.04101  
7987.786445  
7938.875071  
8010.278432  
8037.219727  
8024.753647  
8095.18943  
8084.266737  
7983.970274  
8043.922304  
8053.230292  
8002.665951  
8058.974792  
7986.869894  
7941.949231  
8026.22085  
7929.908362  
8019.261095  
8035.670875  
8114.013189  
8125.346203  
7967.192548  
7987.96435  
8029.889678  
7922.947448  
7953.035998  
8096.754395  
7985.332961  
7942.365499  
7976.149567  
8027.57709  
7992.841409  
8048.246811  
7909.507907  
7880.536027  
7938.035039  
7981.999576  
8066.471621  
8128.001577  
8050.905932  
8059.28851  
7976.951966  
8001.22961  
8004.360816  
7952.969321  
7987.498712  
8019.937606  
7983.918957  
7953.526197  
8054.984469  
7953.013448  
7925.342909  
7988.354775  
7954.279697  
7950.461143  
7885.843132  
7905.637472  
7947.002724  
7980.407697  
7958.60371  
7995.746111  
8008.659697  
8036.313388  
7986.818448  
7977.300087  
7931.499012  
7959.654785  
7950.533938  
8007.004136  
7909.257042  
7899.912351  
7980.198813  
8062.921893  
8040.342938  
8035.177664  
8024.754871  
7999.985746  
8020.986587  
8024.123123  
8029.328196  
8057.951584  
8053.902826  
8039.290963  
8092.688447  
8046.920728  
7986.096815  
8014.046016  
8062.397061  
7964.513142  
7897.767978  
7970.211361  
7972.86131  
8024.954766  
8079.583361  
8097.164945  
8036.961396  
7999.866111  
8039.680593  
8048.763307  
8025.606881  
7961.622288  
7975.247823  
7966.270243  
8031.511395  
7978.872741  
8048.637566  
8142.801299  
8052.947554  
7929.899208  
7938.077825  
8020.28655  
8019.892325  
8057.480986  
8057.117688  
8001.833143  
7926.789951  
7954.935359  
7978.996676  
7980.047552  
8024.169698  
8090.185141  
8054.302881  
8049.751841  
8019.901379  
7961.554364  
7933.814853  
7948.418198  
7932.432041  
8075.325742  
8013.487146  
7985.203554  
7998.669663  
7979.328778  
8008.909215  
7992.8081  
7947.488269  
7988.791545  
8011.560988  
8007.7544  
8099.631748  
8077.521308  
8085.487975  
8124.431541  
8051.041892  
8034.267508  
8039.591303  
8028.455343  
7939.850968  
8098.171051  
7984.463114  
8054.469197  
7995.087267  
8016.284797  
7964.20669  
8048.835461  
8012.682394  
7964.129195  
8017.39912  
8001.931829  
8075.814724  
8128.211314  
8136.586232  
8143.672428  
8048.766607  
8026.575019  
7982.591214  
8058.25343  
7980.270272  
8021.226939  
7982.985087  
8040.423634  
8030.791033  
8003.616234  
7879.196983  
7881.451213  
7922.389313  
8030.575748  
8126.940153  
7958.310623  
7958.228233  
8042.354351  
8076.672693  
8091.032768  
8130.92617  
8045.315153  
8026.553623  
7929.914027  
7956.290492  
7903.606351  
7947.292292  
7991.845297  
7982.974068  
7992.355951  
7987.54008  
8020.512501  
8046.65475  
8041.332684  
8161.805205  
8021.115399  
8028.377541  
8090.648879  
8062.83459  
8025.234975  
8046.051517  
8030.968997  
8057.956555  
8022.553276  
7935.571995  
7998.352957  
7989.915004  
7989.831266  
7963.231716  
7978.877412  
8050.86507  
8083.477051  
8153.436194  
8067.608775  
7983.480569  
7923.596444  
7948.910956  
7893.267878  
7951.187035  
7938.439277  
8049.474151  
8092.65132  
8132.922316  
8122.52402  
8110.751777  
7978.811247  
7958.368529  
8025.185435  
8018.000624  
8093.227951  
8088.636748  
8015.435259  
8051.745229  
8051.297763  
8004.414139  
8122.884701  
8094.070918  
8075.03275  
8125.445148  
8178.420287  
8049.870311  
7945.582714  
7901.359593  
7986.906556  
7909.640584  
8051.281585  
8073.776108  
8094.898667  
8027.939877  
8007.820407  
7963.446907  
7882.009324  
7908.154726  
7751.018831  
7899.613911  
8022.04071  
8086.508942  
8007.962161  
7955.519443  
7907.818548  
7931.978927  
7946.49124  
7921.148885  
7924.440141  
8002.052811  
7966.049005  
7886.228333  
7974.512713  
7886.655821  
8027.312712  
8052.442877  
8015.934835  
8032.658344  
8059.187729  
8040.755859  
7969.213314  
7949.975286  
7938.673181  
8068.786833  
8123.661268  
8090.076825  
8035.549828  
7929.00563  
7935.630171  
7881.913086  
7978.77502  
7897.625965  
7919.019155  
8031.775079  
8083.423528  
8088.787851  
8056.694612  
8054.516043  
8092.430711  
8143.935947  
8143.578137  
8063.734134  
7966.00203  
7916.043698  
8020.233298  
8005.564383  
7907.72275  
8100.774991  
8110.395473  
8078.267178  
8033.330749  
7956.003141  
7958.767619  
7947.66368  
8150.025079  
8000.266231  
7922.196277  
7857.967997  
7885.242405  
7928.024667  
7892.471462  
7877.382395  
7957.215891  
7939.35621  
7903.036109  
7963.295416  
7958.293181  
8008.871006  
7964.598956  
7975.848039  
8017.604586  
8162.629224  
8208.832873  
8184.392437  
8242.355728  
8121.874135  
8067.574666  
8069.31673  
7998.956431  
7980.322366  
7969.654432  
7923.727445  
7952.030779  
7943.743799  
7908.203107  
7925.132101  
7926.325207  
7926.019143  
7880.988305  
7905.096044  
7849.320371  
7885.597221  
7930.849809  
7960.679411  
8043.514019  
8025.932929  
8037.911809  
8043.385007  
7899.664951  
7998.121594  
8036.515484  
8147.156638  
8066.765619  
8020.572977  
8013.54914  
8016.614075  
8057.722915  
8077.216114  
7995.627194  
8031.214555  
8051.230245  
8035.893625  
8018.132742  
7909.866499  
7990.091003  
7987.648461  
7987.307111  
7967.232734  
7980.848397  
8036.219903  
8028.52062  
8040.336096  
8033.100851  
8018.924628  
7994.59865  
7949.521679  
7966.63623  
7954.47928  
7986.265854  
8046.638531  
8023.443136  
8019.366629  
8102.257765  
8078.231528  
8061.88656  
8118.781074  
8189.533797  
8127.837538  
8067.856092  
8061.767055  
8049.774132  
8033.503489  
8014.100127  
8014.212014  
8038.547028  
7974.078507  
7892.274849  
7918.390907  
7979.455419  
8113.185782  
8039.673958  
8076.831278  
8040.325313  
7864.062924  
7971.270549  
8096.116352  
8130.961767  
8201.605351  
8180.951148  
8133.140319  
8012.468332  
7981.967856  
7980.668763  
7984.096515  
7926.338261  
7937.842562  
7979.609287  
8036.025179  
7953.60258  
8029.463526  
8062.174475  
8089.69043  
8088.260224  
8019.165027  
7956.188106  
8043.197019  
7968.766078  
7931.504889  
7883.979863  
7896.402956  
7915.600562  
7945.781597  
7843.41718  
7993.38806  
8055.79048  
8043.994641  
8082.941589  
8075.657809  
7936.621011  
7961.716014  
7956.404238  
8044.573978  
8025.053311  
8044.57619  
8089.56793  
8087.814006  
8070.225115  
7982.245141  
7991.822948  
8011.069401  
8077.527897  
7983.377724  
8074.026914  
7986.908044  
8042.390484  
7965.203496  
8005.118576  
8061.663574  
8089.15242  
8152.589561  
8060.89239  
8074.734981  
8006.8799  
8026.461073  
8000.551646  
7988.299946  
8051.243158  
7911.768002  
7930.572607  
7863.474668  
7921.070183  
7994.054664  
7875.658821  
7890.8741  
8015.820724  
8014.2514  
8019.308929  
8052.875388  
8010.551487  
7956.67514  
8042.463455  
7943.190559  
7920.376477  
7914.837367  
7989.490376  
7975.862069  
7959.185982  
7960.652297  
7980.615917  
8014.866299  
8060.644608  
8072.407538  
8053.445989  
8002.874047  
8034.047352  
8051.210361  
8010.821107  
8040.541186  
7999.609987  
8066.463438  
8088.016225  
8047.668257  
7939.858363  
7853.440412  
7973.674928  
7983.189518  
8067.895249  
8185.6879  
8178.95719  
8116.911745  
8069.349251  
7995.910192  
7980.571213  
7961.053976  
8057.562359  
7970.342409  
8057.412957  
8095.102563  
8087.386883  
8032.068554  
8066.569312  
7981.736028  
7977.05504  
7947.855157  
7947.410974  
7929.145014  
7898.379383  
7904.269625  
7926.345503  
7860.814388  
7928.629924  
7945.88266  
8024.082367  
8069.133795  
8090.64026  
8016.470933  
8041.387042  
7952.16651  
8013.505501  
8079.385877  
8000.435676  
8054.542039  
8002.098598  
8052.729928  
8044.909144  
8170.872588  
8091.778573  
7978.413645  
7998.9366  
7970.095568  
8011.379  
8001.358204  
7989.64429  
7973.941377  
7880.52815  
7970.184706  
7881.974292  
7853.183088  
7917.978574  
7981.334737  
8070.121111  
8010.930541  
7988.293934  
8038.712038  
8132.733793  
8104.583702  
8019.173369  
7940.259613  
7917.52299  
8009.922099  
7922.583978  
7990.921098  
7974.769949  
8142.462908  
8167.618076  
8015.333325  
8064.366517  
8039.765019  
