9905.857106  
9835.531307  
9642.668371  
9653.471134  
9694.917222  
9815.683795  
9571.973518  
9623.980383  
9798.160041  
9568.838551  
9800.78665  
9778.010369  
9824.790097  
9677.602826  
9541.66975  
9687.08677  
9642.934599  
9753.001407  
9811.599753  
9741.229607  
9791.879452  
9946.283778  
9678.394359  
9710.338953  
9778.601821  
9671.416849  
9772.020335  
9876.012781  
9708.188477  
9760.491498  
9670.585334  
9638.825483  
9502.486759  
9764.497645  
9630.271915  
9872.817986  
9885.20347  
9788.29248  
9723.12253  
9758.660759  
9547.912224  
9739.601275  
9736.778722  
9576.68052  
9718.866843  
9826.184513  
9642.62681  
9824.332893  
9630.135599  
9814.921616  
9891.270766  
9701.760082  
9697.415441  
9646.847312  
9756.24302  
9922.814022  
9686.809025  
9776.883559  
9893.170697  
9600.769617  
9678.363741  
9821.012207  
9784.403952  
9615.527085  
9768.401568  
9693.075339  
9674.988741  
9868.606962  
9808.671042  
9741.652372  
9717.775132  
9785.461656  
9636.542796  
9698.900247  
9834.862161  
9744.530991  
9765.18885  
9709.564252  
9884.867159  
9760.418514  
9858.741986  
9930.075138  
9780.881606  
9801.110466  
9861.911248  
9721.028751  
9743.077349  
9874.138902  
9798.455825  
9747.986185  
9983.211512  
9854.584099  
9678.561638  
9793.677505  
9496.767578  
9659.991096  
9863.041102  
9653.074851  
9715.034524  
9721.829619  
9534.16366  
9572.300638  
9728.959846  
9523.721134  
9621.872214  
9919.702522  
9645.188017  
9761.122903  
9833.905503  
9780.683622  
9598.927878  
9616.608111  
9724.266975  
9589.142722  
9749.832347  
9709.605095  
9691.400879  
9859.538459  
9648.018583  
9711.748822  
9771.975959  
9600.208927  
9692.024127  
9816.725787  
9676.654239  
9807.768382  
9844.207491  
9625.866757  
9850.10386  
9965.272116  
10007.99437  
9924.036477  
9714.681468  
9775.110093  
9862.291533  
9789.222053  
9620.04047  
9615.150276  
9492.355699  
9643.170209  
9683.940717  
9442.980957  
9635.145852  
9678.071864  
9646.84622  
9615.972225  
9676.769388  
9805.695198  
9694.632382  
9649.405647  
9855.713637  
9815.718061  
9739.314798  
9802.880572  
9743.922162  
9578.393986  
9709.885053  
9702.271772  
9795.211627  
9681.205049  
9428.046932  
9716.108887  
9803.160443  
9778.689137  
9811.106704  
9610.966596  
9488.630687  
9819.99842  
9821.274787  
9803.937443  
9744.52315  
9740.713207  
9730.759392  
9694.899931  
9667.649443  
9858.982077  
9758.254969  
9693.849638  
9550.309053  
9590.065028  
9822.250517  
9720.95999  
9557.424604  
9721.651338  
9785.24572  
9799.223403  
9744.896973  
9606.479578  
9609.223834  
9829.346077  
9806.798225  
9750.607451  
9585.718578  
9714.169807  
9787.290412  
9834.685116  
9810.586483  
9739.522949  
9638.831198  
9696.880342  
9679.544146  
9824.569767  
9789.371955  
9566.034524  
9689.717343  
9657.892176  
9775.406193  
9729.78036  
9505.818934  
9675.304429  
9784.596249  
9697.743509  
9558.685719  
9726.909668  
9814.757382  
9692.935834  
9704.618882  
9746.765079  
9622.070887  
9728.586972  
9752.688764  
9569.430061  
9698.616785  
9809.423196  
9882.244916  
9800.262351  
9646.244342  
9638.405589  
9803.133444  
9696.687213  
9617.612534  
9657.018813  
9735.140424  
9769.72392  
9841.896714  
9687.599207  
9652.978946  
9786.127384  
9853.557186  
9848.406336  
9681.158749  
9791.617676  
9700.824334  
9814.599121  
9654.970847  
9612.896685  
9629.500431  
9702.652947  
9713.229004  
9695.092831  
9624.915068  
9616.488971  
9706.703125  
9699.343894  
9584.173024  
9604.159323  
9800.33904  
9903.987219  
9920.197524  
9696.759593  
9604.575827  
9674.80598  
9752.196864  
9848.932445  
9786.03214  
9683.541073  
9672.300236  
9717.398696  
9670.055262  
9587.940401  
9813.5951  
9794.398409  
9766.453125  
9618.462115  
9552.619457  
9706.36759  
9733.729033  
9853.761661  
9766.639735  
9723.056526  
9750.430406  
9746.579446  
9709.574908  
9747.601562  
9761.959099  
9775.437787  
9817.101247  
9728.791073  
9657.106216  
9737.973575  
9787.922076  
9786.524472  
9738.177734  
9664.531049  
9660.516027  
9705.692469  
9711.61667  
9703.617331  
9623.638212  
9635.124943  
9744.041791  
9780.651568  
9883.829159  
9757.787914  
9647.000862  
9586.859605  
9634.081801  
9826.124627  
9876.378935  
9525.439051  
9685.811868  
9661.313218  
9802.843118  
9737.576229  
9621.03823  
9749.576086  
9708.899472  
9787.021255  
9828.285759  
9670.69761  
9719.319681  
9730.344009  
9816.03665  
9782.984318  
9791.242503  
9851.005199  
9690.139763  
9595.424288  
9655.473346  
9693.63376  
9737.634478  
9760.003791  
9838.806526  
9856.043486  
9738.25382  
9699.724581  
9633.577924  
9700.397949  
9732.576775  
9833.298914  
9890.767549  
9655.627269  
9654.365895  
9775.069451  
9781.107336  
9878.497932  
9808.98133  
9713.041849  
9697.576057  
9612.429285  
9841.984519  
9855.751091  
9802.545295  
9801.589355  
9667.741757  
9518.613166  
9698.901712  
9745.582491  
9804.347829  
9625.869169  
9631.098202  
9687.631692  
9687.897289  
9789.472139  
9925.374339  
9785.082778  
9804.720933  
9723.263126  
9704.413316  
9781.561983  
9782.684312  
9789.444049  
9717.675437  
9721.316033  
9851.246467  
9757.501321  
9734.238454  
9651.75428  
9755.177533  
9842.918974  
9950.227597  
9839.772662  
9817.933335  
9588.226534  
9647.590619  
9673.487247  
9635.351936  
9727.972599  
9713.826775  
9656.245663  
9737.544807  
9625.509478  
9737.942871  
9639.948644  
9781.209415  
9654.184369  
9705.293773  
9644.931468  
9534.310863  
9677.360438  
9589.998765  
9770.201172  
9694.625862  
9650.938046  
9722.213982  
9744.957979  
9649.882267  
9530.334157  
9536.107135  
9672.045324  
9719.942096  
9749.678452  
9679.264993  
9687.724035  
9717.090016  
9704.621266  
9786.088867  
9543.401942  
9800.022088  
9670.056296  
9875.928539  
9738.548455  
9765.856388  
9721.043428  
9785.372673  
9702.280216  
9762.680578  
9842.588838  
9712.489373  
9684.394646  
9688.014304  
9804.344612  
9687.024787  
9675.805291  
9688.549805  
9803.721479  
9801.865924  
9854.554142  
9674.01057  
9732.832864  
9657.643095  
9657.533318  
9777.552935  
9699.829418  
9813.910702  
9725.520594  
9877.827034  
9753.877901  
9818.922938  
9680.993652  
9867.54587  
9862.42739  
9770.864085  
9710.13063  
9574.356618  
9589.131376  
9705.055549  
9838.418658  
9893.140395  
9798.309197  
9725.933766  
9614.594353  
9628.766975  
9708.409065  
9736.808824  
9713.331945  
9732.243509  
9749.423627  
9678.052591  
9599.365062  
9673.89973  
9686.257841  
9697.373736  
9797.908146  
9816.860409  
9852.928022  
9734.056181  
9892.967572  
9834.264792  
9738.373593  
9716.568675  
9658.959099  
9781.818446  
9817.795726  
9662.662253  
9743.039924  
9797.355756  
9757.793285  
9566.432933  
9609.659697  
9548.65806  
9745.645537  
9765.854866  
9709.732077  
9733.500517  
9776.604866  
9829.149472  
9711.335478  
9729.10251  
9587.704791  
9674.758128  
9652.698328  
9723.683307  
9822.779038  
9816.023294  
9647.099925  
9570.493739  
9689.244457  
9673.653866  
9847.852395  
9652.222283  
9608.66366  
9611.247587  
9813.189108  
9802.852424  
9770.083554  
9749.473575  
9703.597829  
9732.531939  
9779.842142  
9829.673857  
9763.980296  
9727.912942  
9620.513241  
9716.446749  
9833.011518  
9737.796415  
9819.101706  
9858.445284  
9647.824305  
9660.292768  
9600.231101  
9901.380802  
9680.499569  
9788.898868  
9776.985151  
9724.490378  
9728.278751  
9670.934915  
9674.56092  
9764.345818  
9754.004883  
9811.724983  
9720.715906  
9667.891056  
9697.937471  
9647.113367  
9693.087603  
9787.320801  
9746.111386  
9772.501321  
9687.750373  
9667.047191  
9656.508186  
9725.695111  
9772.504337  
9788.742302  
9822.183766  
9792.480584  
9521.642061  
9573.448558  
9682.794922  
9941.787569  
9744.651453  
9846.556066  
9626.581945  
9742.438161  
9802.473346  
9707.69942  
9794.541619  
9781.135656  
9800.473518  
9752.152832  
9752.678452  
9645.376091  
9586.732221  
9657.848087  
9545.926815  
9787.114861  
9785.49572  
9671.587891  
9743.851907  
9596.415815  
9685.745749  
9706.665843  
9785.983513  
9770.345215  
9621.867647  
9630.529527  
9704.609949  
9693.322409  
9702.303452  
9661.394991  
9705.579647  
9796.191636  
9733.277229  
9786.418888  
9828.401568  
9803.247358  
9802.157399  
9779.57778  
9909.728659  
9770.867389  
9826.949391  
9730.034381  
9676.997702  
9676.109835  
9754.88511  
9806.232221  
9927.442929  
9779.725758  
9621.750661  
9912.911851  
9779.208869  
9716.431957  
9672.380687  
9756.683766  
9734.027286  
9702.746209  
9669.111127  
9638.500201  
9623.635599  
9577.277976  
9617.901597  
9751.476649  
9781.080796  
9531.480268  
9645.272461  
9602.6468  
9770.136862  
9535.264131  
9623.012609  
9563.057502  
9749.400965  
9994.600184  
9953.392693  
9736.008157  
9744.79248  
9736.796616  
9874.074219  
9967.213752  
9781.28395  
9785.132066  
9727.919261  
9767.761202  
9566.559197  
9673.503906  
9717.048196  
9810.16412  
9760.790441  
9938.485438  
9701.388011  
9593.082146  
9530.997415  
9597.579331  
9627.18009  
9687.253619  
9872.70008  
9778.317871  
9739.338436  
9724.590964  
9796.366986  
9662.035673  
9838.899414  
9799.608025  
9891.582376  
9677.814913  
9696.923541  
9726.910759  
9866.337374  
9945.488454  
9861.759392  
9790.861615  
9643.249138  
9731.940114  
9554.732623  
9622.566291  
9668.226706  
9805.973834  
9783.633243  
9940.108714  
9795.238999  
9620.534122  
9570.059226  
9644.101505  
9651.688046  
9652.417538  
9572.170554  
9684.68256  
9671.068015  
9692.241958  
9715.822696  
9819.20301  
9773.791389  
9646.534409  
9662.312902  
9615.422765  
9755.537684  
9837.386432  
9648.646226  
9769.186064  
9692.248822  
9829.299891  
9712.319681  
9790.886489  
9712.440545  
9813.182991  
9739.739516  
9642.727022  
9807.787626  
9683.169462  
9754.341883  
9513.030963  
9600.043313  
9635.828326  
9646.014562  
9714.788747  
9788.562155  
9942.670238  
9791.428883  
9902.965447  
9656.752413  
9855.677418  
9982.235352  
9654.16007  
9627.649644  
9674.114516  
9684.384364  
9666.348087  
9847.45031  
9599.680003  
9615.375201  
9687.848719  
9655.291734  
9561.451229  
9665.140941  
9697.434312  
9708.424087  
9734.533203  
9691.091452  
9644.874655  
9685.871122  
9665.707318  
9761.010455  
9688.832749  
9772.432273  
9710.308651  
9841.750373  
9824.334071  
9777.131778  
9800.262896  
9802.022289  
9757.78731  
9757.019876  
9767.937816  
9662.045267  
9632.019072  
9605.60949  
9821.420898  
9776.554544  
9717.481934  
9487.325798  
9649.552763  
9638.710478  
9732.860237  
9658.907456  
9566.412454  
9762.752011  
9802.207261  
9833.653091  
9753.100643  
9833.634593  
9724.543055  
9645.190918  
9589.559283  
9586.486788  
9631.31408  
9665.843377  
9702.307244  
9695.458927  
9598.155733  
9612.983485  
9640.954073  
9743.586885  
9863.588925  
10013.21358  
9832.725385  
9822.314338  
9793.595157  
9701.477194  
9700.952637  
9726.891372  
9641.356388  
9722.778033  
9812.958783  
9826.019589  
9745.520623  
9727.683278  
9690.032657  
9619.368652  
9546.672737  
9595.380457  
9670.1549  
9561.152229  
9677.441234  
9581.805808  
9706.857336  
9674.816923  
9678.96852  
9723.31339  
9666.464068  
9618.076  
9640.491843  
9666.911592  
9676.60903  
9760.964183  
9851.839154  
9756.311265  
9895.36173  
9873.599265  
9743.065861  
9587.005285  
9693.702752  
9758.865981  
9834.066837  
9778.612506  
9853.091452  
9748.359375  
9660.158749  
9774.341596  
9684.530245  
9669.111558  
9749.245002  
9834.220531  
9612.193331  
9626.813046  
9677.934656  
9808.413  
9710.709042  
9741.314482  
9874.167825  
9843.821777  
9827.482795  
9704.270422  
9765.150707  
9821.60116  
9592.55328  
9594.63106  
9658.128246  
9718.070169  
9675.524127  
9732.24865  
9455.090303  
9683.745146  
9700.373277  
9871.021111  
9814.637408  
9670.647834  
9745.957749  
9647.193302  
9875.929142  
9787.674  
9870.150161  
9906.061121  
9950.137293  
9821.600988  
9875.401051  
9761.259134  
9828.25876  
9768.433048  
9790.224121  
9763.107881  
9825.461196  
9787.760426  
9699.342802  
9716.995433  
9661.598317  
9774.845387  
9702.060777  
9743.459071  
9720.089355  
9631.668859  
9741.62388  
9685.18368  
9656.990206  
9761.53484  
9752.073012  
9678.681842  
9673.624971  
9857.74506  
9809.335622  
9892.839011  
9758.459903  
9755.193905  
9448.797737  
9720.852912  
9687.542825  
9871.275419  
9778.012552  
9648.608111  
9513.811839  
9549.934743  
9725.139591  
9610.703154  
9696.662081  
9928.204963  
9923.267952  
9705.512983  
9680.655733  
9759.497214  
9715.263557  
9732.600184  
9681.655704  
9481.471622  
9698.097829  
9759.64097  
9872.855928  
9870.863367  
9922.178079  
10124.46168  
9858.661621  
9760.884909  
9764.471594  
9614.689137  
9744.233513  
9728.240493  
9674.663143  
9726.328269  
9608.107996  
9715.960507  
9676.487764  
9805.340045  
9717.928165  
9766.639878  
9605.855584  
9663.380974  
9581.880802  
9810.127097  
9748.583094  
9597.208065  
9734.068934  
9798.050724  
9852.92423  
9649.031853  
9675.020537  
9754.780991  
9821.085938  
9901.472857  
9811.745031  
9833.178108  
9756.407801  
9729.345761  
9784.228573  
9677.540039  
9578.52427  
9637.000977  
9738.237621  
9764.372932  
9774.855497  
9696.256175  
9647.520996  
9637.353343  
9815.478975  
9670.927706  
9753.283174  
9546.934427  
9704.729406  
9471.340188  
9733.802964  
9812.196978  
9892.066062  
9718.820284  
9856.040671  
9845.992188  
9777.819537  
9861.862391  
9693.523035  
9693.128619  
9718.906824  
9579.734691  
9659.152114  
9665.018756  
9731.313936  
9711.084329  
9796.042165  
9764.442526  
9794.019072  
9739.221479  
9708.777832  
9713.674403  
9813.177045  
9591.304027  
9767.874971  
9867.029642  
9882.655819  
9598.818848  
9646.669376  
9620.495433  
9823.936179  
9711.90671  
9808.667509  
9650.036391  
9607.458783  
9527.545295  
9449.252958  
9663.844583  
9819.011546  
9868.998219  
9830.044548  
9841.146255  
9774.840045  
9672.779268  
9700.810202  
9767.176959  
9626.843635  
9587.154957  
9490.706227  
9846.490407  
9690.799374  
9786.924575  
9725.744342  
9798.681928  
9879.787856  
9783.695083  
9468.631606  
9451.938879  
9524.415039  
9780.034496  
9996.222139  
9871.34329  
9911.282945  
9746.271082  
9732.838551  
9764.727022  
9745.947352  
9638.687299  
9664.323357  
9632.887494  
9645.816291  
9649.837029  
9792.058967  
9667.191693  
9434.700396  
9614.383473  
9769.080825  
9954.932904  
9901.726936  
9724.565918  
9741.485438  
9640.332491  
9894.957835  
9785.467659  
9597.20143  
9763.941952  
9869.724667  
9817.427734  
9927.764476  
9654.596909  
9715.817986  
9715.35409  
9644.511977  
9645.881233  
9709.342084  
9803.147403  
9651.238367  
9616.111529  
9716.878361  
9768.217457  
9730.372271  
9782.858398  
9627.40895  
9793.955825  
9864.371553  
9652.532543  
9678.744773  
9713.024069  
9832.062557  
9730.205911  
9886.871812  
9842.377355  
10060.33548  
9849.255429  
9780.942584  
9821.165384  
9720.379193  
9638.470588  
9773.693474  
9636.426672  
9751.396398  
9691.187241  
9758.251896  
9802.220387  
9806.215705  
9711.251379  
9732.810489  
9865.567929  
9776.492159  
9720.434254  
9527.319106  
9691.776999  
9784.12635  
9733.151367  
9845.727826  
9726.731417  
9649.956945  
9643.967946  
9763.521369  
9830.326832  
9759.550149  
9803.770249  
9641.749741  
9863.57083  
9588.160587  
9822.112305  
9770.627671  
10059.03177  
9817.504768  
9671.746927  
9606.908892  
9780.357364  
9548.411937  
9728.54811  
10008.37181  
9726.036334  
9551.322869  
9580.032485  
9747.523409  
9676.174374  
9791.394933  
9646.247214  
9564.727999  
9691.962603  
9732.70729  
9913.230325  
10066.20267  
9887.175494  
9745.157772  
9705.096536  
9685.921616  
9688.370433  
9673.275821  
9604.792222  
9732.756319  
9684.589499  
9587.478832  
9640.089585  
9640.489804  
9563.82126  
9720.222742  
9709.665183  
9683.325798  
9396.573845  
9525.283921  
9717.084386  
9798.482163  
9570.550264  
9681.873679  
9603.730727  
9832.144704  
9730.099753  
9683.179688  
9461.291245  
9648.252269  
9524.548627  
9708.043428  
9492.304084  
9498.156997  
9535.445054  
9713.57913  
9711.484145  
9878.912138  
9772.238798  
9805.047191  
9734.741326  
9650.380113  
9747.345962  
9813.578412  
9779.599925  
9788.170209  
10041.02775  
9709.327091  
9595.242963  
9796.017406  
9826.666332  
9651.861386  
9522.078642  
9706.750689  
9723.302591  
9943.468233  
9877.018641  
9832.911621  
9761.820715  
9800.009737  
9798.399845  
9877.337948  
9711.188793  
9651.953958  
9776.717601  
9731.644617  
9878.118796  
9861.716079  
9893.928251  
9800.731819  
9759.52473  
9600.323644  
9588.496438  
9704.283375  
9654.996065  
9770.106847  
9746.92805  
9689.513356  
9507.542165  
9426.781451  
9595.301126  
9676.927993  
9852.764677  
9822.146886  
9851.159007  
9778.321576  
9732.240809  
9671.000373  
9566.907887  
9630.31296  
9639.189195  
9877.013184  
9749.433105  
9712.645881  
9655.625919  
9632.031422  
9617.212661  
9607.141774  
9626.363913  
9694.289551  
9679.269273  
9718.072553  
9970.330997  
9898.924115  
9943.891372  
9854.315573  
9819.10791  
9638.724523  
9753.028722  
9715.369198  
9679.24348  
9816.343635  
9762.634478  
9905.009306  
9771.224782  
9721.892435  
9587.172162  
9864.078786  
9848.018469  
9611.336253  
9611.395996  
9746.541533  
9788.371783  
9982.702493  
9894.034266  
9859.101706  
9702.090993  
9733.872903  
9824.803338  
9922.975327  
9624.492762  
9769.369313  
9688.039982  
9796.249368  
9784.491584  
9800.650046  
9604.419692  
9527.106129  
9514.045582  
9774.746955  
9958.527315  
9712.062356  
9653.364804  
9649.595875  
9728.880974  
9800.86802  
9990.566636  
9786.636403  
9834.073213  
9674.919405  
9619.940171  
9421.570571  
9564.126608  
9692.589068  
9833.593176  
9691.097714  
9701.457318  
9718.077838  
9810.406824  
9840.637695  
9916.086799  
9670.329331  
9761.26775  
9806.30216  
9821.746036  
9695.739689  
9704.593262  
9723.584071  
9811.257611  
9726.724035  
9602.780503  
9692.034295  
9683.649644  
9644.288459  
9514.33611  
9632.728315  
9692.059886  
9885.243911  
9908.172593  
9910.667222  
9632.35432  
9566.38399  
9557.290556  
9392.825195  
9622.117044  
9599.078814  
9725.752729  
9863.239516  
9886.332778  
9888.37207  
9864.33094  
9631.176815  
9670.016142  
9673.557474  
9659.674948  
9789.442412  
9843.233858  
9798.200655  
9736.855641  
10018.49736  
9933.992791  
9925.39275  
9831.812241  
9830.85116  
9954.013902  
9912.065458  
9702.038603  
9610.935145  
9522.234231  
9573.383473  
9625.651482  
9732.9429  
9872.704102  
9781.568876  
9730.554802  
9765.71358  
9684.202091  
9401.736816  
9577.693905  
9359.973977  
9542.038316  
9891.037081  
10003.0085  
9819.212431  
9707.216739  
9587.634766  
9745.319681  
9733.068244  
9663.630141  
9663.490522  
9697.651827  
9566.334731  
9487.015424  
9744.081141  
9605.604004  
9934.502068  
9967.843836  
9752.163373  
9925.823874  
10035.97294  
9871.327809  
9682.097455  
9446.08341  
9631.141257  
9892.358054  
9861.003849  
9866.155503  
9863.77292  
9580.897375  
9653.955222  
9658.155991  
9641.059139  
9463.13152  
9386.20594  
9538.657112  
9896.117475  
9837.318618  
9896.77832  
9840.461885  
9743.874224  
10031.87615  
9981.30417  
9852.448357  
9692.500172  
9607.58634  
9604.681037  
9572.25247  
9610.44807  
9896.048627  
9897.544864  
9866.676241  
9791.120175  
9707.173139  
9586.981043  
9733.648696  
9957.387322  
9642.358082  
9504.481503  
9504.487793  
9572.479808  
9614.405905  
9576.188649  
9410.804429  
9628.290154  
9551.083898  
9465.211742  
9649.110495  
9711.184082  
9660.404613  
9603.552332  
9460.876034  
9585.609863  
9865.789292  
9941.629998  
9950.629366  
10032.42874  
9884.830997  
9887.064453  
9855.497961  
9659.907801  
9678.675236  
9549.27878  
9619.301959  
9695.366757  
9715.053941  
9699.015998  
9633.164264  
9596.94965  
9659.798828  
9558.709903  
9520.672737  
9505.604779  
9531.473834  
9600.758014  
9599.504797  
9695.624196  
9786.302045  
9796.28036  
9824.322725  
9349.259048  
9593.314999  
9791.378992  
9944.929659  
9872.485553  
9950.917997  
9858.738339  
9823.699018  
9905.564941  
9778.599494  
9762.832003  
9865.146025  
9808.415298  
9706.570686  
9697.590964  
9635.508617  
9713.463953  
9755.789838  
9728.096134  
9751.965878  
9514.86555  
9743.190573  
9734.703384  
9794.347915  
9678.847972  
9773.980038  
9692.676212  
9546.836225  
9558.641113  
9751.089614  
9581.099925  
9884.287626  
9539.686811  
9592.028722  
9796.006836  
9872.796731  
9904.794635  
10014.84094  
10180.3931  
9918.424115  
9830.322323  
9834.059369  
9748.792624  
9760.705222  
9685.737075  
9724.959473  
9718.760196  
9659.996668  
9552.062127  
9481.958956  
9584.758301  
9827.125172  
9902.809369  
9702.596766  
9595.229119  
9327.951775  
9608.310863  
9897.161363  
9954.231101  
10274.31043  
10362.35874  
10065.87155  
9686.193043  
9711.686868  
9670.012695  
9708.937385  
9443.609346  
9321.518354  
9768.105699  
9822.661047  
9616.598863  
9759.479521  
9987.789867  
9956.775764  
9988.490263  
9828.415499  
9646.642693  
9784.615033  
9679.687759  
9648.202062  
9435.095646  
9564.106216  
9544.166044  
9599.28866  
9461.218089  
9695.149357  
9764.740608  
9820.139103  
9784.542308  
9826.999368  
9642.514706  
9621.122386  
9625.31339  
9830.896111  
9624.254739  
9715.899644  
9789.94155  
9809.700798  
9856.961311  
9670.260225  
9699.608513  
9794.172679  
9859.33542  
9743.388298  
9767.571691  
9636.625345  
9767.747989  
9674.877729  
9638.770967  
9728.741211  
9763.527545  
9925.465188  
9846.645335  
9818.48538  
9736.252125  
9653.069623  
9632.374684  
9628.742015  
9757.334616  
9557.745146  
9637.121783  
9572.448932  
9605.454331  
9744.395335  
9498.009679  
9425.627298  
9652.8206  
9713.112132  
9815.630256  
9934.239143  
9749.056928  
9766.578211  
9806.735495  
9586.889419  
9549.5299  
9573.740493  
9760.637552  
9773.737075  
9716.44313  
9683.431037  
9715.676298  
9657.444882  
9784.958668  
9866.823127  
9895.249167  
9748.41501  
9857.921473  
9816.63758  
9722.489516  
9666.31408  
9578.81362  
9797.820887  
9776.247989  
9887.509392  
9583.716366  
9386.270967  
9548.637925  
9636.663028  
9810.854349  
9969.796415  
9997.727769  
10016.33433  
9898.849437  
9773.38129  
9625.526626  
9726.837862  
9754.65984  
9815.476534  
9994.923713  
9964.240407  
9825.492618  
9737.990924  
9859.452177  
9685.003246  
9661.356101  
9632.710851  
9644.032227  
9479.145537  
9508.909467  
9433.108973  
9560.394043  
9610.84016  
9589.494141  
9618.250115  
9756.172823  
9723.13264  
9911.903263  
9704.688161  
9690.377987  
9486.643526  
9617.010254  
9951.018813  
9695.553711  
9752.534266  
9767.254969  
9967.682847  
9907.875287  
10101.1721  
9814.455595  
9674.696059  
9640.361127  
9621.69672  
9728.36555  
9747.865493  
9686.98561  
9756.278406  
9779.036937  
9788.072984  
9563.864459  
9326.05239  
9559.325138  
9656.961455  
9860.449334  
9650.276913  
9690.306928  
9802.224494  
9918.867073  
9769.822668  
9696.377011  
9425.165786  
9495.06632  
9764.078154  
9631.031824  
9820.38758  
9830.054831  
10068.92854  
9923.618308  
9701.867791  
9648.94491  
9761.588523  
