10267.52066  
10112.76042  
10038.29965  
9931.281052  
9974.90567  
10098.75345  
10011.20305  
9899.057556  
10031.47511  
9998.544022  
10124.50703  
10096.46031  
10113.12674  
9997.867004  
9855.705246  
10021.05234  
9936.76445  
10090.813  
10138.84201  
10094.95027  
10060.44324  
10218.49358  
9999.35498  
9998.80304  
10085.12514  
9981.186417  
10052.8607  
10124.14891  
10068.76819  
10054.134  
10008.34828  
9957.070206  
9833.593674  
10022.12801  
9975.222046  
10186.05463  
10241.49336  
10094.81531  
10027.29295  
10052.39796  
9872.715714  
10058.32072  
10032.2415  
9937.469986  
9997.681274  
10084.85385  
9968.33223  
10158.40051  
9935.408554  
10169.05742  
10232.0722  
10078.86241  
9987.636063  
9934.507706  
10156.85042  
10267.29976  
10002.14388  
10103.76854  
10141.92267  
9978.000275  
10034.32658  
10127.5739  
10070.94238  
9924.734512  
10022.60666  
9977.778595  
9994.556046  
10197.23415  
10126.90443  
10115.72165  
10027.65831  
10103.70795  
9980.512695  
10035.37518  
10140.85893  
10018.92357  
10088.77568  
10018.2256  
10135.41299  
10092.89493  
10182.65692  
10280.38358  
10183.8399  
10098.60353  
10213.34947  
10125.84625  
10048.15863  
10224.02408  
10146.30833  
10075.29765  
10260.8459  
10183.69791  
10001.06772  
10088.84712  
9827.307617  
9937.254364  
10085.76308  
9959.827789  
10049.70976  
10064.86331  
9905.190979  
9893.174454  
9993.987656  
9907.151001  
9942.28363  
10205.31895  
9992.100098  
10083.51958  
10140.79573  
10061.16798  
9943.217972  
9920.985565  
9987.355743  
9904.489136  
10084.10074  
9990.022995  
10034.32722  
10132.52846  
10004.12091  
10035.29575  
10100.06044  
9987.256943  
10027.21153  
10090.67595  
10021.46349  
10141.77853  
10190.39769  
10005.70631  
10169.54422  
10252.84016  
10325.48814  
10294.67027  
10053.01289  
10091.12947  
10214.49435  
10090.47429  
10040.19992  
9911.756592  
9818.755173  
9916.08519  
9922.767883  
9761.970078  
9955.338043  
9996.632614  
9920.647629  
9966.998123  
9968.894424  
10124.77631  
9949.248734  
9960.496307  
10162.06566  
10133.79506  
10083.05927  
10100.73457  
10070.93103  
9967.432709  
10001.03568  
10022.61473  
10027.94298  
9983.960037  
9807.61911  
9981.050262  
10034.55746  
10096.88847  
10096.95775  
9894.995636  
9779.660645  
10062.8775  
10102.84389  
10126.05438  
10077.12932  
10015.43651  
10051.84534  
10030.63583  
10017.59593  
10147.77574  
10042.46854  
9960.357529  
9874.973221  
9911.594589  
10090.53979  
10036.54469  
10012.89737  
10048.05598  
10129.04845  
10112.71446  
10067.44383  
9912.516388  
9874.193924  
10168.64378  
10067.92851  
10087.65274  
9985.619629  
10039.20766  
10091.7099  
10183.48703  
10101.61122  
10036.90237  
10003.45998  
9983.914886  
10031.05565  
10122.82394  
10079.8965  
9982.923584  
10023.81143  
9943.457977  
10041.80724  
10008.87265  
9933.645416  
10002.93233  
10103.18616  
9944.339233  
9858.589569  
10047.33563  
10112.83459  
10023.53375  
10055.04764  
9994.7845  
9928.035919  
10041.82405  
10022.18607  
9930.343185  
10020.92824  
10124.41219  
10152.44661  
10092.79132  
9987.026031  
9932.646332  
10111.75543  
9969.453735  
9922.771179  
10021.89912  
10017.70938  
10061.04868  
10165.06453  
10049.97121  
9972.648148  
10071.77565  
10128.85916  
10186.44321  
9999.295135  
10119.34286  
10003.67715  
10154.08759  
9971.504578  
9933.007614  
9951.916458  
9973.382584  
10022.18466  
9985.755447  
9973.360687  
9893.893005  
10032.42226  
10023.83803  
9947.19519  
9931.922989  
10063.22884  
10154.69028  
10203.63438  
10030.88948  
9928.395142  
9973.067459  
10010.82407  
10120.43071  
10170.56924  
9954.507233  
9957.700134  
10035.36217  
10035.09215  
9918.476303  
10097.34465  
10074.116  
10132.17621  
10012.83615  
9902.729187  
10039.55196  
10019.17442  
10137.79309  
10054.24931  
10023.19228  
10056.61072  
10068.49649  
10003.0463  
10092.58534  
10084.70848  
10086.10086  
10146.68861  
9996.352203  
10050.16028  
10035.52142  
10137.93285  
10115.16139  
10028.50708  
10043.01935  
9966.108566  
10046.51645  
10028.54755  
10074.09035  
9923.560822  
9991.888367  
10035.28539  
10060.77881  
10241.16016  
10047.19945  
10008.48965  
9900.078232  
9923.137299  
10088.62686  
10120.15489  
9916.088226  
9988.181091  
10010.53317  
10082.87355  
10086.61772  
9987.609146  
9988.898438  
10031.36217  
10118.85979  
10039.00121  
9931.813446  
10100.5264  
10040.05133  
10107.02312  
10104.45633  
10154.90161  
10162.19182  
10050.58784  
9967.986511  
9980.090012  
9996.234451  
10053.83124  
10010.3188  
10136.88869  
10125.20154  
10096.28986  
10028.61316  
9923.825775  
10004.14769  
10060.69008  
10155.51349  
10132.8914  
10072.13966  
9982.380386  
10079.65465  
10091.30061  
10197.79709  
10121.26604  
10015.88765  
10043.68523  
9913.452118  
10178.72333  
10165.08228  
10102.51225  
10082.72794  
9952.00386  
9885.580536  
9979.84433  
10073.32724  
10117.93811  
9910.308899  
9961.394073  
9994.674988  
10008.91362  
10050.62314  
10203.42891  
10075.23404  
10095.8591  
10042.66048  
10093.64011  
10107.60919  
10153.22131  
10108.11636  
10061.69054  
10082.6236  
10158.86018  
10014.69234  
10045.59258  
9957.62886  
10083.15964  
10137.71945  
10174.2484  
10105.53819  
10118.29234  
9939.35173  
9975.816147  
9969.278473  
9992.884125  
10015.14354  
10052.78508  
10047.05104  
10045.78458  
10028.9024  
10056.11288  
9940.63501  
10109.86183  
9996.653244  
9994.961136  
9986.387527  
9916.864899  
10049.69249  
9920.435486  
10113.75441  
9959.869263  
9970.022934  
10038.71614  
10032.53247  
10039.07721  
9936.970032  
9882.746902  
10005.12978  
10000.26598  
10069.561  
9996.258545  
10026.39896  
10028.18127  
10012.64062  
10047.28401  
9949.949188  
10116.81516  
10017.93892  
10181.5619  
10049.64391  
10071.88597  
9971.106964  
10117.7771  
10015.89935  
10085.50705  
10172.88135  
10023.12576  
10011.786  
9975.195358  
10088.90785  
9983.134155  
10052.51024  
10005.01736  
10138.59572  
10099.20813  
10121.45563  
10000.41962  
10029.22729  
9990.603867  
9950.374512  
10057.64294  
10051.06491  
10104.25522  
10013.0416  
10181.01675  
10039.85172  
10094.41064  
10005.989  
10192.18748  
10175.7571  
10075.75175  
10017.15791  
9874.555267  
9974.936676  
10014.69801  
10107.80222  
10174.69461  
10122.98544  
10104.42456  
9944.94165  
9946.09816  
9995.059189  
10057.71349  
10034.36356  
10035.97426  
10062.74796  
10023.41417  
9955.533478  
9986.047302  
9997.644104  
10022.01291  
10077.14612  
10133.87883  
10154.91225  
10040.60544  
10191.53246  
10119.09438  
10038.43655  
10059.48203  
9955.896683  
10116.75575  
10075.13661  
9960.448807  
10021.09058  
10073.25389  
10052.7724  
9921.264404  
9932.328232  
9856.405411  
10077.59862  
10063.74284  
10062.46426  
10089.21382  
10103.42035  
10135.26523  
10068.55562  
10072.94379  
9950.812134  
10015.57967  
10012.95828  
10046.21768  
10051.67973  
10089.9807  
10034.30632  
9961.130219  
10004.21344  
10015.74779  
10143.38361  
9961.200424  
9931.890503  
9942.139786  
10144.34387  
10131.22346  
10075.39174  
10077.90172  
10017.55548  
10007.26657  
10064.63493  
10099.95099  
10097.75882  
9992.906845  
9951.818527  
10011.14388  
10190.88734  
10090.57471  
10138.39034  
10174.3781  
9980.488632  
10033.17992  
9976.91095  
10182.73222  
10008.58659  
10078.90175  
10068.73607  
10016.34947  
10031.55539  
9965.686218  
9998.452835  
10047.35013  
10065.59346  
10111.06689  
10058.57155  
9998.011658  
9997.076065  
9966.942459  
9994.995483  
10103.44356  
10006.23201  
10078.69818  
9978.772278  
9996.349991  
9991.600388  
10072.66583  
10083.39172  
10108.67973  
10162.66544  
10143.02361  
9943.757126  
9954.384247  
9966.719757  
10173.00121  
10067.52452  
10122.01578  
9993.1521  
10057.08743  
10134.9167  
10005.12245  
10100.21158  
10087.4724  
10092.87566  
10058.34181  
10104.47401  
9977.768265  
9893.528519  
9997.552185  
9890.654068  
10103.67117  
10089.92651  
9974.213058  
10018.42088  
9906.616714  
9973.026123  
9985.288162  
10089.54692  
10049.98811  
9927.760513  
9969.12706  
10020.60124  
10018.13835  
10019.58871  
9989.171341  
9962.005554  
10113.78656  
10044.59663  
10073.02495  
10129.4193  
10072.03986  
10069.61682  
10026.64923  
10166.83435  
10113.37468  
10134.30577  
10048.13013  
10046.14438  
10031.11801  
10136.11546  
10159.15352  
10239.22551  
10092.22444  
10004.81766  
10179.55817  
10108.97189  
10041.39574  
10014.59439  
10137.68559  
10115.32593  
10067.21414  
10052.41531  
10007.36188  
10004.98813  
9857.59903  
9967.67955  
10036.70879  
10055.46281  
9891.516983  
9994.565979  
9927.91095  
10081.201  
9841.550262  
10047.6505  
10006.91031  
10131.41725  
10255.70767  
10232.00374  
10065.42847  
10074.32018  
10024.09985  
10147.63284  
10218.23383  
10074.55939  
10061.47124  
10008.74559  
10083.55927  
9846.125366  
9997.263184  
9989.00769  
10157.03885  
10115.93419  
10260.25333  
10039.18784  
9907.188736  
9922.865601  
9952.258972  
9950.727341  
10029.66975  
10192.43904  
10111.05315  
10062.01904  
10049.28943  
10130.64047  
9943.159988  
10167.75827  
10118.60907  
10198.05148  
10012.94896  
10035.57771  
10028.20366  
10192.85051  
10244.64005  
10154.30846  
10100.5714  
9996.251709  
10070.24257  
9827.563278  
9968.615356  
9949.430588  
10100.56572  
10050.39537  
10108.08661  
10067.57889  
9901.09285  
9865.124878  
10009.03218  
9958.356491  
9946.911972  
9903.9431  
9999.011871  
9968.780212  
10054.13171  
10032.58302  
10104.23303  
10061.93617  
9925.02066  
9976.129074  
9898.960403  
10083.35843  
10072.897  
9984.752686  
10069.58966  
9990.691376  
10150.75002  
10024.35329  
10090.53163  
10076.59052  
10195.71819  
10125.20784  
10035.03941  
10187.36642  
10069.29337  
10076.47025  
9804.577652  
9842.353424  
10003.87442  
9929.017609  
10022.90938  
10084.78522  
10229.68964  
10091.67078  
10204.54898  
9996.573593  
10214.77022  
10231.06909  
9982.791138  
9931.903839  
10020.728  
10008.4637  
10007.60158  
10106.37196  
9950.406677  
9969.253555  
9991.934311  
10013.41086  
9889.504379  
9988.348679  
10059.20671  
10030.71175  
10028.52863  
9997.287613  
9944.276169  
9970.822556  
9973.042068  
10007.54953  
10007.84032  
10036.96437  
9983.241241  
10164.64552  
10090.14726  
10109.58778  
10090.89847  
10116.17477  
10078.3781  
10061.6451  
10106.02354  
10020.88229  
9950.602356  
9918.074341  
10153.40178  
10132.52423  
10066.71945  
9830.74971  
9961.397675  
9952.079086  
10053.19398  
9995.72113  
9940.459915  
10056.71451  
10115.32159  
10127.067  
10050.82047  
10122.14682  
10017.18283  
9988.977051  
9927.949265  
9889.058151  
9956.483292  
10032.12802  
10039.51241  
10015.7587  
9889.906921  
9909.693741  
9957.528107  
10092.38365  
10158.85947  
10275.28033  
10114.32361  
10086.45723  
10054.89337  
9979.168411  
10015.28447  
10015.60101  
9946.159729  
9987.66153  
10096.77597  
10089.50793  
10043.5479  
10032.65726  
10012.98239  
9974.194366  
9917.580887  
9940.11972  
10014.61095  
9922.939957  
10067.62404  
9922.918945  
10025.61652  
9981.377838  
9980.714767  
10012.11736  
9924.460495  
9918.718735  
9938.339111  
9908.472809  
9981.957809  
10061.17416  
10153.08235  
10053.29871  
10111.02388  
10177.33702  
10073.89552  
9926.683975  
10010.58894  
10141.29163  
10140.9649  
10120.89464  
10174.32367  
10059.36543  
10039.24178  
10163.16345  
10050.94301  
9962.696564  
10092.6994  
10167.52237  
9959.074631  
9875.025864  
10003.13753  
10104.70627  
9958.801743  
10101.95148  
10177.24995  
10148.45654  
10158.98643  
10052.80983  
10128.41647  
10236.91776  
9957.369675  
9920.69841  
10032.77478  
10154.00125  
10100.53459  
10079.88838  
9814.109604  
9966.225372  
9967.522339  
10206.42505  
10081.65205  
9983.58075  
10033.40184  
9977.691605  
10132.98802  
10037.80592  
10160.38365  
10226.54066  
10220.30733  
10126.90858  
10116.4726  
10049.73817  
10126.72424  
10034.35799  
10095.19994  
10084.28325  
10113.95065  
10080.75935  
10016.1573  
10026.21213  
10014.59811  
10140.75916  
10036.373  
10119.1035  
10071.59904  
9927.517181  
10031.0896  
10001.76607  
9993.924881  
10065.97452  
10091.853  
9975.22316  
9948.204071  
10144.63689  
10185.17603  
10194.80608  
10092.37434  
10132.11211  
9860.130371  
10045.11528  
9987.171158  
10146.40247  
10036.1582  
9947.80925  
9865.615051  
9857.093918  
10031.14207  
9964.113312  
10083.6738  
10249.13916  
10217.08401  
10041.28664  
9995.599869  
10079.22469  
10078.47797  
10133.17078  
10018.1324  
9787.689865  
10003.23085  
10085.04073  
10155.70567  
10180.29256  
10233.06039  
10347.10364  
10152.71114  
10052.32771  
10040.05328  
9967.160812  
10073.74179  
10078.01349  
10029.07597  
10063.57593  
9962.290085  
9963.658829  
9988.608994  
10110.33649  
10065.27286  
10071.87692  
9955.523041  
9923.676483  
9933.251404  
10097.45277  
10062.77002  
9965.811462  
10038.82767  
10120.19467  
10167.81018  
9931.689545  
9931.409042  
9995.276779  
10166.36185  
10183.06042  
10144.65828  
10109.43268  
10043.82584  
10030.24773  
10074.60477  
10035.00372  
9927.342178  
9954.401031  
10068.61815  
10114.72604  
10098.88213  
9990.757065  
9974.865921  
9943.340271  
10105.12401  
9994.5578  
10065.34117  
9929.662537  
10092.72551  
9821.287811  
10018.4249  
10101.69041  
10160.00433  
10063.18237  
10139.96132  
10148.35181  
10024.02048  
10132.88876  
9987.214737  
10009.94604  
10040.91507  
9947.052719  
10017.17041  
10014.57759  
10050.59406  
10047.23094  
10048.40833  
10059.55812  
10081.68127  
10049.19279  
10008.65623  
10032.60378  
10109.31844  
9918.592697  
10124.81642  
10171.61108  
10210.1066  
9985.97438  
10029.13393  
10013.99391  
10210.22142  
10029.41377  
10118.48195  
9939.264297  
9937.240128  
9848.816544  
9804.08728  
9933.86496  
10116.38721  
10160.7644  
10120.53751  
10106.77188  
10055.52254  
9987.018326  
10010.0285  
10094.85724  
9949.498489  
9882.675339  
9769.163544  
10140.32664  
10012.84056  
10075.64659  
9991.996399  
10074.6946  
10181.3145  
10098.19072  
9802.965637  
9796.580734  
9923.690552  
10114.94853  
10268.37163  
10213.83109  
10188.03261  
10064.15265  
10057.89374  
10100.94193  
10091.66101  
10033.76241  
10002.24504  
9932.002304  
9973.162338  
9937.586212  
10072.64848  
9965.243118  
9747.946182  
9868.417282  
10052.60976  
10281.00612  
10282.63304  
10031.85588  
10013.54465  
9982.855484  
10155.75011  
10093.28799  
9919.427551  
10018.52853  
10167.23302  
10123.77846  
10218.19849  
9961.716415  
10002.49898  
10028.11966  
10015.752  
10041.15614  
10050.70554  
10092.6622  
9942.500931  
9915.946671  
10037.33508  
10084.44176  
10024.89899  
10057.44302  
9963.215057  
10107.65593  
10175.38354  
10028.00134  
10004.01767  
10122.39511  
10144.23427  
10068.653  
10174.84186  
10238.86691  
10315.4343  
10162.04276  
10098.70433  
10187.01099  
10089.28108  
9991.497559  
10146.11969  
10028.40506  
10069.16147  
10047.23431  
10061.77023  
10166.30841  
10126.71234  
10019.34911  
10041.12219  
10142.32561  
10064.71281  
10051.03792  
9894.589355  
10049.17766  
10074.47583  
10058.80309  
10151.4269  
10046.60677  
9989.950546  
9979.076584  
10061.48663  
10122.84288  
10033.41118  
10103.31567  
10014.70462  
10179.0649  
9951.076111  
10117.80968  
10125.80025  
10348.19673  
10124.65672  
9995.947464  
9921.643127  
10103.05014  
9862.702438  
10076.54556  
10190.66211  
10013.43013  
9898.680695  
9898.723846  
10003.9362  
9974.421265  
10085.1884  
9979.596588  
9886.992096  
9945.069489  
10044.43999  
10229.04005  
10278.5144  
10126.21028  
10045.03853  
10017.40321  
10041.05177  
10029.13055  
9984.446579  
9884.797394  
10057.93555  
9994.993973  
9874.650497  
9956.577576  
9944.234543  
9888.348145  
10006.81596  
10035.04599  
9991.818283  
9805.351761  
9863.669067  
10023.5657  
10062.50537  
9883.708038  
10022.1756  
9968.811859  
10190.00063  
10084.85474  
10078.22397  
9890.796814  
10022.21408  
9869.301926  
10035.62268  
9872.910339  
9917.939713  
9859.195816  
10051.88126  
10027.94524  
10195.72615  
10075.88036  
10105.30612  
10015.08669  
9958.570038  
10061.76109  
10099.56267  
10072.46112  
10117.60722  
10246.83586  
10024.60399  
9893.255463  
10054.23856  
10115.54933  
9987.51123  
9867.285629  
10021.45023  
10076.98982  
10244.41637  
10184.59477  
10106.58101  
10065.14116  
10108.49734  
10042.68451  
10181.8784  
10041.90471  
9952.965332  
10067.92319  
10019.22684  
10160.77682  
10225.24059  
10151.5878  
10095.20152  
10048.55357  
9947.266068  
9927.017654  
10014.18025  
9987.17572  
10119.43405  
10049.58112  
10012.80774  
9882.99118  
9750.351959  
9947.014587  
9988.029282  
10147.4352  
10187.51578  
10116.26993  
10064.20108  
9988.586487  
9979.483932  
9905.296112  
9916.719543  
9973.00238  
10111.60834  
10060.59067  
10009.8513  
9950.730728  
9990.915497  
9864.534164  
9891.992432  
9926.639648  
9987.593307  
9973.507324  
10040.24001  
10328.33676  
10180.98567  
10215.99303  
10094.24832  
10116.8875  
9963.993073  
10059.85548  
10011.95679  
10021.46388  
10152.15216  
10170.08865  
10249.89587  
10141.51506  
10089.16801  
9977.250793  
10219.31387  
10224.38458  
9966.624847  
9950.317108  
10031.74944  
10122.18031  
10274.09555  
10214.49265  
10148.58607  
10048.09903  
10058.3575  
10163.82007  
10282.13467  
9961.775055  
10115.48843  
10059.91116  
10147.43759  
10062.35338  
10102.39703  
9940.959442  
9875.517059  
9860.668732  
10034.48793  
10228.19412  
10025.14197  
9939.432831  
9977.65152  
10073.20448  
10112.36028  
10270.1465  
10114.60539  
10136.04785  
9998.117081  
9953.031555  
9838.031403  
9845.218811  
10037.2843  
10129.43829  
10031.933  
9986.442108  
9961.165207  
10065.19757  
10182.74623  
10156.15051  
10000.59045  
10072.17137  
10070.92332  
10133.91568  
10019.07634  
9977.163559  
10012.80103  
10132.85013  
10040.18967  
9969.016754  
10048.74265  
10079.97969  
9995.086716  
9855.321014  
9934.498306  
10019.14807  
10187.1698  
10207.77173  
10229.92499  
10005.12592  
9955.187363  
9910.296494  
9799.3414  
9937.417419  
9960.575699  
10100.90173  
10185.40343  
10228.22252  
10218.90749  
10128.55605  
10035.86838  
10047.73865  
10011.61089  
9990.776596  
10083.74396  
10149.0235  
10160.99115  
10117.42749  
10319.11252  
10273.80278  
10177.77313  
10140.90131  
10128.87697  
10272.38982  
10181.05286  
9981.380829  
9854.255219  
9875.993011  
9880.971024  
9879.204605  
9957.386566  
10116.21259  
10052.66153  
10001.75041  
10072.93976  
10010.93808  
9733.487915  
9886.906479  
9599.881927  
9671.562958  
10173.98134  
10338.30305  
10118.18932  
9969.862991  
9821.20694  
10080.29077  
10091.87093  
9995.132935  
10002.62305  
10037.34891  
9844.573334  
9826.099564  
10083.85303  
9936.970932  
10260.98158  
10258.64536  
10086.89868  
10234.60638  
10343.48567  
10196.39275  
9977.33606  
9750.447159  
9879.002426  
10176.39297  
10168.49176  
10190.52977  
10115.2037  
9866.919052  
9957.58223  
10001.65617  
9943.516312  
9831.523682  
9805.753876  
9915.889786  
10172.6575  
10167.12178  
10259.71024  
10128.26849  
9989.280411  
10391.83252  
10324.56615  
10168.42416  
10026.10664  
9968.280701  
9942.33844  
9902.063568  
9976.001465  
10186.47493  
10225.11388  
10152.66241  
10124.11058  
9996.781799  
9889.236847  
10103.39165  
10234.49026  
9962.389023  
9818.926193  
9813.308502  
9881.938568  
9920.050125  
9960.113144  
9787.423843  
10053.5502  
9886.343491  
9765.111328  
9947.141052  
9985.49675  
9970.078293  
9919.25264  
9824.299545  
9866.075516  
10112.60742  
10239.13377  
10236.54247  
10429.65063  
10158.09027  
10206.32954  
10074.89528  
9962.144363  
10000.64134  
9890.720657  
9954.659317  
10074.68037  
10089.23549  
10042.82657  
9973.145615  
9916.583923  
10002.53259  
9919.564301  
9875.207504  
9812.585159  
9807.218445  
9922.18306  
9901.404434  
10006.49759  
10080.91145  
10149.57097  
10107.04372  
9622.919952  
9843.748825  
10121.16341  
10238.01965  
10169.41727  
10162.76518  
10111.15961  
10110.65654  
10187.16533  
10029.90373  
10048.11288  
10137.53914  
10066.56079  
9985.897705  
9981.618546  
9969.09874  
10008.10217  
10105.1418  
10033.31819  
10074.37054  
9896.886627  
10089.78777  
10099.54048  
10171.049  
10019.90004  
10130.07898  
10052.375  
9926.396637  
9850.233505  
10119.81281  
9939.578201  
10220.17183  
9864.844193  
9858.425079  
10042.68022  
10104.20029  
10257.71797  
10332.83267  
10459.78249  
10186.47224  
10129.84109  
10144.98062  
10052.44896  
10100.48509  
9992.75563  
10059.23964  
10069.46796  
10029.68556  
9917.97406  
9811.93689  
9919.524292  
10103.08586  
10225.17064  
10035.65131  
9853.251755  
9650.877716  
9931.206924  
10211.32443  
10213.41452  
10597.23615  
10600.72211  
10351.11742  
10007.49338  
10024.54456  
10016.99936  
10036.8188  
9777.36087  
9585.832611  
10112.93613  
10149.46968  
9936.981293  
10114.55174  
10270.08205  
10170.98334  
10264.94493  
10135.16646  
9960.196289  
10038.72739  
10006.15248  
9984.934738  
9859.596222  
9886.513611  
9831.470886  
9956.87915  
9841.304733  
10003.08737  
10087.65659  
10143.56944  
10104.29025  
10133.22626  
10008.16858  
9985.528366  
9935.456772  
10107.35809  
9949.305267  
10060.71112  
10048.66692  
10093.44638  
10138.3714  
10057.76735  
10013.78908  
10085.18407  
10118.72072  
10060.33525  
10082.44963  
9970.447601  
10083.82457  
10011.52361  
9984.20401  
10009.73531  
10086.55923  
10176.83617  
10144.76549  
10084.10023  
10044.45151  
9968.323288  
9932.995499  
9956.047485  
10003.94899  
9865.573227  
9977.602936  
9994.321472  
9990.74086  
10108.80759  
9897.280212  
9816.880264  
9951.509674  
10051.01779  
10114.06717  
10266.48412  
10088.31752  
10074.03029  
10082.41313  
9885.656708  
9903.325836  
9899.868713  
10087.62111  
10117.57445  
10088.79819  
10030.55597  
10072.47823  
10049.97095  
10065.20607  
10202.82515  
10190.92023  
10077.92398  
10159.12314  
10124.65723  
10036.31616  
9935.21994  
9866.85672  
10090.10985  
10038.70218  
10193.17754  
9904.872391  
9737.616699  
9910.221359  
9914.51796  
10076.53467  
10189.94504  
10388.84055  
10283.52254  
10194.45166  
10100.9377  
9959.974655  
10083.36407  
10105.82199  
10175.11009  
10291.59778  
10237.35715  
10118.52364  
10091.29152  
10144.59859  
10007.41341  
9975.478683  
9968.556229  
10013.3038  
9884.008301  
9919.018326  
9716.285889  
9858.505356  
9914.91687  
9906.679138  
9956.52948  
10028.44321  
10026.24435  
10155.26892  
10019.70461  
10028.42761  
9773.796829  
9895.965744  
10211.47369  
10011.72581  
10015.42424  
10138.00708  
10287.02748  
10205.91266  
10300.47144  
10101.91588  
9941.279343  
9959.728638  
9952.188354  
10052.41885  
10062.80209  
9987.966385  
10021.77426  
10088.63547  
10058.69315  
9882.888016  
9664.343643  
9897.712204  
9972.140762  
10132.22458  
10015.42178  
10009.88719  
10167.00612  
10224.48941  
10081.97592  
10023.64931  
9751.591949  
9927.263824  
10105.06488  
10035.3933  
10133.36971  
10188.75926  
10365.04869  
10202.09193  
9986.59259  
9957.630707  
10011.18182  
