6283.821677  
6294.723168  
6285.167845  
6321.077365  
6305.239684  
6368.532544  
6391.792201  
6406.44756  
6386.493335  
6387.877666  
6390.505387  
6413.010696  
6381.250519  
6338.975997  
6346.658288  
6365.016919  
6331.747512  
6351.944057  
6323.694646  
6334.328559  
6422.383626  
6361.054587  
6360.288799  
6350.304695  
6377.813438  
6383.385145  
6383.306408  
6346.366924  
6337.485638  
6342.396624  
6337.863979  
6372.035583  
6395.991405  
6374.750736  
6373.983941  
6330.240056  
6324.155994  
6346.087565  
6317.443669  
6355.036823  
6375.39843  
6316.872737  
6331.062291  
6344.254131  
6405.521725  
6382.963743  
6332.475756  
6333.514044  
6364.9488  
6342.037714  
6345.268547  
6333.187074  
6364.336077  
6346.597648  
6323.586883  
6343.595943  
6323.642036  
6364.626759  
6337.199459  
6279.94122  
6368.97757  
6378.325567  
6351.146136  
6309.399685  
6360.699606  
6308.135556  
6291.734569  
6318.713542  
6343.803091  
6320.980841  
6382.529793  
6353.664969  
6339.763013  
6305.244652  
6298.528816  
6295.78404  
6337.820483  
6325.322591  
6405.544007  
6344.514362  
6360.824009  
6358.801533  
6311.660211  
6387.714138  
6392.656172  
6321.234522  
6318.940143  
6340.771058  
6332.313965  
6377.719967  
6404.932679  
6384.074668  
6394.982127  
6303.902018  
6344.803137  
6352.735127  
6374.255418  
6386.380162  
6382.598904  
6379.796712  
6355.227345  
6371.551223  
6311.791574  
6292.326986  
6325.321049  
6355.527987  
6370.772848  
6353.711705  
6344.763525  
6314.311725  
6347.543139  
6324.935283  
6368.728175  
6316.496753  
6322.346377  
6338.631092  
6314.368032  
6359.332636  
6334.710271  
6365.888726  
6360.961434  
6329.583512  
6358.44298  
6365.931129  
6330.809136  
6375.324133  
6356.362994  
6313.647732  
6400.72023  
6357.101904  
6333.49931  
6267.054819  
6295.751697  
6332.323118  
6299.461914  
6330.517594  
6329.24838  
6318.21489  
6413.837139  
6426.579117  
6425.460465  
6374.147213  
6316.596532  
6346.914621  
6341.92806  
6373.229756  
6418.122032  
6373.248256  
6339.697188  
6341.858453  
6300.807826  
6367.200195  
6419.377899  
6335.967053  
6416.049882  
6377.942251  
6335.606306  
6321.385765  
6331.79679  
6320.524755  
6358.522771  
6336.829574  
6365.107778  
6314.611444  
6335.196661  
6303.785567  
6387.788946  
6400.198839  
6307.815608  
6371.165791  
6319.365451  
6379.490591  
6310.234065  
6364.994218  
6369.678246  
6325.541814  
6322.430641  
6336.217425  
6354.88275  
6351.5062  
6325.897988  
6340.493156  
6418.170573  
6437.251349  
6396.142299  
6382.941119  
6336.488987  
6405.094975  
6402.356445  
6395.784032  
6374.118908  
6323.731205  
6352.77815  
6341.66121  
6328.065957  
6351.326722  
6370.997853  
6317.309741  
6333.903863  
6332.256751  
6323.824304  
6303.461627  
6323.531227  
6303.158195  
6337.035513  
6326.301766  
6411.413442  
6387.865211  
6352.494172  
6366.496063  
6372.165613  
6408.093657  
6286.877844  
6390.598858  
6357.531684  
6383.06994  
6342.152266  
6317.044891  
6392.102206  
6371.260998  
6322.713526  
6358.335976  
6343.554587  
6373.680401  
6439.932888  
6348.11239  
6349.049518  
6364.773779  
6348.517795  
6395.788427  
6379.355407  
6400.817499  
6359.798603  
6370.732623  
6327.843409  
6395.796061  
6323.730058  
6361.485259  
6365.090634  
6366.364917  
6371.512943  
6402.01385  
6366.083008  
6351.226229  
6321.03263  
6345.875124  
6335.112343  
6339.690236  
6360.150902  
6319.092053  
6350.586162  
6351.571142  
6344.270841  
6302.197886  
6370.698126  
6393.904119  
6393.952396  
6382.454326  
6348.644671  
6329.7101  
6330.030537  
6369.087937  
6419.850981  
6387.058322  
6349.807129  
6313.198033  
6311.490552  
6377.08076  
6342.228283  
6316.410962  
6403.566662  
6399.362599  
6334.884099  
6377.915512  
6282.05795  
6357.308617  
6385.957419  
6317.512409  
6333.049921  
6307.951412  
6362.281196  
6346.397616  
6414.669689  
6284.091479  
6397.262796  
6394.823521  
6361.396477  
6353.412311  
6352.361289  
6326.83238  
6305.635626  
6339.918976  
6342.189453  
6317.095951  
6301.226105  
6343.010556  
6331.00789  
6319.999116  
6388.972982  
6340.043488  
6318.146376  
6325.860708  
6306.293054  
6327.646515  
6333.181827  
6342.817755  
6370.408567  
6389.44129  
6358.09213  
6396.68991  
6355.726392  
6356.835759  
6347.844161  
6351.976826  
6382.927083  
6372.607802  
6395.666333  
6388.519213  
6371.356035  
6369.274817  
6387.079055  
6287.363002  
6360.242172  
6322.795139  
6352.350648  
6308.415155  
6343.715441  
6333.197638  
6374.964681  
6381.38637  
6343.830551  
6375.472617  
6358.217146  
6395.831179  
6355.425642  
6404.817925  
6350.989428  
6399.392594  
6382.717138  
6370.476136  
6353.542721  
6379.787357  
6390.172015  
6390.643136  
6424.447769  
6338.850152  
6390.829295  
6331.247861  
6367.467293  
6366.988111  
6346.38737  
6402.82873  
6341.951094  
6379.106213  
6332.042806  
6341.921232  
6354.597873  
6322.491924  
6361.300107  
6315.903041  
6357.732864  
6360.686888  
6412.66142  
6334.041543  
6377.733553  
6349.216239  
6378.491908  
6383.35381  
6341.475849  
6382.86511  
6354.024941  
6333.855159  
6334.36773  
6329.548216  
6327.020291  
6306.225772  
6317.601384  
6330.017028  
6408.966704  
6345.030483  
6367.469773  
6323.891958  
6336.184198  
6349.504046  
6374.311058  
6358.09041  
6339.279475  
6338.808222  
6352.662799  
6356.031893  
6412.035668  
6368.391439  
6370.24759  
6282.450854  
6330.511308  
6339.270485  
6315.03249  
6275.390059  
6284.448761  
6329.755332  
6345.496675  
6340.919147  
6360.815856  
6339.563585  
6345.73088  
6281.951528  
6319.415365  
6396.182338  
6328.168953  
6397.466045  
6399.381355  
6381.664256  
6358.135727  
6363.286187  
6371.233902  
6381.495024  
6348.174898  
6334.181315  
6380.76592  
6285.075064  
6291.074963  
6264.811733  
6329.766617  
6340.346556  
6370.666031  
6343.609111  
6351.385486  
6340.718998  
6363.027693  
6339.188461  
6332.256673  
6333.133099  
6360.247745  
6361.285497  
6314.890796  
6349.894772  
6346.56984  
6330.965394  
6294.867505  
6281.89643  
6398.939686  
6358.268795  
6406.003426  
6369.954512  
6356.102942  
6388.569134  
6316.274275  
6385.155932  
6356.970959  
6362.791643  
6339.36904  
6412.067856  
6355.789411  
6373.733321  
6350.925626  
6343.833853  
6346.494869  
6347.989382  
6346.657157  
6367.740196  
6404.486344  
6326.586937  
6376.006286  
6342.442987  
6400.044852  
6371.529925  
6374.058454  
6363.263408  
6377.328629  
6336.130123  
6299.619288  
6355.55306  
6328.598005  
6427.834325  
6397.82487  
6396.691809  
6370.064492  
6357.016501  
6382.736592  
6332.363118  
6361.675053  
6311.843587  
6238.226702  
6395.694468  
6371.75241  
6353.080101  
6311.004286  
6307.292209  
6329.394113  
6359.501155  
6339.204799  
6356.780366  
6372.322304  
6327.170061  
6380.885029  
6393.410412  
6397.292945  
6339.440437  
6377.915574  
6344.708775  
6358.528328  
6357.7039  
6333.710178  
6327.286706  
6372.579722  
6386.285559  
6305.622063  
6350.446188  
6343.374938  
6323.037311  
6276.831977  
6319.756774  
6390.921146  
6376.539559  
6374.525422  
6339.545457  
6347.00665  
6335.696444  
6346.765881  
6343.332427  
6394.681943  
6430.723199  
6366.479267  
6363.593564  
6390.99759  
6376.971695  
6414.721726  
6322.138594  
6355.640315  
6343.255859  
6401.196615  
6366.316453  
6346.707233  
6305.87648  
6353.817608  
6381.228957  
6342.528491  
6310.014594  
6312.764726  
6360.998861  
6334.720711  
6380.609778  
6435.236514  
6373.340379  
6344.660451  
6366.861731  
6359.629759  
6347.604818  
6333.174789  
6329.14564  
6359.942236  
6330.151576  
6347.04841  
6350.829412  
6358.838332  
6401.68643  
6369.586372  
6389.524306  
6405.191011  
6385.296852  
6354.6752  
6419.407296  
6409.29572  
6338.070987  
6345.496125  
6344.65625  
6333.124047  
6310.983057  
6335.250558  
6324.875845  
6321.999264  
6320.081279  
6301.31915  
6347.210651  
6308.633487  
6286.671332  
6334.710286  
6353.950978  
6359.368226  
6374.550603  
6349.438112  
6308.237739  
6366.409087  
6378.003441  
6325.393702  
6383.634301  
6386.863452  
6363.997001  
6392.472346  
6419.378992  
6390.754612  
6378.621551  
6361.898337  
6412.979353  
6391.80075  
6372.980422  
6331.314104  
6387.008758  
6334.297348  
6368.094781  
6368.489715  
6327.607166  
6346.852082  
6346.222827  
6382.42248  
6370.622063  
6319.742156  
6340.659397  
6339.066608  
6371.639889  
6295.438601  
6366.95986  
6306.646019  
6321.749411  
6343.093882  
6382.360259  
6331.644182  
6348.685725  
6333.37524  
6363.431718  
6349.995241  
6383.295092  
6363.503054  
6317.177804  
6284.615575  
6296.757549  
6292.912257  
6329.610708  
6332.520043  
6298.66769  
6285.606135  
6348.17017  
6373.02815  
6408.136161  
6411.015082  
6427.334294  
6383.755007  
6372.255921  
6356.278003  
6321.079202  
6352.861964  
6305.983739  
6304.901716  
6334.194863  
6337.649778  
6316.275499  
6295.398112  
6330.383502  
6380.966355  
6320.104771  
6310.378674  
6304.694328  
6310.31543  
6278.936198  
6306.228384  
6341.87383  
6315.657893  
6344.258991  
6319.521151  
6299.861196  
6294.978795  
6341.12576  
6293.452373  
6322.759231  
6355.78187  
6380.889796  
6310.804858  
6302.675254  
6389.946436  
6393.205706  
6386.334992  
6318.822738  
6320.250969  
6304.712798  
6413.245195  
6457.679982  
6385.528227  
6442.861026  
6449.970974  
6374.835976  
6352.152367  
6378.807594  
6382.136223  
6351.441414  
6315.959876  
6313.936213  
6315.883099  
6355.525515  
6319.441205  
6347.91383  
6370.021112  
6364.04069  
6367.783924  
6367.710922  
6355.690569  
6347.995396  
6344.553773  
6346.051091  
6395.82766  
6399.768431  
6396.294069  
6394.318755  
6386.189577  
6388.344021  
6367.002488  
6402.604322  
6432.694584  
6422.42227  
6397.303044  
6375.838379  
6351.799216  
6345.147934  
6323.136409  
6301.455435  
6349.70538  
6364.106879  
6421.382278  
6375.195475  
6351.956434  
6350.625814  
6374.492397  
6351.185059  
6385.303424  
6356.807059  
6294.631789  
6342.832985  
6377.038675  
6357.294193  
6333.843184  
6313.368358  
6329.92272  
6343.552781  
6327.944065  
6357.934206  
6361.105756  
6346.224896  
6405.675595  
6338.39364  
6341.216929  
6364.325901  
6360.695956  
6375.326265  
6386.843277  
6401.448087  
6351.016454  
6366.030692  
6331.445785  
6396.608732  
6380.079512  
6384.607468  
6409.175975  
6399.169635  
6368.604198  
6373.400546  
6360.056726  
6353.334031  
6368.992715  
6356.698947  
6340.980267  
6352.083271  
6333.510541  
6375.079427  
6371.797642  
6313.540938  
6333.945483  
6309.318321  
6368.906862  
6308.477477  
6346.143012  
6327.026894  
6327.270206  
6323.334728  
6287.913427  
6334.389873  
6319.143369  
6321.780428  
6360.559811  
6335.54634  
6336.029801  
6341.958853  
6349.208837  
6362.620474  
6417.837658  
6383.120195  
6393.387641  
6359.970602  
6355.868459  
6352.010858  
6368.330342  
6307.541194  
6367.266795  
6375.159521  
6431.662233  
6384.166752  
6340.126256  
6323.32063  
6328.756363  
6401.468099  
6322.154591  
6335.057175  
6353.385316  
6348.323746  
6324.322188  
6361.023484  
6364.824498  
6349.126914  
6341.991157  
6336.076745  
6301.505914  
6299.932284  
6324.888323  
6404.515997  
6389.966781  
6322.583915  
6346.090394  
6393.95204  
6349.236956  
6394.317104  
6373.698862  
6368.905188  
6342.531599  
6369.968618  
6417.955256  
6366.322312  
6377.393431  
6346.964038  
6332.162745  
6302.527499  
6301.722711  
6299.876558  
6334.798355  
6387.228833  
6334.215673  
6332.856089  
6377.514059  
6369.162396  
6311.958008  
6314.380534  
6328.40446  
6294.646174  
6326.150739  
6280.323002  
6330.426347  
6304.907684  
6325.472044  
6320.745861  
6320.839115  
6286.94012  
6311.962333  
6375.36256  
6292.433268  
6319.824195  
6356.305889  
6347.016423  
6276.040992  
6334.795867  
6326.4273  
6242.396523  
6270.957636  
6359.054408  
6397.171557  
6382.855004  
6401.509285  
6415.398794  
6382.259781  
6421.907382  
6368.97309  
6424.519159  
6439.008316  
6408.925874  
6385.915806  
6354.336286  
6380.366552  
6339.366002  
6408.670379  
6378.670689  
6404.474261  
6386.158234  
6360.122055  
6397.021461  
6373.571157  
6361.473734  
6344.925487  
6343.509541  
6380.452102  
6394.806935  
6347.935562  
6358.162691  
6385.88313  
6407.843037  
6395.333341  
6373.255131  
6345.322281  
6367.088542  
6388.430339  
6403.044968  
6369.689112  
6346.633123  
6360.437298  
6347.516082  
6330.566026  
6367.897174  
6350.395492  
6341.834031  
6385.701807  
6407.027499  
6412.369714  
6446.350322  
6362.280715  
6344.159404  
6330.744311  
6369.67582  
6321.512238  
6310.191367  
6396.916465  
6353.48429  
6367.817491  
6320.51571  
6329.919852  
6319.562717  
6287.769648  
6325.943871  
6327.532622  
6328.199893  
6383.460054  
6367.677944  
6375.63713  
6421.809919  
6376.610569  
6314.114498  
6378.596385  
6369.16183  
6372.213456  
6318.049797  
6305.613002  
6333.6731  
6403.719378  
6347.335511  
6336.994985  
6343.138718  
6363.895802  
6374.558671  
6389.540124  
6341.10598  
6370.344347  
6417.885021  
6379.35233  
6385.305548  
6333.371148  
6384.435609  
6377.40904  
6380.652693  
6330.440809  
6299.194173  
6299.53139  
6292.253449  
6352.708829  
6321.33438  
6292.903127  
6277.696824  
6327.93533  
6352.690003  
6355.246954  
6348.191065  
6322.320312  
6350.049626  
6304.070716  
6336.631627  
6393.137393  
6389.500674  
6352.224803  
6353.400065  
6378.774887  
6401.912373  
6379.68233  
6331.267733  
6311.432733  
6282.923572  
6361.596827  
6334.407165  
6396.10102  
6355.980445  
6364.597524  
6333.370946  
6330.801696  
6330.375318  
6362.476376  
6360.596997  
6334.167046  
6365.645113  
6353.675611  
6368.133037  
6387.637354  
6359.670348  
6322.071754  
6338.298735  
6328.557516  
6324.437035  
6382.124527  
6351.343037  
6398.298913  
6300.094347  
6317.744102  
6297.680889  
6293.756712  
6372.39426  
6368.941933  
6363.46889  
6380.915272  
6370.789621  
6376.929912  
6294.689941  
6355.314306  
6345.203846  
6323.473036  
6304.200691  
6336.578776  
6360.616567  
6385.91469  
6453.65732  
6414.561399  
6381.226291  
6350.324661  
6353.126093  
6319.780808  
6348.014083  
6415.001573  
6407.265168  
6406.31119  
6344.229438  
6349.955473  
6357.998543  
6347.41748  
6356.140951  
6288.308834  
6358.93774  
6290.681315  
6294.326141  
6381.886223  
6307.262664  
6330.650801  
6331.775453  
6325.212658  
6340.186384  
6365.928199  
6420.429091  
6387.70876  
6341.901638  
6332.008991  
6336.23756  
6385.2735  
6329.025507  
6293.845153  
6350.470889  
6348.227663  
6343.847959  
6337.370404  
6293.231686  
6381.616141  
6412.492668  
6371.150127  
6373.47278  
6347.455915  
6329.358515  
6335.986313  
6291.258402  
6337.836155  
6319.916357  
6340.867397  
6311.271461  
6343.363118  
6397.343517  
6380.278026  
6307.226725  
6364.349191  
6373.758006  
6362.70149  
6401.321196  
6407.721757  
6390.649786  
6334.083047  
6376.82766  
6364.370629  
6346.138106  
6379.050611  
6408.399445  
6450.312167  
6401.003992  
6347.49428  
6405.433803  
6351.233794  
6379.603159  
6377.819313  
6356.469533  
6374.896562  
6348.884952  
6311.212441  
6353.331985  
6357.754976  
6381.364591  
6349.501194  
6375.648469  
6374.10712  
6350.432199  
6380.04083  
6321.300215  
6341.05964  
6296.820545  
6330.680029  
6363.336666  
6353.799975  
6288.879511  
6359.263129  
6362.86928  
6421.352322  
6341.755859  
6268.546619  
6272.738483  
6394.385556  
6406.920852  
6349.859786  
6333.939786  
6369.804261  
6298.21  
6311.661815  
6351.950025  
6375.768423  
6375.783265  
6350.116102  
6273.252782  
6388.118575  
6436.778258  
6371.81436  
6339.197072  
6365.3893  
6351.989343  
6355.688794  
6439.220308  
6391.812298  
6371.036582  
6328.572428  
6342.642625  
6348.462526  
6305.410304  
6244.809307  
6352.80237  
6363.274019  
6343.665698  
6346.823521  
6309.57783  
6311.542031  
6306.085317  
6298.585806  
6315.477175  
6300.80685  
6293.108205  
6373.906428  
6384.599175  
6420.622187  
6424.681563  
6379.333961  
6361.428246  
6319.079342  
6394.908133  
6372.243435  
6353.765989  
6339.795697  
6423.380449  
6389.974741  
6362.381557  
6341.692794  
6321.553254  
6344.343665  
6337.26826  
6343.910745  
6388.449234  
6365.283428  
6389.64705  
6383.440732  
6376.40997  
6321.223586  
6302.929672  
6344.448172  
6289.280196  
6308.114855  
6350.31388  
6382.19918  
6367.481329  
6390.380929  
6380.935903  
6379.29107  
6368.808431  
6339.704133  
6310.352934  
6319.183966  
6281.09127  
6316.156669  
6379.809136  
6367.87338  
6393.892632  
6409.913156  
6379.425153  
6389.328807  
6369.044852  
6293.430346  
6246.876705  
6336.87941  
6345.643051  
6425.123636  
6369.369706  
6321.327296  
6299.179928  
6332.362227  
6341.959186  
6357.720207  
6389.5246  
6372.747628  
6376.422906  
6391.622295  
6355.333721  
6349.012843  
6275.686415  
6348.417178  
6361.564228  
6318.250333  
6303.518702  
6284.967859  
6329.780289  
6330.157273  
6378.433524  
6353.62331  
6438.122295  
6477.245133  
6377.059059  
6375.544333  
6383.39185  
6409.347431  
6395.425874  
6383.147546  
6347.806036  
6327.405188  
6325.156289  
6332.028444  
6332.713348  
6350.546162  
6332.891664  
6389.295139  
6398.906746  
6390.21975  
6402.842355  
6360.235917  
6326.087209  
6355.352834  
6354.761602  
6396.478523  
6372.972362  
6369.205582  
6396.716185  
6371.431439  
6361.796828  
6346.118629  
6384.402507  
6328.875047  
6347.466022  
6384.348447  
6362.661923  
6383.08162  
6330.849555  
6323.050556  
6282.135494  
6293.692476  
6286.896608  
6361.682865  
6402.306687  
6337.077164  
6258.251225  
6356.347013  
6377.261734  
6371.742164  
6363.962891  
6344.502147  
6357.113994  
6332.826094  
6288.487584  
6331.770345  
6339.697273  
6360.158033  
6338.121853  
6337.472021  
6323.253891  
6311.352539  
6429.389338  
6389.539985  
6353.37948  
6388.794077  
6398.962162  
6392.690778  
6376.232337  
6357.404855  
6351.646221  
6362.863723  
6371.893888  
6310.545224  
6358.442088  
6377.060384  
6387.215193  
6353.100183  
6329.565561  
6373.967448  
6360.232732  
6397.620815  
6405.670061  
6356.698537  
6320.900112  
6331.914078  
6272.005387  
6293.792697  
6309.30609  
6339.914497  
6364.430664  
6367.317352  
6384.246791  
6360.850377  
6344.416721  
6355.635905  
6277.24056  
6360.88637  
6327.771105  
6364.774763  
6402.787985  
6401.587635  
6314.34754  
6356.275856  
6281.50982  
6289.840658  
6270.282374  
6347.602136  
6382.428168  
6339.088565  
6351.843564  
6416.368955  
6325.445925  
6467.210666  
6451.036939  
6430.665194  
6375.568235  
6389.143446  
6411.722207  
6442.725315  
6387.575157  
6383.974935  
6353.177711  
6441.147081  
6365.182137  
6353.360693  
6351.502085  
6346.487723  
6293.746133  
6234.217828  
6274.844231  
6215.375496  
6193.397492  
6268.847222  
6257.191879  
6299.23963  
6310.464883  
6354.478237  
6353.500705  
6368.495636  
6306.088883  
6353.972408  
6379.629325  
6313.328613  
6323.198947  
6282.019841  
6423.600702  
6383.638362  
6383.064569  
6338.485662  
6377.466921  
6299.216371  
6269.633549  
6273.045472  
6323.729911  
6260.577621  
6309.152646  
6355.281568  
6417.658281  
6404.557214  
6346.749256  
6380.434857  
6378.851555  
6361.976159  
6392.017446  
6329.067499  
6331.247342  
6299.009347  
6256.370435  
6309.001077  
6401.786296  
6406.603082  
6293.89412  
6439.057524  
6401.459674  
6371.643702  
6318.70721  
6330.485483  
6339.132626  
6363.398763  
6346.672139  
6288.805315  
6329.533676  
6297.648546  
6336.48987  
6323.486189  
6287.038334  
6322.318623  
6351.970804  
6374.366986  
6359.852609  
6362.488568  
6392.358011  
6348.635758  
6384.276731  
6406.773887  
6475.662629  
6463.668232  
6428.630658  
6396.532413  
6416.640478  
6374.331303  
6343.645144  
6323.625713  
6390.410769  
6367.629371  
6336.060051  
6386.503743  
6377.827079  
6365.444785  
6391.741141  
6382.959628  
6367.907079  
6360.114607  
6346.155444  
6322.066119  
6407.136316  
6329.443646  
6364.515276  
6421.305517  
6435.487785  
6333.085317  
6347.549944  
6372.242149  
6523.645562  
6445.508402  
6418.720812  
6430.021655  
6356.418659  
6358.268508  
6316.901367  
6307.561508  
6354.391997  
6319.991296  
6305.953016  
6268.161877  
6324.270996  
6362.116637  
6334.622016  
6379.164853  
6341.476632  
6369.33896  
6360.771019  
6436.602338  
6422.903731  
6392.298076  
6391.595982  
6386.154002  
6391.700823  
6365.961441  
6368.036203  
6418.181129  
6366.489413  
6343.093161  
6389.637029  
6354.577226  
6491.898802  
6424.296487  
6379.816476  
6350.259107  
6413.568476  
6391.136548  
6309.039574  
6351.460844  
6328.759928  
6294.12545  
6290.375124  
6384.113894  
6307.179145  
6315.067918  
6337.018919  
6263.668837  
6337.597796  
6418.054532  
6346.805362  
6379.804091  
6295.881611  
6401.528034  
6436.807919  
6421.115366  
6392.691143  
6291.272546  
6356.888525  
6276.34816  
6283.430594  
6255.943274  
6244.030576  
6283.098245  
6253.47223  
6240.455047  
6393.478616  
6410.438174  
6348.670077  
6378.741412  
6366.343835  
6312.949327  
6366.038938  
6297.37431  
6277.84554  
6281.039597  
6344.088565  
6328.854128  
6329.839611  
6420.773562  
6378.155979  
6379.125202  
6375.553091  
6342.636401  
6403.208729  
6393.412458  
6376.830845  
6351.850074  
6368.217634  
6372.313709  
6368.590518  
6315.729236  
6349.036086  
6321.613568  
6381.403359  
6424.255394  
6447.223974  
6367.344982  
6364.673177  
6363.971439  
6336.783381  
6364.591169  
6315.950707  
6308.160482  
6319.756968  
6334.543744  
6366.441259  
6407.594548  
6420.696491  
6354.774809  
6347.092425  
6326.993466  
6355.851687  
6323.462844  
6353.147104  
6325.130464  
6300.964355  
6370.173324  
6382.681362  
6363.103407  
6348.844192  
6324.50479  
6391.521151  
6314.381565  
6363.234259  
6365.462201  
6376.151065  
6389.96327  
6411.960782  
6392.242893  
6389.616459  
6310.070801  
6257.45459  
6320.819514  
6322.897368  
6367.620326  
6325.334139  
6403.983949  
6314.191608  
6373.442267  
6406.575312  
6354.200257  
6344.458822  
6315.563477  
6372.410319  
6361.194018  
6332.778305  
6290.757006  
6285.094099  
6336.994784  
6401.074133  
6367.74249  
6366.31164  
6313.090844  
6305.777227  
6290.100222  
6370.388494  
6437.290969  
6401.207961  
6397.37607  
6321.211023  
6330.487467  
6305.332264  
6362.787822  
6389.563159  
6439.384378  
6379.105779  
6330.795991  
6328.814306  
6342.055207  
6392.938043  
6386.745528  
6363.224547  
6364.148298  
6328.994613  
6363.127038  
6380.990568  
6330.162125  
6359.81615  
6389.718797  
6357.825715  
6328.403274  
6365.330915  
6343.509308  
6351.157878  
6390.58362  
6390.329908  
6354.335961  
6330.983034  
6406.67799  
6441.571529  
6427.495636  
6347.983127  
6349.053238  
6345.916233  
6340.075536  
6317.783831  
6298.482453  
6333.830721  
6301.964007  
6302.719936  
6289.608282  
6354.722199  
6279.886199  
6315.449351  
6302.910645  
6326.599315  
6287.739266  
6349.002782  
6334.529715  
6340.266873  
6289.729376  
6362.299053  
6348.491932  
6425.467153  
6408.632208  
6384.729601  
6357.593448  
6396.264517  
6373.384905  
6397.464735  
6378.200118  
6386.288962  
6373.558888  
6354.648755  
6321.502  
6362.584806  
6370.149833  
6336.678075  
