10036.73067  
9934.789757  
9870.972414  
9878.245676  
9836.029963  
9780.540123  
9791.138929  
9842.504715  
9893.065882  
9924.848038  
9913.521373  
9974.890657  
9924.554168  
9913.164396  
9872.239622  
9892.141084  
9902.967015  
9853.20474  
9854.663724  
9866.414968  
9885.070158  
9895.259548  
9880.975015  
9907.722537  
9916.621  
9871.64982  
9852.141734  
9873.773141  
9906.033909  
9957.75544  
9935.142013  
9930.649939  
9871.599379  
9861.90373  
9950.096562  
9924.692667  
9875.735957  
9834.285175  
9864.517557  
9845.898195  
9853.364349  
9788.305305  
9862.902932  
9857.153114  
9917.301005  
9906.084823  
9916.403897  
9883.456015  
9931.254775  
9952.218724  
9959.942392  
9931.851932  
9898.711539  
9910.089529  
9911.179179  
9876.003569  
9886.280793  
9897.348263  
9914.17855  
9878.278207  
9846.993638  
9839.190313  
9856.03264  
9900.496366  
9872.387711  
9882.435792  
9882.8175  
9874.927672  
9897.128644  
9860.126447  
9866.390819  
9844.150373  
9845.34949  
9842.300491  
9858.065655  
9904.653186  
9924.305416  
9918.586002  
9907.057059  
9900.825762  
9918.494341  
9875.081564  
9954.51648  
9980.355472  
10019.6136  
9974.78802  
9947.825594  
9918.397356  
9955.513223  
9973.880516  
9955.944934  
9894.43504  
9880.421461  
9855.162044  
9926.492058  
9896.577523  
9892.785418  
9889.705698  
9885.375218  
9931.189058  
9912.799515  
9943.061986  
9899.613687  
9901.000966  
9896.324068  
9882.315277  
9901.592031  
9881.863898  
9871.963183  
9872.356143  
9897.223392  
9896.942687  
9888.463514  
9909.34065  
9912.111328  
9859.91565  
9849.754733  
9862.272321  
9862.395989  
9867.933819  
9912.561454  
9870.130752  
9824.224745  
9891.59936  
9878.296139  
9910.712031  
9882.651816  
9890.080224  
9882.217322  
9938.007673  
9936.223329  
9923.395974  
9858.052246  
9876.410343  
9898.997045  
9875.426074  
9901.551791  
9859.748943  
9891.402942  
9865.804638  
9867.147853  
9856.135572  
9894.233006  
9870.849365  
9916.80656  
9879.69768  
9872.388605  
9834.852565  
9893.910599  
9858.702335  
9868.626638  
9837.996513  
9835.924953  
9872.469312  
9857.747445  
9924.602827  
9926.920619  
9906.817385  
9924.162306  
9861.927819  
9868.799746  
9867.623826  
9922.479694  
9961.856225  
9904.095426  
9891.112828  
9863.828834  
9916.733245  
9885.894358  
9925.968633  
9925.688481  
9928.732868  
9967.390475  
9946.266675  
9960.474232  
9915.334658  
9874.35578  
9857.573414  
9857.63187  
9901.404822  
9876.163215  
9931.522831  
9908.521858  
9914.928586  
9890.352942  
9938.348972  
9868.929951  
9831.293788  
9782.056408  
9826.129418  
9861.254785  
9909.933063  
9912.17557  
9912.753572  
9860.941889  
9870.559984  
9822.407673  
9834.360945  
9787.979967  
9866.685707  
9861.037393  
9906.997539  
9844.891509  
9891.772595  
9901.931912  
9897.857574  
9825.050124  
9799.432809  
9893.766731  
9972.452089  
9880.968926  
9839.327259  
9825.030919  
9861.731578  
9906.554189  
9868.942594  
9934.711645  
9910.074406  
9868.008538  
9833.138653  
9864.469431  
9911.861357  
9873.781536  
9877.106559  
9885.063549  
9911.209407  
9881.03766  
9952.740896  
9885.759674  
9860.470914  
9822.810122  
9853.18207  
9848.778881  
9881.325983  
9957.499694  
9915.267323  
9927.891842  
9814.831567  
9828.616483  
9829.39725  
9855.980595  
9892.197853  
9927.158528  
9955.413981  
9929.011177  
9918.461792  
9883.862021  
9928.809843  
9926.796801  
9958.894456  
9888.244603  
9921.597813  
9981.384074  
9921.739266  
9894.8973  
9860.788365  
9899.503143  
9851.985981  
9853.723351  
9855.393393  
9817.86796  
9848.925376  
9813.932523  
9858.235805  
9906.805785  
9853.182402  
9886.545748  
9870.844583  
9905.74297  
9862.619402  
9877.845629  
9886.870327  
9908.787714  
9927.803788  
9852.563034  
9897.144631  
9963.474105  
9905.321332  
9947.25339  
9890.890673  
9940.595815  
9895.063403  
9965.257941  
9929.208654  
9912.231989  
9866.03612  
9877.119455  
9885.170469  
9839.982252  
9891.274151  
9871.805351  
9919.993767  
9937.731547  
9977.415454  
10027.94762  
9963.161817  
9974.867933  
9954.96081  
9917.85306  
9873.739166  
9874.831867  
9843.708671  
9904.214516  
9964.698936  
9964.040754  
9951.829953  
9929.572199  
9885.292811  
9882.660158  
9815.758342  
9821.921902  
9848.644084  
9818.429941  
9833.14153  
9833.961656  
9920.138037  
9897.495093  
9841.652986  
9815.752627  
9835.534337  
9934.848714  
9889.522992  
9928.890195  
9892.932711  
9936.66522  
9909.063101  
9907.538065  
9904.788422  
9909.637515  
9847.457176  
9877.666653  
9821.54559  
9867.572018  
9814.645027  
9885.667335  
9846.964078  
9890.190946  
9857.958139  
9839.466739  
9813.619562  
9794.45267  
9858.064177  
9916.624036  
9858.244445  
9899.551929  
9871.244106  
9877.537406  
9864.474548  
9879.49571  
9889.652179  
9890.699046  
9879.117115  
9898.786101  
9842.742005  
9883.523274  
9865.649525  
9855.388681  
9869.910289  
9882.823624  
9917.001629  
9960.954147  
9971.57763  
9942.122446  
9937.046452  
9897.340066  
9944.158535  
9901.54914  
9883.807989  
9833.845107  
9867.054519  
9905.886583  
9845.940338  
9858.464064  
9894.23564  
9927.946569  
9870.036073  
9891.386126  
9862.187382  
9907.974021  
9892.973586  
9873.576185  
9851.33067  
9941.859501  
9953.858182  
9963.374048  
9921.736202  
9944.428539  
9917.72838  
9859.950735  
9817.893827  
9841.378868  
9889.510442  
9866.658879  
9850.206354  
9781.924978  
9746.231996  
9891.26609  
9896.910168  
9868.079463  
9890.497502  
9849.715222  
9811.628772  
9931.32353  
9951.437142  
9871.450053  
9912.202534  
9884.153234  
9926.647148  
9905.922532  
9903.889021  
9919.285342  
9837.193821  
9877.315307  
9899.477373  
9908.729076  
9893.095443  
9949.711509  
9896.526244  
9847.506695  
9839.288773  
9864.42637  
9847.666007  
9906.090013  
10018.3547  
9932.555619  
9870.04405  
9835.66217  
9858.466683  
9876.314342  
9927.158369  
9948.196739  
9920.436715  
9885.686116  
9922.510947  
9881.869298  
9879.498329  
9890.431412  
9879.648557  
9875.073605  
9839.839364  
9846.130813  
9888.471296  
9876.35776  
9971.281617  
9943.884733  
9956.507392  
9931.973279  
9907.123132  
9930.83301  
9918.879922  
9914.625019  
9898.82954  
9960.939961  
9897.00151  
9964.309134  
9966.4609  
9887.934045  
9830.423202  
9821.403713  
9889.638626  
9908.60076  
9939.794926  
9927.387484  
9933.442643  
9934.128371  
9946.258882  
9867.617779  
9847.205547  
9868.050499  
9836.209349  
9864.512873  
9865.321754  
9894.813884  
9907.116704  
9910.391488  
9947.759515  
9894.639975  
9844.870517  
9853.279633  
9867.801189  
9868.556622  
9918.466616  
9855.205178  
9846.665601  
9836.510177  
9827.316244  
9856.375867  
9886.639973  
9843.432631  
9913.62497  
9905.944469  
9883.214923  
9877.816367  
9841.357667  
9850.370822  
9843.095838  
9899.326568  
9898.948403  
9900.956069  
9844.460093  
9871.407916  
9812.121726  
9850.819511  
9882.085863  
9832.795053  
9825.434216  
9898.324244  
9961.509116  
9974.860469  
9984.268489  
9934.32497  
9993.024813  
9985.952005  
9995.100183  
9937.625103  
9878.996356  
9858.461664  
9890.565226  
9883.874423  
9895.649245  
9835.848442  
9850.662965  
9835.035255  
9896.688159  
9934.632918  
9887.251143  
9884.730321  
9885.330887  
9921.94286  
9916.983639  
9962.986422  
9884.803658  
9871.381042  
9903.776974  
9876.185978  
9880.458797  
9939.531947  
9950.533006  
9928.56037  
9912.303833  
9988.875436  
9958.998318  
9931.063039  
9928.073694  
9908.792201  
9949.01608  
9904.083935  
9920.534326  
9881.208102  
9891.998722  
9774.204607  
9775.100188  
9777.148542  
9787.618903  
9765.014959  
9811.901895  
9843.539128  
9844.090648  
9858.398807  
9914.597488  
9924.258916  
9986.000854  
9937.407249  
9914.408677  
9863.260288  
9875.83946  
9903.003273  
9828.455067  
9866.596811  
9881.150428  
9841.211236  
9838.44887  
9841.078718  
9889.592386  
9874.702882  
9822.504125  
9871.441144  
9889.241411  
9888.550133  
9873.563271  
9906.541847  
9896.288371  
9917.874323  
9919.313927  
9928.580671  
9953.087008  
9915.652228  
9914.757673  
9843.567415  
9818.186397  
9794.188495  
9819.371657  
9840.106558  
9864.973008  
9873.966419  
9912.320238  
9941.290558  
9927.405252  
9858.942589  
9828.947813  
9798.790351  
9851.020099  
9875.007279  
9912.497496  
9985.504214  
9926.615406  
9965.254014  
9936.624258  
9938.135716  
9955.847112  
9906.3583  
9866.334405  
9878.282569  
9948.709888  
9894.459776  
9876.396701  
9876.380777  
9913.959704  
9895.437452  
9955.232099  
9912.912192  
9967.765443  
9971.602207  
9929.117009  
9903.923404  
9876.642983  
9904.977421  
9882.780129  
9879.427299  
9900.063538  
9852.135549  
9761.230166  
9757.658074  
9812.989866  
9809.420869  
9831.656861  
9816.369664  
9885.523194  
9888.653258  
9870.709201  
9906.291315  
9989.701736  
9940.188309  
9965.162995  
9926.20903  
9928.138484  
9963.654438  
9923.238657  
9851.096474  
9891.695008  
9932.613025  
9998.765521  
9987.819934  
9998.292951  
9960.675773  
9953.352431  
9949.937534  
9931.372124  
9901.213781  
9853.699308  
9850.341948  
9817.399056  
9901.700854  
9932.605701  
9914.400285  
9889.840818  
9854.975691  
9925.598952  
9900.585165  
9971.015553  
9909.953973  
9847.817168  
9751.642022  
9793.341067  
9809.819498  
9836.490328  
9848.456262  
9851.385083  
9764.632419  
9763.132957  
9838.170184  
9865.598115  
9839.54063  
9744.84906  
9830.542349  
9911.65486  
9917.240378  
9952.373403  
9977.713648  
9992.455865  
9953.701649  
9968.661492  
9922.487165  
9885.21832  
9873.949289  
9760.875335  
9786.177423  
9770.303861  
9840.702965  
9935.577229  
9919.551433  
9828.636783  
9813.490099  
9894.493718  
9907.018118  
9949.534869  
9990.283745  
9955.544976  
9973.01159  
9926.233178  
9913.046406  
9827.756494  
9799.625938  
9799.781195  
9851.807883  
9892.246229  
9892.577115  
9906.889419  
9902.816018  
9895.073064  
9932.631574  
9935.464739  
9938.324558  
9951.099418  
9952.510947  
10004.31449  
10043.27537  
9969.578588  
9910.708108  
9877.562241  
9854.569656  
9904.745932  
9867.657533  
9919.300791  
9850.421346  
9780.946596  
9771.905065  
9808.667239  
9810.273854  
9826.922331  
9875.571175  
9885.207525  
9922.949201  
9899.524975  
9852.960258  
9886.750976  
9855.625603  
9874.368289  
9859.056282  
9887.958363  
9875.797441  
9875.546813  
9885.128183  
9867.773574  
9856.248939  
9883.175749  
9859.605491  
9980.472221  
9958.148897  
9950.823278  
9947.399726  
9938.950199  
9932.58152  
9879.205474  
9868.939563  
9910.800669  
9851.855164  
9942.98273  
9930.806544  
9839.352719  
9838.3279  
9832.719343  
9852.879063  
9854.050165  
9928.061298  
9972.311133  
10008.21309  
9983.824595  
10005.61822  
9971.360181  
9856.506146  
9784.647275  
9793.978808  
9850.600612  
9886.095842  
9904.3027  
9890.310809  
9927.330509  
9894.033546  
9954.622506  
9937.700655  
9934.941443  
9937.921875  
9894.374223  
9915.95112  
9938.713638  
9935.208204  
9904.739097  
9833.9933  
9912.172301  
9927.300061  
9894.739226  
9903.100779  
9824.828918  
9890.091632  
9928.231789  
9906.316169  
9850.581939  
9846.799919  
9804.794651  
9824.324513  
9811.442775  
9821.798398  
9893.238724  
9841.605981  
9847.781312  
9860.830468  
9934.336693  
9924.045619  
10006.94201  
9983.560383  
9910.072211  
9832.543974  
9851.154258  
9895.507731  
9975.586467  
9940.846648  
9861.431485  
9938.439698  
9918.709948  
9900.5764  
9871.117151  
9856.02485  
9840.315201  
9760.886925  
9826.190616  
9827.976591  
9841.816353  
9830.307233  
9900.429318  
9847.811432  
9900.115526  
9911.951954  
9849.153618  
9860.984303  
9835.181358  
9890.7294  
9873.978571  
9863.121795  
9877.172183  
9832.752814  
9815.397914  
9838.075361  
9849.765623  
9813.775954  
9856.641219  
9892.7965  
9914.432811  
9879.190752  
9858.164353  
9900.32416  
9914.454522  
9972.353003  
9922.057072  
9977.935721  
10012.34635  
10022.65785  
9973.694893  
9908.60501  
9958.847963  
9948.515505  
9942.786386  
9862.949064  
9826.80784  
9838.955693  
9799.788174  
9819.867558  
9861.980524  
9841.607359  
9862.119006  
9922.6882  
9859.883552  
9885.49695  
9852.594355  
9885.075818  
9862.705969  
9894.128596  
9898.439688  
9928.38319  
9905.711802  
9874.804925  
9843.815775  
9921.353876  
9951.051507  
9909.326268  
9918.506042  
9891.526871  
9917.396233  
9900.075586  
9900.247964  
9933.7283  
9869.21313  
9874.86657  
9915.717945  
9939.787547  
9974.17778  
9903.853441  
9901.844455  
9825.201139  
9785.474474  
9808.95061  
9831.927932  
9896.250897  
9807.822768  
9760.002687  
9764.277  
9824.377455  
9860.993273  
9896.331049  
9942.283249  
9910.617637  
9995.357528  
10049.67108  
10083.95941  
10027.63885  
9980.293868  
9952.55744  
9944.238532  
9968.007602  
9927.538399  
9942.492067  
9952.60033  
9880.179015  
9888.591537  
9877.844822  
9850.662303  
9818.813868  
9844.214604  
9895.094312  
9906.732936  
9927.004492  
9886.856287  
9829.210109  
9760.40006  
9720.171053  
9786.950817  
9803.557253  
9807.801307  
9827.909748  
9884.495546  
9939.764188  
9921.392565  
9945.691054  
9943.11686  
9902.865219  
9842.645973  
9890.029345  
9942.062365  
9921.210061  
9877.181875  
9802.871648  
9857.219676  
9906.655544  
9892.535351  
9939.983059  
9915.013878  
10005.89092  
9987.795085  
9990.495239  
9876.600424  
9781.817073  
9758.538196  
9789.757201  
9833.627646  
9860.362088  
9867.250698  
9873.047352  
9940.313143  
9952.209973  
9952.442844  
9892.848083  
9810.157286  
9853.059108  
9907.75257  
9946.47691  
9947.040264  
9935.87476  
9916.243992  
9960.816759  
9962.135772  
9928.093748  
9909.795409  
9918.111635  
9975.967968  
9973.927607  
9915.439542  
9955.092279  
9969.088566  
10040.61663  
9979.820275  
9859.037836  
9783.128526  
9783.863071  
9837.331638  
9861.509855  
9838.590801  
9852.298428  
9843.630827  
9850.899807  
9862.299609  
9983.761592  
9993.960183  
9997.840584  
9892.621167  
9751.590896  
9774.398067  
9860.62448  
9839.442152  
9927.545039  
9869.148543  
9750.292423  
9667.2729  
9700.233457  
9783.086679  
9830.519385  
9868.971303  
9850.421136  
9891.812499  
9922.979036  
9945.075928  
9892.399021  
9901.008857  
9913.620196  
10022.38491  
9938.373605  
9877.743916  
9873.83019  
9833.396303  
9885.910975  
9862.263532  
9843.95283  
9848.966565  
9834.983006  
9829.741815  
9866.468662  
9891.941926  
9949.18669  
9970.976142  
9952.720034  
9978.682282  
9983.455265  
9950.361004  
9923.77638  
9956.881408  
9934.234529  
9853.720635  
9893.771968  
9903.944048  
9958.363995  
9919.831114  
9995.994159  
9969.740225  
9932.02152  
9935.248501  
9851.445514  
9876.486252  
9863.388328  
9806.303001  
9797.826116  
9851.874492  
9925.837518  
9954.852562  
9886.142911  
9905.346484  
9896.212435  
9950.515768  
9975.434895  
9955.304946  
9915.661111  
9907.444059  
9961.90122  
9912.450717  
9935.961908  
9932.411551  
9866.123981  
9847.066261  
9832.473695  
9871.346375  
9871.256026  
9899.203269  
9832.37828  
9845.426032  
9866.790109  
9838.121664  
9851.971628  
9854.308087  
9821.459473  
9830.255447  
9790.579711  
9903.051514  
9875.556257  
9923.456375  
9910.531247  
9881.73647  
9919.945318  
9916.598758  
9954.362529  
9966.151215  
9953.026198  
9997.047747  
10004.77757  
9946.278194  
9884.573644  
9864.908876  
9891.254679  
9956.761504  
9934.594117  
9857.57597  
9868.585606  
9960.593364  
9908.254436  
9913.288007  
9865.554031  
9928.19096  
9954.768086  
9879.052364  
9904.7754  
9898.039437  
9856.293447  
9869.046301  
9867.009096  
9875.571693  
9872.940868  
9828.505116  
9769.107992  
9794.043477  
9747.34006  
9791.561371  
9801.874455  
9762.113434  
9809.566243  
9788.547151  
9778.814868  
9838.36917  
9899.87286  
9902.093032  
9814.643264  
9835.982629  
9865.039615  
9853.989614  
9826.846384  
9803.917572  
9814.6369  
9855.299098  
9939.758985  
9937.070824  
9982.451158  
9937.300136  
10014.98752  
9965.46056  
9985.598617  
10030.707  
9990.042193  
9972.374212  
9957.43155  
9934.858339  
10005.38531  
9992.8161  
9969.057573  
9921.350807  
9879.275643  
9882.157653  
9977.483252  
9890.885753  
9877.467349  
9891.715594  
9935.757534  
9868.317863  
9892.847721  
9831.285505  
9812.913682  
9799.306343  
9890.133613  
9897.695116  
9933.995169  
9859.580978  
9844.30301  
9845.368615  
9877.419093  
9834.777216  
9881.678738  
9889.842125  
9910.422286  
9922.334127  
9943.271703  
9891.295573  
9874.128217  
9848.351493  
9847.104193  
9852.051925  
9880.884281  
9848.83812  
9833.793046  
9929.425395  
9975.046224  
10068.92708  
10013.66361  
9919.221127  
9823.879491  
9715.749252  
9763.905579  
9805.158811  
9877.142159  
9783.940986  
9751.763667  
9755.12628  
9814.692064  
9822.094376  
9773.474372  
9846.782675  
9863.449702  
9992.248328  
10043.86684  
10010.54087  
9993.319952  
9874.162346  
9844.513115  
9838.837399  
9940.158393  
9917.011795  
9912.760091  
9934.631107  
9938.813348  
9941.180752  
9935.556906  
9985.820211  
9908.142461  
9915.875176  
9935.600234  
9933.15489  
9984.785754  
9945.015643  
9941.00483  
9883.771396  
9898.955169  
9914.164453  
9936.524352  
9966.047343  
9940.670038  
9898.721826  
9892.99545  
9888.19316  
9914.915796  
9846.884673  
9805.197129  
9836.131821  
9856.714949  
9885.365701  
9829.463041  
9819.70777  
9925.084676  
9915.958354  
10010.1021  
9885.913199  
9802.149449  
9773.620278  
9778.482409  
9760.190557  
9791.609187  
9826.143001  
9942.023869  
9843.332868  
9897.541332  
9927.161994  
9934.644705  
9919.166529  
9884.048946  
9868.791836  
9872.169941  
9802.057126  
9815.061627  
9884.815142  
9890.41619  
9883.470399  
9916.918602  
9909.337734  
9907.719384  
9863.963863  
9961.703285  
9890.317885  
9827.905086  
9821.840379  
9833.161169  
9835.565442  
9880.332189  
9966.188806  
9880.158021  
9974.004459  
9943.961613  
9879.953163  
9881.817965  
9832.38198  
9804.275881  
9880.49954  
9918.289823  
9984.40037  
9985.685689  
9915.191321  
9863.964814  
9810.649523  
9857.607334  
9934.325773  
9989.710323  
9961.258304  
9996.844449  
9970.843258  
9943.687724  
9956.266518  
9975.18071  
9972.585553  
9930.239865  
9772.092534  
9768.520388  
9724.694062  
9672.7834  
9721.404536  
9740.310492  
9800.722802  
9881.627389  
9952.275373  
9950.472537  
9910.025069  
9841.017001  
9831.071207  
9827.624512  
9915.145329  
9936.933482  
9908.971038  
9923.095982  
9918.410125  
9998.878563  
9892.94209  
9883.32461  
9850.233983  
9896.747518  
9859.688487  
9929.023191  
9861.113694  
9871.540911  
9910.847136  
9947.376836  
9884.918005  
9914.720158  
9838.283581  
9925.903761  
9937.052266  
9927.906269  
9876.572966  
9799.480394  
9773.53019  
9832.047338  
9913.657351  
9918.07213  
9963.704915  
9935.15374  
9943.302663  
9908.506371  
9949.993828  
9868.734856  
9891.393251  
9960.125842  
9872.920458  
9830.814966  
9821.723677  
9925.912903  
9873.404517  
9824.085628  
9764.80981  
9767.475323  
9805.58598  
9869.002044  
9900.649519  
9840.000717  
9853.522111  
9838.446053  
9943.52017  
9844.564422  
9929.742418  
9865.102127  
9952.68615  
9843.925216  
9926.178408  
9893.220825  
9938.293419  
9918.43777  
9829.941498  
9855.159599  
9880.005019  
9887.054044  
9924.706056  
9769.443735  
9807.357251  
9829.610618  
9751.029624  
9787.331817  
9813.970255  
9874.886952  
9861.474644  
9888.904453  
9918.083446  
9975.434886  
9940.433313  
9951.406103  
9940.092365  
10023.58917  
10051.06912  
10033.22831  
9927.338334  
9766.582803  
9790.500227  
9884.233583  
9963.595201  
10012.34771  
9999.201577  
10030.17276  
10064.9524  
10104.54578  
10057.22865  
9996.719084  
10003.70573  
10008.93993  
9997.502529  
10016.65639  
10074.28375  
9998.067949  
9967.286453  
9917.790997  
9906.52284  
9885.107108  
9840.542935  
9865.358684  
9827.140561  
9906.7304  
9918.637349  
9923.952485  
9944.612696  
9972.813986  
9864.253004  
9815.373951  
9808.694039  
9788.988075  
9794.83521  
9767.972657  
9817.25199  
9909.705802  
9962.614087  
10011.28358  
9931.389742  
9909.467679  
9847.850221  
9901.288948  
9834.325325  
9782.251424  
9795.989545  
9910.844301  
9944.134557  
9923.760494  
9877.044885  
9889.631046  
9798.671345  
9786.654691  
9806.535537  
9773.625065  
9744.919865  
9730.504785  
9748.532722  
9805.851581  
9859.437154  
9895.757108  
9887.411859  
9873.779444  
9904.594925  
9994.625037  
10038.8642  
9927.104448  
9903.903228  
9878.530108  
9805.129099  
9783.336682  
9811.255936  
9824.773467  
9928.882682  
9945.517356  
9998.016742  
10007.22364  
9974.998926  
9959.807926  
9894.132806  
9979.545676  
9928.707453  
9943.887405  
9903.089136  
9880.012112  
9881.441075  
9994.007123  
9999.855383  
9858.059162  
9810.145125  
9891.657596  
9983.190858  
10088.67704  
9970.820818  
9895.606094  
9885.294443  
9817.615974  
9814.188938  
9680.270314  
9844.025148  
9944.498381  
9918.071394  
9925.547213  
9874.230079  
9776.740332  
9766.169654  
9773.770306  
9893.046915  
9891.069435  
9933.139895  
9879.093975  
9743.178185  
9735.810496  
9796.147345  
9830.614182  
9829.444125  
9901.970873  
9905.043431  
9914.523584  
9910.621148  
9919.511187  
9932.990471  
9857.55866  
9745.982177  
9760.819725  
9848.204411  
9817.319924  
9852.139043  
9841.074724  
9879.551277  
9858.115058  
9798.520775  
9857.487949  
9930.177474  
9980.780776  
9884.119582  
9878.675605  
9855.75039  
9843.068032  
9864.766146  
9916.547639  
9966.428265  
10001.1933  
9978.736459  
9933.558718  
9798.254529  
9809.535974  
9918.935861  
10015.10662  
10022.35789  
9965.046527  
9832.016876  
9774.179988  
9790.788745  
9811.244448  
9865.880713  
9822.866497  
9956.322853  
9938.195329  
9917.745407  
9965.001656  
10024.95367  
9996.484217  
9915.696483  
9954.151492  
9912.736098  
9824.983166  
9868.772078  
9921.822306  
9985.454329  
10001.27563  
10018.41811  
9915.830167  
9780.118595  
9869.982784  
9909.727579  
9985.720712  
10038.16546  
9939.905342  
9839.824066  
9799.041923  
9768.50937  
9775.267298  
9810.98366  
9875.064141  
9897.532783  
9901.592249  
9898.664432  
9894.306108  
9906.625073  
10003.53839  
9948.955491  
9912.326357  
9987.375529  
10043.56898  
10066.59852  
10074.58073  
9977.035788  
9846.468396  
9739.217335  
9748.967586  
9775.507899  
9741.489897  
9805.036879  
9827.608355  
9807.076798  
9760.872746  
9776.990699  
9836.640466  
9802.394271  
9727.59311  
9769.204913  
9826.066654  
9936.060903  
9984.619136  
10019.7253  
9974.996713  
9895.68991  
9842.340865  
9896.483716  
9818.073375  
9852.978257  
9858.913394  
9863.547585  
9851.946706  
9903.03575  
9894.086438  
9985.716413  
10007.62609  
10070.06598  
9955.820897  
9932.66731  
10009.09398  
9987.645955  
9982.820781  
9945.639983  
9888.471791  
9793.191579  
9817.714268  
9850.490275  
9871.805399  
9916.206548  
9837.206524  
9796.779131  
9799.276113  
9882.7175  
9871.103818  
9976.927064  
9949.09523  
9912.407952  
9891.320717  
9759.725833  
9874.265559  
9814.422334  
9825.298297  
9826.408623  
9868.812865  
9890.470144  
9977.141964  
10004.31641  
9984.630004  
9960.459941  
9873.603225  
9828.146602  
9845.632991  
9906.267758  
9911.741611  
9881.159979  
9864.602925  
9853.412639  
9909.810776  
