8635.703838  
8560.249847  
8525.944961  
8549.830353  
8581.122222  
8532.827279  
8564.757554  
8593.814386  
8616.527835  
8628.158064  
8604.19243  
8644.859466  
8593.613469  
8618.052753  
8605.80004  
8575.377556  
8555.843492  
8572.901867  
8567.197452  
8551.95156  
8564.148513  
8541.42832  
8538.604903  
8563.775408  
8563.745334  
8572.252672  
8576.099059  
8613.42022  
8602.680234  
8683.997534  
8620.023265  
8590.514453  
8510.736518  
8521.081936  
8589.933271  
8633.219135  
8594.597009  
8584.26138  
8562.350977  
8547.718937  
8534.216474  
8543.572861  
8590.709475  
8579.974182  
8622.638564  
8608.50897  
8566.356593  
8524.990501  
8585.311806  
8589.117554  
8612.159324  
8621.571956  
8618.116432  
8671.012839  
8698.737116  
8587.91847  
8547.642921  
8564.139504  
8596.014395  
8583.900417  
8543.369914  
8527.732036  
8593.140765  
8601.945766  
8577.432116  
8621.054129  
8628.898153  
8584.056661  
8568.41032  
8545.785071  
8516.935261  
8525.727178  
8533.111111  
8528.654439  
8557.554085  
8559.751629  
8582.677097  
8631.128887  
8619.743757  
8605.123575  
8587.517041  
8550.128305  
8611.814888  
8607.639098  
8672.408023  
8667.043999  
8649.487704  
8626.81857  
8656.692283  
8664.360751  
8622.084604  
8567.120336  
8527.305982  
8569.966431  
8662.943408  
8610.735932  
8586.77877  
8520.851678  
8512.475584  
8540.922321  
8527.033902  
8589.678082  
8597.988666  
8614.129909  
8591.427353  
8583.762359  
8600.65336  
8540.472146  
8551.048501  
8564.306563  
8588.949896  
8562.860841  
8573.330009  
8610.62273  
8622.399056  
8554.406105  
8552.284716  
8566.7856  
8603.946658  
8601.12738  
8615.406312  
8553.625841  
8519.130959  
8556.293758  
8558.984661  
8601.80199  
8567.640817  
8607.729501  
8636.709896  
8641.676711  
8625.195015  
8543.194688  
8453.480629  
8534.702135  
8550.87794  
8542.36397  
8572.219772  
8559.001332  
8591.200982  
8620.681977  
8598.269082  
8583.008542  
8593.296187  
8558.97926  
8602.287178  
8570.355976  
8535.27185  
8472.179253  
8583.603365  
8584.81527  
8594.604322  
8616.889159  
8609.929136  
8575.004255  
8541.16981  
8594.81884  
8617.606743  
8593.09023  
8662.767628  
8625.538764  
8590.038421  
8596.874763  
8615.727174  
8622.539597  
8520.162893  
8510.409159  
8485.41885  
8558.80503  
8538.292803  
8545.275101  
8585.258174  
8592.651742  
8625.741994  
8612.678898  
8613.115478  
8567.026121  
8533.678962  
8537.60721  
8584.684832  
8588.244175  
8546.996394  
8612.845008  
8621.304436  
8640.157308  
8580.281402  
8639.27566  
8589.350295  
8561.763164  
8544.739735  
8548.471654  
8560.264963  
8558.483117  
8583.335496  
8614.003668  
8567.315594  
8574.503452  
8528.954579  
8550.791127  
8515.389692  
8547.456912  
8551.224887  
8575.751659  
8566.778619  
8610.71729  
8576.002065  
8605.143871  
8514.385601  
8510.068491  
8593.205969  
8634.747964  
8565.723837  
8547.594105  
8532.728393  
8573.099197  
8598.278149  
8579.332092  
8680.716473  
8637.461864  
8577.871788  
8552.825948  
8550.908529  
8588.565381  
8543.005681  
8506.429191  
8524.00846  
8565.376511  
8569.380285  
8629.545399  
8603.791841  
8543.639825  
8510.791862  
8540.8645  
8596.085921  
8569.838961  
8619.721583  
8592.84802  
8620.686131  
8511.979819  
8517.875144  
8546.482969  
8557.601065  
8583.952246  
8587.0971  
8593.957355  
8585.085628  
8604.050235  
8583.386086  
8643.479297  
8641.492411  
8599.664695  
8564.834737  
8584.822654  
8632.425208  
8643.085221  
8627.280474  
8568.404208  
8563.866983  
8629.052864  
8547.620282  
8559.260987  
8545.43244  
8564.896049  
8585.725567  
8574.576492  
8624.622066  
8566.773505  
8584.020882  
8597.074996  
8600.141463  
8593.177813  
8583.848287  
8583.093181  
8626.810984  
8631.038456  
8562.971897  
8634.581235  
8645.97441  
8627.508731  
8608.232091  
8569.039389  
8575.216151  
8538.179602  
8553.691234  
8616.852978  
8637.175778  
8625.389367  
8590.989374  
8563.478512  
8514.395045  
8531.439498  
8531.497872  
8606.582302  
8607.57291  
8626.331516  
8663.785507  
8619.980645  
8656.430271  
8645.933403  
8605.279783  
8561.344813  
8529.026062  
8512.764477  
8552.011477  
8604.875303  
8571.901222  
8548.928082  
8570.320034  
8605.672113  
8633.98336  
8573.654283  
8522.453811  
8500.209833  
8493.054215  
8499.728717  
8520.953256  
8591.993014  
8579.813535  
8567.833388  
8550.862866  
8565.839329  
8606.95606  
8598.649763  
8626.082815  
8595.864861  
8625.026868  
8608.292107  
8580.849681  
8620.936778  
8599.005493  
8539.64213  
8577.854113  
8555.655254  
8554.041799  
8513.122186  
8625.408439  
8544.487693  
8528.039154  
8516.114442  
8568.859177  
8595.731852  
8577.544397  
8595.354852  
8621.220225  
8597.486319  
8612.917926  
8573.126178  
8587.041139  
8550.957454  
8522.351881  
8545.517217  
8548.611184  
8557.099861  
8607.892405  
8584.186936  
8561.990598  
8551.631947  
8491.721701  
8492.351341  
8514.611912  
8547.17893  
8587.935935  
8608.191899  
8572.426374  
8584.572726  
8571.753378  
8596.524164  
8540.566219  
8561.840009  
8533.322139  
8579.674549  
8653.477346  
8607.167981  
8596.632251  
8594.96704  
8615.923725  
8528.500589  
8542.713833  
8534.64163  
8546.947447  
8597.866184  
8534.659605  
8555.480268  
8633.582969  
8660.2979  
8687.737511  
8622.775112  
8658.982998  
8635.68592  
8551.3195  
8524.153474  
8533.589688  
8614.503953  
8596.999025  
8570.450343  
8526.33081  
8475.408305  
8607.530887  
8654.945622  
8621.363752  
8618.181058  
8550.65158  
8525.088281  
8633.155542  
8734.773041  
8642.584561  
8613.663305  
8549.30659  
8553.886046  
8547.881522  
8526.658984  
8550.225011  
8506.334096  
8559.865482  
8602.5493  
8670.580242  
8623.827594  
8599.846057  
8581.579255  
8584.330483  
8595.139315  
8616.122522  
8603.755845  
8657.838072  
8708.29317  
8715.645007  
8632.446186  
8582.228744  
8607.603505  
8585.242166  
8613.432619  
8662.215657  
8601.649262  
8563.67371  
8558.763567  
8521.080839  
8519.02462  
8565.379751  
8558.702332  
8551.637773  
8568.893572  
8577.012112  
8593.74137  
8578.825831  
8619.032367  
8656.17873  
8683.195908  
8634.925219  
8571.572142  
8604.763248  
8582.971353  
8604.078823  
8598.954127  
8614.166005  
8559.800945  
8564.23727  
8597.561333  
8577.397293  
8582.142089  
8558.778345  
8617.101028  
8565.718036  
8548.431186  
8553.715931  
8542.551497  
8573.41774  
8531.73651  
8562.413226  
8585.224838  
8589.554273  
8540.635596  
8541.635663  
8515.146249  
8525.61461  
8564.167134  
8573.884223  
8617.330971  
8643.885495  
8613.98426  
8570.105102  
8538.236181  
8531.966496  
8569.714863  
8514.259136  
8493.069602  
8532.83002  
8552.754385  
8563.683148  
8592.952474  
8550.166294  
8550.222734  
8556.055679  
8493.328863  
8546.791311  
8550.124092  
8583.514758  
8581.133383  
8644.621651  
8610.221386  
8578.615985  
8594.115803  
8539.109734  
8500.806935  
8488.851828  
8565.456979  
8574.108184  
8568.211701  
8601.060772  
8668.884961  
8654.730545  
8620.105731  
8584.926014  
8617.556864  
8603.574047  
8606.397711  
8577.986427  
8565.371073  
8590.455095  
8656.685191  
8677.197122  
8668.614044  
8573.817855  
8534.330659  
8524.070602  
8562.224117  
8618.660509  
8617.439656  
8677.215276  
8622.510481  
8606.966122  
8572.042053  
8601.452697  
8593.513327  
8600.93441  
8616.252977  
8552.388512  
8552.004964  
8613.807668  
8605.75986  
8569.773954  
8525.717282  
8560.10053  
8610.193805  
8583.202423  
8565.550474  
8543.558595  
8568.980577  
8596.129343  
8638.403461  
8566.797764  
8568.624192  
8484.395167  
8497.888209  
8474.463828  
8479.34352  
8477.793005  
8511.802282  
8563.50418  
8584.964388  
8592.975272  
8580.264408  
8607.525211  
8664.78632  
8656.96181  
8652.232969  
8627.973651  
8648.454298  
8651.249726  
8570.183218  
8611.678168  
8596.10147  
8491.955887  
8520.832102  
8501.458581  
8501.152048  
8522.86524  
8525.541737  
8565.950708  
8591.302424  
8609.925418  
8588.59253  
8629.446751  
8617.793058  
8609.012803  
8630.692226  
8611.225177  
8628.301769  
8609.792838  
8627.036796  
8595.299602  
8562.90055  
8586.266329  
8547.077466  
8550.906431  
8610.36087  
8564.530175  
8598.061772  
8659.286327  
8696.743839  
8610.805954  
8516.822295  
8512.071321  
8530.666929  
8548.841315  
8542.048657  
8605.079822  
8564.67152  
8615.971388  
8623.565327  
8655.384539  
8640.310982  
8533.446164  
8503.597815  
8527.386049  
8607.815646  
8567.715504  
8563.298388  
8585.071138  
8594.171005  
8640.197675  
8623.850093  
8595.268515  
8585.196595  
8602.224177  
8578.888173  
8564.818126  
8572.099864  
8604.640451  
8544.738618  
8560.69533  
8598.153884  
8586.56562  
8532.650296  
8546.772242  
8523.836292  
8519.379515  
8558.044997  
8587.091313  
8633.191698  
8629.439872  
8617.551135  
8621.305424  
8701.698313  
8636.155067  
8590.056892  
8583.070746  
8579.503279  
8663.235626  
8653.967052  
8646.639313  
8595.897126  
8609.132046  
8585.497773  
8543.210985  
8540.46055  
8536.898924  
8559.877698  
8585.152615  
8508.918223  
8531.639225  
8526.638367  
8573.956871  
8530.436946  
8582.849613  
8628.508325  
8596.779971  
8579.270899  
8545.811782  
8594.982886  
8603.845992  
8683.129989  
8664.419314  
8603.867638  
8473.388648  
8456.912705  
8517.164394  
8580.13861  
8619.625796  
8651.588017  
8610.30985  
8561.566382  
8583.563129  
8552.677896  
8557.763303  
8504.219907  
8562.059526  
8595.162441  
8600.274039  
8584.896397  
8645.212651  
8671.353268  
8637.941032  
8668.143985  
8616.648898  
8638.139187  
8656.731379  
8475.597706  
8451.928215  
8450.802788  
8501.12716  
8579.83792  
8584.193453  
8517.215068  
8456.931567  
8517.140132  
8562.169955  
8626.328391  
8662.606135  
8603.586614  
8602.947716  
8580.298751  
8600.915457  
8552.575287  
8574.658685  
8567.82373  
8623.979512  
8655.790135  
8618.734029  
8599.417331  
8558.877979  
8559.702397  
8611.727545  
8642.200309  
8619.904731  
8608.137889  
8599.594577  
8650.268459  
8700.471324  
8623.701198  
8530.170134  
8580.031899  
8568.647034  
8640.485958  
8544.368974  
8587.754051  
8548.458365  
8512.281505  
8525.365862  
8519.854489  
8495.105979  
8490.816478  
8520.757392  
8521.443532  
8525.425551  
8509.015626  
8488.298835  
8576.22928  
8600.442738  
8593.997599  
8626.528546  
8653.942207  
8606.600361  
8568.559542  
8543.012976  
8552.565403  
8560.215224  
8545.992429  
8562.282262  
8659.476369  
8677.470514  
8658.05284  
8689.34469  
8684.812468  
8643.598483  
8586.197067  
8573.429096  
8591.538657  
8548.155868  
8623.822469  
8652.280225  
8581.244377  
8569.410122  
8575.366718  
8558.130092  
8512.862438  
8499.573119  
8562.592389  
8622.63661  
8611.345342  
8637.788181  
8631.573353  
8564.656276  
8528.454864  
8512.692755  
8563.805652  
8573.17323  
8585.226789  
8593.386283  
8607.19341  
8608.864574  
8653.601022  
8625.788861  
8618.415499  
8625.282594  
8590.395411  
8615.829734  
8609.433372  
8597.921245  
8611.910207  
8585.566491  
8573.100496  
8583.557827  
8542.639398  
8520.127248  
8490.282071  
8584.045433  
8606.847064  
8589.883356  
8575.90591  
8616.639778  
8554.744392  
8565.120735  
8511.529368  
8500.119345  
8529.666644  
8537.909687  
8513.538326  
8535.355831  
8613.419572  
8605.098734  
8670.775045  
8659.608385  
8695.731658  
8614.286757  
8594.071825  
8585.543157  
8639.145915  
8603.898468  
8565.993398  
8665.111101  
8638.601462  
8622.800801  
8581.70802  
8613.882588  
8537.231102  
8525.551415  
8570.332803  
8534.521058  
8520.585403  
8543.854143  
8615.937676  
8560.219523  
8578.758113  
8569.933777  
8539.896545  
8534.780285  
8530.458768  
8468.449913  
8534.35531  
8565.276184  
8558.263787  
8502.272883  
8454.807313  
8546.213267  
8563.198321  
8560.577216  
8590.152225  
8554.741837  
8590.584024  
8598.500837  
8561.166771  
8548.044603  
8580.705021  
8590.151959  
8582.709732  
8606.501637  
8652.536599  
8682.566954  
8667.566365  
8646.006759  
8736.733905  
8684.746905  
8639.669242  
8568.141313  
8512.693544  
8498.71081  
8493.780281  
8529.43174  
8592.10056  
8554.359387  
8571.917267  
8659.817918  
8634.817272  
8641.76351  
8561.486735  
8530.979789  
8523.537059  
8556.87831  
8571.997535  
8578.429219  
8605.885221  
8565.933498  
8573.464781  
8624.168426  
8627.056782  
8602.258758  
8585.677949  
8548.703257  
8551.61256  
8576.916449  
8614.369022  
8657.299403  
8579.525435  
8551.804234  
8565.626595  
8627.137328  
8670.126858  
8618.754574  
8651.373202  
8582.881505  
8467.821562  
8509.614007  
8532.383644  
8607.519685  
8546.653754  
8502.099453  
8488.205969  
8478.578853  
8506.397912  
8556.799642  
8578.23871  
8586.447532  
8652.915975  
8689.692895  
8750.166932  
8712.781175  
8668.1392  
8608.034866  
8565.990563  
8580.705866  
8554.819544  
8567.669541  
8631.047251  
8578.329749  
8610.094814  
8645.274721  
8604.026252  
8521.597442  
8468.577301  
8510.72772  
8531.715114  
8592.091324  
8603.975833  
8609.59733  
8541.144962  
8500.810142  
8510.693816  
8540.133652  
8538.852288  
8552.104861  
8612.969803  
8646.433604  
8625.391101  
8659.136609  
8628.970073  
8582.504238  
8522.391837  
8576.441903  
8648.151105  
8657.95687  
8630.803178  
8525.127523  
8504.033791  
8575.82796  
8519.572432  
8607.138437  
8579.632713  
8670.837206  
8660.725182  
8702.849862  
8629.659612  
8521.249694  
8469.61486  
8470.713205  
8494.583936  
8553.814222  
8542.580683  
8566.535312  
8617.514833  
8646.12146  
8677.100777  
8683.098135  
8574.509077  
8494.951732  
8504.200399  
8580.361531  
8602.487192  
8560.274056  
8589.89768  
8614.391614  
8574.917772  
8593.905859  
8559.723621  
8575.573467  
8627.853158  
8598.948289  
8627.311083  
8578.285088  
8592.440279  
8629.658187  
8589.767909  
8622.585362  
8495.507147  
8485.950212  
8502.275961  
8570.120911  
8584.450569  
8543.80339  
8523.321365  
8558.003142  
8595.570479  
8667.254187  
8664.081216  
8675.883951  
8568.105082  
8528.194233  
8502.313128  
8599.930011  
8606.291389  
8640.616683  
8625.506379  
8466.100822  
8348.693812  
8393.061284  
8418.84507  
8549.545603  
8567.089864  
8524.980442  
8541.675521  
8606.213909  
8632.577929  
8617.491604  
8572.433184  
8637.15908  
8722.342045  
8650.866982  
8671.738323  
8659.265327  
8582.044364  
8585.032924  
8548.564467  
8557.368373  
8551.785081  
8533.282239  
8529.119457  
8549.910857  
8565.746084  
8619.907591  
8643.63294  
8662.37075  
8692.365503  
8708.146708  
8654.948266  
8579.448883  
8573.001054  
8554.074052  
8530.143737  
8574.281382  
8588.623916  
8657.744752  
8604.966013  
8679.931078  
8693.963069  
8682.381094  
8686.688461  
8536.418574  
8537.056858  
8551.050492  
8481.343213  
8501.804205  
8548.943744  
8578.960029  
8622.468065  
8614.289643  
8591.304305  
8600.110704  
8618.819218  
8644.839656  
8636.509236  
8594.929125  
8602.254281  
8605.723706  
8585.173358  
8642.988952  
8675.811862  
8633.066997  
8560.171506  
8565.763929  
8579.500579  
8607.63915  
8620.114469  
8577.136963  
8587.463508  
8565.311118  
8555.700772  
8546.303774  
8601.04065  
8525.539609  
8528.427897  
8465.993799  
8551.826358  
8509.022642  
8573.69231  
8556.278617  
8573.336753  
8566.480437  
8574.637983  
8606.756238  
8613.714366  
8626.98151  
8680.595782  
8640.132272  
8629.730273  
8611.264213  
8595.562575  
8577.386006  
8590.972233  
8606.755275  
8557.439476  
8532.614742  
8573.861475  
8565.084009  
8600.311577  
8562.490731  
8574.288367  
8608.622471  
8530.435981  
8583.027913  
8560.15758  
8534.894124  
8575.440305  
8591.232999  
8587.488069  
8577.800848  
8550.151634  
8505.3132  
8494.535599  
8449.920505  
8470.05287  
8498.377598  
8485.373437  
8549.52174  
8541.392213  
8508.271491  
8539.474448  
8589.314833  
8626.520986  
8535.522194  
8615.245626  
8596.540867  
8608.455635  
8557.252935  
8493.081308  
8501.35369  
8507.594436  
8574.094399  
8609.381449  
8677.995667  
8650.784751  
8681.049522  
8646.203988  
8706.112333  
8691.999543  
8665.977414  
8633.813407  
8620.739281  
8602.473784  
8647.765469  
8683.447841  
8696.238189  
8678.250545  
8618.693344  
8520.28828  
8585.090146  
8560.624275  
8580.031644  
8562.737673  
8628.389677  
8614.38446  
8614.94957  
8510.232678  
8545.209586  
8538.17036  
8551.066998  
8576.093556  
8607.31977  
8517.24798  
8535.83775  
8554.124532  
8594.607208  
8572.094795  
8580.03613  
8541.741755  
8621.73657  
8645.539018  
8696.215953  
8635.686959  
8621.056252  
8574.428776  
8550.7496  
8534.954383  
8563.89656  
8550.095396  
8484.857938  
8591.220914  
8644.634735  
8705.931218  
8669.391498  
8639.49789  
8559.006902  
8412.495785  
8452.11159  
8526.70001  
8605.078224  
8532.306433  
8487.762671  
8433.690002  
8497.092396  
8569.938496  
8556.162165  
8553.144727  
8574.789063  
8636.195749  
8658.351776  
8666.144124  
8705.793395  
8568.007875  
8547.372505  
8528.959562  
8611.089202  
8580.864885  
8646.035934  
8609.953226  
8591.473175  
8574.230935  
8576.763921  
8637.864476  
8573.89097  
8571.437842  
8634.966893  
8603.664428  
8650.067434  
8610.108474  
8596.399046  
8542.056124  
8557.544722  
8566.79806  
8615.753474  
8611.993909  
8623.703473  
8593.912521  
8591.592718  
8616.986224  
8645.251982  
8597.322997  
8564.552414  
8578.312634  
8557.488584  
8538.895773  
8454.039927  
8439.3241  
8547.900867  
8550.991382  
8682.799608  
8650.343164  
8622.349857  
8543.803604  
8514.82001  
8508.93983  
8527.572417  
8498.463725  
8592.099156  
8551.410144  
8527.689741  
8615.548654  
8621.630629  
8650.548626  
8629.652133  
8597.250136  
8573.437941  
8468.10256  
8486.464244  
8564.669357  
8639.458209  
8597.365344  
8597.783704  
8566.053957  
8570.698468  
8515.877268  
8552.511569  
8592.85553  
8561.118588  
8529.405574  
8550.831758  
8504.372597  
8525.381143  
8614.698229  
8583.193883  
8670.195507  
8654.230185  
8575.124613  
8574.939409  
8510.108203  
8487.33803  
8536.511837  
8603.355285  
8635.339254  
8649.704016  
8650.906051  
8662.335066  
8572.040636  
8555.511999  
8620.337186  
8675.98165  
8634.430125  
8656.808787  
8609.39032  
8552.447046  
8582.094765  
8623.772755  
8612.086719  
8635.632815  
8541.286912  
8526.365407  
8434.291016  
8409.735832  
8418.163295  
8435.655916  
8472.952326  
8535.404369  
8583.708811  
8603.113496  
8621.334798  
8560.474974  
8556.697468  
8524.609432  
8610.271151  
8603.875733  
8569.321157  
8547.019443  
8539.283061  
8675.021986  
8584.129686  
8616.234803  
8546.330519  
8596.979621  
8599.860319  
8669.584928  
8654.232873  
8571.835404  
8556.783927  
8584.191772  
8583.078797  
8694.495399  
8622.193441  
8536.547891  
8742.813201  
8630.878633  
8624.462615  
8634.200341  
8525.99987  
8498.420475  
8546.99906  
8634.331698  
8695.870889  
8654.609775  
8623.266327  
8595.716751  
8653.3415  
8436.282471  
8695.159401  
8687.01931  
8596.396314  
8527.080435  
8474.295166  
8543.645731  
8531.034384  
8542.384007  
8544.388721  
8498.045868  
8510.679039  
8560.292931  
8590.112715  
8565.314054  
8559.728357  
8533.941324  
8629.943882  
8506.748246  
8607.229146  
8586.491165  
8659.32246  
8548.455308  
8579.70552  
8521.924116  
8590.148244  
8625.712839  
8505.002358  
8505.425963  
8533.47278  
8595.160813  
8683.037773  
8573.649882  
8571.828525  
8550.277355  
8535.510747  
8547.460756  
8525.459019  
8524.267595  
8525.079145  
8546.665913  
8571.398638  
8619.459677  
8617.223643  
8697.792509  
8649.210027  
8667.243325  
8700.126382  
8769.784665  
8743.834724  
8595.316795  
8485.735505  
8533.356628  
8571.757252  
8627.439277  
8594.680805  
8627.016197  
8657.958275  
8698.807373  
8677.375842  
8627.526213  
8655.830112  
8690.155679  
8645.529217  
8640.391547  
8728.533617  
8667.385058  
8662.954464  
8666.17041  
8685.140608  
8644.718193  
8503.964238  
8422.467102  
8426.185713  
8555.310292  
8571.791286  
8661.539149  
8640.133411  
8617.731124  
8577.932122  
8533.29404  
8533.216363  
8494.82758  
8517.121099  
8514.390489  
8510.361166  
8539.762657  
8595.405379  
8642.269316  
8600.699063  
8624.421689  
8515.148338  
8586.194356  
8581.180157  
8512.111086  
8489.17546  
8571.732008  
8632.501472  
8690.775542  
8595.536452  
8597.488329  
8610.33867  
8555.804949  
8536.187461  
8486.806696  
8459.721494  
8426.732388  
8424.745902  
8466.403955  
8539.94638  
8593.193648  
8601.632047  
8591.793839  
8636.16661  
8698.823429  
8742.032609  
8674.182814  
8641.940266  
8538.076416  
8459.104676  
8489.298707  
8563.520467  
8541.444267  
8604.646264  
8588.051286  
8659.634392  
8668.85763  
8661.294021  
8657.155858  
8548.521497  
8592.049708  
8542.284686  
8511.385776  
8496.617439  
8520.522252  
8532.974072  
8649.295352  
8646.598835  
8503.402617  
8496.904769  
8557.430459  
8637.070783  
8786.740897  
8680.480851  
8612.667574  
8595.233617  
8499.251031  
8560.078523  
8442.952319  
8513.375888  
8626.402199  
8638.357942  
8659.966059  
8513.875961  
8442.482253  
8465.674521  
8448.691285  
8556.096138  
8597.075395  
8688.663328  
8599.801523  
8460.956045  
8397.971731  
8472.221201  
8529.387842  
8545.799239  
8617.994668  
8576.88805  
8619.112455  
8619.090424  
8676.063307  
8700.309321  
8545.015316  
8439.562375  
8451.695495  
8551.218927  
8564.494213  
8578.533148  
8560.489022  
8520.806381  
8503.467737  
8514.198746  
8497.891872  
8531.997013  
8631.220846  
8638.666426  
8609.620292  
8596.363037  
8577.372798  
8535.840575  
8587.718118  
8632.421843  
8698.552401  
8684.383018  
8689.479406  
8674.479608  
8593.243924  
8571.856219  
8651.802811  
8694.618248  
8652.383412  
8613.7234  
8571.618787  
8561.317344  
8497.808045  
8522.861143  
8489.858652  
8657.665315  
8598.699311  
8572.997932  
8581.424428  
8680.531104  
8637.338062  
8574.241776  
8599.324528  
8558.390964  
8497.203953  
8541.165641  
8540.165451  
8566.610544  
8592.623344  
8676.189372  
8658.885411  
8532.548496  
8612.251437  
8591.643255  
8654.796788  
8737.063026  
8679.169411  
8600.719391  
8568.40784  
8480.443446  
8468.580011  
8486.602748  
8567.829407  
8526.858223  
8532.687399  
8546.925048  
8524.225499  
8549.343369  
8627.575428  
8657.746698  
8631.940207  
8671.064825  
8696.428533  
8676.812923  
8715.135233  
8696.462533  
8629.600289  
8537.186014  
8452.525636  
8485.71693  
8457.778439  
8508.719614  
8509.120719  
8510.793906  
8460.793801  
8482.413142  
8540.934389  
8611.253462  
8513.011107  
8464.924416  
8464.218426  
8594.040209  
8612.347271  
8673.014141  
8690.14446  
8647.802184  
8657.02849  
8609.018907  
8492.528416  
8535.632649  
8540.3629  
8529.753587  
8543.12984  
8591.736341  
8547.545628  
8625.241852  
8644.240335  
8707.863873  
8610.112241  
8598.658882  
8666.98427  
8695.071655  
8689.708189  
8671.172535  
8592.475248  
8459.286102  
8562.574045  
8561.54164  
8570.802143  
8644.649265  
8635.411429  
8583.203216  
8546.782862  
8607.683317  
8593.381699  
8641.211684  
8616.136215  
8606.73885  
8645.545948  
8519.760311  
8565.493211  
8530.190475  
8533.685687  
8479.047263  
8507.34477  
8544.433183  
8605.441058  
8602.767618  
8613.650805  
8615.061183  
8613.523503  
8597.137937  
8623.623829  
8619.541583  
8554.21737  
8547.684829  
8589.761196  
8516.718136  
8537.601802  
