11318.32899  
11244.46693  
11167.72036  
11184.37845  
11235.30977  
11125.77252  
11108.42197  
11174.83555  
11283.40867  
11299.95997  
11273.74578  
11304.89203  
11282.94482  
11261.33876  
11241.45333  
11191.93953  
11167.65423  
11193.02709  
11205.27969  
11215.7014  
11208.80652  
11232.28698  
11190.44463  
11198.73852  
11173.1623  
11189.40091  
11197.27096  
11294.00818  
11291.19833  
11367.96041  
11311.80762  
11248.35491  
11152.32395  
11163.40973  
11304.26526  
11275.23181  
11215.04256  
11188.76781  
11161.82124  
11152.24956  
11185.18924  
11194.94099  
11243.50696  
11220.985  
11260.48078  
11225.48172  
11225.76882  
11215.53917  
11228.26183  
11206.66089  
11231.17786  
11216.17161  
11246.739  
11326.17077  
11313.807  
11209.77411  
11222.81692  
11231.61945  
11247.48933  
11178.94263  
11137.80297  
11184.41768  
11237.92263  
11256.15812  
11209.4184  
11310.29985  
11304.42017  
11236.92895  
11229.87884  
11216.78978  
11193.14862  
11110.19933  
11090.74873  
11108.93552  
11163.1086  
11197.12453  
11259.21934  
11266.22645  
11254.35693  
11231.81861  
11258.86704  
11209.93816  
11305.08166  
11267.64074  
11340.19812  
11281.22595  
11309.69767  
11310.04751  
11337.58368  
11295.45341  
11254.18725  
11214.18027  
11214.47917  
11221.18642  
11351.9066  
11291.37973  
11217.67851  
11166.33035  
11168.28078  
11228.65358  
11189.41147  
11242.09002  
11225.01474  
11241.84959  
11231.05533  
11236.10608  
11255.34881  
11191.72587  
11189.89543  
11202.84417  
11213.03865  
11200.9632  
11254.58034  
11275.42951  
11240.72388  
11155.82939  
11197.10889  
11219.76318  
11230.40104  
11231.3938  
11221.03252  
11201.99981  
11197.80238  
11253.66099  
11192.02142  
11211.59635  
11193.02178  
11266.14752  
11301.22422  
11291.31633  
11221.71725  
11174.69806  
11104.42931  
11186.43698  
11206.34567  
11193.8461  
11212.23671  
11165.86085  
11261.56982  
11264.73183  
11218.08699  
11186.65843  
11246.43709  
11165.76972  
11202.99088  
11153.09766  
11180.23466  
11123.59948  
11243.03254  
11254.11858  
11312.80743  
11241.99274  
11296.60682  
11253.68927  
11197.38911  
11236.61624  
11241.49842  
11192.95604  
11241.41678  
11207.93675  
11234.17542  
11235.55935  
11296.65706  
11300.09024  
11194.65228  
11213.95371  
11177.22679  
11220.21334  
11229.76675  
11274.47442  
11256.18934  
11237.39115  
11291.03417  
11286.89893  
11259.78005  
11136.62048  
11119.75198  
11182.22372  
11204.77378  
11207.67991  
11168.49348  
11274.81226  
11254.35256  
11272.45689  
11222.10083  
11283.65134  
11211.78226  
11197.68998  
11156.89422  
11172.71488  
11138.16496  
11143.32966  
11157.69011  
11252.55594  
11202.61984  
11193.04077  
11106.38439  
11157.09339  
11102.40776  
11176.55187  
11162.55956  
11227.7329  
11223.66376  
11251.83423  
11245.52938  
11249.22695  
11208.88785  
11151.41165  
11243.56265  
11322.89258  
11226.01237  
11188.97155  
11149.28412  
11191.77721  
11214.55598  
11226.90353  
11351.22859  
11271.16508  
11228.55331  
11245.08743  
11261.94376  
11305.95809  
11190.44018  
11179.39245  
11185.43085  
11253.4866  
11233.83073  
11300.21992  
11177.62591  
11123.18481  
11089.54076  
11162.93383  
11171.95298  
11194.24188  
11272.33108  
11203.34612  
11239.1283  
11143.45644  
11210.55193  
11210.86149  
11233.03925  
11226.78956  
11221.93824  
11207.04126  
11194.64544  
11230.26428  
11248.63074  
11326.63725  
11318.56926  
11299.16582  
11207.60865  
11238.80659  
11330.26152  
11249.83492  
11229.89954  
11222.31858  
11275.1245  
11270.93647  
11217.12769  
11165.40208  
11158.93467  
11261.70792  
11162.61213  
11188.30006  
11237.63582  
11210.85488  
11243.77179  
11239.71497  
11284.60508  
11203.18692  
11243.57909  
11271.40848  
11262.51298  
11279.18066  
11222.40422  
11252.61595  
11286.71819  
11218.55832  
11261.27245  
11202.05087  
11257.76897  
11186.87538  
11284.857  
11284.90839  
11279.07725  
11276.04038  
11296.0958  
11259.38141  
11142.83939  
11184.31706  
11147.33133  
11164.09222  
11203.40016  
11259.53859  
11348.41029  
11284.20352  
11378.6572  
11324.69828  
11241.20942  
11162.63078  
11179.76949  
11116.77463  
11175.07425  
11231.7048  
11232.94287  
11230.9221  
11269.7042  
11291.95561  
11320.22232  
11191.49311  
11194.8324  
11157.6915  
11126.58104  
11167.3746  
11164.0835  
11252.7539  
11209.09964  
11143.38883  
11146.43621  
11196.92091  
11259.36676  
11181.54679  
11220.18824  
11225.79422  
11256.96724  
11185.79603  
11188.7393  
11200.33026  
11244.33616  
11186.94837  
11228.17303  
11164.39587  
11247.68487  
11180.23371  
11288.27264  
11223.99128  
11209.64041  
11189.98368  
11225.76728  
11212.55462  
11197.29501  
11282.23286  
11316.17481  
11221.22739  
11257.97622  
11273.91107  
11267.1886  
11196.13282  
11142.31632  
11161.34235  
11173.12299  
11219.06167  
11265.13766  
11194.63385  
11179.19168  
11089.35838  
11077.01603  
11111.03871  
11147.05473  
11221.09371  
11266.51555  
11298.96467  
11217.57342  
11217.59776  
11193.34128  
11243.77134  
11156.87054  
11169.07484  
11168.36602  
11248.75361  
11309.77594  
11237.0968  
11267.40193  
11268.85556  
11218.74761  
11110.54332  
11121.93224  
11116.82661  
11160.29804  
11161.11441  
11151.28256  
11255.9796  
11348.71262  
11349.51511  
11345.04061  
11270.79925  
11318.5864  
11266.80614  
11185.05692  
11162.85572  
11182.51535  
11252.94866  
11200.61579  
11202.18507  
11171.27378  
11143.69785  
11300.894  
11305.56181  
11243.51969  
11240.76328  
11264.71728  
11236.15196  
11335.52396  
11358.17923  
11218.28379  
11193.15111  
11178.55509  
11232.76588  
11181.45519  
11160.76342  
11191.93078  
11120.51854  
11215.36728  
11272.78282  
11291.53571  
11241.18139  
11264.72149  
11220.29043  
11225.31466  
11215.17915  
11247.84655  
11246.24335  
11320.79826  
11443.24211  
11326.44124  
11276.70492  
11224.29789  
11262.9069  
11243.36263  
11253.49843  
11285.92773  
11243.82196  
11192.56328  
11191.73938  
11112.74181  
11124.32033  
11168.47544  
11168.81292  
11171.43757  
11189.00914  
11226.70682  
11260.22977  
11252.65081  
11352.23438  
11337.48991  
11359.94135  
11288.97708  
11187.59767  
11252.41718  
11266.66167  
11283.31488  
11231.92297  
11245.72225  
11196.4254  
11252.97678  
11286.22397  
11242.46448  
11213.85717  
11187.31854  
11242.22325  
11226.51826  
11226.49782  
11225.96642  
11236.33302  
11227.77487  
11249.24256  
11209.86412  
11228.07449  
11258.84041  
11170.5587  
11166.43286  
11121.58205  
11160.18679  
11218.85953  
11255.12719  
11310.62036  
11278.72877  
11245.12443  
11198.53242  
11182.0667  
11145.13005  
11178.05095  
11117.45835  
11130.19126  
11133.11934  
11171.06784  
11238.96245  
11272.7757  
11167.65683  
11196.94029  
11213.65824  
11173.82442  
11233.20476  
11232.39986  
11257.99411  
11274.2961  
11289.32663  
11224.47834  
11219.88886  
11213.41188  
11231.45252  
11124.12713  
11149.47763  
11181.07044  
11166.07237  
11169.97629  
11252.67539  
11301.62628  
11261.75315  
11267.6425  
11232.70495  
11285.02807  
11274.20865  
11296.02272  
11206.15001  
11166.76473  
11192.73555  
11275.80668  
11336.13452  
11324.17345  
11185.8197  
11168.94721  
11115.10503  
11181.24918  
11239.53348  
11249.73892  
11312.35515  
11304.91538  
11280.20402  
11250.34198  
11301.50278  
11265.16325  
11286.51043  
11304.14424  
11232.96458  
11227.14108  
11295.73335  
11262.72657  
11196.43435  
11162.64346  
11215.87505  
11175.34353  
11169.8816  
11166.20342  
11156.6952  
11222.27319  
11196.97858  
11243.8235  
11197.73575  
11190.31727  
11127.66046  
11119.71011  
11100.74677  
11096.09758  
11097.06478  
11135.67178  
11214.88343  
11180.40928  
11194.55279  
11244.18336  
11274.29645  
11344.47603  
11289.23978  
11311.34638  
11247.18852  
11264.5422  
11247.91386  
11148.39331  
11225.4371  
11195.0054  
11151.60742  
11162.64948  
11192.28917  
11194.14661  
11167.62219  
11147.94417  
11202.76577  
11260.92068  
11271.58548  
11263.34042  
11273.34712  
11250.62602  
11258.94882  
11273.53315  
11267.94004  
11251.09785  
11213.61586  
11258.93491  
11254.01611  
11225.40017  
11207.76021  
11230.6884  
11241.07446  
11261.48418  
11211.97522  
11285.0506  
11334.28  
11341.83972  
11218.18731  
11153.11347  
11146.5668  
11176.00732  
11211.27652  
11244.92504  
11302.36057  
11240.87905  
11308.86455  
11282.00401  
11292.67778  
11258.02889  
11144.95077  
11117.98876  
11164.73492  
11192.27493  
11158.01968  
11159.63115  
11208.31132  
11253.65417  
11242.38919  
11265.19477  
11181.96151  
11268.31258  
11227.90515  
11208.22681  
11216.87512  
11222.29631  
11234.28074  
11169.45891  
11214.7  
11249.3129  
11206.82541  
11138.02791  
11149.64086  
11138.05981  
11167.93748  
11227.01359  
11270.08866  
11309.51463  
11277.85019  
11280.95791  
11301.06358  
11343.25631  
11220.16603  
11169.72902  
11158.57128  
11224.48146  
11305.33373  
11305.60675  
11263.63693  
11247.21293  
11247.06586  
11302.41663  
11266.1754  
11252.46339  
11284.55259  
11327.41899  
11286.02929  
11165.6748  
11142.56301  
11158.07142  
11219.34723  
11183.18326  
11260.01225  
11248.15178  
11219.18159  
11199.0821  
11211.82731  
11285.42721  
11249.55867  
11386.62726  
11331.31591  
11205.54627  
11122.76454  
11103.75477  
11129.1529  
11190.33867  
11231.62157  
11264.38178  
11212.08017  
11220.64985  
11184.60955  
11182.2397  
11183.43399  
11168.67066  
11275.8227  
11290.41151  
11227.44517  
11243.21171  
11310.6659  
11359.45731  
11286.75642  
11241.66988  
11203.45197  
11267.55522  
11227.0678  
11057.74088  
11117.82102  
11102.33029  
11193.91797  
11271.62277  
11214.16262  
11122.96166  
11111.61052  
11141.4386  
11209.09919  
11271.46171  
11286.35128  
11215.68637  
11238.11007  
11240.90776  
11262.65869  
11203.97211  
11207.12581  
11189.67278  
11268.60804  
11309.0866  
11249.09677  
11210.57409  
11170.46181  
11212.92894  
11287.78678  
11282.17046  
11242.36007  
11253.72655  
11255.49252  
11317.06861  
11313.66805  
11200.08416  
11184.88766  
11208.47702  
11275.149  
11322.38894  
11240.61987  
11211.78737  
11171.62845  
11118.84618  
11163.05736  
11161.58091  
11167.30945  
11186.46687  
11223.49345  
11159.43607  
11171.40203  
11148.51985  
11172.7653  
11257.56804  
11210.79172  
11255.89209  
11249.18417  
11279.98321  
11227.42165  
11178.46774  
11193.38278  
11195.22369  
11199.59435  
11204.77566  
11211.52232  
11330.78789  
11306.24368  
11317.25319  
11307.49105  
11329.85517  
11301.50878  
11241.62203  
11228.40055  
11219.88573  
11158.64082  
11261.79009  
11245.83132  
11169.52393  
11211.59747  
11204.06286  
11211.18392  
11188.67642  
11218.65086  
11255.9826  
11271.18047  
11244.06318  
11251.4229  
11234.2936  
11212.86523  
11190.00381  
11184.31013  
11225.74691  
11242.60759  
11238.45212  
11223.16822  
11291.27168  
11276.90366  
11306.10615  
11244.99344  
11209.56323  
11177.20983  
11178.61105  
11237.63178  
11227.58092  
11222.11538  
11253.34508  
11198.8252  
11226.38563  
11212.84592  
11215.73202  
11243.7838  
11178.55583  
11274.42967  
11264.4353  
11251.2707  
11205.8897  
11227.34313  
11198.30529  
11174.32061  
11103.43355  
11113.23977  
11182.52226  
11173.26668  
11178.88429  
11191.37301  
11242.8849  
11242.06584  
11294.70946  
11295.48753  
11270.68017  
11197.4923  
11202.30968  
11246.68818  
11332.47035  
11271.64732  
11258.76141  
11320.12618  
11253.03501  
11199.68287  
11168.98758  
11169.20262  
11134.33737  
11100.91825  
11196.27224  
11209.58155  
11194.08708  
11254.74933  
11286.50708  
11173.31849  
11204.98281  
11189.22624  
11187.10928  
11217.21878  
11154.12452  
11157.97366  
11222.37095  
11251.1681  
11233.6327  
11158.44474  
11146.34863  
11177.8695  
11203.89178  
11177.16886  
11213.15845  
11224.55346  
11243.62984  
11227.58834  
11214.46316  
11249.34874  
11267.6142  
11307.26505  
11251.77719  
11329.35236  
11360.65285  
11378.40895  
11341.08699  
11296.03112  
11337.75238  
11321.5341  
11289.76207  
11201.40888  
11128.8811  
11149.49961  
11112.28683  
11143.65795  
11196.73525  
11233.42652  
11263.68764  
11294.31715  
11223.30783  
11227.46142  
11173.62464  
11208.71588  
11170.22594  
11138.65429  
11189.55979  
11224.03732  
11222.30635  
11219.46858  
11197.54607  
11290.83928  
11276.35277  
11198.38024  
11201.46997  
11175.87148  
11230.86252  
11239.00263  
11252.6966  
11279.74526  
11223.06424  
11195.17417  
11172.31319  
11248.61776  
11346.10105  
11322.39269  
11308.70718  
11201.9259  
11163.45998  
11184.53462  
11208.15612  
11264.25997  
11202.33611  
11163.47042  
11137.32809  
11190.09437  
11186.17745  
11223.52705  
11238.49395  
11221.33039  
11326.5642  
11372.56194  
11399.2547  
11324.71137  
11231.49365  
11187.79892  
11220.41486  
11219.83023  
11215.38917  
11251.0027  
11285.25805  
11227.08779  
11270.81109  
11254.12789  
11215.2802  
11113.90542  
11113.04056  
11182.07443  
11180.65677  
11225.77209  
11209.66443  
11161.94079  
11117.53265  
11119.25078  
11186.26906  
11201.58136  
11211.57839  
11200.91766  
11245.86546  
11299.47251  
11270.29162  
11268.08347  
11242.59221  
11195.51502  
11139.49629  
11240.69543  
11314.71574  
11306.5203  
11234.68677  
11154.94426  
11196.29442  
11243.17215  
11206.76709  
11236.80648  
11207.82762  
11317.43246  
11311.26241  
11286.2194  
11162.5324  
11092.91128  
11131.67733  
11180.44995  
11219.07521  
11254.55964  
11247.96103  
11256.1076  
11335.89026  
11353.23701  
11352.83932  
11239.75208  
11112.19499  
11145.89939  
11209.26422  
11258.10898  
11283.19204  
11250.38183  
11251.5523  
11276.97684  
11252.78877  
11241.55858  
11218.94773  
11228.97164  
11302.77358  
11244.98492  
11143.12579  
11194.89711  
11221.40722  
11309.34675  
11265.48191  
11165.26349  
11087.56101  
11116.72751  
11210.69901  
11258.44353  
11233.7871  
11202.61752  
11202.14606  
11215.74073  
11219.03515  
11334.24551  
11310.64326  
11317.81659  
11165.08375  
11012.5563  
11140.09173  
11228.84465  
11215.35568  
11299.3815  
11217.39139  
10993.99734  
10916.97136  
10995.19185  
11060.44056  
11138.48867  
11175.81454  
11129.05519  
11188.949  
11257.24428  
11317.69617  
11251.29195  
11261.34565  
11253.5969  
11349.54832  
11326.49024  
11302.20244  
11297.78361  
11203.22998  
11232.21531  
11185.25399  
11182.59885  
11193.95167  
11193.12768  
11212.52276  
11231.75365  
11223.93921  
11288.97903  
11348.08492  
11330.57582  
11349.67766  
11325.03623  
11270.94666  
11200.0668  
11264.27197  
11266.10404  
11252.31149  
11299.29449  
11268.35226  
11287.3745  
11269.1439  
11362.76269  
11373.08599  
11294.64574  
11290.67047  
11202.20057  
11217.44861  
11153.40357  
11088.32645  
11143.82554  
11215.25959  
11295.20936  
11301.71935  
11236.77698  
11214.6065  
11185.87957  
11247.40607  
11215.00021  
11174.9176  
11168.24308  
11208.61772  
11292.46674  
11267.09275  
11303.39481  
11281.44612  
11190.37529  
11174.44321  
11200.92486  
11226.74931  
11234.87921  
11244.74695  
11164.67464  
11184.04082  
11208.19447  
11209.97187  
11218.84151  
11261.60509  
11194.26751  
11136.6807  
11124.8652  
11208.32687  
11175.35922  
11201.04083  
11197.38363  
11195.16777  
11236.69111  
11226.00676  
11261.53595  
11287.4721  
11292.51287  
11348.46134  
11314.46514  
11249.23542  
11207.45973  
11217.29648  
11237.09338  
11271.89261  
11244.24368  
11217.14955  
11215.48034  
11263.16796  
11203.34251  
11232.21366  
11202.59121  
11253.67676  
11268.9897  
11187.09329  
11219.79258  
11219.1848  
11199.09048  
11239.07807  
11239.0369  
11218.46596  
11215.7415  
11146.71794  
11156.75145  
11152.65512  
11069.50029  
11125.8484  
11167.99665  
11138.12368  
11199.87124  
11139.78958  
11141.15304  
11172.95026  
11241.86779  
11249.98156  
11241.14331  
11205.7948  
11247.50795  
11221.20842  
11181.8814  
11156.92733  
11161.38498  
11196.26945  
11281.05033  
11295.64995  
11348.53637  
11273.43229  
11323.9179  
11264.28257  
11290.39893  
11318.36865  
11294.48187  
11312.46361  
11329.22703  
11260.53103  
11347.76207  
11364.68007  
11314.89848  
11258.36523  
11182.05164  
11166.77066  
11247.8239  
11193.71892  
11184.67954  
11222.04775  
11252.52618  
11210.69845  
11193.74697  
11146.18289  
11169.82347  
11196.9897  
11251.81208  
11231.77589  
11234.99018  
11204.05152  
11160.92701  
11174.42035  
11208.2172  
11152.19105  
11229.16863  
11218.91412  
11271.76586  
11338.47706  
11338.45661  
11258.75485  
11246.67696  
11209.62484  
11209.74738  
11225.54778  
11258.18516  
11231.8809  
11150.91032  
11260.15128  
11305.41312  
11362.30728  
11289.77557  
11196.38458  
11059.06219  
10999.66933  
11105.83038  
11222.50196  
11269.30891  
11143.85306  
11078.74941  
11067.53601  
11174.39715  
11238.93584  
11165.93634  
11195.59678  
11200.51766  
11299.389  
11355.95063  
11308.85444  
11315.32244  
11170.11666  
11189.99148  
11173.36445  
11296.21799  
11265.52904  
11288.44964  
11272.87444  
11219.68648  
11223.06115  
11229.23371  
11275.11749  
11166.4132  
11175.08726  
11253.80477  
11228.33297  
11290.35187  
11276.52829  
11269.90033  
11230.38694  
11232.22832  
11278.93223  
11302.63173  
11279.36004  
11261.46674  
11256.26423  
11257.77025  
11259.41462  
11303.94826  
11232.84702  
11185.38091  
11197.46147  
11189.07405  
11182.35617  
11146.08722  
11122.72218  
11231.03858  
11218.77622  
11327.29042  
11232.76862  
11180.8293  
11142.6554  
11106.28366  
11097.06546  
11133.28502  
11147.92238  
11243.06793  
11124.83085  
11176.0444  
11229.59544  
11248.22212  
11239.79824  
11251.05907  
11223.03327  
11227.79591  
11139.41774  
11200.21625  
11280.00663  
11321.52771  
11242.8889  
11210.22997  
11210.75684  
11199.31961  
11138.51899  
11208.86668  
11151.58516  
11171.94429  
11200.32568  
11187.16141  
11215.24668  
11269.85824  
11345.27484  
11230.32697  
11309.04008  
11284.31857  
11178.80558  
11141.17882  
11115.73856  
11175.30814  
11228.87547  
11258.37457  
11305.09629  
11352.50404  
11308.59149  
11258.2418  
11201.61842  
11260.00344  
11318.41509  
11360.62238  
11344.69087  
11330.05664  
11257.67479  
11237.44685  
11235.60602  
11279.51545  
11247.76296  
11272.0444  
11132.56596  
11078.43763  
11030.71577  
11003.65879  
11054.83546  
11054.94968  
11132.18985  
11208.72734  
11209.66531  
11200.51561  
11179.42003  
11168.70808  
11202.58694  
11216.4214  
11282.29783  
11317.70401  
11221.76344  
11224.56816  
11250.82869  
11341.34405  
11215.73938  
11156.41708  
11132.00397  
11234.72474  
11226.83053  
11277.60569  
11243.13484  
11197.56479  
11263.34271  
11297.16007  
11231.09116  
11294.27318  
11237.11884  
11257.93237  
11349.97029  
11303.57702  
11222.80894  
11211.87  
11093.33283  
11146.53785  
11278.25453  
11315.79053  
11342.93549  
11308.61776  
11304.88542  
11320.39015  
11375.99581  
11230.3359  
11245.91407  
11319.0475  
11265.40541  
11219.32749  
11185.60573  
11274.45844  
11202.72612  
11151.19349  
11146.60749  
11094.75674  
11097.81044  
11152.29126  
11180.36908  
11139.31814  
11152.17456  
11134.37256  
11180.86504  
11155.95336  
11236.65887  
11226.5509  
11332.19713  
11180.05301  
11186.96014  
11160.80261  
11225.25731  
11214.54823  
11063.78463  
11138.73072  
11196.39836  
11242.58337  
11300.48967  
11114.94323  
11126.03092  
11172.75383  
11198.5085  
11186.33668  
11113.87459  
11165.60751  
11227.23901  
11260.56123  
11295.38919  
11313.03085  
11294.09654  
11327.68736  
11298.39479  
11333.30472  
11389.2778  
11384.02492  
11284.0262  
11122.75341  
11150.99386  
11285.37532  
11270.75154  
11281.21435  
11275.14499  
11321.25523  
11342.49338  
11345.08064  
11315.54504  
11270.25785  
11299.04795  
11337.87368  
11289.75798  
11317.87349  
11375.28904  
11304.7711  
11291.9542  
11272.87107  
11245.09779  
11192.31381  
11121.35169  
11132.05167  
11136.79039  
11232.06609  
11265.6805  
11296.85904  
11289.05704  
11294.84299  
11222.77892  
11145.92138  
11130.68835  
11129.88809  
11155.02045  
11153.71943  
11125.70823  
11227.49198  
11261.60034  
11318.76654  
11219.27179  
11162.09999  
11148.61882  
11265.9953  
11227.12804  
11143.8985  
11145.40832  
11243.22522  
11266.04019  
11283.72298  
11189.64721  
11298.52063  
11207.28909  
11166.91661  
11156.04545  
11145.06049  
11144.97002  
11096.18683  
11102.27306  
11162.09351  
11237.60744  
11289.40397  
11267.96175  
11235.73947  
11283.88644  
11378.98568  
11419.05347  
11242.63923  
11138.57985  
11114.52462  
11144.38731  
11204.69743  
11245.17344  
11217.90734  
11307.15957  
11319.56464  
11352.79436  
11352.10882  
11297.24026  
11250.98432  
11170.77455  
11253.19684  
11184.65432  
11189.70505  
11166.88089  
11190.04122  
11238.04134  
11297.0979  
11232.91508  
11175.50889  
11170.65027  
11213.09864  
11322.43543  
11397.18919  
11349.07486  
11244.07089  
11241.75312  
11141.00411  
11179.41798  
11055.86219  
11230.31064  
11302.82231  
11274.8425  
11230.587  
11131.69946  
11061.3652  
11113.04195  
11145.39794  
11268.28398  
11249.63668  
11275.70081  
11173.33791  
11013.68607  
11029.53796  
11081.37674  
11111.17901  
11178.10336  
11231.17456  
11189.27493  
11285.27901  
11264.86353  
11281.77723  
11240.71342  
11077.34314  
11036.96028  
11122.67806  
11230.99205  
11242.28867  
11240.21409  
11147.72826  
11179.05607  
11170.05055  
11136.53949  
11179.25563  
11266.09264  
11295.27348  
11260.93811  
11243.85288  
11247.99656  
11260.40513  
11201.40961  
11291.0849  
11324.60958  
11389.57159  
11405.91425  
11373.29162  
11198.70397  
11184.73075  
11263.79294  
11315.40986  
11289.26928  
11250.16945  
11182.51106  
11170.0816  
11159.73648  
11138.19214  
11203.02688  
11179.67917  
11249.87728  
11224.82587  
11230.17065  
11262.16942  
11356.50186  
11338.24675  
11228.70931  
11207.35782  
11189.75819  
11160.29303  
11217.9793  
11252.56639  
11260.53201  
11251.84548  
11303.89419  
11267.2225  
11136.73886  
11240.9201  
11236.74799  
11307.41953  
11351.80001  
11225.78872  
11130.34681  
11112.60207  
11113.71073  
11127.14466  
11163.58058  
11266.74524  
11233.14031  
11213.05175  
11227.07234  
11177.3534  
11200.86336  
11326.53105  
11334.87346  
11297.80367  
11319.14366  
11330.57534  
11332.95945  
11341.80532  
11239.79588  
11146.33926  
11079.38108  
11102.9731  
11098.4734  
11100.01198  
11116.32115  
11142.97804  
11127.57871  
11084.24406  
11153.17698  
11236.46962  
11197.39745  
11120.42451  
11146.18581  
11194.66663  
11262.92254  
11296.67179  
11328.52987  
11323.92349  
11264.54047  
11264.48897  
11242.45053  
11130.19352  
11194.39481  
11206.05915  
11211.12029  
11215.76083  
11262.27774  
11223.02783  
11273.19596  
11292.47327  
11341.56046  
11261.62905  
11262.53191  
11363.06715  
11337.79086  
11306.39798  
11215.30286  
11169.13803  
11129.49413  
11235.31846  
11323.71817  
11299.7906  
11282.9926  
11210.88144  
11218.78572  
11217.44775  
11294.20747  
11244.45903  
11305.32626  
11278.65109  
11227.72417  
11230.54544  
11171.08187  
11213.96284  
11133.19798  
11099.94062  
11075.26929  
11138.71051  
11210.56266  
11265.54557  
11275.66405  
11261.165  
11229.42165  
11164.99854  
11180.41094  
11228.55836  
11264.20041  
11245.29772  
11238.94418  
11244.08797  
11209.71118  
11230.45201  
