9524.254195  
9352.703169  
9368.896662  
9400.698353  
9410.786133  
9246.510986  
9479.467995  
9402.823553  
9303.204279  
9302.424605  
9320.118364  
9390.659246  
9183.061102  
9419.731468  
9481.892623  
9422.000999  
9574.516824  
9522.713801  
9436.547141  
9435.423451  
9531.363947  
9436.911244  
9434.568404  
9372.438432  
9394.727495  
9446.205433  
9526.293035  
9486.13461  
9217.521484  
9356.821489  
9285.981401  
9370.347257  
9380.712291  
9379.879994  
9233.075439  
9403.435103  
9339.766069  
9456.490234  
9433.944691  
9481.700972  
9358.140048  
9311.29288  
9381.790372  
9380.187256  
9442.631104  
9584.314786  
9395.841664  
9295.502486  
9360.181552  
9267.507302  
9308.712203  
9362.114924  
9365.69569  
9364.303489  
9514.368164  
9472.614369  
9375.253285  
9389.44256  
9429.512939  
9452.59051  
9528.346347  
9342.425204  
9400.457697  
9384.624112  
9504.155939  
9428.714866  
9351.340221  
9382.86104  
9366.810547  
9442.214089  
9320.020641  
9438.317006  
9391.675581  
9440.040971  
9417.057994  
9333.684881  
9323.602783  
9325.722767  
9344.695068  
9454.950173  
9369.261741  
9330.310946  
9264.941229  
9245.222501  
9344.929199  
9416.579878  
9350.909024  
9383.137762  
9422.297963  
9515.751154  
9527.071045  
9379.717551  
9325.207142  
9425.121626  
9239.780584  
9341.387651  
9395.580833  
9472.921165  
9436.654563  
9333.984996  
9463.378307  
9406.023016  
9451.409291  
9346.111417  
9336.700772  
9380.502042  
9390.820734  
9438.574108  
9449.21713  
9428.155828  
9402.83647  
9455.222745  
9392.006814  
9449.256636  
9346.649947  
9413.204923  
9379.639671  
9430.035756  
9372.976807  
9400.215576  
9467.106778  
9424.080389  
9393.256015  
9331.397461  
9390.848078  
9453.996493  
9420.72259  
9429.073686  
9283.881503  
9319.517911  
9479.889316  
9434.132702  
9462.623846  
9269.036488  
9334.065763  
9463.998691  
9431.258367  
9429.988525  
9242.472168  
9410.334806  
9414.359686  
9464.394509  
9362.907515  
9403.335316  
9522.972678  
9458.489258  
9374.725608  
9381.514848  
9459.291837  
9425.446888  
9266.867987  
9518.94296  
9381.687633  
9297.407693  
9336.791415  
9361.663974  
9276.466331  
9289.387451  
9449.19043  
9480.527699  
9455.67931  
9399.912354  
9417.06139  
9421.348588  
9411.846613  
9299.567938  
9362.234619  
9424.931463  
9308.682262  
9250.870206  
9455.886919  
9442.329767  
9369.140004  
9354.439742  
9400.051758  
9435.443692  
9457.046187  
9404.412154  
9330.014382  
9395.312789  
9434.30977  
9412.337691  
9408.142711  
9415.690141  
9412.295144  
9491.639205  
9442.612571  
9448.3123  
9460.883478  
9430.132235  
9427.353982  
9428.104426  
9433.828658  
9320.024192  
9323.823042  
9440.5004  
9390.995206  
9422.243719  
9332.335028  
9390.201305  
9449.718284  
9380.409091  
9311.158847  
9310.796143  
9404.704745  
9510.911111  
9395.603871  
9506.432928  
9347.2496  
9348.532071  
9404.674139  
9397.622004  
9432.339  
9312.993919  
9405.187478  
9235.93497  
9404.404652  
9362.682306  
9427.083607  
9509.02963  
9310.127774  
9414.026434  
9434.785711  
9420.866455  
9406.633722  
9354.264227  
9315.921875  
9366.433483  
9467.432373  
9431.419722  
9379.489879  
9403.972479  
9516.707631  
9322.480003  
9532.824529  
9462.963002  
9485.647971  
9306.187367  
9383.070557  
9355.569735  
9235.831121  
9360.830367  
9384.835827  
9415.273526  
9410.978649  
9326.098788  
9350.592862  
9458.899991  
9299.350542  
9228.267578  
9460.493985  
9398.607622  
9252.390847  
9435.255593  
9510.669078  
9352.802024  
9347.559371  
9399.488192  
9251.849032  
9495.007213  
9471.555198  
9308.701394  
9368.96986  
9291.249379  
9459.720237  
9372.40392  
9407.299494  
9322.973788  
9202.508589  
9504.292214  
9216.669367  
9379.837247  
9469.539862  
9424.295765  
9490.914484  
9322.935702  
9432.524103  
9451.404918  
9427.781516  
9461.451949  
9286.137917  
9328.376864  
9373.718639  
9300.375067  
9539.635898  
9561.749423  
9370.52286  
9309.329235  
9425.455633  
9418.940829  
9280.416415  
9364.374112  
9486.875333  
9328.440452  
9508.341042  
9476.092862  
9301.449685  
9457.807773  
9580.063632  
9547.661155  
9486.261452  
9478.383478  
9449.818071  
9504.113414  
9354.078414  
9418.132457  
9549.341486  
9438.555775  
9309.74181  
9507.361395  
9364.220281  
9517.912575  
9479.458119  
9367.749179  
9525.449197  
9408.84941  
9401.85993  
9490.974077  
9422.706432  
9282.63572  
9242.082786  
9341.699308  
9382.16424  
9284.351296  
9290.402721  
9455.536421  
9472.709317  
9524.271684  
9408.269376  
9409.982045  
9488.222989  
9526.61519  
9340.385542  
9417.599232  
9362.880504  
9346.962225  
9470.777233  
9363.510809  
9342.315163  
9387.43315  
9539.150923  
9288.59142  
9272.748469  
9406.557262  
9369.892933  
9330.998757  
9420.383523  
9316.42749  
9341.987305  
9390.978249  
9414.303733  
9404.153431  
9312.772439  
9420.992343  
9484.054909  
9558.240123  
9474.739657  
9398.174605  
9429.189054  
9400.822199  
9378.460494  
9406.633944  
9323.988947  
9478.925826  
9390.657537  
9459.710893  
9301.641025  
9660.892534  
9644.600186  
9386.54905  
9609.298873  
9507.812655  
9446.295965  
9341.164262  
9467.413064  
9368.802623  
9507.900724  
9475.10902  
9318.309948  
9567.184038  
9463.098988  
9155.38319  
9265.791215  
9238.562589  
9385.718262  
9319.783003  
9383.248846  
9547.941073  
9372.273904  
9219.298784  
9326.851141  
9395.779941  
9468.166171  
9422.954545  
9235.237482  
9298.367876  
9293.214222  
9237.779918  
9598.008545  
9622.884477  
9182.53014  
9126.323131  
9218.000799  
9311.789018  
9643.028809  
9563.135476  
9433.61044  
9233.455478  
9332.06614  
9396.689586  
9404.205411  
9329.824907  
9326.434348  
9271.484797  
9392.881059  
9414.596902  
9306.158847  
9344.242498  
9315.799849  
9348.25435  
9555.462735  
9594.814409  
9258.656006  
9340.231445  
9486.197221  
9532.920499  
9537.312611  
9299.034357  
9350.371338  
9370.9197  
9381.97927  
9438.345881  
9302.546098  
9313.803311  
9369.029053  
9407.005571  
9466.513206  
9365.606268  
9415.823065  
9437.272505  
9568.649259  
9435.198886  
9313.992298  
9298.502153  
9379.090132  
9399.515181  
9496.45237  
9418.050581  
9372.975453  
9343.309881  
9358.167525  
9410.014759  
9381.687988  
9458.916215  
9304.197288  
9418.698198  
9399.640115  
9372.404896  
9241.715443  
9371.137074  
9439.518732  
9389.465399  
9452.784823  
9294.00253  
9428.846258  
9398.276278  
9478.959473  
9420.148659  
9252.914284  
9331.141513  
9390.752686  
9395.274725  
9426.027566  
9480.125044  
9377.249201  
9341.571755  
9456.282537  
9447.860307  
9455.358665  
9314.892467  
9468.2409  
9443.63501  
9442.006792  
9414.929821  
9417.584118  
9309.295654  
9347.864591  
9465.198886  
9547.702548  
9442.600786  
9401.445135  
9310.707631  
9445.504506  
9350.389648  
9361.043923  
9275.621515  
9344.800692  
9418.690763  
9445.809504  
9515.402943  
9347.837757  
9517.989435  
9446.160733  
9495.963335  
9505.877752  
9414.553977  
9352.670077  
9387.620428  
9422.799782  
9455.884344  
9269.024947  
9427.57615  
9452.743919  
9416.52801  
9394.95914  
9375.497448  
9253.538685  
9338.536088  
9372.469838  
9412.443914  
9405.581654  
9416.829656  
9417.962846  
9440.789617  
9371.394842  
9449.645996  
9360.351696  
9463.547008  
9384.426247  
9404.433527  
9320.133234  
9397.341642  
9485.070091  
9457.553644  
9375.051247  
9234.121227  
9437.986705  
9443.60882  
9381.790993  
9358.4822  
9267.453591  
9373.64229  
9395.802379  
9401.318604  
9462.930819  
9344.541992  
9438.437522  
9452.117365  
9427.722834  
9411.377153  
9402.10194  
9395.544633  
9418.664573  
9328.814964  
9420.968084  
9349.887251  
9307.162686  
9321.867254  
9370.926403  
9295.057151  
9308.172119  
9211.361572  
9360.181796  
9454.599476  
9454.477717  
9508.837225  
9344.357866  
9585.93204  
9480.529119  
9432.018732  
9427.039373  
9342.944447  
9401.914284  
9356.713912  
9429.539839  
9425.171143  
9276.954057  
9384.931729  
9375.682506  
9373.486728  
9417.629949  
9402.008256  
9331.127663  
9413.121449  
9367.456942  
9394.287176  
9438.492498  
9359.277433  
9510.318404  
9424.345592  
9457.895752  
9366.545144  
9385.180265  
9660.191096  
9588.097567  
9239.921853  
9266.617099  
9412.985019  
9480.340354  
9505.295588  
9443.000377  
9425.514671  
9406.002264  
9298.191739  
9259.71713  
9378.477828  
9349.964688  
9410.387851  
9347.837491  
9361.694891  
9420.868874  
9390.973566  
9404.692627  
9378.568204  
9411.752552  
9388.60811  
9406.416859  
9442.678045  
9424.503618  
9196.138406  
9410.344394  
9426.794922  
9522.674716  
9413.980424  
9446.874512  
9515.566717  
9387.728116  
9426.691273  
9441.99181  
9446.761563  
9365.556308  
9405.796542  
9461.482955  
9436.029252  
9289.898282  
9275.995694  
9416.089777  
9361.200484  
9461.771795  
9276.137429  
9260.385609  
9427.534268  
9400.498446  
9405.661177  
9330.892822  
9371.766979  
9386.305531  
9504.754506  
9441.376088  
9418.416548  
9401.262074  
9475.008545  
9408.728405  
9453.027699  
9352.854759  
9346.926048  
9367.231734  
9372.878018  
9574.595104  
9548.032804  
9339.83485  
9428.248136  
9410.618075  
9405.936368  
9264.315208  
9458.712824  
9432.443604  
9270.655606  
9411.298273  
9300.362083  
9489.903209  
9565.223344  
9371.112904  
9227.044922  
9405.090598  
9374.773482  
9479.401456  
9511.06594  
9478.358376  
9423.486705  
9353.896595  
9344.06503  
9361.181574  
9409.33283  
9297.680376  
9280.271418  
9258.67243  
9285.998469  
9223.69043  
9296.68477  
9266.559193  
9375.19498  
9435.532449  
9374.512029  
9376.942694  
9464.632812  
9309.509965  
9675.990945  
9321.736017  
9394.811879  
9608.606667  
9600.364968  
9309.306552  
9484.495894  
9360.085738  
9342.534202  
9533.197132  
9358.846924  
9422.447443  
9375.881681  
9437.153121  
9439.900413  
9419.533536  
9422.717285  
9435.586714  
9465.175315  
9434.592729  
9382.010387  
9279.752641  
9303.806574  
9363.180575  
9404.641668  
9452.41151  
9313.837358  
9289.53762  
9266.390736  
9367.632346  
9459.296009  
9421.263361  
9415.203014  
9417.010498  
9449.117631  
9431.17931  
9500.612815  
9481.626687  
9420.865323  
9539.59324  
9546.565252  
9291.164484  
9260.5182  
9319.268333  
9378.218084  
9424.176447  
9384.211892  
9363.663974  
9376.477672  
9289.280895  
9403.498091  
9445.512806  
9381.636253  
9340.758589  
9423.694181  
9493.633878  
9481.50546  
9446.170699  
9290.10154  
9388.051958  
9369.937789  
9328.625666  
9396.538752  
9449.253684  
9496.000266  
9551.796675  
9434.17516  
9467.457852  
9384.728005  
9437.158026  
9275.370539  
9442.995539  
9396.350275  
9425.028232  
9503.315075  
9474.106068  
9415.872647  
9252.264182  
9279.84375  
9323.111617  
9359.580056  
9479.753684  
9515.527122  
9396.731068  
9361.183216  
9349.67263  
9279.327615  
9396.008079  
9395.930842  
9409.736461  
9334.401145  
9395.107045  
9342.830145  
9293.596857  
9312.850142  
9321.084628  
9292.675515  
9393.089466  
9454.334961  
9557.317871  
9572.18062  
9405.209628  
9319.085449  
9414.587336  
9480.248469  
9397.57433  
9360.071045  
9246.753751  
9352.847745  
9438.854648  
9459.560835  
9405.395863  
9396.679532  
9480.930664  
9401.145708  
9240.295721  
9430.529363  
9416.844105  
9414.404785  
9340.624201  
9245.74747  
9302.559437  
9402.981689  
9443.376998  
9488.545255  
9408.427446  
9359.120783  
9348.549561  
9364.271396  
9392.325462  
9251.03904  
9360.691406  
9450.644043  
9569.682684  
9504.434304  
9565.279297  
9334.40028  
9486.936679  
9431.528209  
9374.849254  
9381.124423  
9255.706876  
9229.691806  
9408.995583  
9394.026079  
9336.842551  
9410.608798  
9365.076949  
9403.637318  
9483.2318  
9390.038019  
9385.139182  
9376.674982  
9400.77053  
9352.784912  
9374.610218  
9484.185858  
9617.81523  
9482.793657  
9403.756747  
9362.440851  
9352.431863  
9328.073309  
9323.25162  
9372.131925  
9359.820978  
9485.641158  
9177.700218  
9275.687278  
9362.779652  
9460.040683  
9472.000155  
9420.411688  
9494.192494  
9506.843617  
9521.684038  
9491.799738  
9451.070335  
9429.54248  
9457.449219  
9462.652144  
9377.633434  
9379.111661  
9475.395774  
9473.232333  
9415.647084  
9359.167125  
9347.919389  
9390.662398  
9494.392978  
9485.646906  
9346.619363  
9347.89209  
9348.682351  
9399.290661  
9325.106823  
9392.584029  
9401.782071  
9413.93133  
9489.745894  
9368.402566  
9428.567072  
9567.869185  
9454.162065  
9404.059215  
9389.418923  
9358.809237  
9356.319114  
9414.241433  
9456.797341  
9501.393599  
9520.639915  
9444.34324  
9350.141002  
9300.218439  
9346.198287  
9324.01669  
9370.488037  
9438.732311  
9288.338179  
9273.616322  
9324.643355  
9395.528542  
9308.331254  
9175.643089  
9192.195645  
9414.293257  
9454.035866  
9466.774436  
9492.234109  
9512.65443  
9404.904474  
9368.194158  
9271.120583  
9384.321733  
9522.587891  
9473.723855  
9415.726341  
9375.68659  
9425.76547  
9400.643643  
9366.478715  
9251.589666  
9357.254816  
9472.125289  
9502.365878  
9505.104648  
9407.595814  
9329.241721  
9340.862282  
9324.051491  
9257.95146  
9191.80289  
9275.749534  
9288.122803  
9343.979514  
9441.296942  
9454.498912  
9451.482755  
9407.339777  
9394.791548  
9444.314653  
9545.852295  
9464.580566  
9352.790239  
9384.999933  
9334.238126  
9348.983443  
9370.315452  
9514.649037  
9679.674294  
9430.281738  
9542.08343  
9486.201349  
9467.140425  
9323.223256  
9262.542636  
9313.695357  
9284.8394  
9268.956765  
9354.071089  
9410.303999  
9433.715132  
9470.169656  
9486.850963  
9291.034446  
9320.022039  
9390.314608  
9365.178888  
9365.408314  
9367.879217  
9330.436967  
9344.584007  
9410.888894  
9328.924472  
9316.933616  
9315.631392  
9273.642045  
9588.81321  
9475.308261  
9355.540106  
9318.826771  
9441.026101  
9791.533625  
9630.944802  
9309.284624  
9286.321955  
9303.271373  
9370.908003  
9459.287132  
9356.303866  
9257.314054  
9349.410911  
9389.850519  
9562.274103  
9473.419922  
9521.176469  
9230.333452  
9447.397794  
9414.167347  
9201.558283  
9365.6072  
9530.769842  
9516.386697  
9430.512274  
9272.391824  
9210.000022  
9405.655074  
9487.000755  
9509.170566  
9291.443448  
9372.140092  
9340.967951  
9395.392023  
9357.228405  
9455.204457  
9440.351829  
9480.508256  
9442.874911  
9315.050426  
9418.868186  
9490.22421  
9485.210605  
9439.134144  
9432.38956  
9351.791038  
9306.893266  
9387.766579  
9283.505793  
9299.998757  
9259.107333  
9254.438676  
9397.147905  
9486.903232  
9483.289529  
9473.292347  
9542.385476  
9385.335871  
9403.278076  
9265.894842  
9602.344949  
9388.785778  
9260.556641  
9296.296365  
9385.373646  
9469.287464  
9513.737105  
9538.632191  
9466.268954  
9388.351296  
9420.798983  
9323.546276  
9345.764959  
9283.610285  
9377.11408  
9575.664196  
9515.789529  
9522.534402  
9339.55178  
9384.434615  
9353.784335  
9430.891402  
9415.721835  
9371.979448  
9449.04672  
9292.671475  
9375.865168  
9504.500866  
9493.553311  
9443.684615  
9329.390048  
9356.466397  
9434.525124  
9497.761519  
9470.410312  
9374.433327  
9361.297963  
9404.599343  
9427.043857  
9388.777055  
9408.23038  
9359.355491  
9310.618541  
9344.830056  
9382.505393  
9408.974609  
9312.321333  
9318.146795  
9257.521662  
9268.281605  
9252.989191  
9264.81543  
9357.152477  
9509.37551  
9529.137207  
9504.35305  
9514.358931  
9528.186191  
9546.269287  
9507.995295  
9606.1426  
9325.177268  
9395.253085  
9458.881991  
9306.423695  
9343.845059  
9248.315141  
9414.793413  
9464.032449  
9548.877663  
9519.602051  
9457.287109  
9343.706809  
9387.6879  
9407.073287  
9442.135764  
9459.193825  
9415.380415  
9399.837003  
9463.538996  
9471.292813  
9372.525635  
9423.374778  
9262.40767  
9383.067006  
9358.638849  
9302.86994  
9332.662753  
9497.929577  
9167.80127  
9332.058971  
9293.442694  
9371.986217  
9348.805908  
9308.692583  
9451.902721  
9392.731756  
9172.412265  
9204.739347  
9203.446844  
9342.03722  
9458.276412  
9419.289839  
9285.314853  
9361.651878  
9463.421365  
9468.472235  
9429.983643  
9438.879927  
9297.563477  
9456.206587  
9524.60771  
9525.288974  
9395.075639  
9390.80613  
9476.87642  
9420.396129  
9301.488392  
9173.834806  
9304.054221  
9550.948597  
9623.799738  
9425.686701  
9465.184615  
9295.108465  
9267.282981  
9333.880171  
9419.384144  
9378.07049  
9372.019775  
9408.696311  
9354.262451  
9522.091775  
9410.398526  
9342.168257  
9423.236128  
9229.18204  
9402.499134  
9480.075107  
9400.800204  
9387.840221  
9349.873513  
9355.876309  
9347.50293  
9359.44984  
9320.11843  
9402.7765  
9371.431752  
9538.292924  
9549.466841  
9550.676625  
9513.10356  
9478.124268  
9450.37915  
9306.239413  
9348.683594  
9345.441162  
9479.920432  
9360.633123  
9255.335516  
9366.74454  
9403.862149  
9413.536377  
9418.929355  
9265.872603  
9320.193848  
9316.06958  
9458.740123  
9590.905007  
9481.381525  
9462.398837  
9270.330278  
9210.582409  
9350.018222  
9383.101918  
9393.245539  
9333.526034  
9240.755305  
9288.847501  
9306.267578  
9350.922852  
9418.427979  
9392.809393  
9529.851252  
9499.626199  
9400.102983  
9522.701039  
9499.135187  
9494.017356  
9442.245273  
9341.671586  
9453.973011  
9448.822132  
9428.361794  
9466.658847  
9463.827903  
9484.76689  
9458.400945  
9445.793701  
9454.691695  
9478.192161  
9290.932617  
9331.657781  
9244.443803  
9205.957719  
9220.403232  
9416.815097  
9768.465177  
9846.248957  
9535.920321  
9437.219305  
9420.418546  
9305.323575  
9296.533825  
9267.322155  
9494.248535  
9440.178489  
9355.93639  
9479.994829  
9470.598411  
9574.747736  
9456.178356  
9430.031383  
9179.673273  
9275.743453  
9390.02417  
9452.283958  
9439.716042  
9358.60285  
9344.683527  
9337.913619  
9162.378107  
9304.867188  
9468.719727  
9378.762096  
9558.628596  
9541.831587  
9335.989147  
9251.095748  
9379.311102  
9184.546919  
9396.344371  
9447.953214  
9440.80775  
9528.032005  
9404.913907  
9208.67203  
9371.365079  
9293.693737  
9416.218395  
9410.386452  
9500.914418  
9412.449063  
9409.892156  
9417.532005  
9386.280629  
9465.281294  
9495.576394  
9414.289551  
9439.747004  
9386.258367  
9318.417591  
9375.215909  
9458.904208  
9497.832409  
9567.369474  
9468.402455  
9454.053334  
9384.427512  
9272.737926  
9204.194047  
9292.728782  
9356.807329  
9444.265203  
9496.802091  
9518.496249  
9359.806352  
9358.576238  
9335.887607  
9386.271995  
9466.003884  
9331.65625  
9390.929621  
9440.441251  
9469.400901  
9541.404008  
9409.266579  
9461.376864  
9479.959273  
9539.424361  
9573.80613  
9498.503706  
9365.098855  
9369.572199  
9431.485507  
9428.183949  
9519.911399  
9263.915971  
9593.382657  
9376.582852  
9467.611284  
9250.126265  
9304.697399  
9301.559437  
9090.56088  
9394.752286  
9380.002752  
9336.924672  
9373.776811  
9251.70914  
9397.284646  
9371.05036  
9354.424672  
9446.630438  
9406.436279  
9401.372892  
9553.332719  
9369.306197  
9380.917259  
9460.7502  
9440.768222  
9442.927668  
9365.530318  
9288.621227  
9321.173162  
9328.945734  
9273.636541  
9216.937966  
9553.800604  
9159.956432  
9208.218284  
9241.839799  
9249.762828  
9167.650835  
9651.054599  
9574.422097  
9330.859131  
9439.508367  
9433.226318  
9348.615767  
9327.094926  
9307.95459  
9323.498002  
9323.716819  
9742.122381  
9455.929421  
9428.100897  
9478.522883  
9545.713068  
9407.349543  
9262.409579  
9240.47896  
9242.057906  
9263.818936  
9375.408691  
9311.026944  
9352.435902  
9321.611661  
9425.553689  
9641.298451  
9668.338978  
9643.917148  
9526.788641  
9251.119518  
9294.674339  
9391.243075  
9404.318359  
9482.193626  
9508.544145  
9511.063321  
9546.15585  
9397.702703  
9306.810081  
9359.497625  
9303.450573  
9378.807506  
9311.264094  
9383.956565  
9376.480757  
9390.658203  
9520.668013  
9514.551847  
9531.654963  
9308.288374  
9339.225386  
9328.711026  
9367.26345  
9358.227006  
9369.999312  
9316.688232  
9300.23422  
9412.698131  
9482.664817  
9378.188543  
9355.40665  
9565.253174  
9614.068426  
9380.92112  
9363.666282  
9288.238459  
9331.749157  
9439.24454  
9508.908714  
9352.295455  
9443.438898  
9291.159668  
9284.513672  
9285.648504  
9262.603715  
9329.628862  
9620.867165  
9264.991588  
9486.646507  
9400.842441  
9536.38117  
9537.667303  
9541.318248  
9335.713335  
9297.091486  
9219.563987  
9258.987571  
9313.364014  
9398.508878  
9340.060591  
9410.437189  
9303.540927  
9233.134366  
9397.027521  
9585.294722  
9622.644997  
9529.211892  
9363.33374  
9408.364569  
9283.123668  
9333.881348  
9371.119096  
9423.813521  
9414.251953  
9482.682484  
9401.324285  
9519.794611  
9516.799649  
9421.552446  
9402.726873  
9513.357511  
9436.855802  
9393.701327  
9465.543879  
9685.394553  
9353.755793  
9304.449485  
9326.53833  
9353.19751  
9453.775479  
9307.742409  
9507.410866  
9567.586115  
9505.482178  
9296.729359  
9640.963335  
9135.307617  
9375.962491  
9373.356534  
9694.480158  
9487.883922  
9328.049893  
9363.112349  
9279.491211  
9291.596591  
9279.562678  
9404.584273  
9403.803134  
9356.675848  
9385.638561  
9337.215776  
9335.995339  
9416.261053  
9502.749689  
9499.524436  
9282.854159  
9315.74858  
9181.551136  
9358.100342  
9416.519309  
9287.851185  
9263.048406  
9283.920499  
9403.145641  
9404.595969  
9645.832453  
9426.269731  
9260.819469  
9333.138694  
9227.798362  
9243.849365  
9282.364702  
9511.920654  
9691.468306  
9488.290083  
9363.551114  
9544.062811  
9292.997847  
9342.507147  
9319.430398  
9275.03105  
9324.341597  
9502.745406  
9635.410622  
9202.425115  
9266.718928  
9377.111683  
9417.185747  
9513.121715  
9722.46076  
9446.39462  
9350.329679  
9188.40301  
9345.767245  
9519.389537  
9443.108598  
9308.624889  
9267.767645  
9394.278365  
9260.253706  
9306.560591  
9345.379483  
9427.930531  
9364.729426  
9243.152055  
9281.575883  
9396.060347  
9463.93497  
9586.313321  
9659.424028  
9488.567982  
9390.442827  
9382.832164  
9261.952792  
9531.542236  
9500.800382  
9440.075439  
9429.945357  
9426.357355  
9300.849276  
9356.262274  
9417.397461  
9420.731934  
9353.355913  
9456.185858  
9387.412753  
9453.139094  
9360.267822  
9477.091464  
9366.137029  
9360.795122  
9413.859086  
9349.882124  
9463.272261  
9495.793635  
9425.522638  
9610.550937  
9567.527077  
9472.691806  
9419.863148  
9378.474676  
9416.541859  
9310.69407  
9424.849587  
9390.031317  
9265.999978  
9423.434881  
9480.033181  
9351.086737  
9258.058105  
9328.857977  
9234.794367  
9360.618386  
9367.935791  
9458.725142  
9475.85407  
9666.244252  
9560.061457  
9367.585582  
9323.613681  
9346.234974  
9313.502774  
9232.149192  
9185.166637  
9143.414506  
9320.837291  
9405.193115  
9442.846191  
9416.062522  
9454.134055  
9620.140425  
9458.177912  
9580.353538  
9616.96986  
9508.771396  
9417.264582  
9285.873313  
9384.846258  
9432.69711  
9430.821245  
9431.762718  
9216.582741  
9325.232289  
9217.115345  
9272.335516  
9379.816362  
9451.748846  
9508.205034  
9438.112216  
9376.455455  
9451.087402  
9385.326039  
9327.531383  
9363.512185  
9338.176469  
9326.739058  
9249.419078  
9338.360906  
9404.747914  
9455.499556  
9517.305287  
9467.402654  
9340.927979  
9280.596191  
9397.058416  
9671.801625  
9557.142889  
9262.317627  
