5690.894974  
5697.852347  
5670.264033  
5690.958441  
5716.465852  
5710.343605  
5667.059048  
5726.427947  
5725.468761  
5728.323174  
5675.127992  
5721.943797  
5700.186027  
5749.322996  
5741.188161  
5729.777638  
5738.281948  
5723.052454  
5722.76994  
5710.591746  
5688.918123  
5716.95794  
5713.275502  
5696.992874  
5700.247539  
5707.325474  
5694.200647  
5723.677502  
5700.56544  
5735.693304  
5688.372943  
5681.545907  
5684.303732  
5672.672579  
5718.567266  
5728.685799  
5694.258469  
5676.008455  
5686.085437  
5696.56692  
5693.203664  
5679.036885  
5700.330207  
5660.914058  
5702.86277  
5722.227895  
5733.693023  
5707.645087  
5722.134584  
5722.898762  
5740.826907  
5695.538936  
5736.620082  
5743.849519  
5741.352264  
5697.63122  
5705.536542  
5704.200739  
5734.596909  
5702.53929  
5704.552693  
5676.926938  
5707.377257  
5721.534289  
5678.968723  
5722.544125  
5706.384565  
5715.15508  
5709.296173  
5688.866666  
5686.168189  
5671.382397  
5682.994728  
5683.623559  
5698.121259  
5706.1529  
5717.858457  
5700.925861  
5695.086621  
5682.874439  
5700.164745  
5703.007543  
5729.471998  
5710.951066  
5739.772327  
5727.257025  
5713.452803  
5701.96172  
5730.38744  
5736.240673  
5717.382793  
5736.395249  
5692.2276  
5692.302156  
5751.366661  
5687.954434  
5678.079652  
5701.828079  
5699.251824  
5720.196387  
5692.676549  
5725.594673  
5699.78796  
5707.327592  
5703.908909  
5714.296028  
5723.077474  
5673.031799  
5720.148564  
5696.933166  
5700.160862  
5698.655001  
5711.934254  
5724.709618  
5693.067799  
5686.409139  
5673.804257  
5697.399977  
5720.345945  
5724.672341  
5701.561196  
5704.193945  
5697.024776  
5713.836699  
5708.902372  
5736.925741  
5729.635215  
5718.623919  
5709.116665  
5693.82056  
5687.496282  
5662.134876  
5672.975376  
5694.551006  
5707.099277  
5692.4447  
5697.86976  
5684.402597  
5723.597029  
5729.599468  
5710.978913  
5722.764761  
5761.079396  
5722.096436  
5718.249012  
5705.314497  
5710.234584  
5679.096665  
5703.330851  
5711.171298  
5673.27369  
5680.15007  
5683.618087  
5680.873827  
5689.527537  
5716.0929  
5712.080774  
5708.682302  
5704.142969  
5731.317218  
5731.092424  
5722.159218  
5726.191102  
5734.250861  
5700.182676  
5695.196128  
5680.738994  
5721.134262  
5708.810315  
5683.935863  
5701.988227  
5715.251656  
5744.595212  
5714.751068  
5715.495946  
5719.202507  
5700.504502  
5690.658548  
5684.7611  
5720.10976  
5688.191969  
5720.748768  
5701.079485  
5717.862182  
5691.545177  
5747.044941  
5720.358735  
5708.047299  
5700.515309  
5714.01935  
5702.040998  
5714.042459  
5710.46266  
5708.755567  
5670.964042  
5704.461285  
5706.676175  
5722.010778  
5693.05301  
5716.95559  
5710.946898  
5719.041935  
5690.402989  
5735.161024  
5696.533084  
5708.699951  
5684.262866  
5673.530862  
5695.209988  
5720.623929  
5698.966753  
5691.072542  
5700.420543  
5719.766334  
5719.601769  
5697.339004  
5737.287817  
5723.200129  
5677.356474  
5671.064162  
5701.624613  
5709.947031  
5710.529327  
5686.819234  
5690.130826  
5707.692955  
5703.167662  
5726.815247  
5680.789822  
5693.751868  
5687.187303  
5697.941901  
5741.905119  
5716.122952  
5732.269748  
5717.366646  
5704.946552  
5642.933471  
5680.747776  
5685.648167  
5667.656905  
5721.17619  
5711.461661  
5703.808132  
5706.201906  
5705.030664  
5714.6911  
5732.43855  
5725.546997  
5708.134679  
5731.606558  
5713.102188  
5715.999517  
5746.310535  
5723.957513  
5707.566481  
5709.688493  
5724.520454  
5699.248459  
5714.966158  
5692.342602  
5692.590994  
5696.551725  
5700.253793  
5705.526693  
5709.926988  
5707.01465  
5718.269749  
5692.318428  
5699.3428  
5714.547981  
5703.322292  
5737.517947  
5721.587834  
5690.767167  
5731.643203  
5727.203202  
5721.963098  
5717.734961  
5729.349686  
5712.340795  
5693.179363  
5718.051975  
5719.307193  
5718.237047  
5722.786168  
5706.846668  
5690.556029  
5696.675172  
5736.12278  
5715.354287  
5719.859685  
5739.878215  
5705.659522  
5752.349571  
5733.605811  
5741.958915  
5740.02947  
5728.337156  
5706.755908  
5711.518114  
5686.194265  
5731.975686  
5722.751989  
5693.4104  
5696.959036  
5732.125311  
5710.35493  
5714.578718  
5692.840496  
5684.554165  
5709.645114  
5674.671023  
5655.670055  
5673.643206  
5686.114041  
5705.321045  
5690.947456  
5688.655734  
5691.019196  
5725.664288  
5691.431062  
5739.829424  
5740.51791  
5744.721783  
5744.667108  
5745.499738  
5736.860092  
5754.90911  
5724.084503  
5711.779265  
5701.410401  
5704.743958  
5621.121107  
5724.415309  
5673.038669  
5701.081332  
5687.400307  
5685.597866  
5699.973773  
5685.779382  
5693.044274  
5712.201101  
5679.762458  
5707.902158  
5693.81593  
5710.171182  
5689.509677  
5713.794194  
5676.613359  
5688.151059  
5686.353228  
5702.91497  
5669.205121  
5704.962912  
5694.39666  
5672.694313  
5691.482479  
5694.177428  
5702.209573  
5706.228136  
5732.083081  
5676.737302  
5722.410817  
5694.572419  
5733.643209  
5714.978032  
5745.255442  
5701.406941  
5720.376332  
5759.27621  
5703.298221  
5699.478747  
5701.572707  
5717.418327  
5740.054845  
5727.158434  
5707.954553  
5687.610395  
5730.042746  
5689.989591  
5704.040486  
5736.424774  
5711.994159  
5706.048917  
5692.872869  
5713.638124  
5732.622863  
5666.989611  
5666.507217  
5718.809748  
5733.835201  
5718.773012  
5679.960561  
5671.212638  
5605.642634  
5742.837453  
5723.973102  
5724.920476  
5699.362022  
5667.671117  
5688.474906  
5724.206978  
5736.770894  
5693.511776  
5687.870503  
5712.800973  
5692.042186  
5714.590744  
5710.841349  
5733.566932  
5669.143108  
5687.638741  
5716.839526  
5705.249701  
5698.969487  
5672.66825  
5697.846048  
5692.348026  
5730.995873  
5713.333899  
5720.662427  
5736.666913  
5705.755345  
5743.430706  
5688.049912  
5683.143161  
5697.030598  
5717.797237  
5741.490331  
5712.95197  
5714.741431  
5695.267599  
5692.284215  
5691.162817  
5695.961535  
5720.047917  
5722.300592  
5723.223856  
5702.642223  
5724.910128  
5715.791619  
5686.5497  
5742.981552  
5707.097641  
5717.288559  
5683.631509  
5684.479809  
5727.257113  
5739.370305  
5715.57464  
5695.839851  
5694.019718  
5684.730755  
5683.865487  
5706.97767  
5679.826792  
5718.592604  
5689.492086  
5692.017281  
5673.569598  
5669.088288  
5689.176947  
5675.110521  
5699.275525  
5698.619408  
5706.529723  
5704.098006  
5702.538702  
5709.600571  
5735.590751  
5703.007876  
5717.521692  
5740.792072  
5715.533983  
5744.326818  
5728.44305  
5730.052097  
5719.231312  
5711.5199  
5725.550339  
5742.240979  
5702.046177  
5712.333421  
5710.97556  
5703.88864  
5708.117964  
5694.922837  
5668.920877  
5686.505426  
5689.788881  
5658.776668  
5685.060823  
5688.438472  
5688.522025  
5679.294229  
5709.14409  
5700.567686  
5673.324397  
5705.69257  
5702.628357  
5692.22775  
5694.491217  
5732.123918  
5719.260298  
5721.017052  
5725.220584  
5735.311619  
5720.016295  
5730.632509  
5692.23014  
5728.700104  
5722.599491  
5735.391141  
5706.934949  
5713.243103  
5719.684242  
5736.13579  
5721.965037  
5709.877044  
5694.968523  
5692.241005  
5709.486454  
5730.501512  
5736.186522  
5712.712018  
5741.003436  
5715.417171  
5742.026654  
5734.324251  
5707.912058  
5714.116326  
5698.493922  
5705.667286  
5672.252606  
5705.356122  
5758.331747  
5728.149305  
5729.211661  
5696.130893  
5701.893464  
5703.832948  
5711.487056  
5714.732208  
5724.423699  
5698.512119  
5731.694692  
5712.158477  
5681.185852  
5695.081314  
5673.852568  
5686.589791  
5653.573432  
5709.188109  
5666.084895  
5691.20519  
5696.445295  
5686.175525  
5689.252983  
5712.325154  
5734.784255  
5729.375781  
5714.717319  
5718.857092  
5702.034373  
5746.398966  
5727.81157  
5715.289742  
5729.880301  
5731.548983  
5695.995654  
5705.086286  
5668.417018  
5688.354104  
5704.607902  
5711.004257  
5680.11643  
5671.092006  
5702.056863  
5702.547797  
5717.22892  
5724.841642  
5699.995276  
5724.156868  
5727.103025  
5757.093275  
5717.353959  
5714.134376  
5715.966307  
5725.64794  
5701.978582  
5725.231335  
5691.106653  
5747.081563  
5681.548262  
5730.384735  
5714.599916  
5726.862411  
5689.672561  
5675.046974  
5682.394518  
5694.975123  
5701.533758  
5693.256358  
5726.020052  
5694.836401  
5721.988855  
5718.249799  
5711.198299  
5695.93591  
5671.721672  
5697.175463  
5693.867459  
5733.489573  
5711.302101  
5694.37913  
5747.70364  
5732.785051  
5730.710449  
5702.981865  
5710.953012  
5696.068718  
5727.058521  
5710.59617  
5722.620717  
5726.213554  
5715.024164  
5692.798796  
5699.210178  
5699.051291  
5686.457323  
5684.783098  
5685.833777  
5698.589054  
5676.155915  
5719.494226  
5720.926648  
5730.509817  
5720.007337  
5729.076099  
5727.331962  
5759.536458  
5709.754396  
5701.947213  
5698.2467  
5703.352591  
5748.766279  
5735.017231  
5706.572715  
5716.420848  
5736.159862  
5727.783766  
5702.325943  
5707.448374  
5717.077354  
5710.391793  
5723.849356  
5697.958337  
5705.572821  
5710.368435  
5688.273831  
5695.386792  
5710.368481  
5733.747426  
5688.765348  
5721.971655  
5742.37997  
5726.94549  
5658.565423  
5760.740548  
5723.648075  
5677.149116  
5662.810201  
5652.474812  
5682.161215  
5698.715221  
5727.727088  
5717.551866  
5688.852578  
5686.269479  
5691.374935  
5710.353058  
5685.176308  
5680.070657  
5708.625827  
5711.793486  
5706.397787  
5701.701084  
5705.558478  
5741.24763  
5711.493903  
5720.285392  
5707.075837  
5733.186874  
5722.292662  
5643.543975  
5653.381751  
5676.289262  
5680.16228  
5733.409132  
5722.444322  
5684.116734  
5666.53877  
5687.680794  
5708.860327  
5753.12076  
5742.403978  
5691.54131  
5719.263348  
5695.162824  
5703.634766  
5694.036118  
5685.821305  
5686.725005  
5736.936578  
5722.940365  
5691.425885  
5733.087972  
5728.203661  
5705.120798  
5710.799308  
5727.525166  
5713.843511  
5717.442324  
5715.662148  
5720.515009  
5726.503086  
5722.531183  
5678.728508  
5701.786435  
5744.564918  
5743.297203  
5697.591904  
5717.451172  
5703.303292  
5680.333693  
5729.05315  
5702.279279  
5722.429024  
5709.167702  
5709.406425  
5682.24071  
5677.687529  
5677.149239  
5660.912074  
5721.446102  
5663.310686  
5693.954557  
5716.981643  
5711.445176  
5699.56958  
5682.643304  
5702.528037  
5714.531373  
5713.103311  
5692.01308  
5704.114079  
5750.020616  
5736.74264  
5719.387981  
5716.402454  
5741.379465  
5753.937132  
5733.98654  
5719.163619  
5717.505495  
5701.015408  
5730.130992  
5711.663396  
5675.394894  
5712.818903  
5682.644654  
5695.126128  
5711.394564  
5698.037257  
5694.981165  
5711.693919  
5708.435382  
5700.796718  
5698.564901  
5683.871689  
5701.651653  
5686.269014  
5720.687882  
5703.93325  
5719.227899  
5689.837806  
5695.354382  
5725.223307  
5706.909908  
5712.839176  
5707.969439  
5713.019637  
5704.851897  
5737.004872  
5744.598178  
5742.206085  
5727.123937  
5721.616958  
5753.270568  
5722.945676  
5700.47936  
5693.456202  
5684.001866  
5740.668157  
5716.622652  
5689.998035  
5710.532438  
5689.122781  
5678.746217  
5709.181047  
5692.165859  
5634.016892  
5723.318428  
5725.970512  
5675.278285  
5710.588021  
5706.640895  
5730.185666  
5769.458564  
5738.231932  
5709.530511  
5718.192721  
5710.009685  
5727.511803  
5719.279258  
5707.045198  
5701.097329  
5726.799802  
5732.425543  
5721.145728  
5704.87404  
5730.372318  
5706.635376  
5682.084903  
5692.231187  
5672.869683  
5664.416241  
5697.217102  
5688.991481  
5685.091105  
5709.590241  
5705.816644  
5683.421897  
5722.246676  
5714.978257  
5683.84939  
5691.391086  
5686.243182  
5693.019682  
5671.75664  
5687.173731  
5701.343164  
5724.874963  
5710.450553  
5693.07818  
5703.004732  
5697.904245  
5686.958213  
5682.540734  
5679.744644  
5703.608288  
5719.836149  
5721.6923  
5707.966799  
5712.160027  
5713.69718  
5725.707543  
5725.854874  
5751.847847  
5731.096304  
5750.431079  
5709.133093  
5657.544199  
5672.168401  
5671.260873  
5674.304872  
5715.491122  
5729.809322  
5728.769975  
5717.743361  
5713.971961  
5728.918519  
5710.849355  
5703.825775  
5709.248526  
5685.172335  
5728.26809  
5703.902899  
5686.881986  
5707.362631  
5705.143969  
5739.1072  
5713.477896  
5679.600302  
5698.763372  
5695.666528  
5708.6545  
5744.414278  
5741.287226  
5713.842339  
5700.393574  
5681.633137  
5703.974219  
5740.91557  
5756.490144  
5717.954917  
5719.057415  
5710.009835  
5644.304714  
5718.27627  
5642.209408  
5705.065751  
5692.004787  
5694.459933  
5664.749063  
5677.400783  
5705.532509  
5721.284928  
5688.84415  
5697.68714  
5763.500327  
5767.739215  
5759.403868  
5750.886126  
5704.09349  
5706.764238  
5726.519877  
5708.310815  
5689.232012  
5691.779254  
5713.934357  
5706.788494  
5746.232654  
5703.578345  
5704.736317  
5662.902297  
5649.426551  
5679.446591  
5687.405077  
5726.36495  
5704.019275  
5697.151127  
5678.495579  
5682.175892  
5668.977738  
5676.875756  
5680.221883  
5676.737358  
5694.557878  
5765.804091  
5736.162425  
5719.593278  
5733.025964  
5706.881587  
5678.965534  
5746.540304  
5746.674481  
5739.136296  
5705.664444  
5674.357474  
5687.839487  
5726.482238  
5704.002242  
5710.845296  
5704.488736  
5787.999122  
5792.206232  
5735.82372  
5739.189642  
5707.735431  
5676.199191  
5667.86424  
5670.835927  
5679.6401  
5691.781777  
5720.511481  
5766.537325  
5768.583322  
5721.90971  
5689.67065  
5693.659222  
5693.154171  
5714.595142  
5734.199955  
5705.810388  
5678.269297  
5720.600803  
5725.718523  
5715.165384  
5706.357373  
5683.953729  
5723.974802  
5732.000383  
5720.485593  
5704.985849  
5712.43051  
5726.600833  
5757.320249  
5718.70634  
5709.049837  
5695.206462  
5673.297454  
5697.835682  
5714.96392  
5706.069576  
5681.995356  
5695.605812  
5716.254508  
5681.377366  
5766.76937  
5731.200602  
5730.782233  
5721.127243  
5758.283372  
5715.700165  
5745.152449  
5715.522452  
5704.19167  
5745.311099  
5650.924438  
5634.346889  
5654.46505  
5666.834772  
5678.606021  
5687.466641  
5670.446056  
5663.961788  
5679.621832  
5694.39761  
5703.484012  
5666.406201  
5661.960509  
5760.370505  
5714.498256  
5683.762545  
5717.113266  
5627.878049  
5715.367049  
5693.612672  
5682.353532  
5676.458934  
5658.651079  
5677.855961  
5710.638937  
5671.257473  
5709.87224  
5725.784531  
5704.374756  
5721.374557  
5763.33642  
5740.063711  
5685.817947  
5705.763716  
5676.790276  
5673.044174  
5725.669253  
5755.402486  
5725.735714  
5726.674457  
5764.57861  
5749.468119  
5745.022758  
5747.919662  
5686.709191  
5727.864139  
5701.378849  
5659.616487  
5674.869113  
5682.000652  
5736.310486  
5736.681975  
5700.795095  
5713.647834  
5718.39293  
5739.870559  
5722.871505  
5730.002052  
5696.341348  
5705.930866  
5723.710369  
5719.127917  
5751.884964  
5731.61738  
5734.185215  
5716.368077  
5711.92923  
5720.822732  
5714.353745  
5744.267159  
5724.050831  
5696.406976  
5709.244601  
5684.229424  
5718.251213  
5727.218501  
5706.498149  
5681.012669  
5657.866154  
5706.708081  
5706.039961  
5699.796432  
5739.139352  
5705.483368  
5687.407095  
5699.516987  
5728.494357  
5722.958841  
5710.564641  
5738.276694  
5739.29345  
5755.531203  
5700.816333  
5711.943999  
5670.270828  
5735.311749  
5710.969973  
5675.814639  
5682.325182  
5699.328744  
5681.743772  
5692.877223  
5710.361177  
5728.254862  
5740.218508  
5685.997326  
5724.766951  
5706.738553  
5690.625576  
5701.688277  
5717.44228  
5730.818889  
5701.026915  
5667.170803  
5686.112052  
5679.855741  
5677.225213  
5681.30657  
5662.73277  
5648.882086  
5708.695551  
5689.767396  
5657.002696  
5658.837332  
5739.246619  
5746.908774  
5674.51277  
5691.957096  
5713.298906  
5731.162558  
5699.704228  
5675.150653  
5679.213471  
5674.725926  
5698.278552  
5697.523178  
5732.561027  
5709.486082  
5750.49891  
5735.815687  
5731.487461  
5717.963528  
5737.915262  
5718.986608  
5712.405514  
5691.794688  
5777.182863  
5760.212038  
5725.157945  
5749.573844  
5722.666501  
5716.854447  
5767.583617  
5746.070707  
5697.330455  
5691.767305  
5772.098326  
5738.005316  
5707.338895  
5694.74063  
5690.671266  
5719.648483  
5717.84006  
5728.272571  
5738.459042  
5699.958863  
5709.029174  
5734.345215  
5713.978481  
5683.283661  
5688.795313  
5731.632399  
5663.909659  
5738.106344  
5753.774983  
5701.793213  
5694.636204  
5688.430924  
5673.925349  
5694.387136  
5688.957208  
5670.961371  
5634.543582  
5675.767234  
5736.031829  
5782.292771  
5750.820191  
5734.048565  
5707.450686  
5685.841181  
5678.045478  
5700.016626  
5717.288101  
5677.681517  
5676.475415  
5639.621569  
5690.480195  
5702.261816  
5684.880943  
5656.748599  
5679.582712  
5730.197673  
5773.344754  
5696.733844  
5745.29976  
5706.259134  
5701.084689  
5675.462528  
5722.795594  
5706.706604  
5696.207005  
5680.735526  
5674.442731  
5686.788612  
5694.943982  
5755.345947  
5709.912108  
5700.726516  
5709.036964  
5698.601107  
5748.603425  
5703.205515  
5703.132537  
5676.768896  
5723.063949  
5718.123478  
5689.22965  
5696.11125  
5704.192826  
5713.865322  
5703.134576  
5723.950564  
5756.76685  
5717.747947  
5712.137723  
5714.717088  
5712.229226  
5714.696306  
5666.721319  
5675.599046  
5695.882344  
5707.755262  
5741.628495  
5718.441405  
5709.431732  
5686.301005  
5684.864923  
5677.393537  
5681.780882  
5695.381117  
5700.67325  
5691.536892  
5687.23391  
5720.395979  
5744.865965  
5744.37651  
5720.129406  
5690.718522  
5680.590947  
5667.865583  
5684.801516  
5701.907926  
5724.339414  
5703.982118  
5700.594874  
5702.962149  
5683.309832  
5658.169173  
5693.972968  
5688.751554  
5704.519311  
5668.969251  
5708.459039  
5712.80913  
5710.762978  
5718.526879  
5724.665495  
5666.093749  
5723.747298  
5683.438459  
5701.340407  
5678.733394  
5702.328025  
5690.591126  
5722.195728  
5739.700481  
5737.988625  
5706.449389  
5697.124808  
5698.775756  
5730.30467  
5724.434555  
5758.761888  
5733.524862  
5698.861801  
5694.847205  
5702.630499  
5675.943569  
5686.854936  
5758.57568  
5721.3923  
5662.691607  
5686.194019  
5659.269441  
5653.911368  
5658.49558  
5640.332064  
5659.759515  
5726.466742  
5740.014783  
5723.675555  
5717.105977  
5690.523455  
5679.566343  
5650.702795  
5698.299904  
5734.482409  
5677.529392  
5685.203289  
5684.476148  
5736.629135  
5698.521946  
5699.750676  
5674.699673  
5716.84443  
5713.801509  
5699.413841  
5708.662859  
5708.596688  
5709.790852  
5711.832847  
5704.734441  
5740.931905  
5752.158586  
5646.630631  
5767.46838  
5783.177252  
5731.558917  
5723.741851  
5692.193241  
5703.450509  
5708.969638  
5763.779594  
5741.790562  
5717.299762  
5747.815904  
5743.154953  
5787.444471  
5761.230989  
5673.300024  
5746.776802  
5688.763986  
5687.350722  
5681.921512  
5698.77491  
5697.230712  
5711.537069  
5717.192905  
5678.235996  
5698.49631  
5716.276205  
5690.797176  
5682.870529  
5682.952921  
5699.655959  
5710.510985  
5658.939228  
5685.286448  
5715.07996  
5774.208023  
5689.345817  
5714.030637  
5690.422922  
5718.181839  
5722.781505  
5651.898537  
5666.519295  
5694.893579  
5737.568201  
5757.967782  
5711.857344  
5725.204085  
5700.067119  
5693.589461  
5689.959348  
5680.536576  
5677.101193  
5663.322852  
5676.155035  
5708.646015  
5711.697016  
5755.222441  
5726.090906  
5720.450759  
5760.08667  
5749.241544  
5778.155904  
5764.934673  
5692.049308  
5674.822557  
5714.603252  
5692.060353  
5742.83167  
5739.895994  
5763.566353  
5763.96069  
5769.283256  
5768.403973  
5711.249146  
5731.108676  
5716.687253  
5719.326841  
5722.280902  
5756.97201  
5766.302766  
5749.982263  
5692.585308  
5764.493265  
5729.536203  
5670.169073  
5671.589671  
5688.671429  
5737.140587  
5736.19755  
5743.607138  
5741.327248  
5728.165602  
5680.268719  
5694.951026  
5671.353727  
5673.601165  
5705.026797  
5700.628558  
5700.24675  
5691.968006  
5720.036448  
5755.211872  
5693.524985  
5694.080735  
5649.428171  
5718.276099  
5683.13329  
5688.486702  
5657.245791  
5719.381104  
5750.453031  
5758.887759  
5699.839344  
5717.192964  
5696.910905  
5578.158392  
5669.400663  
5676.090436  
5625.006039  
5615.447891  
5642.487145  
5645.939002  
5680.369732  
5713.717294  
5710.654537  
5725.318472  
5738.120918  
5811.328488  
5783.7673  
5708.40656  
5704.667115  
5683.553484  
5683.183814  
5670.408349  
5694.283493  
5680.651602  
5720.234043  
5725.456734  
5747.129464  
5744.172546  
5738.813242  
5730.049562  
5739.371151  
5739.790588  
5689.888397  
5689.789013  
5681.685122  
5694.133074  
5702.528885  
5739.745115  
5728.701687  
5655.547462  
5674.324563  
5677.214503  
5777.32725  
5806.835581  
5713.871323  
5711.684836  
5715.514357  
5652.346229  
5651.644586  
5636.797578  
5677.080071  
5772.775761  
5773.651071  
5751.81484  
5651.497803  
5616.994937  
5649.974047  
5651.855161  
5716.63829  
5699.83429  
5729.633533  
5675.246214  
5664.147297  
5676.242543  
5663.984114  
5691.784094  
5690.176202  
5707.603333  
5695.968442  
5740.169849  
5739.161529  
5769.572117  
5727.179117  
5660.431199  
5634.717118  
5670.108429  
5731.877645  
5734.05782  
5704.898321  
5717.117815  
5692.610522  
5675.426479  
5679.174193  
5659.542723  
5705.783696  
5715.441869  
5715.128956  
5704.002451  
5685.288509  
5681.628608  
5691.410227  
5722.421577  
5752.904829  
5758.02044  
5751.510553  
5701.42793  
5670.402511  
5691.729093  
5702.415869  
5757.846597  
5762.871559  
5741.887229  
5725.497038  
5700.598525  
5674.806407  
5650.440461  
5662.197922  
5690.650071  
5749.41647  
5703.728057  
5697.605087  
5698.792781  
5782.612461  
5749.566582  
5705.716262  
5708.832805  
5705.64699  
5672.259872  
5685.812004  
5719.512953  
5711.808199  
5733.370773  
5739.195933  
5701.922092  
5657.971074  
5675.200687  
5682.822058  
5777.866022  
5785.252037  
5749.250815  
5714.767794  
5718.633599  
5690.663913  
5695.486896  
5673.659827  
5722.327266  
5717.693103  
5695.16504  
5691.908261  
5673.010142  
5692.419623  
5745.106124  
5693.096334  
5702.705437  
5732.876692  
5764.990557  
5790.983395  
5787.168244  
5744.29143  
5702.839802  
5707.396655  
5707.206878  
5675.995813  
5663.337477  
5678.161208  
5674.752612  
5664.752459  
5674.536046  
5681.070221  
5688.291559  
5675.81883  
5635.325569  
5638.213148  
5654.296048  
5704.963455  
5717.616561  
5745.642461  
5748.01259  
5702.38042  
5720.990509  
5750.176375  
5658.865937  
5690.097856  
5714.438394  
5697.930679  
5692.237403  
5716.276628  
5691.493803  
5722.434939  
5746.883293  
5789.82145  
5723.436678  
5696.255731  
5755.825129  
5738.392047  
5723.89544  
5737.759407  
5737.245953  
5672.471412  
5739.594813  
5709.469426  
5673.294244  
5746.53567  
5697.834785  
5703.511166  
5657.884267  
5758.49426  
5732.086973  
5743.746432  
5711.424517  
5695.597453  
5741.019229  
5676.434846  
5710.354273  
5707.223598  
5666.475863  
5670.573283  
5688.198123  
5719.575141  
5705.446241  
5700.333228  
5704.824882  
5694.173615  
5721.052809  
5717.774548  
5761.632292  
5748.663276  
5700.447034  
5668.709802  
5687.844746  
5661.83416  
5700.493223  
