10808.54107  
10704.39724  
10710.00627  
10668.87693  
10570.99616  
10620.23282  
10654.48875  
10686.6128  
10737.05378  
10711.0934  
10677.37848  
10743.25872  
10738.35438  
10739.45285  
10785.84601  
10739.68178  
10714.46042  
10664.05338  
10712.20136  
10787.8485  
10863.93975  
10784.92382  
10723.30089  
10723.93922  
10683.38042  
10698.99425  
10777.66564  
10730.63788  
10809.3793  
10733.5696  
10754.96237  
10736.2884  
10734.53314  
10756.40049  
10788.29875  
10702.32419  
10684.15758  
10662.66704  
10694.0362  
10722.41224  
10747.89852  
10727.17956  
10706.78065  
10688.04092  
10694.35007  
10643.01375  
10673.78156  
10691.38506  
10681.6934  
10725.62777  
10649.86939  
10686.9702  
10713.56709  
10714.87225  
10745.58036  
10704.6357  
10733.44178  
10777.55579  
10750.22543  
10821.90567  
10776.37096  
10773.42872  
10780.30537  
10832.13625  
10831.13639  
10844.85962  
10788.0628  
10745.42612  
10812.49612  
10765.08007  
10725.24401  
10705.38961  
10648.2632  
10725.66222  
10703.59701  
10650.58792  
10745.21706  
10704.98125  
10724.61024  
10627.75467  
10673.47099  
10635.75635  
10574.76511  
10551.20726  
10639.59489  
10693.82051  
10757.01704  
10804.58424  
10730.33627  
10740.68135  
10790.5553  
10787.32321  
10815.17807  
10774.57916  
10791.49765  
10740.22398  
10652.58296  
10739.82858  
10714.99414  
10691.61232  
10679.29661  
10715.11372  
10716.92081  
10691.89368  
10641.94843  
10679.26259  
10683.07027  
10738.63406  
10763.78104  
10745.69482  
10738.12513  
10729.4117  
10695.41731  
10739.05959  
10682.38568  
10711.83026  
10660.50552  
10682.0577  
10683.96647  
10666.90018  
10622.00281  
10634.08837  
10653.76725  
10683.54111  
10876.6054  
10808.21446  
10804.05745  
10711.93536  
10722.34605  
10699.20867  
10762.35466  
10797.44161  
10777.86753  
10785.3256  
10789.88034  
10759.10877  
10708.40274  
10710.49104  
10748.04676  
10716.90331  
10713.48064  
10649.15069  
10746.06084  
10718.49028  
10711.94733  
10642.78088  
10534.57721  
10464.00444  
10524.53763  
10578.12709  
10643.94723  
10679.6257  
10696.01167  
10706.65824  
10700.06562  
10719.77149  
10370.03335  
10512.18425  
10835.25582  
10796.15542  
10790.8894  
10749.49131  
10751.11385  
10751.21787  
10747.66127  
10722.00201  
10809.22551  
10835.35391  
10804.84077  
10865.75977  
10685.26565  
10584.62913  
10546.33863  
10565.02262  
10599.0338  
10631.07399  
10754.82028  
10842.68571  
10843.19284  
10865.10067  
10818.07466  
10913.1611  
10760.55119  
10728.67418  
10732.74474  
10749.81804  
10728.84087  
10836.24134  
10808.92893  
10746.27023  
10808.0973  
10753.31743  
10645.80108  
10646.83311  
10656.46985  
10703.34111  
10756.46909  
10839.84727  
10845.63859  
10857.8727  
10838.24645  
10809.97066  
10823.76867  
10841.21875  
10811.31469  
10714.14012  
10682.42149  
10688.61803  
10652.49914  
10653.55596  
10641.65756  
10597.7971  
10692.42874  
10605.81715  
10620.95275  
10657.64118  
10669.64654  
10694.97112  
10760.41181  
10761.34969  
10747.60685  
10708.82151  
10712.67707  
10688.46685  
10573.95646  
10633.94731  
10633.37751  
10732.08499  
10770.36359  
10846.78552  
10872.00918  
10781.96981  
10822.20817  
10815.30842  
10780.01477  
10708.21312  
10655.48051  
10699.94105  
10647.88867  
10589.20186  
10581.76764  
10630.98807  
10608.1153  
10628.2285  
10679.9805  
10675.55764  
10684.35322  
10666.59552  
10750.97222  
10750.45196  
10786.51965  
10832.41911  
10787.87536  
10726.63538  
10669.43658  
10745.04896  
10714.92183  
10720.37594  
10709.78467  
10731.32193  
10715.37838  
10743.54208  
10767.97098  
10681.41352  
10700.06575  
10674.24857  
10770.31248  
10731.54275  
10771.34321  
10725.75191  
10759.9512  
10700.18309  
10641.53017  
10662.04245  
10613.45454  
10650.41705  
10720.61936  
10765.96076  
10807.13441  
10785.3182  
10734.76449  
10663.09229  
10680.92995  
10668.15065  
10729.63854  
10778.99114  
10810.78687  
10780.87413  
10727.99612  
10714.64923  
10683.85115  
10685.68778  
10618.1504  
10657.75515  
10680.25077  
10677.92129  
10654.27572  
10697.99386  
10719.28615  
10731.47627  
10757.2983  
10845.15558  
10809.14491  
10796.83293  
10724.15416  
10779.49175  
10792.42645  
10830.1337  
10836.82423  
10857.48032  
10807.96278  
10806.32211  
10681.09779  
10758.00487  
10748.17581  
10715.47593  
10697.91813  
10670.22354  
10730.37457  
10752.53801  
10699.50682  
10692.7495  
10718.19723  
10716.44053  
10789.40848  
10798.22779  
10743.71061  
10718.36243  
10708.69295  
10648.94833  
10661.47314  
10694.81901  
10678.82023  
10646.66255  
10617.24558  
10700.23077  
10635.33525  
10640.1617  
10715.26746  
10597.12743  
10492.14764  
10422.29286  
10518.7253  
10517.61897  
10625.83185  
10638.48982  
10641.03856  
10644.88766  
10645.57807  
10762.55852  
10745.31117  
10808.51032  
10792.52998  
10859.8643  
10819.33461  
10909.36511  
10868.64514  
10766.19513  
10742.08278  
10712.08304  
10647.52833  
10685.43622  
10659.98451  
10775.72225  
10745.56343  
10777.69743  
10821.6485  
10792.09819  
10797.65786  
10824.49043  
10770.18994  
10817.11702  
10784.94313  
10771.58682  
10773.00347  
10818.26858  
10826.29889  
10773.92877  
10809.72586  
10796.36825  
10801.04598  
10809.48906  
10785.92279  
10696.25503  
10675.81248  
10713.12852  
10711.75217  
10686.25201  
10664.75278  
10520.62594  
10681.07444  
10730.31892  
10803.43458  
10751.90459  
10712.69986  
10752.47937  
10721.05697  
10702.10414  
10748.33601  
10736.49411  
10681.81277  
10601.06657  
10600.33298  
10706.08714  
10655.0563  
10761.81211  
10707.83457  
10660.78407  
10687.68951  
10641.55163  
10677.41988  
10697.07569  
10763.3323  
10812.35868  
10760.50199  
10754.43566  
10699.60985  
10742.01927  
10760.1838  
10787.35961  
10746.82291  
10775.11244  
10822.59191  
10757.95904  
10818.36282  
10723.12937  
10610.20273  
10636.40437  
10630.8064  
10743.68162  
10678.84045  
10657.98602  
10809.23128  
10773.86716  
10761.46951  
10675.94597  
10643.6325  
10642.45151  
10691.67349  
10616.37344  
10607.87672  
10630.56347  
10592.36696  
10529.16904  
10490.69434  
10493.23496  
10448.01141  
10513.1277  
10612.7481  
10700.2483  
10713.4007  
10826.43533  
10825.45814  
10886.9292  
10690.45024  
10765.41163  
10810.44516  
10719.49045  
10694.76323  
10720.56674  
10731.86553  
10665.51308  
10812.9506  
10743.95837  
10761.50736  
10751.06727  
10796.58517  
10741.47697  
10851.28621  
10885.48888  
10783.89914  
10631.90336  
10682.74086  
10649.50482  
10680.23553  
10644.19369  
10716.39746  
10732.55388  
10722.89274  
10787.62866  
10771.61516  
10832.55667  
10656.61082  
10652.26425  
10615.14374  
10669.00603  
10637.81649  
10693.50205  
10680.96635  
10648.81085  
10613.55192  
10700.42873  
10749.51498  
10779.10947  
10738.80983  
10817.81744  
10691.39226  
10749.34991  
10754.93413  
10724.2715  
10800.81367  
10765.60319  
10750.24944  
10799.21031  
10854.16797  
10759.01347  
10709.25987  
10691.57411  
10651.60687  
10731.77178  
10692.97609  
10663.52032  
10654.00153  
10613.60123  
10585.29268  
10746.39451  
10718.35193  
10697.93088  
10727.67567  
10727.44857  
10705.23178  
10731.5509  
10684.58796  
10754.50281  
10731.09601  
10781.35715  
10811.18656  
10767.98763  
10709.41247  
10729.49819  
10646.60233  
10705.81511  
10715.21946  
10659.61275  
10686.72436  
10724.89396  
10833.90249  
10789.69355  
10805.32456  
10736.07883  
10690.47927  
10699.18149  
10777.49423  
10702.21769  
10704.09608  
10707.21629  
10749.05399  
10734.27072  
10769.06071  
10786.34719  
10813.05664  
10821.34546  
10808.04138  
10835.53137  
10828.44018  
10721.87106  
10634.39123  
10648.62869  
10721.84561  
10652.19323  
10670.38525  
10670.74309  
10718.45944  
10780.88628  
10862.60103  
10800.97878  
10721.44617  
10679.66225  
10709.04665  
10728.51517  
10652.55303  
10706.38203  
10785.56231  
10777.24828  
10749.20494  
10666.88382  
10747.29078  
10695.22037  
10703.6492  
10749.92096  
10702.60922  
10633.99588  
10655.17989  
10657.53431  
10791.02168  
10781.17809  
10775.90635  
10726.96638  
10758.85641  
10771.89188  
10743.82501  
10667.01545  
10603.07148  
10558.89353  
10672.73443  
10728.01296  
10682.92296  
10778.76538  
10674.66222  
10466.01587  
10445.82862  
10451.82552  
10517.16194  
10539.74449  
10636.04834  
10793.08813  
10814.87212  
10835.7858  
10768.73488  
10781.05353  
10716.90672  
10702.13115  
10645.69035  
10689.63939  
10759.48244  
10751.9234  
10767.98383  
10754.48376  
10879.22094  
10830.85558  
10828.35698  
10829.93702  
10874.75471  
10914.22999  
10822.27661  
10688.43005  
10712.24457  
10665.38716  
10649.2303  
10676.44799  
10717.36089  
10615.8807  
10734.0917  
10691.00187  
10603.93587  
10580.9103  
10608.41184  
10610.09106  
10692.37954  
10798.61744  
10873.14117  
10895.3301  
10860.28845  
10817.23256  
10690.96863  
10741.39281  
10719.03841  
10621.6769  
10713.9587  
10676.65888  
10632.1127  
10662.75536  
10772.03981  
10713.34225  
10679.22925  
10760.33186  
10857.38167  
10826.71754  
10781.75217  
10706.25091  
10628.79976  
10537.6239  
10594.21747  
10578.72704  
10597.85231  
10691.31781  
10724.48456  
10739.34412  
10765.95095  
10755.23232  
10785.14305  
10794.45142  
10878.67178  
10724.2736  
10669.23708  
10718.79009  
10649.49546  
10630.79496  
10658.66462  
10662.10828  
10714.46701  
10697.94882  
10714.68725  
10625.41415  
10620.96696  
10680.03961  
10799.48873  
10843.50909  
10831.03116  
10781.82367  
10776.71439  
10841.09903  
10893.53001  
10839.93182  
10736.33594  
10579.4338  
10638.1755  
10733.63123  
10720.95973  
10750.30093  
10755.02067  
10821.42331  
10787.04732  
10712.89167  
10684.05648  
10698.16419  
10691.30375  
10718.0851  
10695.8407  
10752.36797  
10755.96632  
10676.31959  
10582.78533  
10675.83005  
10678.87703  
10473.60491  
10465.29453  
10431.61574  
10499.50301  
10655.65668  
10733.55965  
10792.2153  
10751.88154  
10708.92383  
10753.63174  
10761.99492  
10699.25738  
10830.21854  
10793.02134  
10716.63964  
10709.22735  
10701.52639  
10701.30779  
10669.32602  
10707.29794  
10683.35189  
10735.73304  
10806.8122  
10767.08544  
10842.45285  
10750.9428  
10795.71056  
10827.0291  
10889.02696  
10802.02485  
10935.0903  
10863.12293  
10837.83332  
10852.84143  
10821.3692  
10818.304  
10865.07097  
10860.41953  
10820.58775  
10777.45011  
10721.92783  
10648.93772  
10707.79833  
10723.43855  
10656.24174  
10637.79954  
10676.19206  
10672.05037  
10660.46723  
10699.04824  
10549.80527  
10408.98684  
10384.81179  
10463.84271  
10584.01042  
10524.66656  
10625.80464  
10676.26326  
10670.4856  
10733.70783  
10725.99979  
10744.8689  
10777.31561  
10729.30701  
10763.23392  
10673.65987  
10720.93907  
10773.13939  
10697.80497  
10775.09391  
10759.60307  
10884.57755  
10801.03324  
10900.22653  
10788.55168  
10647.98583  
10539.29954  
10589.5749  
10558.96574  
10502.23768  
10661.91516  
10680.40264  
10730.63077  
10677.39097  
10647.77593  
10666.46891  
10694.1909  
10750.23056  
10761.54763  
10778.10114  
10922.25221  
10874.78954  
10754.61589  
10782.56796  
10760.26656  
10843.18147  
10781.26741  
10741.25564  
10755.61922  
10655.17715  
10644.83905  
10734.27295  
10738.99726  
10648.40557  
10579.15243  
10617.11416  
10587.94476  
10658.85909  
10696.4545  
10672.23057  
10640.93269  
10719.9404  
10766.2393  
10888.22085  
10777.30986  
10796.33023  
10816.4035  
10687.69104  
10666.3068  
10614.54725  
10615.48976  
10597.14176  
10636.35791  
10620.85577  
10638.06375  
10852.14354  
10811.63877  
10963.94258  
10916.65996  
10954.66717  
10942.419  
10908.95632  
10800.67072  
10736.13327  
10772.30509  
10655.25875  
10728.52721  
10709.03873  
10614.59352  
10696.33696  
10717.70325  
10673.53861  
10636.05608  
10717.88251  
10742.67421  
10767.92176  
10841.73562  
10818.097  
10685.33433  
10636.02824  
10688.43957  
10689.64269  
10694.05751  
10740.55221  
10718.94581  
10650.80045  
10589.06156  
10628.17918  
10680.13313  
10596.85227  
10767.44459  
10811.98092  
10754.75247  
10725.04138  
10636.22916  
10667.52476  
10664.19151  
10614.45018  
10567.03947  
10586.29206  
10711.76022  
10848.09852  
10857.33929  
10872.45644  
10963.99456  
10885.73594  
10772.79924  
10679.32758  
10633.31664  
10619.08261  
10583.43112  
10696.20515  
10675.14533  
10776.12969  
10689.71866  
10681.52999  
10639.48034  
10523.90441  
10490.06233  
10552.72011  
10647.79763  
10651.2997  
10672.25086  
10723.20127  
10813.03006  
10845.56046  
10868.61214  
10957.2215  
10921.4259  
10877.33511  
10844.18244  
10796.84044  
10943.17692  
10872.06478  
10736.64834  
10827.36586  
10736.82472  
10597.70082  
10554.04267  
10543.77302  
10572.47298  
10574.99847  
10584.55319  
10613.79747  
10609.75762  
10761.20307  
10719.75493  
10678.09284  
10646.35859  
10681.08953  
10720.52233  
10678.94887  
10641.72647  
10674.01306  
10744.17972  
10810.1422  
10815.9884  
10758.00722  
10787.3005  
10844.53997  
10689.58792  
10679.26379  
10732.30111  
10754.50911  
10678.73224  
10605.419  
10532.56237  
10626.27512  
10650.77204  
10692.67387  
10728.41189  
10829.19286  
10836.67956  
10726.66582  
10683.32808  
10692.02958  
10695.31245  
10719.21427  
10762.53174  
10763.62347  
10782.00581  
10797.25237  
10828.12363  
10804.91515  
10728.74804  
10737.45906  
10704.19931  
10625.51354  
10692.24559  
10697.48692  
10667.0815  
10635.34783  
10755.88343  
10772.2023  
10709.90938  
10709.36495  
10747.19334  
10768.58804  
10783.8791  
10741.06202  
10711.81973  
10759.25711  
10754.04356  
10813.78834  
10824.42881  
10791.46102  
10845.44699  
10860.68224  
10890.63568  
10771.24561  
10783.21087  
10729.03559  
10638.9055  
10646.97209  
10669.03505  
10672.7689  
10633.12018  
10684.04875  
10646.3398  
10660.74824  
10696.64627  
10769.54219  
10735.63425  
10693.80604  
10607.97478  
10616.59043  
10633.41722  
10705.27881  
10771.08139  
10822.53843  
10729.62244  
10737.6428  
10702.94713  
10627.5594  
10595.52338  
10713.40198  
10643.83495  
10658.31206  
10583.43507  
10605.55542  
10686.68772  
10680.60503  
10651.02759  
10763.90292  
10784.74613  
10734.53937  
10551.01532  
10608.04524  
10774.25757  
10777.72546  
10830.98618  
10800.07829  
10906.03853  
10771.21202  
10607.96017  
10571.77286  
10527.39964  
10555.51487  
10597.34593  
10696.24056  
10762.98814  
10833.6272  
10817.60437  
10797.02767  
10760.90255  
10806.80511  
10686.46189  
10665.85799  
10594.0319  
10613.57011  
10578.49979  
10538.25741  
10573.09598  
10599.50006  
10677.5577  
10692.2676  
10658.69777  
10719.89323  
10781.63907  
10788.19313  
10909.96399  
10970.12368  
10981.33329  
10980.3645  
10909.31251  
10896.08516  
10912.67203  
10924.04235  
10809.47894  
10788.43756  
10782.48267  
10749.1157  
10763.45577  
10695.84438  
10799.39319  
10875.79531  
10843.31402  
10664.40086  
10735.81759  
10622.74915  
10521.49808  
10454.59486  
10560.7017  
10596.37156  
10552.49542  
10625.10538  
10681.28511  
10745.2853  
10747.76568  
10765.31971  
10709.74548  
10734.38408  
10769.624  
10693.08338  
10707.69984  
10748.6024  
10789.9559  
10721.92865  
10714.85108  
10678.80047  
10735.38722  
10782.91327  
10791.02075  
10755.83585  
10688.77743  
10659.69909  
10664.44594  
10715.38362  
10668.14467  
10758.26611  
10692.28016  
10729.39673  
10674.83572  
10626.18097  
10569.37909  
10527.59247  
10520.23143  
10513.93618  
10619.35368  
10717.73213  
10802.4495  
10765.58452  
10842.30754  
10857.31108  
10915.77935  
10761.6738  
10708.54448  
10717.99371  
10674.70288  
10701.36688  
10537.90053  
10263.09331  
10644.68175  
10762.16866  
10769.57852  
10751.40962  
10645.45995  
10807.65184  
10783.0013  
10787.92582  
10834.7893  
10831.76887  
10887.07812  
10754.20144  
10767.04444  
10759.01215  
10735.35081  
10732.03192  
10729.3241  
10694.69751  
10695.69663  
10683.46392  
10728.45743  
10701.13624  
10669.69482  
10772.8919  
10801.88885  
10813.4799  
10846.02632  
10810.94783  
10772.16733  
10734.42456  
10746.49848  
10741.53675  
10660.69952  
10660.40686  
10733.80048  
10735.78124  
10638.94929  
10646.75403  
10705.81406  
10638.52161  
10773.14927  
10692.6081  
10766.84421  
10722.66274  
10686.34816  
10653.83451  
10705.29013  
10736.18159  
10715.67391  
10757.21817  
10728.85428  
10824.72053  
10765.9595  
10745.71598  
10726.6151  
10688.35395  
10664.82388  
10739.91795  
10643.32688  
10691.56238  
10634.82044  
10595.77513  
10601.68039  
10497.61621  
10588.5872  
10659.68381  
10691.18172  
10693.10792  
10670.144  
10651.71159  
10654.30547  
10442.40359  
10654.062  
10678.24715  
10542.75572  
10664.99506  
10731.90215  
10734.92497  
10761.88633  
10817.27689  
10807.75245  
10822.27814  
10728.94047  
10726.25259  
10727.92475  
10740.13092  
10791.13393  
10768.88057  
10753.73313  
10741.34963  
10733.14929  
10797.63985  
10773.9465  
10814.35237  
10942.65384  
10848.33765  
10852.3608  
10760.01884  
10783.91911  
10838.6397  
10650.14417  
10718.85942  
10713.32995  
10736.75543  
10778.03217  
10736.40372  
10765.9261  
10740.66126  
10721.7893  
10665.33368  
10672.11269  
10624.33966  
10666.81874  
10656.409  
10647.93132  
10701.84726  
10739.57483  
10759.41065  
10705.67487  
10809.61984  
10773.60429  
10767.05939  
10710.71791  
10751.65772  
10740.10606  
10667.44906  
10627.09724  
10703.66179  
10750.10713  
10754.13123  
10688.68842  
10765.81876  
10745.98468  
10712.47086  
10752.08455  
10735.86826  
10719.29446  
10745.96245  
10780.19743  
10651.3047  
10576.82154  
10500.35258  
10521.91828  
10564.74321  
10653.88688  
10647.43869  
10685.70826  
10714.82339  
10756.11592  
10811.50129  
10790.51937  
10780.11782  
10853.87185  
10808.90912  
10763.26626  
10785.85083  
10662.30584  
10702.11952  
10606.27905  
10733.96679  
10628.20244  
10696.20703  
10745.48847  
10761.34234  
10748.18714  
10743.5393  
10764.02325  
10846.12564  
10811.47718  
10780.72943  
10774.5654  
10835.12963  
10791.61965  
10650.88277  
10657.49011  
10751.62827  
10695.40454  
10626.27411  
10650.96377  
10643.21288  
10691.12239  
10731.99815  
10706.30773  
10749.62029  
10817.98341  
10821.35278  
10805.4123  
10882.05441  
10790.92445  
10723.81293  
10637.26605  
10581.02123  
10640.18975  
10580.35355  
10572.65011  
10592.38456  
10653.11202  
10654.26543  
10684.63165  
10675.06363  
10658.23465  
10709.2305  
10830.76145  
10793.5477  
10735.73942  
10663.20421  
10645.81865  
10647.27507  
10714.48161  
10718.7293  
10745.58319  
10694.48203  
10759.38635  
10745.67412  
10804.15661  
10766.58809  
10830.27577  
10819.83661  
10731.05817  
10687.84165  
10711.17639  
10581.48145  
10732.72949  
10737.00701  
10746.0696  
10721.728  
10765.31292  
10757.29395  
10770.52244  
10685.99829  
10738.96663  
10659.94849  
10756.76534  
10674.2024  
10667.55867  
10698.92028  
10599.56097  
10635.11595  
10670.92566  
10704.01617  
10763.29171  
10723.95053  
10706.1173  
10711.41697  
10658.89293  
10692.39273  
10641.09941  
10699.65652  
10671.59021  
10651.43903  
10663.9517  
10682.81016  
10749.4039  
10771.83292  
10740.04332  
10707.47135  
10769.30299  
10837.68999  
10831.50816  
10814.00097  
10834.7409  
10793.33214  
10746.56879  
10699.65331  
10675.75348  
10751.26205  
10679.68717  
10742.46511  
10692.47624  
10709.13339  
10682.22572  
10715.82865  
10719.48652  
10716.01666  
10760.87489  
10681.59792  
10710.22068  
10665.1628  
10536.7027  
10554.6555  
10581.25767  
10612.01107  
10650.10848  
10698.00417  
10700.84116  
10860.52875  
10882.71855  
10894.13303  
10877.34521  
10906.88987  
10868.38332  
10822.75691  
10806.20147  
10818.22637  
10742.26804  
10708.54993  
10728.8568  
10773.30298  
10845.24318  
10753.21559  
10742.92656  
10673.53345  
10660.02804  
10535.00362  
10611.86714  
10596.46691  
10666.29165  
10714.39038  
10720.28073  
10751.41329  
10740.8355  
10741.82061  
10770.74549  
10491.379  
10622.29382  
10612.04893  
10808.52639  
10732.38216  
10750.84486  
10702.50314  
10775.15255  
10737.64542  
10708.13418  
10679.33538  
10654.26653  
10667.69415  
10710.04223  
10706.62033  
10739.83003  
10765.27019  
10718.57536  
10716.53748  
10816.97643  
10765.75497  
10674.1649  
10704.00043  
10670.68095  
10687.30737  
10728.69626  
10810.45394  
10756.19409  
10724.96343  
10770.81829  
10838.78969  
10837.21628  
10778.58887  
10731.5141  
10746.78717  
10829.15475  
10701.99877  
10625.03291  
10689.97485  
10700.65631  
10839.17342  
10762.20516  
10669.46346  
10732.89566  
10720.48032  
10751.01382  
10752.23164  
10565.31778  
10468.08103  
10439.11091  
10451.31547  
10476.88912  
10508.25336  
10597.35462  
10679.67069  
10675.66308  
10667.56517  
10735.76806  
10790.37348  
10793.10862  
10794.48739  
10792.91587  
10857.99015  
10857.91936  
10848.25965  
10817.12396  
10722.23772  
10750.07863  
10710.84836  
10788.71991  
10856.01168  
10834.50071  
10853.93214  
10806.76386  
10818.53934  
10665.80502  
10579.73158  
10624.38407  
10662.23125  
10688.82047  
10650.87116  
10752.6599  
10774.90295  
10686.72143  
10628.50139  
10536.30069  
10601.00575  
10647.75936  
10617.08532  
10663.66067  
10683.55493  
10774.80181  
10769.23401  
10716.02483  
10590.8529  
10747.39692  
10933.66165  
10825.60678  
10789.98487  
10694.87371  
10677.04314  
10691.3323  
10652.36416  
10682.00957  
10716.65868  
10682.06374  
10694.1434  
10713.69208  
10730.23355  
10792.35245  
10854.8397  
10844.50457  
10890.23698  
10844.73054  
10772.56269  
10741.98757  
10704.20882  
10658.35867  
10731.29225  
10636.30223  
10657.03049  
10666.17355  
10608.21181  
10636.31919  
10679.06618  
10679.81862  
10740.1157  
10757.04347  
10730.99455  
10748.92989  
10747.6829  
10766.2815  
10714.45072  
10742.99841  
10732.18153  
10681.59351  
10720.35349  
10688.29317  
10756.87398  
10755.24065  
10748.57502  
10700.28544  
10729.68384  
10735.09366  
10830.73311  
10662.39781  
10697.18252  
10682.42911  
10684.09996  
10659.53705  
10691.39489  
10723.43709  
10707.32737  
10730.94917  
10669.2181  
10672.30431  
10774.33133  
10673.09842  
10714.48523  
10664.72225  
10709.33676  
10616.76069  
10707.55062  
10740.76037  
10728.18269  
10773.30484  
10834.3725  
10792.58053  
10753.26572  
10697.23323  
10630.36902  
10690.97796  
10703.14567  
10750.01347  
10785.48206  
10781.87763  
10737.64026  
10730.60019  
10782.9748  
10680.13236  
10636.04365  
10656.23986  
10693.46371  
10680.75697  
10734.82077  
10783.70496  
10801.00741  
10843.99071  
10812.59474  
10726.77678  
10611.63369  
10669.25273  
10576.36198  
10688.82735  
10679.16053  
10718.35076  
10693.72638  
10638.7007  
10631.93631  
10643.21537  
10664.19918  
10742.68978  
10722.40825  
10733.9407  
10725.23261  
10733.52349  
10729.37798  
10735.44129  
10650.63884  
10716.53015  
10732.01958  
10763.01018  
10749.84109  
10760.42079  
10815.1033  
10859.04663  
10652.72632  
10581.70976  
10620.03908  
10617.12207  
10612.30183  
10710.3996  
10734.74928  
10832.80184  
10861.90809  
10787.57826  
10792.61537  
10742.15073  
10753.46757  
10680.04091  
10729.56394  
10711.85314  
10695.34845  
10705.18295  
10686.07489  
10672.81802  
10689.69105  
