8418.197541  
8291.12144  
8227.898549  
8190.650242  
8185.416839  
8131.739317  
8220.206517  
8301.21847  
8230.903775  
8267.616133  
8233.453721  
8244.400994  
8229.033306  
8217.050953  
8207.965861  
8219.266598  
8346.85157  
8284.544952  
8279.422292  
8235.17221  
8279.521801  
8288.556559  
8256.963524  
8262.837522  
8198.896898  
8296.230133  
8287.264086  
8264.307446  
8244.705313  
8225.731162  
8217.392574  
8293.459033  
8293.765416  
8193.093515  
8298.101451  
8251.079068  
8329.960732  
8321.380449  
8299.957635  
8209.721721  
8186.207516  
8247.749802  
8280.081286  
8256.368328  
8264.940504  
8208.536021  
8173.905421  
8218.632839  
8309.432338  
8265.491133  
8306.814043  
8306.62904  
8283.343385  
8283.733514  
8253.002471  
8254.946084  
8223.467035  
8213.852576  
8301.944254  
8256.692182  
8255.616677  
8201.992601  
8200.533848  
8276.187235  
8247.103143  
8243.385746  
8288.547829  
8263.769554  
8228.676042  
8273.192372  
8278.869506  
8249.713506  
8281.489813  
8283.517026  
8278.019237  
8206.939606  
8283.852558  
8244.519106  
8262.912721  
8237.520008  
8265.155121  
8207.843705  
8244.056704  
8263.834338  
8274.894982  
8240.594585  
8240.555988  
8266.675256  
8259.654603  
8251.820939  
8265.643469  
8265.04686  
8243.870259  
8280.945134  
8243.628254  
8249.09009  
8243.545775  
8280.618951  
8299.284955  
8207.157752  
8262.733976  
8249.157555  
8201.033076  
8195.110079  
8154.331101  
8207.314707  
8214.523093  
8252.026035  
8224.986824  
8259.060219  
8338.905341  
8427.990044  
8310.250829  
8290.374251  
8300.758264  
8255.698913  
8325.565709  
8345.917425  
8339.950262  
8313.54405  
8232.76813  
8255.815404  
8258.933288  
8181.141527  
8356.020534  
8342.021857  
8346.242873  
8292.570737  
8358.327406  
8234.816697  
8293.713047  
8181.707408  
8285.155445  
8334.816857  
8286.885727  
8301.693262  
8284.231982  
8324.39603  
8284.576709  
8243.185364  
8289.690225  
8382.58022  
8269.148158  
8227.308646  
8238.268372  
8293.869107  
8308.275124  
8254.842595  
8189.292348  
8155.328136  
8140.589544  
8194.384184  
8148.808795  
8181.267358  
8229.436747  
8265.138858  
8030.601085  
7389.183806  
8452.38124  
8289.998455  
8222.401762  
8134.16402  
8243.304509  
8316.536163  
8302.168968  
8349.48944  
8144.959219  
8241.396771  
8249.694604  
8196.941824  
8224.3061  
8247.042061  
8186.491854  
8198.166914  
8108.146717  
8118.969486  
8187.320741  
8231.315407  
8186.180918  
8289.867284  
8269.883692  
8294.910943  
8239.326053  
8286.272066  
8250.741487  
8162.586116  
8199.752751  
8216.013996  
8263.889168  
8286.702298  
8253.708906  
8296.874281  
8267.489701  
8319.742873  
8277.117858  
8244.660417  
8259.328677  
8319.096911  
8387.243555  
8294.307554  
8323.941332  
8302.558038  
8342.768066  
8258.399828  
8370.479317  
8255.807934  
8307.522912  
8275.012833  
8213.860432  
8384.005591  
8334.466745  
8182.656742  
8247.233603  
8288.082244  
8279.6121  
8234.621153  
8273.305336  
8250.589206  
8192.156412  
8238.238354  
8263.645698  
8170.669579  
8219.581802  
8232.749333  
8218.871658  
8266.842643  
8245.474662  
8268.10753  
8271.894341  
8267.754793  
8250.321628  
8316.605998  
8266.318151  
8262.825262  
8252.285723  
8226.739515  
8270.335345  
8297.745069  
8331.538891  
8198.956088  
8173.252371  
8141.07518  
8239.832408  
8248.725567  
8213.904371  
8216.58199  
8272.949983  
8233.597833  
8342.937381  
8336.911073  
8324.208716  
8151.197333  
8294.325128  
8288.492993  
8205.269688  
8272.459044  
8155.994625  
8229.460024  
8263.981557  
8303.501431  
8306.187444  
8316.685469  
8215.707471  
8238.759773  
8241.82366  
8157.386424  
8145.840347  
8179.164502  
8198.451837  
8193.700767  
8134.02614  
8200.078744  
8170.95828  
8332.694321  
8255.543729  
8214.089061  
8267.094376  
8230.041209  
8281.569355  
8288.061266  
8270.461903  
8279.124271  
8270.712865  
8292.177529  
8228.859047  
8276.775126  
8296.648475  
8244.566602  
8249.099468  
8336.061028  
8276.099874  
8306.166795  
8252.604749  
8299.472641  
8276.459279  
8275.031597  
8259.607202  
8289.864627  
8171.398536  
8156.408829  
8205.930224  
8173.204305  
8283.32303  
8262.789051  
8335.338263  
8210.761797  
8232.012308  
8340.141162  
8247.794247  
8247.48704  
8209.49915  
8220.38829  
8243.597444  
8145.714872  
8378.162236  
8283.269442  
8271.00306  
8271.695432  
8221.949711  
8231.184846  
8220.078397  
8274.97733  
8244.901427  
8215.8189  
8248.443169  
8299.027415  
8294.679382  
8295.759397  
8245.363647  
8295.825863  
8323.834141  
8297.938503  
8288.294389  
8241.551061  
8401.582706  
8172.057479  
8251.430362  
8231.2955  
8196.35715  
8313.791247  
8362.108111  
8221.941257  
8269.97922  
8177.995902  
8197.033751  
8201.970017  
8046.383211  
8182.693926  
8204.397424  
8168.634658  
8216.532342  
8268.110486  
8199.800435  
8206.729291  
8264.582844  
8205.388951  
8246.11879  
8228.966789  
8202.04369  
8141.193594  
8097.088856  
8128.594058  
8171.813037  
8202.163298  
8244.971359  
8214.053372  
8230.755315  
8213.022055  
8227.94538  
8256.22389  
8247.464915  
8307.133133  
8224.944056  
8228.787277  
8246.647539  
8221.214165  
8189.814869  
8243.293028  
8241.565564  
8195.481632  
8210.080466  
8271.285753  
8249.745522  
8273.614675  
8276.556335  
8264.426284  
8293.166646  
8252.889097  
8361.690292  
8212.576356  
8244.816641  
8331.606423  
8289.79591  
8313.60668  
8306.081405  
8332.42955  
8305.69081  
8255.3359  
8314.695093  
8331.855141  
8372.551087  
8272.666925  
8160.246562  
8284.427358  
8251.605845  
8334.637718  
8216.485102  
8277.575564  
8289.40959  
8193.274265  
8158.090582  
8333.227893  
8356.272972  
8368.3704  
8344.143629  
8266.44349  
8210.021127  
8292.908177  
8303.794709  
8221.414586  
8267.130867  
8286.771585  
8362.066932  
8307.830555  
8243.695827  
8359.514824  
8242.028991  
8208.550054  
8236.37967  
8357.412292  
8265.978411  
8187.594395  
8221.426225  
8296.311408  
8268.707529  
8328.100295  
8293.992885  
8257.793054  
8309.631633  
8349.512671  
8233.531276  
8273.828524  
8214.877162  
8207.543392  
8239.370423  
8087.227498  
8134.908479  
8125.435111  
8160.230685  
8161.254406  
8202.610858  
8279.687194  
8294.155937  
8301.984614  
8241.470058  
8156.864873  
8255.711474  
8297.685193  
8189.28738  
8157.695972  
8227.551363  
8316.332795  
8239.872391  
8263.238658  
8310.301176  
8204.290665  
8224.933661  
8302.970904  
8270.960375  
8303.768182  
8419.536897  
8218.901431  
8342.069735  
8263.791126  
8226.013329  
8217.760899  
8189.145974  
8175.550554  
8174.039871  
8317.556152  
8352.349531  
8338.007145  
8254.714098  
8240.451487  
8258.60233  
8208.057233  
8193.17971  
8190.249083  
8223.044557  
8188.004497  
8161.424011  
8274.236097  
8203.991977  
8256.777269  
8324.446282  
8292.779286  
8280.404726  
8254.703371  
8328.432297  
8234.158054  
8168.316201  
8215.864776  
8213.569645  
8309.663813  
8445.527851  
8424.192938  
8371.440046  
8203.225938  
8234.251756  
8246.871038  
8362.528891  
8346.084081  
8323.342885  
8298.097489  
8212.8136  
8291.281369  
8261.636018  
8311.194269  
8257.435122  
8230.149604  
8202.355312  
8226.042719  
8213.249834  
8281.367769  
8226.662847  
8232.011816  
8325.064865  
8273.629283  
8254.685416  
8262.863089  
8229.666198  
8150.552938  
8331.042954  
8283.479995  
8273.985512  
8165.039268  
8156.061166  
8142.877087  
8212.381907  
8180.130526  
8322.638102  
8152.392259  
8268.359166  
8176.464825  
8207.857463  
8201.628015  
8177.131963  
8185.212171  
8307.597675  
8232.550453  
8238.893476  
8265.920205  
8320.834748  
8471.167965  
8418.724505  
8364.440355  
8310.802798  
8141.857299  
8340.438067  
8353.839102  
8381.643763  
8222.959873  
8329.079992  
8279.226  
8308.680932  
8314.945409  
8337.232049  
8377.959182  
8315.37093  
8196.127324  
8188.330887  
8218.044275  
8200.497316  
8201.695805  
8254.209074  
8357.212123  
8419.604414  
8349.472067  
8328.569925  
8303.470051  
8191.004592  
8237.625824  
8273.728542  
8256.112879  
8272.94097  
8211.69857  
8229.131888  
8327.005733  
8273.162605  
8203.189434  
8256.390901  
8236.6163  
8255.347824  
8426.839795  
8291.19125  
8238.122603  
8212.912866  
8211.811624  
8243.237172  
8251.863203  
8251.764395  
8245.622998  
8167.76987  
8160.084946  
7809.58604  
8046.336422  
8052.120988  
8238.132089  
8237.489209  
8365.198712  
8161.221503  
8115.398475  
8122.86213  
8228.348842  
8356.309526  
8268.174421  
8290.677842  
8416.499985  
8421.991643  
8398.761212  
8284.891093  
8369.558758  
8366.22146  
8329.936814  
8261.3543  
8271.889343  
8228.383793  
8244.011439  
8170.109461  
8255.708366  
8270.388161  
8179.713878  
8225.231168  
8222.100742  
8218.534053  
8205.399695  
8122.344697  
8107.350161  
8115.276114  
8152.285138  
8170.933925  
8227.209547  
8131.448958  
8100.392595  
8221.400959  
8247.84813  
8230.750335  
8224.139035  
8190.1221  
8220.689449  
8204.328624  
8155.247656  
8103.010785  
8097.61705  
8175.847466  
8325.793278  
8307.215008  
8347.134553  
8372.022062  
8271.573041  
8306.398851  
8321.306257  
8291.292779  
8208.60892  
8205.319492  
8215.852192  
8203.92154  
8265.318423  
8235.44671  
8281.212201  
8332.067551  
8331.866494  
8264.361652  
8301.700087  
8244.976766  
8188.684183  
8125.863378  
8114.51892  
8169.930683  
8175.221918  
8379.014004  
8231.350109  
8317.765573  
8294.231024  
8327.440918  
8321.257775  
8263.525264  
8331.722332  
8379.987305  
8290.925084  
8354.587194  
8217.621772  
8328.68769  
8198.078993  
8371.676262  
8243.343083  
8343.923705  
8332.439159  
8391.717732  
8306.263288  
8358.97698  
8365.863546  
8322.095122  
8369.095744  
8313.729962  
8156.280167  
8200.67378  
8171.100185  
8145.083384  
8266.617091  
8249.315042  
8285.244167  
8196.670336  
7923.896648  
8230.890765  
8253.390782  
8322.856781  
8306.136316  
8177.974822  
8195.963863  
8164.063249  
8158.753766  
8170.51406  
8230.858041  
8204.026397  
8230.856697  
8182.124266  
8334.788071  
8264.552701  
8315.626949  
8313.715313  
8261.990633  
8219.069213  
8201.011996  
8316.860571  
8192.273383  
8292.138594  
8277.530959  
8254.387259  
8368.889302  
8221.025007  
8226.174872  
8243.847556  
8282.383819  
8224.723517  
8184.755721  
8174.164983  
8280.657182  
8309.025901  
8247.11816  
8241.357243  
8302.731445  
8284.025857  
8465.926549  
8395.259594  
8334.990574  
8263.988024  
8429.334678  
8318.402597  
8288.673836  
8215.255256  
8307.580831  
8249.335293  
8390.229697  
8235.117885  
8199.516782  
8185.382738  
8180.386862  
8261.162314  
8184.448343  
8105.582859  
8170.525931  
8230.466543  
8198.959178  
8307.685961  
8348.088405  
8285.993801  
8344.761417  
8326.397573  
8315.623088  
8272.940474  
8209.367635  
8161.345673  
8141.215686  
8143.894112  
8219.869308  
8237.171957  
8315.273918  
8288.754424  
8257.111615  
8253.476756  
8151.722753  
8199.751293  
8098.976868  
8062.355012  
8170.113624  
8308.051053  
8306.822657  
8351.054434  
8343.808053  
8321.631094  
8254.150297  
8176.368947  
8163.556145  
8195.313152  
8333.878481  
8376.318363  
8356.93466  
8279.401613  
8163.284789  
8287.161923  
8160.219741  
8263.497298  
8366.675476  
8277.016315  
8268.494416  
8308.072377  
8304.759218  
8274.195111  
8172.341514  
8221.893989  
8124.014119  
8270.31745  
8221.512513  
8160.574841  
8198.504391  
8373.781403  
8252.35621  
8422.586422  
8284.598271  
8333.162911  
8124.327639  
8201.963591  
8205.605465  
8225.579929  
8174.525115  
8203.393991  
8255.683549  
8205.72279  
8301.599427  
8306.045906  
8168.965414  
8289.728695  
8325.625704  
8299.239467  
8353.645303  
8355.009385  
8242.120464  
8312.740637  
8313.268689  
8313.771701  
8360.986813  
8333.950676  
8283.304773  
8279.214721  
8331.987007  
8276.086623  
8208.315264  
8333.334894  
8198.701675  
8176.056177  
8287.83817  
8257.839434  
8125.482731  
8190.119521  
8164.703295  
7988.842773  
7940.474434  
8457.467677  
8409.78995  
8349.470465  
8246.277787  
8250.019099  
8209.097105  
8190.03119  
8281.244402  
8218.753384  
8164.32048  
8295.108261  
8244.669605  
8217.377527  
8103.960626  
8229.276326  
8183.721961  
8137.767425  
8131.267902  
8262.861459  
8290.177116  
8312.940381  
8416.545339  
8421.161312  
8255.563555  
8352.910432  
8298.227656  
8260.50724  
8181.775268  
8312.955253  
8356.408414  
8360.498666  
8492.880431  
8342.3423  
8426.697713  
8351.887528  
8167.273141  
8101.920941  
8116.443262  
8154.28226  
8106.0076  
8097.629972  
8165.118559  
8222.284482  
8234.160238  
8233.637923  
8294.34712  
8301.395702  
8297.994949  
8072.436749  
8367.416962  
8293.192364  
8381.257317  
8363.200266  
8352.691634  
8308.964426  
8322.92098  
8114.708118  
8121.277157  
8094.139926  
8088.958053  
8094.838206  
8097.931443  
8283.339546  
8275.722276  
8324.151684  
8290.016041  
8281.914655  
8201.279576  
8179.240682  
8161.27668  
8124.636531  
8138.43012  
8219.393219  
8273.418122  
8243.725605  
8281.268439  
8262.492023  
8309.650048  
7988.529375  
8320.814423  
8398.146648  
8235.281423  
8330.290826  
8275.202432  
8298.005781  
8286.472828  
8244.880591  
8317.473122  
8386.2126  
8351.069116  
8269.074342  
8185.571628  
8201.615514  
8100.214661  
8200.465899  
8270.708086  
8146.939379  
8136.622279  
8125.157663  
8221.423478  
8370.583149  
8272.217621  
8201.891083  
8140.848271  
8127.58954  
8215.675617  
8160.52791  
8220.947172  
8203.094376  
8259.224796  
8141.435674  
8223.401971  
8226.550837  
8299.255438  
8271.493336  
8189.288533  
8131.595066  
8246.888582  
8241.27901  
8206.6274  
8194.52255  
8156.29115  
8278.981084  
8285.337537  
8093.686043  
8277.834245  
8374.794676  
8364.823883  
8344.129663  
8315.33883  
8332.069332  
8305.096106  
8278.45279  
8157.483648  
8243.216174  
8222.385645  
8328.312384  
8261.190184  
8364.237909  
8358.106285  
8300.003977  
8243.049697  
8204.901662  
8296.683556  
8268.114202  
8379.249679  
8346.738505  
8193.55269  
8216.930906  
8237.968485  
8195.566665  
8330.645392  
8420.706431  
8440.536588  
8429.776315  
8368.038127  
8281.331528  
8302.053994  
8186.496806  
8238.344991  
8211.326472  
8357.29563  
8382.224442  
8258.022263  
7950.868734  
8312.851126  
8337.039033  
8093.250119  
8344.595099  
8340.455179  
8289.095129  
8297.540188  
8243.715461  
8209.13697  
8136.104977  
8220.940396  
8185.589736  
8278.507757  
8391.376532  
8398.957892  
8286.584745  
8266.364124  
8214.978087  
8069.018072  
8250.080738  
8446.412421  
8382.649049  
8222.630434  
8099.797661  
8137.39138  
8134.768012  
8092.389921  
8146.218582  
8152.796532  
8117.239243  
8157.182313  
8187.198257  
8222.632033  
8232.787404  
8403.021768  
8450.927209  
8275.090026  
8332.719369  
8297.604149  
8277.463092  
8255.491807  
8272.965002  
8275.092964  
8254.56922  
8152.604932  
8191.123772  
8206.183256  
8182.963785  
8097.522776  
8180.33011  
8191.318139  
8173.833602  
8117.159448  
8052.881066  
7966.791839  
8152.387175  
8228.260511  
8226.108063  
8240.657965  
8328.162784  
8234.140968  
8345.491636  
8391.798701  
8312.650473  
8344.526591  
8343.743865  
8301.91167  
8267.378884  
8349.259516  
8329.198514  
8304.143868  
8356.895034  
8346.218925  
8370.626741  
8266.753761  
8378.265804  
8418.684876  
8262.358365  
8356.486835  
8369.89332  
8317.351212  
8272.639663  
8233.122726  
8198.982884  
8270.791273  
8274.77482  
8304.432647  
8206.766367  
8174.547333  
8203.231984  
8178.207216  
8175.922128  
8167.57037  
8240.075106  
8258.561758  
8271.404625  
8269.477293  
8172.668073  
8260.728035  
8292.817021  
8101.811611  
8173.460813  
8243.075937  
7991.768793  
8133.632814  
8302.988173  
8223.709596  
8263.708224  
8183.074196  
8292.662475  
8259.413757  
8255.838118  
8345.048418  
8243.55058  
8385.379417  
8308.510064  
8250.107482  
8301.360184  
8323.934134  
8335.309227  
8291.017947  
8314.40215  
8292.865395  
8216.021332  
8246.694634  
8232.625842  
8315.385291  
8334.982072  
8299.853866  
8370.974136  
8408.964057  
8462.892451  
8219.063997  
8267.369096  
8384.783818  
8302.500444  
8103.039227  
8234.048966  
8177.737644  
8210.784858  
8212.556566  
8322.52728  
8387.510504  
8172.062276  
8295.179564  
8322.86932  
8275.828323  
8291.737815  
8307.114623  
8337.902157  
8336.430332  
8345.396238  
8307.83363  
8347.672736  
8268.294113  
8166.219072  
8170.463468  
8239.388623  
8233.96071  
8125.936563  
8096.823539  
8096.522509  
8171.859479  
8279.681544  
8331.176482  
8253.925591  
8310.23584  
8187.644764  
8275.803282  
8313.660559  
8278.833776  
8204.311154  
8195.632462  
8119.073354  
8275.707479  
8127.931154  
8129.275489  
8233.246142  
8211.6156  
8035.154737  
8263.886607  
8275.348055  
8349.701194  
8265.038936  
8183.703557  
8310.303238  
8256.815724  
8274.882827  
8284.192949  
8294.553685  
8282.205637  
8249.5742  
8292.94781  
8226.391473  
8202.557293  
8310.93939  
8170.319619  
8219.657286  
8195.146499  
8122.246293  
8114.153169  
8132.643704  
8141.125909  
8244.739094  
8182.180066  
8390.630852  
8335.058635  
8325.008983  
8293.163951  
8360.052675  
8372.458265  
8251.231639  
8269.010109  
8337.307975  
8357.704799  
8256.033449  
8345.244256  
8287.04888  
8321.117676  
8341.670705  
8277.473536  
8275.265785  
8249.681074  
8221.876114  
8206.247475  
8219.038373  
8227.599747  
8228.018109  
8247.092378  
8189.213286  
8285.007119  
8254.510955  
8329.285  
8226.026173  
8239.385735  
8249.019159  
8361.349758  
8337.295611  
8339.747793  
8193.046003  
8183.406559  
8145.044061  
8305.015919  
8330.640118  
8226.027243  
8142.688734  
8107.731647  
8103.815556  
8165.612349  
8248.846113  
8312.856587  
8345.633614  
8275.86746  
8254.757216  
8255.177377  
8268.910175  
8266.501614  
8241.190214  
8208.865834  
8263.080373  
8293.183012  
8261.069779  
8242.415047  
8154.406712  
8210.633685  
8261.104436  
8309.448734  
8250.049589  
8195.988169  
8207.559294  
8247.477457  
8140.726924  
8349.990249  
8300.350273  
8301.487312  
8379.988553  
8278.181413  
8191.540416  
7938.095904  
8534.68791  
8338.441794  
8255.467263  
8249.396745  
8227.606975  
8225.920026  
8237.298903  
8262.833205  
8288.259803  
8322.154826  
8251.327689  
8282.093336  
8295.638295  
8297.539036  
8188.101794  
8221.8429  
8321.266728  
8255.931467  
8253.772427  
8226.962387  
8197.074314  
8276.248971  
8258.310849  
8169.974919  
8193.145741  
8196.786675  
8217.652817  
8304.817569  
8250.146917  
8263.750171  
8288.868142  
8282.137706  
8201.897185  
8168.935178  
8284.804084  
8227.761614  
8260.517187  
8349.525383  
8242.730446  
8294.956796  
8337.741602  
8387.462078  
8349.369267  
8243.121746  
8143.89635  
8073.450538  
8230.181857  
8360.330708  
8325.986123  
8347.416347  
8370.183161  
8258.470759  
8303.762084  
8270.466077  
8271.980968  
8264.404099  
8244.869525  
8250.827633  
8320.833019  
8238.079817  
8326.652601  
8298.526934  
8261.110065  
8285.662959  
8252.668981  
8266.260079  
8291.826552  
8294.238591  
8304.546185  
8246.761268  
8203.428774  
8271.239508  
8098.803838  
8239.825031  
8202.203248  
8231.214784  
8276.330525  
8259.658501  
8330.293245  
8272.402474  
8270.809637  
8251.346613  
8286.867799  
8190.784005  
8268.5526  
8232.672315  
8295.463498  
8261.542477  
8269.026539  
8342.18148  
8294.382481  
8325.015517  
8372.428875  
8247.223014  
8230.16918  
8257.947601  
8248.699152  
8192.968105  
8255.252915  
8173.74521  
8088.845759  
8179.727274  
8205.902195  
8111.688706  
8072.199776  
8047.789402  
8050.557414  
8109.862239  
8085.528138  
8163.718055  
8246.056033  
8265.674182  
8297.308773  
8344.894039  
8361.156623  
8244.509445  
8251.720547  
8206.19762  
8274.67344  
8182.459365  
8093.795231  
8089.840343  
8174.330922  
8214.78355  
8276.90508  
8265.118697  
8350.131806  
8218.011113  
8181.942597  
8359.885258  
8195.677958  
8271.753079  
8278.096911  
8378.213207  
8335.752244  
8335.19929  
8391.10157  
8319.740838  
8035.021196  
8355.942703  
8280.694839  
8264.059436  
8310.796901  
8266.036405  
8218.976973  
8220.203024  
8276.316041  
8245.434841  
8249.642884  
8301.76249  
8311.85264  
8276.555549  
8231.530598  
8237.190008  
8207.433933  
8245.544262  
8287.785343  
8217.883284  
8342.907331  
8374.427533  
8274.702014  
8255.045697  
8284.416537  
8290.345267  
8359.376893  
8346.676068  
8326.942562  
8341.485862  
8327.194448  
8242.440501  
8156.343364  
8128.990178  
8170.746573  
8184.726905  
8257.563249  
8269.987994  
8249.958384  
8281.376565  
8167.391997  
8248.920343  
8344.593202  
8281.061281  
8369.008856  
8288.241714  
8218.522722  
8256.022424  
8301.586176  
8220.219233  
8213.419756  
8140.438624  
8102.455615  
8099.21448  
8164.037765  
8239.176087  
8153.854477  
8145.539145  
8175.944932  
8163.651226  
8178.442949  
8252.319806  
8258.882704  
8211.411416  
8290.456114  
8288.649615  
8222.511771  
8201.764973  
8302.007619  
8261.633114  
8351.069958  
8302.720968  
8372.580883  
8345.107042  
8335.488591  
8234.221393  
8170.380908  
8159.368921  
8092.362808  
8141.937485  
8142.34129  
8190.708039  
8327.069064  
8309.438458  
8327.766922  
8204.284169  
8243.491628  
8232.47288  
8327.234569  
8370.875813  
8278.633718  
8267.28803  
8267.982649  
8261.651459  
8251.993418  
7865.375889  
8516.838133  
8517.058944  
8320.340448  
8211.024714  
8195.653933  
8059.388191  
8108.835034  
8137.288213  
8250.631003  
8266.005557  
8302.98404  
8308.470118  
8333.274  
8342.42839  
8330.326314  
8387.095368  
8333.544255  
8196.525048  
8153.416414  
8202.488099  
8135.890433  
8238.070711  
8233.411397  
8223.943352  
8315.446994  
8263.682736  
8208.738546  
8219.467514  
8276.352807  
8278.112663  
8294.372145  
8286.667436  
8296.235922  
8315.790419  
8298.321248  
8323.583056  
8360.135537  
8254.848976  
8308.679989  
8285.853417  
8225.235288  
8176.62046  
8171.76186  
8104.397014  
8096.573086  
8092.019127  
8272.421048  
8229.911722  
8351.27507  
8292.61084  
8138.088975  
8191.85258  
8225.218968  
8278.562444  
8144.145683  
8255.787937  
8222.587708  
8245.163328  
8277.008649  
8235.761309  
8236.331383  
8243.609013  
8277.418614  
8256.071595  
8373.418487  
8290.513314  
8294.173619  
8267.222157  
8323.754003  
8289.276479  
8307.752356  
8369.227096  
8332.222951  
8296.686143  
8277.739593  
8297.530072  
8310.436971  
8301.195227  
8319.579053  
8350.880505  
8312.327886  
8283.671554  
8302.015591  
8257.614392  
8266.786917  
8366.224881  
8222.165867  
8238.298249  
8176.909359  
8203.278995  
8185.224434  
8210.306011  
8152.866192  
8185.073753  
8155.700445  
8219.218303  
8133.067851  
8173.204262  
8264.076705  
8313.866166  
8329.351995  
8253.140741  
8278.173004  
8250.704601  
8260.723118  
8226.804915  
8292.397129  
8357.19264  
8313.177384  
8223.792741  
8217.7121  
8207.479392  
8218.612512  
8253.009479  
8257.938764  
8314.796282  
8222.918587  
8211.708403  
8247.792108  
8251.921711  
8200.853225  
8308.885839  
8292.089978  
8209.709312  
8074.986699  
8266.132634  
8255.333217  
8303.418543  
8348.430001  
8284.192592  
8259.659001  
8294.525297  
8303.658397  
8246.593534  
8230.376573  
8276.357288  
8237.376446  
8191.06042  
8305.229578  
8241.163447  
8214.906828  
