8331.318856  
8323.669236  
8356.624554  
8340.756235  
8257.270966  
8355.448259  
8362.208797  
8392.179263  
8392.530807  
8375.577077  
8377.940726  
8455.689481  
8392.168514  
8408.211737  
8435.781561  
8409.426078  
8414.364102  
8366.217943  
8369.301686  
8387.894818  
8428.006087  
8434.472883  
8381.338735  
8329.837322  
8323.600016  
8354.570269  
8365.86263  
8324.739221  
8363.639588  
8375.071344  
8357.305412  
8393.577508  
8419.350639  
8363.124032  
8477.998928  
8463.525093  
8412.274699  
8343.527115  
8319.379585  
8361.883185  
8416.202265  
8410.302879  
8378.194968  
8345.66408  
8341.146819  
8302.655473  
8324.249362  
8373.468996  
8372.689442  
8402.341219  
8367.30968  
8366.531568  
8369.088591  
8344.046803  
8355.51406  
8350.925294  
8375.90378  
8412.011586  
8389.376657  
8406.505905  
8375.276756  
8382.49708  
8424.475406  
8448.298596  
8466.026875  
8478.363075  
8449.374261  
8426.400528  
8443.524353  
8448.489082  
8395.550604  
8376.935779  
8323.838683  
8356.020153  
8341.153929  
8306.942226  
8366.244236  
8357.936673  
8380.197575  
8299.479177  
8335.145753  
8311.124705  
8299.549765  
8293.360296  
8311.556652  
8335.209479  
8387.598758  
8431.213008  
8389.766991  
8392.722298  
8410.722157  
8396.91103  
8431.20906  
8408.808352  
8373.633486  
8397.964973  
8362.005381  
8433.891893  
8376.776655  
8313.331342  
8342.473056  
8355.092918  
8341.001823  
8309.00054  
8314.773677  
8351.124452  
8342.430773  
8387.917802  
8423.339012  
8430.671043  
8453.258547  
8420.023494  
8358.134953  
8368.631981  
8361.438201  
8390.361659  
8376.411938  
8408.339377  
8406.32229  
8365.241405  
8331.112719  
8350.826431  
8340.376783  
8314.805241  
8451.17656  
8405.03935  
8377.895046  
8329.446138  
8375.164846  
8357.043368  
8465.797403  
8445.107904  
8400.620569  
8411.138559  
8433.873398  
8449.557857  
8395.791351  
8397.162637  
8377.870424  
8397.667723  
8449.282468  
8395.390699  
8426.481445  
8394.302528  
8381.425507  
8284.276174  
8234.474386  
8201.620171  
8272.060376  
8327.156758  
8337.14181  
8344.939683  
8301.938978  
8318.745933  
8321.497671  
8352.343387  
7898.126832  
7972.441242  
8510.856763  
8438.705826  
8399.531628  
8353.316352  
8392.031373  
8387.357871  
8412.139406  
8438.892852  
8430.033709  
8454.716102  
8474.01815  
8475.192902  
8341.152972  
8253.132039  
8274.756273  
8273.919133  
8282.251617  
8317.30323  
8422.477142  
8456.868908  
8504.820836  
8481.444365  
8446.562289  
8461.566249  
8368.067296  
8366.276115  
8357.029468  
8384.29447  
8407.898807  
8465.356532  
8430.48833  
8360.84038  
8378.706037  
8356.945633  
8320.317251  
8347.653538  
8341.896202  
8388.785675  
8373.208216  
8469.323491  
8489.384294  
8488.115283  
8482.593855  
8444.159991  
8429.904204  
8429.408337  
8448.508434  
8395.038927  
8355.061981  
8375.78809  
8321.618675  
8312.034136  
8340.142642  
8283.410542  
8424.073705  
8369.837724  
8345.298845  
8370.69135  
8388.310742  
8358.127092  
8395.518639  
8381.109328  
8327.998357  
8322.605719  
8335.513156  
8314.839134  
8285.903941  
8362.251308  
8374.930447  
8410.340487  
8430.591222  
8461.996584  
8417.682243  
8384.896494  
8416.471144  
8415.921326  
8394.447207  
8367.529166  
8349.625622  
8363.256765  
8338.623512  
8293.458168  
8279.576785  
8296.765844  
8312.715699  
8288.66033  
8314.612285  
8320.104623  
8373.736065  
8371.77476  
8442.884634  
8446.284626  
8435.366694  
8356.981797  
8427.172965  
8389.856837  
8319.522128  
8379.914178  
8309.585815  
8353.053704  
8395.549433  
8447.607883  
8413.766931  
8382.435945  
8363.156681  
8319.840866  
8347.488926  
8349.732065  
8382.200017  
8334.71267  
8371.034631  
8306.199752  
8318.281716  
8342.971608  
8288.144313  
8348.734089  
8307.980478  
8338.197941  
8384.539259  
8429.56388  
8452.094801  
8428.984083  
8392.212542  
8376.508158  
8381.136774  
8390.629922  
8386.474411  
8415.998166  
8434.992394  
8392.826614  
8399.896672  
8406.405445  
8360.367337  
8377.965701  
8342.642823  
8354.063072  
8372.143423  
8373.890736  
8353.335841  
8345.694045  
8381.384385  
8361.591173  
8341.693513  
8428.318192  
8421.82571  
8397.637061  
8325.433786  
8362.623115  
8429.009453  
8498.04223  
8500.241955  
8461.047241  
8433.666371  
8391.753006  
8347.129894  
8388.335011  
8473.942439  
8350.966983  
8348.943681  
8358.893387  
8409.71362  
8453.131477  
8421.500665  
8422.356689  
8392.612026  
8368.507957  
8390.800005  
8423.898555  
8401.673804  
8409.766381  
8379.7126  
8317.984136  
8361.461516  
8372.402414  
8337.265691  
8315.461716  
8400.64669  
8391.998754  
8292.968733  
8288.105055  
8374.275885  
8257.831994  
8231.09777  
8165.810127  
8223.704276  
8214.148492  
8297.585316  
8310.999979  
8278.552118  
8272.395075  
8308.454395  
8345.773186  
8344.004762  
8422.426049  
8396.313131  
8452.831403  
8482.191571  
8517.96456  
8445.0559  
8333.507618  
8338.003855  
8310.488351  
8302.526097  
8344.893214  
8336.346494  
8402.326501  
8429.899695  
8419.377553  
8441.317999  
8435.699703  
8418.299039  
8389.147628  
8385.998833  
8408.831552  
8355.158049  
8372.514409  
8393.108145  
8388.109507  
8407.787586  
8413.512431  
8413.268345  
8374.311043  
8384.128352  
8364.728737  
8356.035884  
8355.024495  
8394.456204  
8385.77347  
8385.202256  
8369.110753  
8388.975987  
8284.845744  
8350.109018  
8442.371902  
8457.417988  
8360.309459  
8346.990062  
8403.736546  
8402.12981  
8403.466167  
8441.017681  
8420.414028  
8366.146104  
8299.093416  
8304.867209  
8378.580852  
8342.219813  
8373.897775  
8321.016891  
8345.024194  
8367.290874  
8359.799906  
8401.891993  
8455.630846  
8459.16179  
8465.348353  
8401.674051  
8388.916893  
8407.578558  
8431.140022  
8428.619737  
8420.01336  
8357.079452  
8389.089574  
8444.146227  
8332.818127  
8440.003311  
8401.492644  
8312.72165  
8300.297101  
8333.840239  
8410.154552  
8376.593265  
8307.086967  
8441.626683  
8395.484518  
8407.667412  
8379.228587  
8352.580828  
8350.360742  
8380.066262  
8394.199694  
8349.869012  
8355.179182  
8294.576982  
8213.817622  
8235.546939  
8210.789016  
8272.467893  
8273.255393  
8305.297916  
8384.951556  
8390.090737  
8404.628425  
8392.009675  
8420.739931  
8334.044294  
8332.730525  
8387.563777  
8325.610342  
8326.953447  
8352.451282  
8367.858775  
8348.218986  
8405.544717  
8389.173676  
8385.382436  
8384.093454  
8446.118545  
8409.701399  
8480.52461  
8465.872283  
8396.282956  
8379.393951  
8359.08284  
8300.663968  
8323.244036  
8324.49887  
8386.607764  
8428.159727  
8410.350716  
8394.558001  
8359.151304  
8387.624151  
8324.92183  
8335.73345  
8329.980574  
8347.719956  
8291.089789  
8343.551803  
8342.500446  
8358.438483  
8346.881379  
8431.330424  
8408.281038  
8399.318432  
8383.410719  
8427.043635  
8337.708077  
8382.199372  
8400.684509  
8377.533032  
8419.836003  
8415.66693  
8385.213413  
8529.845926  
8560.806104  
8478.503637  
8393.515278  
8351.02859  
8321.447601  
8382.84705  
8409.432844  
8383.051598  
8369.088486  
8298.929849  
8265.070481  
8402.053099  
8414.981092  
8372.843949  
8376.950751  
8401.00644  
8363.013388  
8380.594624  
8346.128534  
8371.179612  
8356.372499  
8372.567079  
8410.143938  
8347.430883  
8354.559525  
8368.250773  
8281.714301  
8308.325726  
8399.703259  
8336.399136  
8342.236499  
8344.346866  
8415.214106  
8423.759118  
8436.607997  
8388.800915  
8323.541891  
8301.397841  
8392.256264  
8350.728496  
8385.963437  
8406.841029  
8401.325448  
8393.249875  
8437.651795  
8404.48568  
8403.30442  
8418.009309  
8440.053892  
8499.7572  
8494.753235  
8391.512315  
8327.924462  
8278.655607  
8454.006439  
8384.094792  
8365.894472  
8348.942054  
8399.93533  
8419.944694  
8504.790724  
8509.288083  
8433.554637  
8411.003574  
8409.72334  
8384.111889  
8316.850369  
8313.507796  
8357.735348  
8389.980645  
8407.212498  
8396.248897  
8436.547402  
8372.057616  
8359.172285  
8407.764064  
8353.588307  
8346.88212  
8402.390462  
8362.604495  
8425.235801  
8404.293659  
8389.574237  
8408.194646  
8407.720745  
8376.219799  
8373.533248  
8370.494604  
8316.599844  
8319.919856  
8331.18206  
8341.040107  
8305.457152  
8354.531989  
8295.415834  
8179.63983  
8222.414126  
8274.090996  
8280.988293  
8282.483916  
8261.995858  
8388.989593  
8404.053524  
8463.843281  
8381.843427  
8383.199974  
8312.022231  
8348.558442  
8321.267734  
8389.602098  
8492.559405  
8436.164864  
8461.905538  
8447.339787  
8497.519948  
8467.548236  
8503.731992  
8548.400108  
8543.103955  
8484.120739  
8394.364934  
8365.896697  
8314.20488  
8266.30095  
8259.67335  
8336.600888  
8297.355833  
8194.710397  
8316.380071  
8311.61993  
8219.027776  
8211.826079  
8289.842171  
8313.358456  
8351.247234  
8401.296879  
8427.079626  
8443.581993  
8395.302686  
8348.096613  
8299.569668  
8335.306025  
8327.985128  
8272.577374  
8331.31835  
8325.245057  
8346.881086  
8302.955761  
8310.605895  
8298.024366  
8379.92887  
8409.127757  
8460.773073  
8433.988653  
8417.618491  
8396.444144  
8414.195448  
8269.056282  
8278.375138  
8308.315357  
8334.935602  
8390.623966  
8405.119335  
8428.476025  
8429.292122  
8433.680548  
8440.272381  
8406.821404  
8412.377793  
8377.030381  
8344.252824  
8327.947569  
8290.99652  
8279.577653  
8364.991946  
8386.714985  
8431.163841  
8396.741991  
8443.172881  
8387.559527  
8380.920802  
8420.693463  
8479.099176  
8477.475068  
8497.775642  
8427.342667  
8434.81008  
8454.158529  
8500.477713  
8421.33122  
8390.637167  
8270.696846  
8406.810434  
8441.342122  
8454.205173  
8445.926296  
8454.198698  
8511.081267  
8464.317155  
8402.366916  
8361.768121  
8308.548748  
8358.809466  
8339.138494  
8295.128831  
8385.086946  
8379.938122  
8371.235739  
8189.732503  
8199.855781  
8304.942553  
8250.606806  
8236.90498  
8211.610353  
8249.280851  
8394.359996  
8418.38644  
8455.354255  
8332.431091  
8289.39529  
8330.793202  
8311.265492  
8338.675927  
8405.306165  
8342.649547  
8337.505982  
8353.63096  
8360.229941  
8372.981646  
8385.495464  
8413.577782  
8380.982605  
8399.788764  
8448.399139  
8440.650792  
8469.464339  
8348.001758  
8351.427502  
8390.580543  
8423.787959  
8366.506125  
8451.963738  
8442.239306  
8478.087549  
8431.95754  
8407.974872  
8426.036936  
8471.089177  
8478.314467  
8453.255946  
8490.833258  
8439.832852  
8324.558764  
8450.022752  
8423.411227  
8362.177382  
8368.470883  
8386.743968  
8391.829067  
8354.73944  
8307.524865  
8233.098471  
8185.25752  
8182.2119  
8185.40568  
8301.578609  
8241.303813  
8293.89044  
8320.198591  
8310.988678  
8400.711266  
8381.082575  
8380.095637  
8408.046846  
8416.923175  
8428.79965  
8400.726081  
8382.972387  
8361.759016  
8282.348495  
8343.565326  
8343.702422  
8475.857357  
8388.868261  
8431.367375  
8346.341719  
8314.417079  
8188.75911  
8267.189574  
8261.84467  
8245.896869  
8396.947014  
8436.548883  
8454.440919  
8393.744846  
8393.216984  
8434.146661  
8413.432002  
8393.343679  
8373.613608  
8362.023268  
8481.899889  
8505.30518  
8454.119291  
8468.587351  
8465.856053  
8488.957383  
8389.197702  
8343.742992  
8310.551399  
8357.321289  
8345.131138  
8476.115293  
8389.117378  
8324.450149  
8279.728076  
8322.906283  
8343.194182  
8379.590085  
8317.252747  
8286.419246  
8280.698879  
8376.600549  
8409.589797  
8584.134127  
8434.067027  
8443.905565  
8415.41865  
8305.296418  
8268.177883  
8280.147572  
8311.234415  
8332.864595  
8350.008672  
8344.286178  
8356.463707  
8519.780272  
8381.364765  
8552.053125  
8539.670626  
8530.734266  
8527.236755  
8518.487482  
8450.997656  
8404.171573  
8414.775894  
8380.242799  
8447.982882  
8415.942254  
8331.461067  
8414.192064  
8424.566358  
8392.043182  
8352.054665  
8396.064827  
8347.895964  
8349.822175  
8434.836944  
8387.923755  
8272.123724  
8287.913482  
8243.895878  
8140.731478  
8212.957978  
8426.586289  
8419.923526  
8316.746987  
8320.427689  
8364.359958  
8402.121256  
8378.658729  
8448.204517  
8440.81474  
8325.269675  
8304.101935  
8293.316276  
8317.938774  
8275.673589  
8271.617435  
8228.299088  
8245.797368  
8322.907526  
8406.310256  
8440.519336  
8435.760334  
8540.138869  
8491.162651  
8369.983995  
8374.497432  
8354.457293  
8360.438814  
8322.364665  
8455.738489  
8419.344403  
8464.991649  
8479.376566  
8447.158149  
8377.543816  
8233.452665  
8205.988094  
8279.751464  
8417.47403  
8365.730333  
8361.533487  
8345.476915  
8403.2761  
8432.182051  
8410.478931  
8494.563813  
8490.154157  
8441.842885  
8429.799386  
8300.686785  
8496.757398  
8509.735181  
8442.847641  
8477.837159  
8358.373416  
8209.756353  
8291.509049  
8235.363601  
8285.004899  
8253.143069  
8305.73972  
8323.631195  
8286.755778  
8385.063616  
8335.002372  
8340.543586  
8306.630996  
8350.076342  
8306.470916  
8269.532683  
8290.346262  
8358.688311  
8410.735152  
8429.417374  
8441.666037  
8408.823427  
8409.081429  
8462.531446  
8394.109703  
8209.162524  
8322.543252  
8439.703069  
8337.923164  
8341.881226  
8283.117386  
8332.73184  
8329.339063  
8391.832965  
8457.940272  
8531.715811  
8486.120626  
8419.021474  
8384.912266  
8360.662396  
8305.322896  
8369.270365  
8370.830212  
8392.088641  
8405.66868  
8377.06197  
8424.858032  
8374.152246  
8292.150609  
8301.469024  
8310.095825  
8308.778965  
8319.976936  
8288.728263  
8316.86184  
8312.219891  
8402.003223  
8394.808459  
8389.305482  
8396.659421  
8396.861126  
8419.552611  
8375.792602  
8398.778111  
8403.892413  
8422.534872  
8434.294324  
8425.062278  
8439.118719  
8411.745982  
8423.316162  
8358.023732  
8472.744842  
8478.016587  
8417.341516  
8432.311994  
8350.176026  
8329.918772  
8361.799704  
8359.546615  
8307.740099  
8337.033405  
8327.974766  
8374.27904  
8409.709476  
8427.056052  
8389.018313  
8333.48959  
8294.541576  
8312.529254  
8351.663164  
8377.023297  
8422.540364  
8471.905834  
8394.313102  
8352.129687  
8275.430785  
8286.64419  
8329.236154  
8404.149567  
8391.654159  
8411.276576  
8315.111407  
8324.528687  
8387.51674  
8308.19193  
8307.570958  
8420.634803  
8450.304991  
8346.19769  
8226.518181  
8200.351024  
8461.507457  
8484.776816  
8452.9437  
8536.251152  
8544.995972  
8381.650926  
8250.547084  
8278.554726  
8272.194417  
8303.503765  
8351.313893  
8406.371431  
8489.447838  
8569.478916  
8535.752938  
8449.125346  
8412.668344  
8401.920268  
8208.925186  
8309.095575  
8279.95829  
8300.505188  
8269.811292  
8254.134375  
8276.889566  
8287.526513  
8341.41739  
8354.659268  
8295.788677  
8335.167717  
8382.559072  
8416.174284  
8461.706636  
8566.5746  
8617.543196  
8542.231836  
8523.393506  
8505.924844  
8526.558964  
8505.344604  
8417.305149  
8383.572196  
8362.620039  
8319.464904  
8374.92212  
8372.221505  
8408.459825  
8420.099364  
8342.066759  
8190.578696  
8299.098791  
8227.493132  
8171.153331  
8120.434822  
8211.575944  
8326.32759  
8307.011651  
8327.92758  
8369.177114  
8407.204555  
8357.054928  
8457.828741  
8424.601651  
8428.756382  
8437.62874  
8435.946114  
8436.449171  
8428.563827  
8456.718489  
8380.697943  
8357.683713  
8392.105954  
8421.261277  
8433.054497  
8456.700325  
8491.598557  
8392.031851  
8362.06617  
8389.049533  
8408.267843  
8347.355121  
8379.217009  
8404.6922  
8401.11275  
8326.311974  
8248.532148  
8221.662803  
8232.939098  
8247.693558  
8251.405664  
8335.575424  
8386.825838  
8402.27191  
8345.646832  
8434.837807  
8419.242881  
8461.6526  
8408.530535  
8453.12327  
8400.260407  
8290.274074  
8326.643968  
8363.099459  
7998.654521  
8367.691319  
8361.957351  
8338.686746  
8343.788581  
8214.114634  
8411.608748  
8408.478426  
8409.157988  
8449.661336  
8420.215433  
8535.602716  
8446.627891  
8416.985952  
8463.07051  
8449.459293  
8450.611643  
8421.05979  
8410.171246  
8376.684688  
8313.415092  
8342.597587  
8345.384604  
8362.777397  
8451.450149  
8491.929972  
8504.934303  
8518.943499  
8468.914339  
8430.965149  
8394.318246  
8441.35527  
8384.033261  
8282.360773  
8263.828685  
8298.900147  
8373.925249  
8309.85158  
8338.143479  
8379.146166  
8296.132949  
8417.655825  
8372.255199  
8416.935636  
8377.582508  
8340.98821  
8342.123862  
8408.383984  
8446.498341  
8399.022303  
8461.718004  
8438.317959  
8411.464985  
8308.267227  
8311.316055  
8308.952902  
8254.870742  
8235.288417  
8297.563465  
8319.312383  
8396.041559  
8386.554084  
8321.244486  
8340.284241  
8307.996717  
8354.341325  
8408.706097  
8389.582316  
8367.982533  
8347.950398  
8307.101665  
8323.391362  
8104.202176  
8273.450966  
8356.458054  
8238.865021  
8279.003551  
8453.109466  
8471.246473  
8460.447871  
8471.793966  
8453.297123  
8482.907047  
8376.156378  
8370.812631  
8395.335989  
8409.935961  
8451.454345  
8425.284397  
8373.712179  
8357.3149  
8358.338095  
8441.419175  
8388.369812  
8423.717241  
8486.640954  
8390.205391  
8409.197392  
8337.274105  
8258.219362  
8348.096648  
8312.59014  
8428.489105  
8444.523623  
8432.809108  
8456.817712  
8457.416068  
8435.714514  
8393.30096  
8390.15057  
8360.030467  
8359.332153  
8331.453865  
8390.003143  
8366.070634  
8399.274514  
8431.399588  
8414.492845  
8420.374661  
8409.485097  
8405.420964  
8312.967125  
8355.423331  
8350.217786  
8358.422673  
8348.712689  
8309.058619  
8299.914858  
8357.868991  
8385.97086  
8408.001959  
8368.281729  
8415.322894  
8444.952385  
8400.942213  
8420.437806  
8380.361979  
8403.624322  
8380.432697  
8483.179657  
8270.4714  
8152.241603  
8132.115172  
8213.021327  
8265.751164  
8334.174254  
8345.904502  
8344.871894  
8373.454176  
8371.214677  
8405.349642  
8426.234868  
8441.874197  
8447.890577  
8420.424927  
8369.434981  
8393.090659  
8310.469691  
8351.078598  
8272.607614  
8420.28481  
8312.820813  
8375.290152  
8406.030972  
8423.976309  
8390.857355  
8425.003642  
8392.026333  
8362.379801  
8427.596234  
8399.092365  
8397.398526  
8458.41433  
8418.654388  
8319.141036  
8220.400953  
8493.120164  
8438.248125  
8350.45747  
8343.693809  
8310.945953  
8342.824107  
8414.472637  
8439.306507  
8441.332985  
8446.856244  
8425.37089  
8426.468852  
8463.534654  
8451.136344  
8405.715286  
8370.814385  
8318.917126  
8376.816571  
8306.495993  
8300.687796  
8273.5764  
8358.054279  
8344.562275  
8364.363358  
8357.426999  
8333.567473  
8330.280301  
8410.62046  
8389.984038  
8367.684788  
8298.831178  
8326.038705  
8324.722839  
8345.915699  
8346.334999  
8361.001351  
8368.045275  
8411.23958  
8382.809913  
8444.492538  
8531.332483  
8518.281626  
8455.737369  
8390.642092  
8334.262517  
8343.039482  
8271.216868  
8428.493772  
8428.173197  
8401.39558  
8372.378875  
8434.903496  
8424.47359  
8392.666296  
8354.802564  
8356.568237  
8327.982807  
8408.305926  
8380.639234  
8310.014381  
8345.89275  
8353.71209  
8361.951899  
8363.707234  
8366.983485  
8405.798396  
8424.508196  
8426.088647  
8409.272827  
8320.57003  
8356.608699  
8324.16699  
8389.538813  
8406.368091  
8355.915038  
8356.913564  
8367.984209  
8398.731237  
8401.283613  
8391.400865  
8360.908329  
8381.879902  
8397.296092  
8367.892019  
8435.318581  
8416.755075  
8390.313818  
8355.115411  
8358.884616  
8413.868528  
8449.093603  
8375.421779  
8404.864871  
8343.632534  
8361.869985  
8310.831917  
8312.836956  
8311.471706  
8324.139905  
8350.108035  
8305.588587  
8282.658144  
8247.197739  
8142.636253  
8180.937838  
8222.548659  
8253.383631  
8284.88321  
8295.837703  
8309.575328  
8485.947365  
8511.558633  
8534.297614  
8562.893564  
8569.592849  
8494.010527  
8444.155613  
8418.126341  
8403.93751  
8344.275342  
8319.314961  
8322.820825  
8335.840344  
8383.746953  
8351.869052  
8357.556471  
8328.738486  
8324.300768  
8268.091033  
8396.79822  
8355.18452  
8396.401105  
8404.724925  
8437.551913  
8436.974531  
8445.827335  
8441.061795  
8447.143535  
8206.921764  
8405.695004  
8393.740741  
8464.058257  
8406.459104  
8394.081252  
8354.722568  
8396.860971  
8418.249558  
8410.087739  
8364.836111  
8392.637638  
8372.632429  
8407.831905  
8386.903736  
8377.669336  
8381.503138  
8290.970086  
8302.391317  
8329.494606  
8365.221616  
8337.798382  
8363.153239  
8356.612103  
8399.778647  
8451.238067  
8501.443651  
8460.422816  
8430.245619  
8455.551999  
8475.977856  
8423.425115  
8381.03917  
8327.583311  
8322.755031  
8390.581262  
8372.458468  
8342.517157  
8320.902266  
8274.764699  
8389.855261  
8384.406514  
8371.604797  
8433.650591  
8420.636528  
8399.229581  
8392.120573  
8251.365472  
8156.24259  
8138.540212  
8204.559832  
8244.447993  
8298.197593  
8313.114678  
8345.344135  
8348.437426  
8347.995347  
8387.952545  
8429.886257  
8402.327893  
8410.432978  
8391.701816  
8420.13501  
8422.485849  
8412.560327  
8459.543093  
8407.326002  
8437.127281  
8412.476359  
8458.753549  
8519.452468  
8487.053714  
8498.387675  
8445.63539  
8429.188272  
8302.565174  
8227.701496  
8285.99058  
8265.257734  
8262.990865  
8251.589912  
8323.798221  
8390.525308  
8342.062794  
8308.724149  
8250.088651  
8324.725247  
8397.037924  
8422.472114  
8432.597678  
8411.616265  
8414.220363  
8398.852125  
8422.578752  
8268.751637  
8273.30739  
8698.575365  
8529.616481  
8416.296262  
8290.877735  
8268.932444  
8274.211931  
8296.510743  
8360.94583  
8414.943158  
8412.670684  
8412.295024  
8379.3405  
8419.353574  
8447.957463  
8490.811365  
8463.471609  
8455.685607  
8422.027536  
8380.032881  
8328.679365  
8220.845719  
8230.995564  
8347.538412  
8339.398532  
8374.579516  
8346.897219  
8318.960283  
8351.98937  
8411.170568  
8401.640136  
8431.429614  
8416.571702  
8377.026208  
8387.467153  
8362.779657  
8354.824561  
8384.936964  
8392.430163  
8399.800861  
8363.760073  
8374.676963  
8277.861273  
8336.684168  
8300.81164  
8287.102314  
8311.663287  
8388.664058  
8362.264144  
8431.006049  
8299.868953  
8337.194266  
8343.075557  
8367.904229  
8355.417027  
8389.279922  
8401.917263  
8368.072729  
8400.076945  
8388.421493  
8361.735967  
8456.250248  
8396.404875  
8339.374917  
8352.846013  
8420.231211  
8356.18309  
8405.590731  
8412.002721  
8387.785769  
8381.707794  
8489.53459  
8471.899973  
8435.606842  
8410.991962  
8370.801714  
8411.06925  
8392.748969  
8405.82844  
8423.641887  
8460.590675  
8400.427196  
8352.044767  
8379.411068  
8339.61297  
8325.804685  
8375.621351  
8342.644015  
8320.694565  
8343.336783  
8390.539877  
8373.677774  
8430.13092  
8375.605991  
8328.608924  
8273.281331  
8263.995295  
8228.980215  
8369.716422  
8356.692924  
8398.168779  
8358.688293  
8329.718602  
8349.191776  
8360.231313  
8377.594072  
8432.984901  
8421.2016  
8439.14263  
8396.845497  
8350.64692  
8347.422687  
8367.945427  
8333.418736  
8369.707639  
8403.942448  
8416.129103  
8399.798079  
8410.863298  
8445.502824  
8448.098953  
8345.210708  
8309.434859  
8332.242282  
8311.814804  
8299.419196  
8360.978847  
8346.821875  
8429.139311  
8457.6816  
8394.582971  
8397.145421  
8409.528608  
8415.446112  
8349.463632  
8380.616815  
8373.763581  
8360.952758  
8366.628513  
8354.844648  
8334.167811  
8368.969179  
