8169.042227  
8131.820311  
8120.907897  
8173.835684  
8214.508479  
8194.750552  
8169.225533  
8166.199287  
8150.00419  
8165.601383  
8112.407316  
8203.254072  
8087.291257  
8094.537226  
8135.152686  
8125.035  
8205.645489  
8078.897444  
8111.90061  
8167.274808  
8198.471881  
8100.388808  
8116.277868  
8138.964476  
8134.684088  
8151.547135  
8091.125258  
8074.638316  
8150.384304  
8160.486336  
8118.197751  
8122.863475  
8129.832119  
8088.761855  
8180.197108  
8191.989413  
8235.647365  
8190.349716  
8190.422294  
8129.797927  
8143.636279  
8180.024092  
8183.716624  
8143.642962  
8076.194694  
8144.164212  
8150.207761  
8202.461308  
8143.260723  
8191.720064  
8156.399381  
8090.288556  
8162.807926  
8149.41107  
8141.460574  
8151.886836  
8180.329741  
8205.356675  
8199.707909  
8146.975949  
8127.317415  
8118.252271  
8125.336605  
8101.126897  
8145.550718  
8209.986419  
8242.68159  
8179.727729  
8178.835339  
8179.73078  
8245.516433  
8254.243062  
8217.647539  
8235.212674  
8195.218013  
8124.01258  
8168.583302  
8164.084165  
8149.029162  
8066.998606  
8081.871636  
8109.603491  
8152.74481  
8135.674966  
8112.15836  
8135.12453  
8159.931384  
8122.41547  
8074.225617  
8090.22223  
8105.012545  
8148.497072  
8197.141412  
8187.508177  
8165.439969  
8198.557536  
8110.141137  
8195.920945  
8184.938641  
8125.868657  
8128.043305  
8091.946979  
8067.232459  
8100.133024  
8076.516636  
8116.939135  
8104.168277  
8081.832072  
8093.646374  
8177.924608  
8350.140519  
8335.946561  
8180.236053  
8117.803021  
8144.149334  
8191.334738  
8273.95242  
8266.401261  
8243.977711  
8154.557208  
8147.179007  
8100.094845  
8172.810967  
8087.724875  
8100.245741  
8125.009134  
8102.267651  
8094.10414  
8161.526953  
8146.256712  
8201.353062  
8120.164564  
8087.282277  
8125.343564  
8170.992974  
8220.872969  
8156.348759  
8158.995969  
8157.570079  
8216.580707  
8310.388349  
8235.225115  
8193.217632  
8097.380853  
8172.355683  
8155.733554  
8104.237805  
8061.001588  
8042.42591  
8088.612136  
8166.050406  
8057.955128  
8056.867788  
8115.08167  
8061.200553  
8110.279424  
7735.112174  
7850.470096  
8219.01001  
8096.815058  
8113.166771  
8109.688964  
8215.905697  
8121.655828  
8099.97206  
8148.978373  
8127.262481  
8125.393668  
8127.856346  
8114.443049  
8187.973894  
8126.97494  
8105.081938  
8109.750439  
8083.600694  
8080.985907  
8152.635469  
8175.231666  
8150.470768  
8137.512064  
8171.938844  
8108.621184  
8136.437971  
8108.940479  
8172.434543  
8186.736739  
8224.272848  
8244.743514  
8184.663224  
8191.146275  
8202.086108  
8219.146692  
8198.798916  
8153.806969  
8157.1852  
8124.488002  
8125.781634  
8249.010942  
8239.104109  
8194.832332  
8267.337652  
8230.014475  
8246.454739  
8312.359227  
8273.944425  
8176.513043  
8158.335032  
8147.677723  
8165.452321  
8103.091287  
8153.757425  
8044.691988  
8176.041073  
8189.938458  
8138.568821  
8153.053157  
8153.868055  
8132.319734  
8101.649032  
8110.706082  
8165.379713  
8132.611367  
8101.956265  
8143.592961  
8129.591726  
8187.554484  
8145.097788  
8161.167528  
8152.249745  
8232.122822  
8231.208666  
8238.784451  
8153.298887  
8158.324856  
8128.439782  
8160.243744  
8137.980093  
8087.995994  
8122.475506  
8106.730346  
8034.792898  
8047.565052  
8036.504985  
8051.935058  
8097.855689  
8092.548171  
8149.632176  
8096.619989  
8178.660536  
8116.66037  
8137.554415  
8067.630064  
8213.336404  
8192.303031  
8100.034555  
8170.309694  
8097.848715  
8157.500399  
8208.528193  
8204.226006  
8151.325655  
8194.72474  
8178.610747  
8029.658094  
8097.359179  
8097.478289  
8106.642201  
8139.607853  
8157.928765  
8011.841673  
8025.438387  
8141.866702  
8130.736723  
8197.005143  
8098.072072  
8103.744764  
8134.126594  
8181.556866  
8215.641135  
8259.456602  
8205.149165  
8242.163426  
8208.990092  
8267.17283  
8239.522103  
8230.2947  
8277.100251  
8185.270006  
8135.483638  
8220.349661  
8154.526512  
8128.133323  
8100.761356  
8094.063296  
8167.018961  
8136.883328  
8100.025023  
8091.450119  
8175.946033  
8106.873402  
7958.237125  
8049.616816  
8167.624304  
8159.534729  
8140.034013  
8178.252805  
8198.374627  
8260.814264  
8165.240311  
8196.58719  
8221.670908  
8190.746789  
8029.387129  
8119.008042  
8186.367303  
8124.730208  
8139.311597  
8130.66179  
8174.076568  
8218.733221  
8182.579648  
8233.963666  
8156.84097  
8198.605168  
8221.309905  
8165.233256  
8143.059236  
8170.898769  
8218.767146  
8243.42598  
8220.118023  
8179.031955  
8137.693522  
8129.182258  
8211.527679  
8185.988222  
8070.776359  
8066.522786  
8126.431877  
8061.496572  
8022.30881  
7935.62691  
8084.68977  
8059.851115  
8087.7919  
8087.536556  
8079.643067  
8070.236927  
8089.678552  
8016.697662  
8008.993513  
8094.773485  
8072.062983  
8060.950545  
8086.497486  
8101.851488  
8236.70807  
8227.947541  
8152.353798  
8173.786696  
8071.598897  
8163.153208  
8136.815303  
8155.599421  
8135.400062  
8085.051013  
8102.775863  
8179.082457  
8157.834529  
8127.297101  
8152.146174  
8182.488509  
8077.17448  
8118.834483  
8188.244782  
8123.375089  
8149.438987  
8127.945345  
8167.941173  
8124.138868  
8152.708082  
8194.708482  
8190.438811  
8170.737499  
8199.922485  
8223.168735  
8232.825014  
8213.950553  
8163.020215  
8212.690284  
8072.657969  
8180.30008  
8121.887823  
8098.68382  
8085.976821  
8179.505165  
8226.575576  
8222.062485  
8256.796051  
8200.667107  
8188.635521  
8138.224939  
8167.57454  
8218.406611  
8147.461816  
8162.00551  
8144.117776  
8149.940231  
8123.521128  
8127.338127  
8181.223567  
8222.421794  
8138.621881  
8182.413634  
8123.619974  
8183.957859  
8185.710032  
8204.404093  
8201.041869  
8220.785629  
8223.105315  
8193.29066  
8204.32211  
8142.390287  
8268.043305  
8238.668379  
8181.275637  
8167.217586  
8165.110146  
8235.935585  
8106.453638  
7939.934052  
8138.609265  
8113.903828  
8147.078017  
8167.210588  
8158.355509  
8172.749975  
8198.151662  
8215.465208  
8102.409678  
8130.456995  
8190.71481  
8121.929709  
7997.550278  
7975.568855  
8108.896184  
8041.25177  
7997.113974  
8121.460621  
8093.487462  
8047.12213  
8149.67082  
8158.681455  
8131.617117  
8100.502224  
8191.164463  
8129.939411  
8088.864937  
8134.230646  
8088.881115  
8075.498117  
8084.748363  
7980.260497  
8113.68443  
8064.536565  
8136.021427  
8195.409141  
8271.764103  
8255.124752  
8285.948628  
8197.01256  
8176.965541  
8152.427946  
8140.772656  
8181.098785  
8185.012301  
8149.470955  
8154.990219  
8188.675368  
8189.46883  
8240.320205  
8209.652431  
8188.925885  
8100.690656  
8139.373123  
8073.165879  
8121.276378  
8201.869943  
8153.145389  
8205.003517  
8216.517942  
8112.748033  
8064.477491  
8105.152593  
8183.007773  
8120.160478  
8180.64464  
8136.372741  
8154.638408  
8238.563767  
8167.55149  
8042.355725  
8124.292527  
8190.213113  
8176.583467  
8131.022428  
8148.473458  
8159.443249  
8190.106964  
8195.413598  
8235.805348  
8152.653936  
8033.10007  
8022.738998  
8177.838056  
8134.073107  
8111.15874  
8153.102468  
8172.668116  
8141.959668  
8147.806912  
8105.055853  
8135.504103  
8189.004988  
8170.273655  
8224.210099  
8123.81803  
8137.424515  
8130.739859  
8088.563423  
8138.588907  
8199.635187  
8146.276561  
8205.831269  
8149.940272  
8171.211153  
8154.019238  
8099.209679  
8137.562819  
8092.777871  
8128.800693  
8147.252128  
8093.733797  
8158.500147  
8144.145995  
8185.980184  
8157.907661  
8109.398174  
8182.481144  
8167.907586  
8143.182401  
8083.837445  
8233.345484  
8247.919131  
8193.73007  
8199.660245  
8108.365092  
8245.251387  
8163.104132  
8153.262945  
8162.845119  
8197.43386  
8133.865805  
8154.761938  
8136.095695  
8168.647935  
8215.484837  
8189.996683  
8239.524569  
8152.32251  
8133.976302  
8144.222437  
8149.129289  
8122.857586  
8098.165762  
8227.219766  
8177.178028  
8162.227882  
8170.50254  
8141.982552  
8148.072654  
8184.530933  
8154.100659  
8191.671428  
8137.219285  
8126.792586  
8213.191794  
8117.778549  
8124.651155  
8155.320051  
8191.629915  
8163.358862  
8083.099024  
8226.448516  
8102.862506  
8024.640459  
8063.666905  
8132.669932  
7986.57427  
8062.982897  
7978.5978  
7928.734877  
7969.14703  
8065.423449  
8165.632434  
7892.314342  
7983.774346  
8089.884059  
8230.439504  
8173.081247  
8086.133831  
8114.864858  
8102.768549  
8184.546097  
8155.801478  
8219.671638  
8219.055838  
8260.892218  
8232.030214  
8311.348269  
8276.201909  
8254.873509  
8289.021776  
8259.408209  
8259.199654  
8158.345619  
8115.256949  
8097.316666  
8142.607408  
8155.091522  
7999.441573  
8179.808305  
8147.889169  
8086.322865  
8123.990952  
8077.417576  
8062.99494  
8077.945185  
8107.763446  
8103.643178  
8152.118803  
8162.538751  
8070.138474  
8081.253707  
8120.319212  
8139.262083  
8114.59611  
8146.432368  
8143.953163  
8204.993043  
8148.858759  
8038.14653  
8086.07321  
8145.258288  
8188.630743  
8216.982688  
8196.944775  
8181.207362  
8151.016194  
8310.389301  
8099.79377  
8177.973184  
8196.596157  
8182.518245  
8175.52747  
8157.043067  
8145.796479  
8127.574312  
8091.748555  
8159.091886  
8192.122267  
8254.93966  
8096.947519  
8105.199588  
8094.418293  
8035.890394  
8064.994938  
8150.210876  
8109.826666  
8145.443458  
8196.322959  
8158.533664  
8113.367055  
8133.019622  
8169.255431  
8196.717199  
8237.80419  
8197.615045  
8076.733144  
8152.668696  
8111.671403  
8179.196655  
8092.09899  
8173.552315  
8150.040484  
8287.605127  
8282.435498  
8269.519776  
8230.612165  
8262.922547  
8352.105317  
8350.529281  
8268.188975  
8153.810009  
8163.621603  
8101.440421  
8032.890392  
8106.68249  
8136.196807  
8095.85276  
8125.47485  
8154.535405  
8040.999761  
7994.774435  
8072.385356  
8065.334706  
8125.235376  
8082.929239  
8131.984269  
8128.909543  
8124.750283  
8142.640463  
8050.124362  
8056.668701  
8072.580538  
8145.502646  
8040.210028  
8160.6247  
8167.873219  
8095.356737  
8120.60095  
8149.547454  
8149.908232  
8113.007611  
8074.045044  
8088.879047  
8153.160429  
8211.69566  
8217.866877  
8126.63573  
8138.978527  
8160.539776  
8195.441893  
8122.864001  
8136.024903  
8157.780854  
8245.067636  
8156.694173  
8135.540219  
8123.410867  
8195.577144  
8241.351683  
8299.320437  
8318.109436  
8256.848711  
8129.064074  
8306.102939  
8225.437814  
8238.18621  
8244.192469  
8243.066272  
8132.59507  
8125.559102  
8162.086887  
8123.062575  
8165.504771  
8012.309163  
7952.921399  
7987.383169  
7946.4152  
8015.714871  
8038.863288  
8131.543525  
8125.737835  
8121.384628  
8196.699106  
8239.651937  
8203.779917  
8182.499681  
8157.375849  
8159.50905  
8067.311785  
8028.895275  
8043.950732  
8216.852711  
8183.116267  
8103.479216  
8183.290802  
8162.662855  
8265.758819  
8084.735265  
8036.675344  
7972.701034  
7987.422986  
8204.947543  
8132.23243  
8165.135959  
8138.186763  
8203.258976  
8223.08419  
8205.84913  
8090.824604  
8205.493623  
8103.310243  
8173.909609  
8231.911398  
8177.772115  
8147.749848  
8161.407022  
8188.496817  
8149.757753  
8087.6277  
8156.651807  
8328.905883  
8150.536061  
8306.370437  
8195.27732  
8188.210551  
8163.556919  
8129.163808  
8135.768362  
8119.993125  
8083.778792  
8102.722908  
8098.495586  
8182.888821  
8080.015347  
8340.062621  
8156.787254  
8126.05448  
8104.320702  
8112.888628  
8004.394144  
8085.778881  
8101.196433  
8149.870506  
8072.607795  
8076.872669  
8189.188476  
8171.877396  
8176.376569  
8193.432379  
8220.381296  
8250.684613  
8288.840412  
8320.387949  
8211.521129  
8185.308118  
8181.599515  
8172.424618  
8174.343119  
8158.70463  
8064.537038  
8166.988484  
8229.333907  
8199.536813  
8159.580722  
8186.230589  
8127.838898  
8231.315818  
8292.897588  
8175.436535  
8135.580442  
8115.272027  
8085.553809  
8085.601454  
7997.989917  
8202.851656  
8221.308712  
8097.360723  
8169.221027  
8131.483549  
8141.279745  
8082.862925  
7846.616855  
8224.354714  
8134.937952  
8130.700296  
8081.240141  
8210.20885  
8126.067588  
8091.998155  
8140.86079  
8013.855189  
8088.912371  
8078.180411  
8150.248913  
8174.137513  
8267.655954  
8166.96159  
8204.6692  
8129.292339  
8151.939816  
8120.381493  
8083.10117  
8177.145929  
8195.406265  
8178.820628  
8184.482799  
8069.739462  
8144.222962  
8011.50634  
8057.381947  
8159.880523  
8160.577567  
8068.242906  
8086.206884  
8028.578741  
8108.430276  
8138.266219  
8104.422798  
8164.067872  
8202.088629  
8237.57242  
8250.419054  
8043.424199  
8300.071716  
8265.989  
8184.17765  
8258.657023  
8158.752078  
8141.921858  
8076.803677  
8127.966354  
8033.189241  
8043.959817  
8071.412318  
8059.319497  
8125.295828  
8171.228405  
8142.373456  
8144.47549  
8115.584173  
8169.705954  
8137.37263  
8107.510893  
8103.260642  
8089.136314  
8181.263721  
8120.048645  
8194.285184  
8156.938388  
8186.984513  
8238.3567  
8214.014838  
8221.822176  
7882.747816  
8163.362756  
8154.743085  
8107.881727  
8074.121349  
8101.590259  
8106.979763  
8133.805455  
8229.05642  
8294.196586  
8293.471391  
8233.675321  
8264.085689  
8160.689338  
8123.323054  
8151.898755  
8129.366948  
8201.278795  
8135.69585  
8131.525079  
8147.537862  
8150.757527  
8113.736487  
8100.953536  
8100.075167  
8109.017111  
8138.406593  
8042.07936  
8070.736463  
7979.557353  
8200.256649  
8191.390737  
8094.891639  
8122.125953  
8180.159245  
8123.097128  
8109.989931  
8130.731741  
8179.142439  
8162.036776  
8151.785353  
8142.670633  
8184.183858  
8161.96435  
8199.011709  
8067.63215  
8275.198351  
8199.461955  
8177.782283  
8248.910731  
8200.44105  
8211.475471  
8210.196675  
8214.20079  
8181.755678  
8145.89259  
8183.621181  
8190.118431  
8215.1266  
8212.663003  
8157.720693  
8124.672516  
8113.240705  
8182.954903  
8149.975486  
8186.674736  
8201.291102  
8180.476632  
8135.804356  
8152.194524  
8059.552217  
8122.292844  
8041.487853  
8192.099655  
8151.335408  
8105.359501  
8097.09533  
8060.709002  
8083.957073  
8068.72756  
8090.282898  
8249.290866  
8262.554047  
8194.669893  
8182.22976  
8062.698735  
8091.828446  
8084.201532  
8118.795343  
8120.324965  
8206.707962  
8216.307759  
8168.853913  
8129.242922  
8110.562419  
8099.069347  
8156.5828  
8153.412257  
8146.113945  
8202.431482  
8261.362412  
8211.433307  
8145.924979  
8239.803568  
8064.572831  
8144.037087  
8196.657658  
8198.160928  
8139.725109  
8005.913654  
8057.771407  
7998.690237  
8010.546516  
8111.008998  
8073.8102  
7969.882005  
7953.707869  
8063.370994  
8098.108468  
8229.321688  
8288.654687  
8206.004787  
8251.120765  
8185.776291  
8250.280448  
8199.725221  
8174.399126  
8220.039855  
8220.973307  
8142.907  
8148.773645  
8162.805391  
8157.64869  
8166.180622  
8221.625603  
8084.190572  
8101.089874  
8088.624335  
8043.140402  
7977.147168  
7982.404446  
8052.378196  
8077.443523  
8138.52598  
8145.502171  
8176.437743  
8119.666394  
8199.295367  
8242.681077  
8178.618204  
8214.845127  
8196.01773  
8216.738841  
8116.026519  
8311.397057  
8183.033499  
8189.095679  
8172.130316  
8253.378035  
8268.341869  
8320.656378  
8341.776656  
8145.548643  
8103.115663  
8147.137088  
8178.129247  
8122.453447  
8157.960771  
8152.288489  
8216.523851  
8169.645299  
8047.832884  
8107.186372  
8000.854394  
8057.548601  
8037.957915  
8065.488989  
8095.694742  
8141.504051  
7950.784537  
8002.027913  
8042.479575  
8183.669241  
8199.725773  
8198.55666  
8183.525274  
8047.238575  
8071.669125  
8165.739197  
7893.200556  
8203.811906  
8154.695622  
8129.616871  
8139.553909  
8013.83581  
8143.215845  
8073.644967  
8148.905695  
8224.937706  
8187.282117  
8342.502189  
8272.302477  
8255.012434  
8252.78608  
8260.280541  
8243.213107  
8220.751989  
8170.396951  
8134.557943  
8077.649618  
8137.383215  
8143.843836  
8112.20687  
8206.793206  
8196.252061  
8223.366278  
8278.30898  
8296.424048  
8221.54547  
8118.876988  
8203.242126  
8116.865289  
8059.303434  
8130.294786  
8078.912024  
8099.428802  
8096.855835  
8133.698054  
8183.545101  
8144.629769  
8129.969227  
8053.283182  
8164.0076  
8174.049038  
8192.160613  
8147.30932  
8230.734513  
8264.803885  
8215.859769  
8203.876554  
8207.467687  
8132.183516  
8053.247175  
8150.65141  
8088.402675  
8075.256275  
8066.885499  
8165.427578  
8138.899575  
8231.149582  
8175.123238  
8162.043452  
8140.929267  
7963.662391  
8089.342045  
8072.891998  
8101.621411  
8080.497422  
8111.781595  
8154.964898  
8185.585119  
7871.612993  
8045.712582  
8140.262761  
8139.296587  
8050.921761  
8150.212164  
8214.926906  
8141.427834  
8157.783194  
8150.595332  
8179.146313  
8145.144789  
8217.162629  
8210.989872  
8155.766091  
8219.925302  
8174.797126  
8165.72882  
8121.50345  
8084.449779  
8186.204217  
8191.131187  
8225.204634  
8195.404204  
8134.342762  
8210.262011  
8129.112083  
8030.668582  
8188.667305  
8094.940107  
8169.099674  
8142.625761  
8204.230456  
8227.01614  
8255.686177  
8227.104231  
8179.13534  
8259.561621  
8259.125828  
8201.103613  
8157.461636  
8152.806808  
8117.5515  
8176.86399  
8209.794917  
8149.090087  
8147.50395  
8098.653435  
8163.424717  
8094.400404  
8096.747284  
8093.170797  
8083.554882  
8085.994445  
8135.171432  
8038.861041  
8114.527484  
8083.378353  
8152.487494  
8177.548281  
8223.023294  
8244.62567  
8177.149156  
8186.683728  
8154.069598  
8153.915825  
8097.76265  
8207.433511  
8153.673691  
8066.112328  
8064.884186  
8047.863062  
8073.598655  
8119.554727  
8150.31015  
8142.700446  
8089.422779  
8047.819668  
8070.646049  
8001.514361  
8068.167785  
8074.237962  
8117.538202  
8076.259669  
8210.600881  
8166.085061  
8170.031713  
8098.831936  
8243.611248  
8109.042668  
8200.117344  
8256.736211  
8279.338092  
8233.718586  
8195.015321  
8147.278506  
8104.957998  
8190.425205  
8192.492088  
8182.067476  
8272.514562  
8273.347396  
8121.626845  
8144.667523  
8136.113888  
8164.014293  
8142.551996  
8119.8126  
8080.380709  
8113.297491  
8072.892686  
8098.840349  
8073.638225  
8126.859508  
8147.837397  
8142.44063  
8180.126099  
8222.862709  
8167.333296  
8129.075893  
8063.225727  
8150.975566  
8106.879674  
8116.461018  
8179.433021  
8170.897774  
8158.728022  
8159.119669  
8190.007478  
8109.737775  
8171.454882  
8165.316248  
8178.693553  
8191.623858  
8165.700853  
8138.583075  
8089.301402  
8121.254403  
8154.032395  
8085.343787  
8133.684929  
8188.152836  
8106.811288  
8100.072107  
8188.938004  
8265.968418  
8233.628045  
8228.014723  
8187.073235  
8186.669629  
8129.722693  
8191.4028  
8213.462466  
8181.709598  
8100.338019  
8179.821436  
8131.46957  
8140.880921  
8156.036423  
8116.711081  
8068.702176  
8169.911847  
8210.291645  
8195.57024  
8238.621478  
8151.432463  
8111.29066  
8147.909071  
8117.750572  
8147.673324  
8162.130568  
8137.746939  
8211.608919  
8154.632456  
8150.011194  
8129.932539  
8164.277592  
8084.297972  
8056.277485  
8044.826303  
8170.234176  
8186.3667  
8210.25433  
8228.272222  
8175.521386  
8135.58867  
8131.191724  
8184.445329  
8230.976867  
8140.960788  
8096.822936  
8057.939351  
8095.11574  
8188.978729  
8230.615559  
8171.96786  
8185.543276  
8140.521502  
8188.522095  
8172.836261  
8169.613051  
8143.603694  
8131.286924  
8077.658538  
8069.568747  
8053.723939  
8053.761863  
7977.392014  
7994.841986  
8001.42384  
7996.819682  
8072.894709  
8003.001358  
8043.674508  
8176.081528  
8140.577798  
8102.480345  
8142.840241  
8261.431327  
8215.008755  
8229.542559  
8268.995227  
8301.266115  
8236.483818  
8173.02736  
8173.655641  
8176.876204  
8224.005099  
8240.076411  
8200.953293  
8212.462195  
8160.058539  
7980.878285  
8245.507911  
8117.90041  
8114.438634  
8176.669306  
8222.955076  
8295.385905  
8334.312312  
8250.241128  
8047.977764  
7855.49616  
8060.195935  
8056.631407  
8060.682378  
8068.829635  
8112.617893  
8120.5227  
8217.392592  
8208.959594  
8183.56164  
8155.62848  
8184.544695  
8134.099885  
8169.00629  
8112.068212  
8152.899292  
8183.960833  
8098.559852  
8024.063521  
8003.133585  
8067.993882  
8153.323059  
8117.406457  
8100.253446  
8097.128036  
8170.113415  
8200.321681  
8193.280175  
8203.74045  
8198.885495  
8207.285345  
8229.104685  
8221.758269  
8149.018115  
8186.23392  
8297.757435  
8222.265188  
8174.742935  
8177.052923  
8054.583579  
8153.348755  
8197.398569  
8099.135817  
8228.920319  
8141.723088  
8174.452848  
8281.564418  
8272.921522  
8155.817363  
7966.271573  
7994.429873  
7977.195327  
8011.218171  
7988.277574  
8092.875197  
8119.781981  
8105.45424  
8145.495563  
8138.299553  
8130.258465  
8149.539868  
8170.081206  
8177.553431  
8173.787945  
8205.070288  
8204.325853  
8132.119611  
8143.261803  
8132.466026  
8153.11225  
8220.566761  
8237.097605  
8228.75179  
8250.591747  
8293.648754  
8153.396383  
8182.072328  
8122.668311  
8115.043248  
8067.412392  
8053.125256  
8164.214365  
8213.460969  
8191.565437  
8086.259395  
8009.143411  
8071.434072  
8129.744781  
8181.627828  
8117.977028  
8110.051304  
8096.406458  
8127.057698  
8118.079203  
7929.246908  
7961.562282  
8255.350907  
8134.708183  
8173.802137  
8164.967575  
8184.476065  
8138.94933  
8115.237252  
8115.624848  
8144.911555  
8138.036544  
8144.844651  
8169.852553  
8186.57097  
8147.173665  
8146.812849  
8176.250247  
8204.932339  
8216.151295  
8257.575389  
8238.450916  
8062.615054  
8057.430021  
8214.749552  
8215.375912  
8250.573962  
8154.47183  
8065.017084  
8143.073033  
8154.311129  
8168.127629  
8187.073009  
8194.435377  
8182.939549  
8208.275122  
8174.312196  
8117.340446  
8101.182877  
8121.932911  
8116.101141  
8121.806171  
8120.479233  
8135.441158  
8133.912455  
8102.478802  
8135.426291  
8154.367649  
8175.601738  
8148.025686  
8217.810373  
8108.369417  
8122.917249  
8076.586672  
8083.999109  
8070.390977  
8114.163841  
8164.147796  
8087.669122  
8142.525785  
8171.77899  
8116.391089  
8261.399299  
8229.124049  
8141.035989  
8151.997764  
8256.883975  
8193.844739  
8177.694841  
8137.959195  
8092.92222  
8065.231317  
8193.983941  
8227.425918  
8192.663105  
8214.018322  
8181.137855  
8139.706817  
8136.258694  
8130.933514  
8101.252119  
8232.352316  
8202.742897  
8195.565411  
8224.183481  
8211.466632  
8126.292182  
8138.695617  
8046.012004  
8027.834288  
8113.317807  
8133.555689  
8198.180885  
8281.761122  
8248.061618  
8110.814605  
8151.929618  
8168.562978  
7974.865821  
8108.697565  
8145.689046  
8153.127926  
8170.964571  
8070.8622  
8114.849095  
8105.84787  
8154.558667  
8150.645757  
8117.756956  
8120.988052  
8155.522578  
8050.75886  
8109.13044  
8099.252202  
8078.588625  
8086.520133  
8146.256092  
8153.953701  
8124.05662  
8155.313902  
8175.307634  
8241.686787  
8131.784439  
8184.115554  
8147.577938  
8147.923298  
8059.711524  
8141.813143  
8063.796316  
8231.386028  
8244.996148  
8177.490903  
8199.084292  
8191.432591  
8214.334118  
8180.569156  
8172.367402  
8179.280128  
8172.428608  
8182.427498  
8112.466178  
8007.247507  
8099.38577  
