10413.19932  
10329.91573  
10319.79415  
10317.59752  
10323.82633  
10327.34396  
10248.72328  
10278.12375  
10335.84475  
10273.34547  
10301.9708  
10319.63141  
10292.88083  
10330.71308  
10306.73345  
10271.04988  
10215.92093  
10236.70635  
10287.11664  
10307.16062  
10273.84704  
10284.77465  
10263.47667  
10297.08259  
10292.91594  
10254.30677  
10303.0835  
10255.90798  
10275.16487  
10222.84497  
10235.1803  
10263.28655  
10298.14771  
10266.7788  
10270.63499  
10214.07018  
10283.34876  
10265.71206  
10223.76515  
10269.02659  
10240.77692  
10264.60399  
10364.98284  
10318.10713  
10280.8618  
10327.4689  
10286.68288  
10353.16252  
10283.61447  
10272.70427  
10342.17296  
10279.83671  
10338.96904  
10302.84651  
10377.1331  
10263.16984  
10271.17476  
10325.06369  
10330.94587  
10402.24121  
10369.60009  
10265.312  
10275.60669  
10259.35896  
10333.6433  
10294.98498  
10375.48644  
10377.41342  
10395.88298  
10350.47957  
10342.94334  
10351.34804  
10332.47539  
10335.00451  
10324.27231  
10451.13457  
10336.64227  
10341.93115  
10240.63294  
10348.72833  
10268.72454  
10269.85771  
10298.57147  
10345.73982  
10347.88576  
10359.5557  
10280.19521  
10247.59588  
10258.95855  
10278.64279  
10247.19826  
10148.43785  
10224.82645  
10202.46519  
10262.34335  
10293.69315  
10280.97745  
10259.73511  
10277.4957  
10239.09545  
10229.80842  
10255.37399  
10298.79439  
10292.74943  
10305.1032  
10284.0227  
10285.23012  
10285.89284  
10264.24148  
10307.0412  
10363.4894  
10288.95797  
10317.05758  
10214.86446  
10263.62365  
10247.3182  
10344.9482  
10249.94935  
10234.82233  
10250.06916  
10317.0852  
10317.56965  
10353.46069  
10319.33514  
10292.78443  
10307.21376  
10268.88375  
10313.83534  
10216.6703  
10251.56113  
10364.26922  
10312.15316  
10323.20986  
10259.81917  
10305.31635  
10241.44425  
10282.57428  
10159.34097  
10272.73363  
10276.70826  
10281.66873  
10246.12265  
10239.80038  
10263.09947  
10241.41424  
10263.83482  
10355.27566  
10261.83803  
10303.05644  
10277.24076  
10257.69282  
10314.55043  
10235.953  
10251.83661  
10215.07885  
10222.74365  
10317.4168  
10263.1574  
10373.08482  
10282.37687  
10316.43522  
10276.93913  
10221.75437  
10298.65991  
10261.40917  
10275.76625  
10259.92671  
10262.94014  
10260.28561  
10275.91983  
10232.73993  
10291.85341  
10270.40586  
10275.24343  
10303.00054  
10278.34352  
10240.92099  
10363.78668  
10330.23263  
10355.85854  
10343.94757  
10316.58655  
10373.74091  
10294.96594  
10325.24335  
10251.56796  
10352.02198  
10298.64863  
10281.85345  
10280.14455  
10319.87753  
10348.93904  
10328.82994  
10277.54122  
10239.35589  
10275.21305  
10241.6806  
10280.53592  
10345.3801  
10300.02368  
10343.17647  
10347.66621  
10306.94747  
10325.92104  
10366.14324  
10363.16025  
10355.06044  
10317.62008  
10296.97056  
10257.72342  
10307.10874  
10283.4636  
10351.41519  
10266.40262  
10364.59782  
10289.47083  
10303.2427  
10307.08159  
10331.54923  
10288.98173  
10241.27453  
10221.04115  
10286.18016  
10327.79077  
10313.21267  
10405.32066  
10310.03392  
10386.4774  
10271.32285  
10279.9211  
10250.51783  
10215.42469  
10204.27323  
10221.95963  
10244.74308  
10207.22305  
10293.84068  
10266.75746  
10257.39461  
10276.35564  
10231.64505  
10232.15974  
10237.93679  
10203.86618  
10312.49989  
10355.38908  
10321.51841  
10351.85756  
10315.85118  
10320.26961  
10290.67963  
10254.56062  
10245.17298  
10276.02128  
10311.59183  
10325.50772  
10346.70773  
10397.04347  
10328.57469  
10301.95718  
10313.21497  
10306.72617  
10289.61867  
10237.134  
10294.24614  
10243.06302  
10299.33599  
10316.62667  
10321.70376  
10281.46947  
10292.84213  
10286.0077  
10290.3952  
10294.89715  
10247.37947  
10284.29994  
10218.20602  
10285.29725  
10276.34362  
10258.12535  
10227.95445  
10187.69349  
10219.35367  
10352.18271  
10275.88656  
10230.44673  
10402.87986  
10310.53668  
10335.8085  
10258.37004  
10265.09738  
10307.50257  
10164.44855  
10322.73142  
10253.75253  
10418.72641  
10285.08745  
10265.55683  
10327.46199  
10346.34184  
10380.34621  
10293.57216  
10274.38669  
10325.40083  
10329.69017  
10294.54613  
10293.48271  
10253.00646  
10338.2186  
10270.70321  
10371.56672  
10280.13311  
10352.79415  
10374.90642  
10268.87354  
10250.5075  
10293.426  
10334.06635  
10357.19559  
10309.94321  
10316.2971  
10259.10363  
10264.34655  
10263.59748  
10310.91277  
10303.11869  
10311.00529  
10275.7084  
10305.45794  
10275.26463  
10241.30013  
10228.30503  
10229.58219  
10268.67121  
10305.79371  
10337.63355  
10275.47721  
10264.14385  
10251.09709  
10253.63346  
10296.30539  
10295.0788  
10346.2461  
10339.21828  
10317.24085  
10293.68025  
10259.04863  
10319.31622  
10268.54617  
10340.14153  
10332.76996  
10272.90264  
10364.7538  
10315.05765  
10278.00353  
10323.87931  
10286.69654  
10315.086  
10325.06963  
10273.85825  
10280.42102  
10267.50135  
10290.96054  
10302.77871  
10308.52749  
10303.5584  
10261.21752  
10302.33525  
10202.42442  
10180.25759  
10187.62211  
10231.72715  
10199.31723  
10297.06709  
10376.20754  
10326.70533  
10395.23402  
10265.87315  
10308.23862  
10265.83975  
10233.01854  
10371.94808  
10393.05857  
10275.2028  
10290.0352  
10331.05663  
10324.58316  
10286.82872  
10310.4827  
10251.65414  
10276.22198  
10273.41615  
10245.8242  
10236.64377  
10256.07363  
10276.48349  
10291.14135  
10290.94321  
10307.76871  
10290.68236  
10310.17066  
10302.69335  
10249.89335  
10219.88824  
10333.54519  
10342.7808  
10287.53345  
10309.61883  
10207.28116  
10251.1576  
10187.37628  
10256.21524  
10225.17677  
10270.65768  
10368.03006  
10317.77347  
10421.34487  
10381.55186  
10343.09065  
10278.66758  
10312.15874  
10308.12701  
10302.96937  
10374.33133  
10320.53201  
10316.23966  
10329.60064  
10335.74497  
10248.24474  
10356.78418  
10374.67242  
10356.53548  
10348.62792  
10333.62557  
10313.36737  
10235.9144  
10297.8166  
10255.56609  
10272.82212  
10296.98588  
10243.34718  
10191.74497  
10213.70299  
10249.76792  
10214.77499  
10261.79494  
10296.29895  
10306.27677  
10222.60523  
10308.57219  
10252.48038  
10326.15107  
10352.76293  
10320.48857  
10274.93615  
10243.9344  
10265.53896  
10235.91024  
10341.39658  
10306.06609  
10337.99932  
10350.43908  
10282.57348  
10295.6091  
10249.31358  
10263.78991  
10265.84853  
10235.97253  
10349.34088  
10292.80931  
10243.44664  
10312.37534  
10383.66555  
10373.05846  
10377.60955  
10362.21591  
10274.53219  
10250.25823  
10319.19645  
10291.00672  
10307.74416  
10337.20257  
10328.28794  
10309.15773  
10255.24886  
10209.71424  
10248.85236  
10293.36983  
10306.86313  
10351.47416  
10322.23491  
10289.62637  
10300.06873  
10241.56707  
10287.40322  
10262.23874  
10242.50925  
10262.83761  
10257.68883  
10226.19056  
10299.52981  
10335.06644  
10278.5147  
10271.38765  
10223.29595  
10324.15186  
10265.70841  
10253.11596  
10346.85903  
10262.64046  
10235.15716  
10253.42372  
10274.84693  
10189.44783  
10256.55217  
10228.92165  
10174.85488  
10235.73578  
10275.67612  
10259.9774  
10239.13539  
10275.23316  
10282.04704  
10209.886  
10250.08958  
10262.0207  
10182.57251  
10262.75298  
10245.7067  
10291.27688  
10224.69096  
10317.80426  
10314.97339  
10254.01762  
10215.55393  
10221.98987  
10206.9279  
10243.11605  
10227.62071  
10240.70028  
10217.74089  
10179.32964  
10212.15198  
10224.04347  
10240.94047  
10258.79717  
10290.17534  
10441.75465  
10429.61892  
10435.80685  
10483.31226  
10388.00685  
10394.35513  
10384.20815  
10428.55383  
10368.41633  
10341.82073  
10342.31071  
10343.86677  
10385.70131  
10413.71653  
10412.66614  
10352.60654  
10383.04106  
10304.67993  
10352.2087  
10324.63185  
10372.72025  
10256.20072  
10384.0581  
10403.12646  
10396.35373  
10431.4269  
10422.87419  
10465.65243  
10316.40214  
10344.31159  
10336.43135  
10274.07724  
10394.52135  
10340.83077  
10396.93382  
10377.19111  
10346.10793  
10271.27528  
10348.14057  
10194.76008  
10333.92989  
10285.59676  
10232.22114  
10243.68194  
10252.21366  
10333.85079  
10322.85172  
10334.05363  
10327.93341  
10292.70842  
10296.26463  
10272.85857  
10244.83622  
10231.29461  
10226.99684  
10224.9861  
10233.91719  
10252.93346  
10272.60078  
10344.14131  
10278.40574  
10258.14623  
10232.14538  
10275.20795  
10303.88383  
10298.50547  
10324.68625  
10275.9272  
10257.1803  
10213.03984  
10247.07574  
10294.12456  
10355.75371  
10328.24402  
10365.47819  
10307.68917  
10284.30534  
10368.54688  
10374.68027  
10381.39181  
10358.2379  
10319.70483  
10283.30076  
10249.96828  
10258.95663  
10298.8462  
10275.28779  
10238.12769  
10278.64506  
10294.27745  
10320.49793  
10296.99162  
10306.73249  
10194.42012  
10264.46082  
10284.91622  
10251.71306  
10200.02252  
10285.42908  
10277.33748  
10264.67876  
10319.88351  
10336.46296  
10312.16929  
10251.42946  
10290.98351  
10204.29607  
10286.08298  
10298.99508  
10238.55739  
10271.21231  
10266.36888  
10392.63944  
10292.21054  
10254.0748  
10208.49505  
10317.17163  
10260.91698  
10306.61958  
10280.90238  
10230.30825  
10324.37685  
10292.04931  
10294.51481  
10311.49228  
10327.39679  
10297.62892  
10246.26572  
10296.63881  
10244.89003  
10230.69846  
10246.55441  
10321.00245  
10266.49148  
10334.68781  
10289.69868  
10360.27766  
10316.7822  
10290.78151  
10271.96884  
10267.13683  
10230.33624  
10281.64114  
10287.29752  
10356.61371  
10326.87329  
10372.5092  
10300.14523  
10324.86783  
10326.27811  
10333.68647  
10286.97175  
10248.63875  
10269.74345  
10262.00251  
10271.53224  
10280.09094  
10363.14021  
10314.67462  
10323.03759  
10281.42329  
10331.81604  
10327.73418  
10358.24591  
10232.1255  
10271.43512  
10288.46289  
10334.79423  
10383.15409  
10315.39527  
10276.99221  
10298.47338  
10331.28826  
10388.50782  
10361.55874  
10272.53417  
10225.12982  
10302.64068  
10137.8986  
10240.486  
10133.46413  
10187.30449  
10208.51154  
10308.45388  
10351.22169  
10366.67684  
10332.48199  
10297.52433  
10258.23921  
10215.94749  
10284.04266  
10237.32409  
10254.53295  
10275.33902  
10279.55696  
10272.99946  
10226.16569  
10265.80842  
10233.38195  
10314.99664  
10289.83461  
10340.61081  
10358.02989  
10386.56545  
10349.75579  
10331.13169  
10251.60836  
10147.0302  
10257.17631  
10261.35792  
10299.8891  
10282.16447  
10237.49136  
10215.69488  
10150.64233  
10366.2985  
10379.74159  
10378.16517  
10298.84665  
10255.36451  
10125.44993  
10389.97759  
10110.36359  
10331.23399  
10243.3319  
10247.28746  
10282.813  
10399.91587  
10343.19543  
10313.04381  
10253.81983  
10251.74957  
10222.36946  
10213.98739  
10175.78869  
10198.10361  
10277.43242  
10315.29491  
10271.01668  
10313.11609  
10344.97845  
10293.87188  
10380.3855  
10303.02451  
10310.02436  
10361.73526  
10290.11785  
10225.43092  
10278.63695  
10329.45437  
10376.91998  
10397.23665  
10278.92328  
10408.18485  
10369.63196  
10322.9601  
10290.78922  
10298.73792  
10268.70183  
10288.30057  
10284.17859  
10373.1142  
10288.30491  
10251.76105  
10296.03599  
10293.66184  
10305.55691  
10324.28131  
10312.83007  
10330.42537  
10293.05269  
10335.31402  
10385.02285  
10376.25859  
10328.7441  
10331.85732  
10232.07522  
10291.30394  
10295.5406  
10348.56734  
10305.5717  
10358.47551  
10408.34506  
10480.85899  
10383.29519  
10328.24963  
10231.04714  
10089.64674  
10230.01509  
10225.24711  
10259.29296  
10292.65463  
10218.8417  
10350.3607  
10250.02695  
10323.11805  
10279.39689  
10308.66042  
10199.87755  
10310.94082  
10239.26728  
10324.36992  
10282.15476  
10212.51241  
10257.94732  
10220.56628  
10343.39926  
10318.57068  
10340.19421  
10196.11125  
10355.86775  
10452.52283  
10366.16727  
10168.64256  
10332.17795  
10191.84402  
10255.29747  
10245.93687  
10274.76481  
10276.77655  
10345.62853  
10353.35297  
10300.70215  
10110.93636  
10212.25085  
10254.21  
10263.54162  
10317.42084  
10256.1711  
10263.15531  
10266.47503  
10394.3981  
10379.42831  
10264.76468  
10279.12085  
10236.6827  
10259.52698  
10319.23881  
10373.41294  
10355.84215  
10171.81186  
10342.53833  
10222.31215  
10295.68691  
10283.81758  
10333.76433  
10374.23661  
10314.88082  
10337.42888  
10271.18027  
10283.03732  
10284.34321  
10246.68138  
10358.02012  
10349.19794  
10306.95785  
10360.74767  
10307.83726  
10299.37523  
10432.62364  
10347.15412  
10357.74513  
10251.45069  
10388.61285  
10324.36219  
10341.63565  
10289.74781  
10293.96912  
10254.7701  
10273.66776  
10373.83227  
10315.25094  
10266.21728  
10309.35267  
10216.77439  
10354.60498  
10314.54151  
10430.44196  
10378.01422  
10367.63731  
10347.66597  
10219.63636  
10271.42652  
10329.46529  
10417.90338  
10345.23421  
10297.95544  
10284.5625  
10200.90447  
10173.38804  
10211.47477  
10275.8348  
10284.91716  
10229.68254  
10350.82879  
10270.04581  
10257.64261  
10297.86716  
10252.93021  
10303.94327  
10289.01969  
10346.05256  
10310.25545  
10221.68347  
10276.87323  
10338.34585  
10325.88347  
10277.31304  
10280.76535  
10285.55569  
10353.51274  
10362.04994  
10128.16178  
10215.01172  
10266.4872  
10249.07224  
10254.56393  
10261.69215  
10230.63516  
10366.7174  
10406.20847  
10439.19926  
10328.69203  
10301.54177  
10311.73079  
10277.28597  
10318.95072  
10270.93035  
10288.3833  
10287.30388  
10230.12203  
10323.50953  
10294.84928  
10312.32305  
10305.59256  
10272.68715  
10282.60393  
10320.41438  
10306.19584  
10296.02139  
10240.83566  
10252.20738  
10287.66912  
10307.21774  
10136.87476  
10153.53553  
10185.45743  
10297.30276  
10314.61472  
10239.12249  
10344.67477  
10368.02746  
10345.48824  
10293.66612  
10295.92861  
10379.15847  
10024.04149  
10255.50425  
10296.73243  
10254.10796  
10276.73123  
10180.13393  
10092.38313  
10171.79808  
10210.02912  
10199.55705  
10277.58312  
10341.03233  
10418.81528  
10412.16046  
10328.60376  
10346.67741  
10220.87198  
10285.67901  
10285.1161  
10219.26168  
10318.70253  
10302.35131  
10236.39803  
10346.29081  
10314.13931  
10312.74312  
10305.60739  
10326.21521  
10370.07046  
10367.20541  
10269.13969  
10238.62492  
10257.3766  
10329.40886  
10404.44849  
10386.00788  
10325.24914  
10284.61468  
10261.99549  
10334.08293  
10316.28259  
10321.44793  
10227.24185  
10277.17701  
10289.5967  
10285.76361  
10306.80599  
10312.18528  
10348.56098  
10224.16464  
10277.65701  
10222.34039  
10145.49735  
10184.62393  
10173.3766  
10244.94069  
10289.7786  
10314.13724  
10263.72547  
10257.67322  
10147.20487  
10215.14987  
10195.44833  
10295.82187  
10312.51701  
10289.45797  
10238.02031  
10303.82729  
10273.50728  
10329.42164  
10393.63555  
10493.95425  
10406.62559  
10451.60063  
10360.89279  
10374.23808  
10314.6544  
10327.78226  
10310.44853  
10326.1296  
10296.594  
10279.24889  
10309.00037  
10356.53084  
10329.51967  
10320.60475  
10277.12323  
10278.74514  
10357.36662  
10330.79267  
10329.82321  
10288.71612  
10269.85732  
10320.1282  
10271.96354  
10333.08236  
10283.249  
10364.88691  
10243.87132  
10295.57263  
10355.2155  
10225.03673  
10180.57056  
10376.82146  
10384.29477  
10390.58354  
10381.45032  
10312.15889  
10277.96544  
10240.18666  
10305.01672  
10316.98589  
10304.31166  
10293.94886  
10341.60205  
10305.43133  
10389.5775  
10301.88579  
10299.65076  
10274.83133  
10260.58695  
10293.9226  
10331.83644  
10301.40472  
10356.20841  
10376.30792  
10263.81757  
10272.06194  
10328.81422  
10216.296  
10317.75024  
10285.83855  
10283.77472  
10340.24591  
10328.46874  
10374.66119  
10360.68384  
10355.40533  
10295.61666  
10271.39066  
10306.16832  
10307.56439  
10352.86797  
10287.01716  
10355.8931  
10231.77604  
10278.28927  
10264.90853  
10355.63437  
10326.21826  
10334.72049  
10316.34116  
10278.81777  
10182.73104  
10281.25052  
10243.51896  
10244.38432  
10256.98648  
10210.71052  
10225.92503  
10337.81973  
10395.63321  
10347.44772  
10294.85486  
10289.06125  
10305.49665  
10295.71805  
10355.24763  
10327.52896  
10180.55423  
10198.48603  
10112.30205  
10235.50671  
10220.41812  
10316.24559  
10298.18109  
10256.91625  
10297.86294  
10266.37926  
10226.04099  
10229.10107  
10253.58028  
10282.24547  
10187.62365  
10246.99351  
10249.43184  
10314.56311  
10356.56993  
10300.52748  
10199.68244  
10340.74016  
10299.62667  
10287.85598  
10194.35766  
10199.92271  
10173.94957  
10304.14405  
10347.61471  
10394.66533  
10374.01609  
10308.41537  
10291.79419  
10235.46058  
10282.58166  
10326.03797  
10341.3651  
10281.92876  
10152.63218  
10227.0919  
10307.14655  
10259.87399  
10286.19889  
10446.66487  
10349.09862  
10325.87595  
10261.13443  
10232.72825  
10240.22239  
10308.26165  
10302.18125  
10315.74571  
10333.38022  
10332.1976  
10345.21218  
10253.08265  
10195.43363  
10276.27814  
10348.15067  
10274.05052  
10245.29614  
10284.22434  
10279.7482  
10258.86431  
10315.46758  
10382.58954  
10344.64202  
10349.54978  
10331.18883  
10193.9695  
10264.40118  
10311.35855  
10166.18798  
10240.68209  
10248.76701  
10334.74585  
10399.06263  
10265.75067  
10224.76281  
10228.41925  
10321.21859  
10330.76623  
10347.81273  
10260.16825  
10231.14899  
10256.52345  
10317.20829  
10337.17798  
10386.82863  
10375.31077  
10399.41659  
10294.07276  
10329.01825  
10324.28391  
10224.37026  
10245.02337  
10356.53148  
10381.93607  
10379.5479  
10313.98171  
10379.00956  
10298.64249  
10285.72758  
10279.21014  
10298.17059  
10271.81396  
10267.01099  
10325.41917  
10367.00008  
10399.27715  
10336.84898  
10359.86152  
10316.96546  
10274.43821  
10233.90551  
10290.56471  
10249.80539  
10234.51486  
10257.18294  
10213.00701  
10249.34353  
10273.15517  
10281.32863  
10285.08337  
10267.5816  
10238.1366  
10196.01299  
10195.62223  
10286.68024  
10248.08374  
10276.83959  
10302.07072  
10255.17443  
10215.13491  
10248.05192  
10299.5365  
10201.76073  
10273.6702  
10168.08616  
10258.84885  
10336.1314  
10273.87863  
10318.91086  
10171.47826  
10487.25314  
10338.84297  
10262.01809  
10262.50439  
10188.88439  
10259.31324  
10193.1516  
10221.94934  
10223.19391  
10409.73772  
10357.45914  
10077.6248  
10274.42591  
10232.5212  
10167.28296  
10252.79331  
10133.58838  
10338.22254  
10319.09353  
10327.94719  
10363.5584  
10297.18477  
10253.94374  
10183.21367  
10276.19593  
10343.18043  
10422.96624  
10502.45141  
10419.40508  
10310.20487  
10326.75305  
10382.24588  
10344.86717  
10430.84493  
10402.80334  
10412.96741  
10386.07171  
10371.21944  
10321.40257  
10341.84835  
10294.19941  
10345.70803  
10351.46566  
10334.14366  
10404.23594  
10366.51651  
10310.65078  
10256.35032  
10235.5507  
10274.04161  
10277.61486  
10349.65272  
10294.99651  
10309.05317  
10268.11793  
10208.08883  
10369.7874  
10304.49071  
10271.57721  
10270.10527  
10327.12418  
10321.34953  
10364.15065  
10439.12636  
10320.32969  
10285.10038  
10215.2282  
10255.7833  
10278.63898  
10245.38156  
10313.55827  
10253.47073  
10289.78926  
10311.42051  
10256.25846  
10330.50376  
10346.04951  
10212.16089  
10191.51518  
10258.98673  
10321.61084  
10224.07322  
10280.37303  
10275.9622  
10264.38731  
10233.16609  
10241.40076  
10250.20261  
10246.50692  
10264.10531  
10338.02941  
10344.06835  
10324.60483  
10263.13527  
10230.17977  
10257.52085  
10281.62775  
10259.86676  
10329.7028  
10363.61115  
10355.09513  
10265.93579  
10298.83341  
10226.76577  
10240.32406  
10221.39448  
10234.44112  
10205.69787  
10279.34879  
10281.41591  
10318.7872  
10298.93278  
10311.77773  
10281.13855  
10372.67299  
10167.25555  
10208.97219  
10204.16591  
10234.94197  
10277.18517  
10387.13357  
10327.00528  
10396.08581  
10373.1501  
10423.40501  
10312.79778  
10329.10605  
10346.5867  
10372.28673  
10326.91841  
10335.07369  
10297.57272  
10284.28042  
10298.7058  
10297.61214  
10308.63246  
10321.68386  
10378.06735  
10274.35229  
10242.28353  
10146.37924  
10220.61519  
10137.0183  
10243.39763  
10302.43293  
10323.01767  
10358.45204  
10364.37376  
10324.38326  
10298.08646  
10409.8739  
10393.89256  
10384.0086  
10356.01612  
10332.04164  
10319.89127  
10312.44994  
10236.24573  
10340.11713  
10290.44452  
10342.55829  
10247.39488  
10309.7634  
10260.90077  
10250.26004  
10279.04424  
10270.58875  
10325.24701  
10361.49789  
10463.13097  
10407.58459  
10367.38609  
10316.33841  
10238.75306  
10290.91308  
10256.37632  
10261.75399  
10299.67383  
10306.98726  
10336.61597  
10302.2567  
10334.43056  
10326.78531  
10358.13944  
10320.74719  
10272.88221  
10274.50704  
10230.12163  
10159.65799  
10176.19388  
10141.94848  
10212.63532  
10273.2866  
10328.63749  
10345.59805  
10388.93642  
10319.76996  
10280.69914  
10288.69955  
10337.66075  
10352.0035  
10301.54224  
10349.84851  
10353.61384  
10326.31736  
10439.24731  
10465.75186  
10354.72031  
10307.74951  
10213.02389  
10176.1416  
10210.30704  
10245.58089  
10262.67235  
10314.78326  
10206.57776  
10405.29824  
10241.72878  
10191.40477  
10221.11292  
10146.32998  
10214.65295  
10156.19015  
10202.01255  
10197.59635  
10292.24045  
10296.18459  
10263.42585  
10306.25953  
10338.60681  
10402.29104  
10334.19328  
10169.28822  
10233.98928  
10171.3253  
10234.21347  
10265.53665  
10259.31975  
10219.10628  
10147.81739  
10269.64576  
10397.56421  
10473.71183  
10413.13295  
10318.14887  
10391.34758  
10341.97003  
10259.32398  
10316.9395  
10255.00406  
10285.70014  
10271.90441  
10310.21818  
10372.32693  
10304.06098  
10231.12498  
10166.52597  
10260.96798  
10218.82176  
10210.52927  
10224.18227  
10204.76861  
10252.15458  
10362.90169  
10410.77789  
10319.88326  
10306.89407  
10401.12361  
10249.64965  
10313.06204  
10346.75281  
10481.50733  
10356.40628  
10445.57957  
10354.64471  
10171.48814  
10267.81537  
10307.5052  
10184.0148  
10255.43884  
10195.24819  
10300.61676  
10247.77708  
10271.65182  
10330.02339  
10259.48368  
10300.75564  
10305.53307  
10347.12753  
10337.96837  
10355.43667  
10339.85146  
10282.55336  
10279.18265  
10316.85332  
10297.55029  
10164.83305  
10309.88712  
10283.71605  
10244.04244  
10287.2762  
10311.95952  
10189.74355  
10320.57099  
10335.57034  
10275.44252  
10446.16359  
10382.42334  
10369.37848  
10383.46125  
10412.29509  
10393.90929  
10279.29348  
10187.45995  
10308.37559  
10234.20006  
10194.09041  
10150.68392  
10196.53711  
10236.53132  
10144.86479  
10145.32645  
10226.2536  
10247.48723  
10300.07182  
10293.06087  
10266.60002  
10224.10813  
10191.46672  
10307.5857  
10314.36394  
10387.69636  
10288.7724  
10210.47303  
10267.19911  
10197.53218  
10278.24862  
10307.13111  
10337.75443  
10369.0339  
10368.60309  
10403.5988  
10364.00872  
10376.60531  
10281.887  
10313.10022  
10313.31167  
10380.71494  
10153.25994  
10352.54017  
