9674.271018  
9578.093984  
9550.315389  
9595.53534  
9597.857024  
9590.39676  
9584.099967  
9595.786442  
9645.189332  
9675.862861  
9647.101135  
9593.677207  
9606.039575  
9662.650245  
9705.628238  
9632.78936  
9575.792173  
9588.462413  
9635.472738  
9591.959378  
9511.110632  
9502.36543  
9568.302029  
9588.059195  
9516.403086  
9505.814668  
9560.75491  
9591.680655  
9629.180654  
9651.782962  
9655.030178  
9613.40251  
9595.718551  
9561.007489  
9546.667785  
9646.326896  
9711.555168  
9689.051442  
9535.98735  
9538.855763  
9594.231813  
9629.889278  
9535.191261  
9550.443708  
9594.849297  
9623.361435  
9594.293708  
9574.019255  
9619.252875  
9582.884198  
9563.518582  
9520.092938  
9567.420059  
9614.686118  
9576.636615  
9535.907441  
9572.901101  
9561.290661  
9574.709713  
9554.185569  
9569.973191  
9541.610559  
9594.959226  
9662.2569  
9656.355876  
9569.677015  
9628.716718  
9672.133819  
9664.931402  
9669.843237  
9623.689657  
9676.856783  
9669.483263  
9658.910612  
9748.882236  
9681.944279  
9616.048279  
9622.849642  
9668.210115  
9595.055993  
9562.658816  
9605.533929  
9632.243079  
9640.129805  
9592.765061  
9608.742887  
9629.596774  
9631.43368  
9622.739172  
9553.382687  
9505.855708  
9523.23268  
9512.294472  
9585.583915  
9593.672473  
9572.860568  
9606.467375  
9639.666902  
9631.156381  
9553.412875  
9545.110676  
9609.755384  
9611.723203  
9608.926427  
9579.980247  
9582.462584  
9597.280527  
9582.824685  
9618.860785  
9633.332096  
9567.061525  
9548.926431  
9568.878195  
9609.927388  
9629.552321  
9611.669858  
9571.412938  
9607.325199  
9602.99638  
9581.434219  
9623.076567  
9671.668147  
9616.39901  
9577.636199  
9584.501211  
9636.025583  
9657.070192  
9621.935436  
9640.317695  
9631.015488  
9567.609813  
9608.6423  
9623.994057  
9635.602658  
9622.424089  
9558.463957  
9508.058615  
9563.069849  
9628.659445  
9587.219533  
9549.130105  
9583.265895  
9560.448929  
9613.852298  
9682.955317  
9650.920459  
9529.011853  
9514.020954  
9534.992475  
9571.853471  
9525.402001  
9529.377588  
9537.230538  
9509.885426  
9555.663621  
9591.113846  
9596.661506  
9570.639268  
9548.87188  
9588.621553  
9616.993987  
9611.739247  
9564.069549  
9585.060659  
9593.829239  
9585.688822  
9564.930567  
9607.611974  
9673.432163  
9667.953554  
9596.828824  
9572.119087  
9577.091647  
9629.655748  
9621.472277  
9653.243557  
9697.304553  
9646.285519  
9621.232187  
9633.155524  
9626.900993  
9597.160401  
9586.485472  
9603.015286  
9576.862441  
9587.241947  
9586.807643  
9542.100665  
9562.434387  
9568.659895  
9584.550547  
9617.93452  
9568.634532  
9537.587126  
9578.854868  
9635.109693  
9661.440007  
9620.658322  
9562.938862  
9582.58491  
9598.266159  
9622.769168  
9621.93482  
9609.862658  
9615.830232  
9627.873302  
9589.895724  
9585.971152  
9603.587812  
9611.770934  
9641.071955  
9621.088929  
9580.017427  
9592.62046  
9597.153207  
9590.375798  
9586.279063  
9607.535629  
9576.295414  
9607.943271  
9587.543618  
9613.991922  
9694.375512  
9713.088458  
9633.567327  
9557.164528  
9584.376342  
9639.792565  
9579.59722  
9557.929879  
9572.887502  
9547.256962  
9598.314485  
9655.283104  
9588.548239  
9571.707463  
9591.850612  
9595.882355  
9649.404941  
9697.177317  
9638.559116  
9595.395228  
9611.273963  
9721.04012  
9733.032736  
9702.429239  
9645.406649  
9623.413335  
9675.669966  
9650.789437  
9595.964466  
9584.339121  
9597.206192  
9655.635184  
9591.24188  
9541.58774  
9558.593131  
9585.674894  
9574.314511  
9572.866107  
9561.863528  
9561.282525  
9590.640693  
9620.725408  
9584.854722  
9591.425414  
9612.2604  
9601.203141  
9553.459583  
9558.493918  
9602.377495  
9592.310113  
9576.232605  
9592.691994  
9622.288651  
9587.041305  
9677.106324  
9653.839243  
9586.352066  
9534.732267  
9562.607085  
9595.48465  
9656.931719  
9601.745914  
9529.193196  
9604.902169  
9599.760548  
9603.550289  
9585.9129  
9628.778519  
9599.403699  
9513.617841  
9513.393948  
9602.517957  
9599.79514  
9575.550003  
9503.723528  
9573.259816  
9611.567187  
9661.696112  
9634.799163  
9594.644364  
9580.851679  
9636.979338  
9594.908945  
9597.042417  
9567.153862  
9575.950531  
9579.807402  
9630.241489  
9605.785297  
9613.464308  
9595.971011  
9646.148951  
9616.189769  
9560.358315  
9553.488143  
9623.399654  
9660.460615  
9629.683178  
9612.288316  
9579.565437  
9572.277394  
9589.164964  
9543.181676  
9528.120113  
9578.473892  
9620.877029  
9586.694374  
9518.58929  
9541.955742  
9576.413373  
9599.618086  
9571.058365  
9570.779426  
9551.77715  
9559.373999  
9635.716957  
9701.871348  
9706.023086  
9644.439773  
9571.420931  
9572.701454  
9591.35864  
9630.453143  
9578.164268  
9591.67231  
9583.524402  
9635.967856  
9648.323607  
9623.436187  
9616.013428  
9675.795217  
9674.414154  
9628.89468  
9578.026389  
9573.293224  
9580.426305  
9570.210751  
9605.494413  
9629.712675  
9641.00332  
9579.030099  
9616.964107  
9651.109729  
9615.428788  
9563.001277  
9611.553622  
9641.617526  
9591.414098  
9556.639051  
9592.649637  
9620.358699  
9613.537164  
9627.994177  
9587.017926  
9532.579264  
9559.190638  
9613.128351  
9608.585813  
9652.677162  
9618.254785  
9574.574871  
9578.444037  
9597.815121  
9582.047334  
9561.545006  
9551.961676  
9549.603869  
9561.388788  
9583.956282  
9627.318466  
9678.389232  
9632.246384  
9646.139869  
9588.861639  
9559.186643  
9569.274491  
9560.526363  
9522.044356  
9494.328637  
9537.142574  
9604.547987  
9680.560272  
9627.994689  
9590.341353  
9646.682732  
9663.39528  
9618.592244  
9637.365659  
9587.729828  
9592.359021  
9607.067237  
9647.845872  
9621.549829  
9543.601637  
9565.913913  
9587.556912  
9618.586316  
9595.796869  
9568.03148  
9573.662918  
9583.107733  
9637.719414  
9601.644551  
9594.199933  
9593.303435  
9599.584277  
9627.387777  
9631.865905  
9610.991406  
9588.759613  
9587.75246  
9602.168182  
9606.894049  
9635.842724  
9652.23475  
9628.083028  
9588.660742  
9582.948964  
9567.249718  
9533.784495  
9560.757737  
9589.337641  
9597.915335  
9577.652743  
9626.712597  
9640.592711  
9634.843184  
9652.586183  
9603.340749  
9596.250501  
9626.572009  
9591.0856  
9549.302465  
9626.864643  
9659.403047  
9646.804299  
9572.182836  
9578.943544  
9624.084087  
9643.859403  
9650.690703  
9615.946926  
9597.615752  
9593.994554  
9594.039302  
9593.054422  
9592.959366  
9616.916579  
9594.742494  
9570.288723  
9562.374839  
9615.622843  
9574.868863  
9587.035064  
9575.713323  
9591.34357  
9617.096585  
9559.410364  
9578.871035  
9598.627722  
9602.860033  
9604.714594  
9599.92893  
9542.719286  
9605.623406  
9619.58979  
9716.336426  
9684.855328  
9616.369404  
9601.793775  
9621.497685  
9631.195751  
9566.168846  
9584.695888  
9602.298613  
9584.220576  
9623.630044  
9605.272504  
9546.211046  
9532.690168  
9529.878078  
9585.391176  
9623.600084  
9694.946928  
9670.416369  
9561.582012  
9559.798598  
9582.534191  
9598.493288  
9640.001323  
9626.325485  
9580.138134  
9531.30804  
9568.981766  
9611.705807  
9607.387468  
9527.610621  
9542.747092  
9573.115634  
9639.435182  
9638.681681  
9571.507105  
9579.646127  
9651.989814  
9679.312347  
9629.564794  
9543.433467  
9513.884318  
9582.013036  
9663.355784  
9698.529873  
9648.272057  
9573.530736  
9575.561831  
9551.244563  
9529.061632  
9516.592892  
9549.165274  
9586.995214  
9616.373833  
9653.898085  
9622.37347  
9626.44661  
9583.171293  
9609.286725  
9616.816749  
9615.078332  
9642.657695  
9651.963375  
9591.10557  
9555.575605  
9465.424687  
9685.514917  
9629.336251  
9667.0195  
9678.320983  
9724.71714  
9695.296982  
9629.161939  
9592.151785  
9618.220486  
9616.702719  
9608.197636  
9539.400907  
9612.201093  
9579.163685  
9521.460526  
9660.424622  
9668.56431  
9700.831341  
9633.436948  
9651.110061  
9629.691117  
9617.565558  
9585.351008  
9625.775557  
9639.794791  
9679.802688  
9652.276683  
9667.682401  
9594.154245  
9582.0645  
9577.357136  
9595.616491  
9588.3744  
9659.85532  
9584.337238  
9495.188305  
9568.810931  
9580.126996  
9621.860252  
9618.49283  
9590.758695  
9605.170412  
9646.664506  
9631.866468  
9572.913726  
9557.533627  
9596.796267  
9593.999892  
9591.264262  
9530.32281  
9556.205188  
9562.625065  
9558.810044  
9525.409048  
9555.001368  
9623.426152  
9625.013795  
9562.23716  
9523.093294  
9572.4373  
9628.531556  
9679.005577  
9623.984779  
9548.12792  
9578.286537  
9564.541817  
9654.504802  
9633.927715  
9619.719046  
9587.021889  
9571.284725  
9629.395751  
9639.217946  
9589.513157  
9612.88741  
9608.943262  
9618.869836  
9594.247959  
9585.377692  
9589.245586  
9600.278205  
9563.152575  
9629.558228  
9686.130736  
9656.749136  
9568.681393  
9589.800551  
9622.231151  
9597.367659  
9558.637499  
9542.648958  
9534.532019  
9502.292894  
9546.904237  
9630.302885  
9697.987394  
9618.783466  
9581.506866  
9625.946892  
9666.97059  
9714.710784  
9699.910563  
9655.544399  
9615.291436  
9639.964565  
9620.294037  
9587.565287  
9608.697144  
9579.462246  
9622.093125  
9571.001711  
9523.389463  
9539.442695  
9586.320766  
9624.940184  
9624.211496  
9573.118479  
9563.222574  
9573.437297  
9553.558013  
9575.604593  
9640.201528  
9645.842158  
9624.436955  
9594.859599  
9608.048107  
9605.039588  
9639.381309  
9668.710476  
9670.86376  
9596.864904  
9503.0275  
9503.503875  
9526.178574  
9607.785621  
9608.434878  
9606.949852  
9646.217248  
9658.009976  
9655.732738  
9657.951091  
9621.137648  
9596.724704  
9548.384691  
9514.476479  
9584.094711  
9608.835385  
9615.674309  
9664.033577  
9615.710535  
9574.720607  
9513.989562  
9507.742121  
9581.393306  
9651.370553  
9648.862875  
9677.994954  
9690.22803  
9609.963463  
9585.157509  
9577.933499  
9642.732738  
9654.837002  
9678.608538  
9734.232629  
9594.157157  
9512.221622  
9550.115569  
9551.191968  
9551.409298  
9519.417239  
9500.598373  
9551.593503  
9585.410853  
9659.614462  
9691.975795  
9687.588694  
9594.037932  
9527.626742  
9588.387945  
9608.961376  
9632.201503  
9620.29125  
9559.588541  
9575.060234  
9585.664673  
9587.451897  
9551.950087  
9545.651424  
9612.337944  
9648.573371  
9641.606779  
9621.38821  
9539.810601  
9556.15213  
9625.928978  
9686.168418  
9687.920324  
9562.460853  
9613.705325  
9613.432529  
9592.749393  
9562.973944  
9566.643264  
9534.036963  
9550.207413  
9595.704169  
9633.716576  
9699.312157  
9609.976945  
9557.926403  
9538.49967  
9592.606057  
9629.515838  
9710.892848  
9449.342409  
9642.622927  
9510.771311  
9569.346353  
9638.856512  
9623.223803  
9617.616819  
9579.77457  
9584.352512  
9569.59656  
9538.095825  
9557.641344  
9464.926168  
9510.894129  
9652.879629  
9657.020714  
9620.332324  
9602.166773  
9557.869436  
9590.20487  
9645.306931  
9659.301243  
9603.508048  
9548.709674  
9491.266226  
9535.351666  
9586.68566  
9666.04942  
9665.486671  
9688.191487  
9666.528027  
9602.320527  
9575.248722  
9625.438825  
9639.671646  
9592.309503  
9564.316472  
9570.462804  
9609.154415  
9586.460552  
9546.877639  
9557.934802  
9596.397914  
9632.896082  
9552.409193  
9534.410142  
9514.723245  
9572.46741  
9589.102581  
9637.907158  
9620.096757  
9599.385651  
9601.638613  
9665.306809  
9653.241387  
9622.743835  
9626.189757  
9633.895393  
9661.607703  
9615.269926  
9576.077105  
9591.650217  
9597.677401  
9585.371279  
9579.495992  
9609.82896  
9677.626838  
9702.774718  
9670.2457  
9627.844495  
9565.708034  
9649.961822  
9655.653809  
9709.137503  
9647.985045  
9647.670939  
9625.957205  
9658.544202  
9684.430069  
9593.738591  
9600.875584  
9595.340063  
9636.658911  
9630.619968  
9555.509984  
9585.207356  
9616.289171  
9679.593557  
9697.397735  
9671.746481  
9602.002493  
9536.304466  
9552.484758  
9615.288836  
9630.812672  
9667.495872  
9552.178478  
9493.798565  
9565.492306  
9598.6979  
9561.716164  
9547.433476  
9525.847373  
9606.711375  
9610.795814  
9594.176244  
9598.767817  
9635.47496  
9714.903012  
9677.911815  
9552.307292  
9475.095685  
9623.50036  
9658.673515  
9711.364689  
9675.728803  
9635.289163  
9663.504933  
9615.654346  
9596.061057  
9582.618061  
9589.924192  
9586.757835  
9563.291842  
9545.598732  
9594.159707  
9643.159844  
9562.617695  
9472.689691  
9521.323943  
9558.030766  
9578.178689  
9547.31627  
9551.989516  
9647.69463  
9619.486524  
9461.649194  
9578.625509  
9603.868419  
9662.373759  
9637.443597  
9559.190166  
9632.544314  
9635.859581  
9596.640321  
9534.042857  
9580.964138  
9632.276513  
9692.48836  
9632.177416  
9568.058925  
9543.965489  
9563.502734  
9618.24738  
9574.764033  
9572.648602  
9584.014472  
9584.170245  
9578.283183  
9644.961145  
9716.300094  
9718.729603  
9674.293725  
9611.897627  
9636.049017  
9632.138121  
9674.9774  
9640.021634  
9636.154898  
9691.654566  
9636.711453  
9666.655495  
9684.302391  
9665.921149  
9610.113021  
9581.652731  
9561.501646  
9565.436389  
9598.21673  
9582.853907  
9544.786319  
9597.898999  
9652.380905  
9567.839526  
9549.71038  
9586.200214  
9607.195993  
9647.035201  
9582.66853  
9591.283221  
9483.554846  
9545.208757  
9496.453107  
9555.711177  
9583.57074  
9639.908332  
9651.376145  
9639.206522  
9588.087636  
9583.993311  
9651.93341  
9678.778124  
9624.929291  
9593.919189  
9607.836344  
9640.84445  
9624.598937  
9556.349712  
9531.188083  
9501.262418  
9522.566428  
9531.660393  
9593.117635  
9624.14958  
9595.787218  
9578.145915  
9558.884885  
9610.4237  
9670.894109  
9699.319362  
9671.991239  
9625.235543  
9545.413509  
9532.67626  
9638.785376  
9687.410488  
9710.755078  
9470.830265  
9676.182726  
9664.563788  
9693.31071  
9641.688995  
9619.206893  
9638.136349  
9438.320635  
9663.704505  
9596.2  
9535.20721  
9412.934814  
9392.09754  
9447.171511  
9537.778466  
9509.300994  
9497.384998  
9571.434395  
9631.750345  
9665.751825  
9612.402378  
9569.779108  
9553.00665  
9620.048569  
9653.158905  
9547.705775  
9524.793681  
9552.580095  
9584.309872  
9630.288721  
9627.1597  
9663.870394  
9674.382398  
9671.444772  
9661.32234  
9631.054178  
9610.557399  
9596.767468  
9600.399687  
9638.581478  
9646.019002  
9573.340038  
9582.253751  
9573.182589  
9617.415711  
9638.943539  
9591.427613  
9576.600192  
9605.739203  
9633.719586  
9656.488017  
9621.94026  
9578.986417  
9666.508592  
9666.962426  
9598.118819  
9564.043599  
9571.457814  
9555.195362  
9540.589368  
9612.794737  
9713.824869  
9738.717084  
9617.335483  
9566.312648  
9664.313283  
9738.7925  
9610.162757  
9510.526139  
9509.838076  
9536.231031  
9541.48523  
9585.111381  
9583.382308  
9569.427367  
9603.344359  
9647.410488  
9690.767197  
9652.790556  
9690.36808  
9714.2378  
9654.072149  
9530.590189  
9440.445392  
9476.028295  
9569.521003  
9607.658493  
9601.072714  
9546.547387  
9625.830353  
9646.274726  
9675.533175  
9649.007285  
9633.208315  
9610.629177  
9496.244516  
9550.58654  
9641.416177  
9596.333119  
9547.972503  
9561.180551  
9577.756086  
9659.35741  
9653.187497  
9615.464356  
9608.619816  
9625.665128  
9615.309286  
9584.002604  
9581.155414  
9697.617257  
9693.771197  
9569.798467  
9509.865557  
9542.364035  
9570.310534  
9548.828246  
9537.39872  
9586.214823  
9584.921608  
9567.287862  
9621.86721  
9593.506081  
9607.517782  
9518.85169  
9565.413865  
9610.633468  
9577.787498  
9554.134209  
9498.65455  
9539.718343  
9585.770287  
9624.422993  
9660.5296  
9678.225223  
9685.273189  
9600.934483  
9603.011569  
9570.274609  
9631.554247  
9594.723112  
9587.176943  
9600.097637  
9680.899358  
9685.636428  
9701.204967  
9605.268978  
9627.080794  
9735.291492  
9686.820066  
9608.493937  
9577.346321  
9540.011284  
9595.327075  
9669.017693  
9693.325666  
9667.102193  
9575.243686  
9619.372511  
9657.619262  
9598.626788  
9605.16671  
9448.752017  
9446.324034  
9495.715339  
9618.962905  
9635.608172  
9610.297605  
9606.550015  
9694.679292  
9689.099776  
9581.065656  
9602.736069  
9655.777752  
9684.976991  
9601.122087  
9455.654053  
9316.471115  
9525.3267  
9627.771987  
9702.688882  
9659.12574  
9635.065441  
9608.627301  
9627.231243  
9661.322839  
9662.830469  
9575.326326  
9578.4386  
9556.102223  
9573.691194  
9597.788799  
9638.276902  
9599.328563  
9567.362005  
9535.93416  
9525.542558  
9643.548637  
9576.621535  
9598.365526  
9597.703066  
9559.865808  
9575.404027  
9680.96496  
9746.020863  
9670.622744  
9650.087882  
9642.215831  
9653.054892  
9598.574302  
9579.082585  
9520.666196  
9580.214554  
9597.822831  
9531.407655  
9588.107689  
9608.280248  
9639.031397  
9566.145104  
9451.832446  
9487.111998  
9619.161399  
9615.636974  
9554.251505  
9559.780699  
9660.0541  
9735.208832  
9693.186966  
9636.692006  
9551.362772  
9603.495094  
9534.502449  
9520.461009  
9534.398785  
9615.336874  
9625.873846  
9527.053751  
9560.525547  
9612.51781  
9677.80372  
9610.953207  
9624.460025  
9664.870705  
9669.984186  
9643.070668  
9612.750235  
9560.028884  
9578.886638  
9581.515782  
9595.35263  
9602.124592  
9509.517143  
9534.197812  
9554.301039  
9571.712718  
9669.827755  
9680.222433  
9570.040358  
9468.522354  
9526.316986  
9618.424578  
9681.978003  
9684.462393  
9677.524308  
9559.765017  
9603.989017  
9728.663418  
9637.426826  
9511.23494  
9478.053039  
9586.986106  
9650.430186  
9636.098525  
9666.395197  
9638.606325  
9575.255664  
9596.35353  
9635.6882  
9590.525655  
9592.72824  
9537.268448  
9553.534511  
9512.188061  
9549.94953  
9604.612816  
9689.795634  
9629.376017  
9539.06429  
9568.158313  
9617.513962  
9703.368601  
9662.007476  
9636.193878  
9583.82137  
9559.759212  
9578.491816  
9635.099806  
9682.536239  
9635.882574  
9591.258773  
9555.71209  
9496.339692  
9575.740036  
9562.047161  
9563.670978  
9519.420675  
9560.128272  
9512.936264  
9609.746799  
9643.058589  
9637.289847  
9642.183519  
9703.090236  
9649.594722  
9571.539342  
9484.253704  
9677.011213  
9718.598563  
9635.213882  
9309.326937  
9638.661807  
9522.971045  
9568.947234  
9686.853305  
9678.21131  
9614.02875  
9603.949335  
9596.555368  
9603.809772  
9767.550628  
9616.121359  
9456.533434  
9547.540015  
9523.295164  
9573.72039  
9623.760085  
9702.325129  
9735.721008  
9696.92525  
9612.772847  
9567.25749  
9627.965047  
9627.918249  
9631.362894  
9660.179974  
9541.774122  
9617.826341  
9645.098474  
9584.956352  
9600.381291  
9576.117968  
9529.595232  
9443.754028  
9546.062267  
9610.483137  
9555.875264  
9542.409415  
9661.68994  
9644.839624  
9661.392391  
9706.887743  
9716.017972  
9767.853948  
9708.183827  
9622.919817  
9587.88302  
9647.725217  
9623.204553  
9466.791297  
9536.361769  
9570.325312  
9608.935074  
9567.569667  
9507.395709  
9436.851996  
9496.391458  
9516.973865  
9504.186486  
9577.851649  
9657.021321  
9667.880116  
9687.856634  
9686.934051  
9596.694956  
9562.936247  
9548.023321  
9565.553774  
9499.644116  
9607.943994  
9665.606914  
9649.959308  
9576.965541  
9521.131895  
9621.259111  
9686.472079  
9677.057422  
9637.67922  
9607.635183  
9669.251838  
9679.046717  
9579.76258  
9552.433272  
9556.072406  
9526.348142  
9574.448813  
9624.124827  
9660.61655  
9642.305758  
9617.994527  
9593.763585  
9517.014705  
9563.418835  
9631.243249  
9613.507628  
9555.403043  
9553.26676  
9624.112497  
9641.25636  
9649.685706  
9585.314041  
9529.599306  
9601.206838  
9642.660457  
9659.758496  
9629.30423  
9550.488397  
9600.92709  
9639.547613  
9606.327296  
9670.660007  
9710.752388  
9635.491768  
9592.43078  
9603.134734  
9579.207198  
9561.923057  
9520.356466  
9573.273302  
9584.591384  
9614.695284  
9640.79293  
9646.917453  
9640.213028  
9589.861129  
9563.281531  
9574.331305  
9585.224004  
9595.031918  
9642.037945  
9650.230044  
9560.185597  
9524.149059  
9571.100263  
9631.824574  
9678.091052  
9698.989425  
9631.467351  
9564.841365  
9571.352102  
9616.035614  
9612.481176  
9556.79239  
9537.886697  
9676.253338  
9645.789682  
9552.391168  
9627.554532  
9667.263107  
9676.817025  
9656.979311  
9575.690998  
9572.174368  
9623.363388  
9624.242812  
9637.211177  
9581.374376  
9565.915045  
9536.560586  
9421.604665  
9438.310962  
9506.300314  
9678.956472  
9658.05258  
9661.887153  
9643.405022  
9675.462448  
9714.468249  
9666.46249  
9708.242409  
9656.557044  
9532.128956  
9507.449041  
9576.549044  
9616.328881  
9558.223628  
9589.852997  
9599.25408  
9640.49958  
9610.706272  
9538.007213  
9577.475085  
9679.926741  
9670.505779  
9575.102326  
9531.893906  
9528.919688  
9577.986318  
9612.783697  
9639.16836  
9628.728385  
9571.614077  
9569.703761  
9631.311943  
9710.163834  
9661.457313  
9625.86639  
9585.460314  
9598.875882  
9584.970884  
9547.568587  
9558.852754  
9587.193183  
9647.240333  
9689.875666  
9646.538805  
9568.526581  
9558.977942  
9499.81458  
9487.820846  
9505.548392  
9514.830113  
9569.620885  
9601.910607  
9608.916783  
9659.752204  
9653.901604  
9522.469986  
9568.739313  
9606.736777  
9607.440823  
9591.464857  
9587.11324  
9572.517546  
9583.680427  
9584.926889  
9559.483042  
9671.057831  
9786.785107  
9690.429253  
9559.37586  
9519.218527  
9573.677994  
9626.840457  
9569.653148  
9578.748707  
9653.100193  
9664.673223  
9657.646496  
9651.834576  
9526.774044  
9544.278792  
9557.871684  
9650.509875  
9718.056246  
9638.968392  
9553.19313  
9500.739118  
9573.69788  
9678.497095  
9677.695262  
9675.243114  
9656.849488  
9601.788316  
9560.410296  
9622.119103  
9633.396085  
9593.892458  
9518.741927  
9523.377196  
9632.357108  
9636.913839  
9608.067562  
9529.26686  
9499.44397  
9557.772595  
9665.982576  
9704.172224  
9653.940499  
9559.559966  
9629.499566  
9716.144401  
9721.872964  
9586.379007  
9524.684329  
9567.408486  
9610.78712  
9656.613191  
9620.190641  
9551.792318  
9526.9634  
9548.469521  
9577.771613  
9594.519142  
9700.424644  
9725.886125  
9656.064841  
9602.915748  
9574.312402  
9573.016575  
9646.884038  
9637.46944  
9650.570373  
9575.414371  
9546.184337  
9499.066199  
9606.647424  
9637.262006  
9627.958953  
9612.745191  
9579.11833  
9579.232156  
9510.985049  
9453.769786  
9487.67855  
9581.080082  
9602.085186  
9630.243838  
9580.789991  
9562.841617  
9566.62062  
9577.001655  
9512.573903  
9584.368334  
9633.590025  
9637.873271  
9615.517599  
9617.215795  
9646.88664  
9630.508909  
9624.380511  
9660.120768  
9564.769101  
9604.872349  
9626.357418  
9649.662079  
9574.042677  
9632.488747  
9652.576965  
9686.331224  
9561.166572  
9580.516073  
9481.584099  
9540.552367  
9577.248616  
9518.495491  
9626.963859  
9602.16136  
9617.134873  
9662.524018  
9731.54999  
9674.111301  
9597.62841  
9564.738289  
9596.035623  
9647.626296  
9675.367971  
9527.843797  
9536.382648  
9534.014119  
9611.877771  
