6604.812859  
6586.168392  
6586.636338  
6634.930162  
6625.970672  
6562.24886  
6605.181416  
6603.146058  
6627.064358  
6630.521184  
6617.457851  
6606.169233  
6628.724771  
6643.449004  
6630.228918  
6646.089341  
6644.171222  
6660.039247  
6679.405334  
6646.002015  
6637.769512  
6658.122495  
6659.216267  
6629.176948  
6630.40074  
6645.743268  
6659.483234  
6655.486797  
6657.372559  
6675.89452  
6686.857393  
6641.660154  
6666.878493  
6605.895112  
6641.589238  
6657.813948  
6653.810726  
6634.797404  
6596.085495  
6618.671905  
6672.074664  
6658.131379  
6629.125679  
6626.180312  
6618.746113  
6632.641942  
6628.227103  
6599.627047  
6596.361913  
6604.968067  
6621.679006  
6601.803316  
6595.607797  
6602.154442  
6569.326273  
6611.564577  
6596.099491  
6562.629344  
6606.121597  
6617.679379  
6602.887616  
6603.53401  
6593.533415  
6653.670028  
6635.855967  
6610.258273  
6642.173671  
6619.201947  
6612.154945  
6642.224997  
6631.059113  
6603.943132  
6588.379919  
6584.171149  
6649.018202  
6651.141424  
6590.57027  
6614.39248  
6667.619687  
6636.663032  
6602.121867  
6668.011829  
6649.741777  
6630.099476  
6596.48577  
6627.556363  
6609.964971  
6662.789757  
6671.99288  
6598.126123  
6604.49616  
6626.284458  
6619.067513  
6627.596809  
6600.929346  
6617.514646  
6617.850803  
6616.129825  
6611.759252  
6604.056872  
6654.415195  
6630.281384  
6624.990896  
6627.610279  
6650.819083  
6663.354459  
6661.949519  
6628.4962  
6638.462359  
6630.311853  
6611.236275  
6606.940181  
6620.349821  
6662.902464  
6646.226985  
6664.001852  
6650.30433  
6621.233326  
6622.468905  
6630.314761  
6667.503136  
6675.444825  
6624.018019  
6629.800864  
6643.367545  
6666.281382  
6654.030235  
6650.003435  
6661.014214  
6636.607604  
6619.977277  
6647.802006  
6612.885941  
6649.299088  
6639.445827  
6643.857942  
6593.188905  
6646.201441  
6655.841535  
6612.564236  
6604.166716  
6637.462434  
6601.134529  
6662.617983  
6661.026616  
6665.343936  
6637.943822  
6640.097302  
6606.610497  
6615.904745  
6610.266324  
6643.462976  
6638.706299  
6606.166447  
6630.511919  
6632.839715  
6616.32228  
6623.328359  
6610.439946  
6644.200741  
6668.237633  
6616.662656  
6620.801184  
6619.854715  
6633.723389  
6645.624376  
6622.446755  
6646.117583  
6645.60133  
6590.495379  
6600.879259  
6608.58839  
6627.411504  
6627.422741  
6586.659046  
6626.88309  
6626.470756  
6634.512318  
6645.346723  
6632.849047  
6651.491568  
6615.774423  
6641.298455  
6648.526293  
6640.694182  
6624.947272  
6625.109734  
6618.281327  
6625.005709  
6608.41537  
6671.599774  
6653.363259  
6602.527346  
6652.373482  
6633.149826  
6676.394973  
6678.403298  
6648.192158  
6647.350207  
6633.828438  
6621.791987  
6663.683288  
6648.91286  
6654.073342  
6630.653305  
6617.017509  
6600.04321  
6626.946197  
6626.332442  
6636.429993  
6624.39997  
6617.012065  
6611.986951  
6633.130084  
6603.632496  
6615.971515  
6605.527659  
6612.286486  
6636.483114  
6666.70506  
6583.846021  
6656.622222  
6664.884907  
6633.636899  
6613.67874  
6626.183919  
6609.809956  
6634.366802  
6616.961675  
6642.283454  
6644.96097  
6627.543727  
6664.045097  
6672.561539  
6616.719279  
6614.443662  
6606.343225  
6596.423434  
6678.012532  
6672.651588  
6664.359857  
6639.31812  
6653.795141  
6663.158745  
6686.261957  
6679.479891  
6691.744671  
6666.068922  
6682.234636  
6647.061785  
6666.609595  
6672.400043  
6647.798042  
6626.310438  
6633.868181  
6670.267551  
6643.44041  
6619.231121  
6626.089974  
6617.360803  
6604.505148  
6608.440078  
6623.665421  
6613.62565  
6606.573839  
6623.685061  
6642.418448  
6599.972382  
6620.982055  
6621.275491  
6639.747871  
6661.10253  
6627.557361  
6631.132034  
6555.205693  
6590.333973  
6618.048881  
6596.954572  
6586.736937  
6588.299091  
6634.76157  
6592.570745  
6626.069503  
6605.328842  
6579.968396  
6616.719025  
6594.0473  
6607.032289  
6614.922365  
6608.855352  
6635.724384  
6612.883249  
6615.990816  
6624.373199  
6601.360821  
6648.135075  
6606.46191  
6644.86588  
6633.829215  
6639.088716  
6615.072164  
6625.107991  
6616.69779  
6611.931091  
6614.14181  
6613.858583  
6633.299572  
6609.570821  
6633.274418  
6624.350995  
6610.136465  
6591.423897  
6608.059706  
6627.432919  
6623.142092  
6598.213524  
6657.935726  
6644.537961  
6648.044839  
6599.392831  
6608.40984  
6602.288418  
6622.551556  
6634.90751  
6619.54869  
6587.264542  
6621.737407  
6635.987547  
6640.843279  
6644.95044  
6661.832675  
6648.25789  
6647.972978  
6614.868682  
6625.845256  
6609.586559  
6612.068242  
6653.374888  
6644.217769  
6616.403968  
6641.137679  
6634.841672  
6657.741239  
6642.877992  
6643.647897  
6625.045913  
6638.227246  
6588.528944  
6634.51352  
6658.340288  
6651.451897  
6662.757904  
6682.55304  
6647.991295  
6622.599191  
6610.20406  
6605.512285  
6633.125995  
6639.433632  
6640.725297  
6666.014821  
6635.794979  
6583.261037  
6606.059975  
6633.682874  
6585.628266  
6628.057038  
6614.80414  
6615.150836  
6617.236225  
6634.301575  
6635.120687  
6611.030214  
6613.86768  
6640.982491  
6624.920315  
6630.082631  
6613.554562  
6618.030326  
6634.697679  
6663.530497  
6620.281186  
6609.960427  
6637.563326  
6655.706037  
6647.603588  
6630.843378  
6619.742085  
6615.389816  
6640.577667  
6642.098647  
6652.13326  
6609.916377  
6624.019285  
6629.787623  
6633.356784  
6603.033627  
6637.579728  
6649.86804  
6594.482781  
6630.215446  
6626.150902  
6649.700476  
6622.144561  
6644.039824  
6615.331463  
6644.253213  
6597.162005  
6625.691388  
6636.77563  
6631.067388  
6616.68016  
6626.179239  
6619.457601  
6638.510557  
6643.027976  
6636.611996  
6641.07816  
6637.760535  
6634.255555  
6643.688076  
6616.689068  
6630.132377  
6633.239696  
6600.458315  
6631.563088  
6647.177958  
6618.388045  
6651.079681  
6624.134706  
6663.299308  
6599.050318  
6609.507633  
6614.367607  
6613.618251  
6613.534931  
6636.808614  
6632.716507  
6638.078742  
6611.377414  
6603.904668  
6601.992798  
6638.664554  
6635.622527  
6618.364724  
6615.486199  
6631.932333  
6591.686899  
6620.17492  
6630.322452  
6621.244904  
6626.042633  
6645.374105  
6618.385141  
6565.002538  
6637.441365  
6631.241648  
6625.666863  
6621.132814  
6624.67114  
6614.745212  
6557.376226  
6655.944055  
6706.927634  
6654.882877  
6651.29115  
6670.841188  
6658.527942  
6593.918749  
6615.420865  
6611.939973  
6643.445402  
6651.641413  
6681.120491  
6654.177687  
6634.059638  
6664.290875  
6647.383299  
6649.719469  
6627.1502  
6645.804708  
6614.168315  
6644.18046  
6643.753133  
6634.878457  
6615.427594  
6615.716332  
6625.398654  
6681.129153  
6640.043405  
6616.11007  
6639.453082  
6638.061328  
6647.272731  
6618.683767  
6644.70644  
6642.63566  
6636.850216  
6651.060469  
6653.792636  
6626.703646  
6582.313707  
6616.084577  
6614.040648  
6658.333889  
6651.669356  
6645.784865  
6622.088906  
6659.712855  
6638.12264  
6649.700831  
6650.439858  
6669.944587  
6639.069509  
6618.855142  
6662.385129  
6644.149662  
6663.329564  
6633.59289  
6638.187213  
6664.127279  
6662.337193  
6647.652931  
6613.162256  
6628.734819  
6711.266004  
6647.23138  
6647.179653  
6647.248753  
6683.295762  
6687.211239  
6707.572298  
6705.457498  
6675.477012  
6679.689253  
6679.305924  
6690.577925  
6671.333095  
6664.602562  
6692.60724  
6649.684551  
6714.396727  
6701.819765  
6669.759894  
6692.069315  
6649.264033  
6614.230652  
6546.70237  
6582.088761  
6553.54857  
6540.282918  
6535.389021  
6518.840439  
6573.652709  
6567.524601  
6603.532696  
6570.338218  
6605.781443  
6594.32439  
6593.119948  
6565.52525  
6611.604596  
6629.028887  
6640.481088  
6609.12519  
6600.986635  
6644.065848  
6609.730522  
6612.428952  
6647.34559  
6635.700757  
6630.463761  
6628.249034  
6662.874947  
6628.59478  
6631.116072  
6616.523098  
6633.028574  
6616.175724  
6616.848987  
6662.31192  
6666.141777  
6669.193765  
6594.208481  
6558.969545  
6599.286623  
6583.232814  
6600.420154  
6555.054168  
6554.318059  
6609.332989  
6597.636188  
6605.866741  
6591.555411  
6551.374801  
6578.249309  
6613.062189  
6603.312592  
6621.473231  
6642.584599  
6632.726684  
6613.479194  
6609.514491  
6594.823905  
6611.777237  
6610.595214  
6600.458019  
6597.655603  
6608.3683  
6662.52111  
6629.941905  
6631.651764  
6613.95799  
6644.515567  
6633.835428  
6647.372763  
6613.480819  
6615.427907  
6629.643377  
6587.562026  
6623.640864  
6621.52531  
6635.66472  
6612.83863  
6619.135555  
6635.98878  
6649.253861  
6634.424389  
6649.9483  
6656.942148  
6654.565983  
6612.92297  
6662.73982  
6657.024364  
6616.765195  
6583.380272  
6631.327052  
6656.914008  
6627.941399  
6644.738836  
6654.548356  
6697.774809  
6610.579693  
6627.628379  
6627.439315  
6629.013339  
6588.226363  
6619.847264  
6662.339048  
6651.419171  
6615.523601  
6618.346079  
6641.010147  
6608.77218  
6641.15402  
6629.917635  
6599.848033  
6635.940556  
6663.054406  
6656.243651  
6623.608723  
6614.584381  
6620.952564  
6648.939382  
6609.1335  
6615.633571  
6661.247924  
6621.91024  
6659.433171  
6615.534281  
6598.386249  
6610.284241  
6597.692789  
6603.712676  
6602.722741  
6623.121584  
6634.460716  
6619.63436  
6654.748862  
6643.544058  
6610.380715  
6658.708511  
6636.836357  
6632.49886  
6617.134063  
6634.414904  
6616.703352  
6598.220407  
6609.26303  
6595.730895  
6629.928896  
6630.74491  
6637.544579  
6626.441904  
6651.939024  
6643.394821  
6615.001067  
6608.053096  
6612.976773  
6649.842585  
6634.251904  
6666.937116  
6654.615375  
6613.62579  
6622.988937  
6593.625437  
6605.200481  
6603.932989  
6628.69196  
6609.280567  
6644.065942  
6632.860182  
6601.601444  
6657.313763  
6620.237437  
6661.016407  
6648.041681  
6617.354914  
6623.544261  
6624.577097  
6596.06973  
6627.781443  
6608.064658  
6637.041247  
6599.897276  
6679.67343  
6680.351407  
6652.885398  
6634.86571  
6642.622284  
6620.444867  
6614.973083  
6632.501685  
6649.692673  
6633.551807  
6667.107879  
6597.285208  
6576.58398  
6641.398433  
6631.406731  
6608.353517  
6621.216188  
6628.88746  
6689.169898  
6642.731378  
6604.802058  
6631.407784  
6590.150606  
6582.523437  
6661.858213  
6638.620836  
6632.866376  
6609.864534  
6648.985373  
6688.469056  
6725.32645  
6604.618419  
6604.220283  
6583.246236  
6616.058853  
6603.529189  
6658.33034  
6617.83006  
6626.921145  
6642.818941  
6654.127714  
6646.96859  
6673.942874  
6640.308795  
6563.478948  
6613.822859  
6599.587439  
6578.637754  
6621.320657  
6623.146612  
6615.807219  
6618.016269  
6639.844289  
6621.069464  
6631.369772  
6632.969013  
6572.866408  
6593.319781  
6670.902597  
6642.813786  
6641.356605  
6667.349798  
6607.584673  
6578.406797  
6686.356528  
6656.057778  
6588.438105  
6632.573063  
6592.027987  
6603.065035  
6660.991054  
6610.199505  
6605.127355  
6598.676643  
6638.557082  
6626.794551  
6666.033321  
6611.118454  
6657.513694  
6629.542575  
6595.585314  
6619.064886  
6641.371627  
6616.021991  
6624.894503  
6611.891978  
6627.76935  
6637.698041  
6584.060406  
6602.235577  
6618.084117  
6605.330938  
6619.308375  
6621.972246  
6609.118516  
6624.72895  
6607.291663  
6637.526719  
6658.521911  
6648.946071  
6628.798359  
6637.130975  
6665.245651  
6605.881001  
6605.830433  
6562.979079  
6602.176628  
6596.485203  
6634.539951  
6712.394999  
6629.02939  
6635.594475  
6645.64457  
6722.589852  
6699.92846  
6712.378882  
6669.650113  
6659.778922  
6614.696184  
6634.859834  
6668.843437  
6599.773316  
6676.899689  
6629.331768  
6643.305198  
6718.991662  
6628.306179  
6635.691112  
6624.58702  
6626.370283  
6629.896357  
6640.672783  
6615.306051  
6638.016765  
6619.544516  
6641.650143  
6556.206323  
6634.037897  
6657.919211  
6614.892922  
6601.815321  
6590.243594  
6633.405332  
6575.288339  
6583.680102  
6578.632449  
6630.448715  
6641.806882  
6607.420318  
6600.307325  
6692.602203  
6798.887118  
6646.277737  
6674.096874  
6686.798176  
6660.095341  
6715.252704  
6701.396084  
6715.761758  
6678.071651  
6657.420372  
6710.166696  
6657.210103  
6587.346025  
6621.876122  
6665.667861  
6624.44262  
6630.447394  
6614.158634  
6614.661999  
6627.760732  
6599.179847  
6594.389055  
6574.147017  
6644.539642  
6613.991987  
6581.249276  
6621.4331  
6606.311321  
6647.641799  
6605.28675  
6580.400859  
6583.454016  
6618.013688  
6583.562363  
6578.190454  
6640.547136  
6635.640774  
6635.686537  
6573.797647  
6613.182852  
6639.517035  
6649.525238  
6633.077784  
6652.495308  
6625.608665  
6638.38784  
6655.512511  
6624.141155  
6646.958863  
6642.082195  
6657.616708  
6599.709231  
6675.902832  
6757.728391  
6600.009961  
6599.468318  
6587.780853  
6623.783161  
6673.444758  
6682.294081  
6680.233587  
6678.850899  
6656.917959  
6634.519095  
6644.663889  
6674.445716  
6635.859782  
6649.15833  
6687.852667  
6644.757734  
6645.388114  
6647.994173  
6619.995371  
6632.767157  
6623.355588  
6653.356103  
6661.324834  
6662.439007  
6636.202669  
6612.202016  
6628.7995  
6675.646581  
6635.13176  
6614.754608  
6615.07794  
6528.241379  
6554.570161  
6558.195617  
6612.37073  
6626.074241  
6574.745049  
6568.434505  
6572.704996  
6567.067325  
6621.344416  
6616.855161  
6596.837252  
6579.344772  
6631.371028  
6547.772512  
6561.140771  
6548.858783  
6612.439489  
6622.474898  
6565.274676  
6661.520586  
6691.176507  
6613.206891  
6610.818647  
6586.18732  
6613.370453  
6740.471049  
6657.381466  
6609.262479  
6689.6829  
6638.955725  
6634.803745  
6670.90853  
6653.847015  
6608.21452  
6598.840709  
6585.690601  
6604.497907  
6615.635747  
6606.967171  
6615.228541  
6607.78996  
6641.241757  
6687.26519  
6641.02935  
6591.406887  
6598.209145  
6578.931999  
6567.313582  
6550.743878  
6560.899396  
6543.367102  
6597.17386  
6588.573477  
6613.932625  
6631.600035  
6598.220023  
6604.604236  
6647.384438  
6619.077742  
6596.955989  
6628.548168  
6601.230662  
6696.026399  
6641.966142  
6642.722511  
6647.625394  
6655.605643  
6677.331073  
6696.276761  
6671.576176  
6677.011438  
6629.773612  
6664.577613  
6670.855724  
6798.887648  
6722.365771  
6698.9085  
6629.954013  
6639.841843  
6656.618438  
6663.228797  
6651.992388  
6661.611009  
6661.546672  
6686.684576  
6680.310551  
6646.016239  
6678.707363  
6685.093004  
6729.406087  
6638.235328  
6630.761672  
6614.527523  
6602.652986  
6599.845725  
6652.738446  
6595.755638  
6592.295146  
6600.968733  
6660.89145  
6607.164908  
6588.227304  
6597.690827  
6589.809743  
6575.464541  
6585.654944  
6603.010479  
6602.502515  
6620.701784  
6636.404344  
6544.94948  
6593.115451  
6586.977644  
6606.004191  
6619.470994  
6596.716508  
6580.101797  
6568.28119  
6599.248482  
6607.925142  
6624.220821  
6605.010263  
6560.654305  
6603.618457  
6597.723311  
6616.439579  
6621.264488  
6600.309249  
6634.299707  
6603.838361  
6613.509718  
6636.852166  
6616.075278  
6616.349797  
6581.173677  
6587.975369  
6607.443773  
6633.843293  
6626.637644  
6612.39286  
6612.664543  
6633.671591  
6660.567188  
6602.70357  
6625.885989  
6613.135068  
6585.159505  
6616.420715  
6657.448293  
6625.823007  
6600.893002  
6639.839666  
6651.30018  
6612.066201  
6608.147832  
6620.061628  
6635.650812  
6652.146644  
6614.003784  
6607.391542  
6620.773783  
6624.259135  
6625.552146  
6599.088977  
6586.667283  
6621.323299  
6631.918494  
6643.246735  
6640.205294  
6658.544133  
6603.910035  
6630.006942  
6681.421877  
6664.529367  
6613.775281  
6631.093492  
6632.635587  
6636.162173  
6649.986757  
6689.734458  
6660.135965  
6620.175394  
6693.190303  
6679.514989  
6662.738905  
6644.025707  
6655.856143  
6645.350826  
6638.899222  
6630.578184  
6636.130027  
6639.44258  
6641.984066  
6667.78567  
6679.051281  
6646.431576  
6628.717457  
6622.093617  
6556.005731  
6621.261476  
6594.399036  
6585.241349  
6611.304327  
6650.011403  
6691.408272  
6601.801978  
6651.393098  
6647.714036  
6618.541294  
6633.551519  
6660.015462  
6597.242315  
6660.942265  
6674.934383  
6647.473318  
6653.444857  
6605.139798  
6639.004099  
6632.592252  
6627.513185  
6650.457783  
6618.768352  
6582.736617  
6603.772425  
6658.814092  
6670.009959  
6679.702351  
6623.545153  
6613.484263  
6644.318176  
6675.684019  
6680.122199  
6596.700005  
6597.952372  
6637.113235  
6624.425551  
6638.26915  
6622.481215  
6606.380354  
6605.754002  
6626.377598  
6638.645495  
6668.432751  
6632.981477  
6639.109081  
6619.772487  
6633.832111  
6641.116408  
6645.160532  
6636.49196  
6664.087248  
6639.889247  
6616.069872  
6591.833447  
6620.26466  
6659.116915  
6620.026529  
6602.312505  
6610.425191  
6668.364904  
6646.887101  
6639.011493  
6658.76691  
6623.799007  
6671.00033  
6618.136683  
6637.592896  
6629.332525  
6639.711953  
6616.272856  
6631.790344  
6588.815737  
6618.786935  
6662.661145  
6616.932926  
6623.833867  
6640.971516  
6647.101242  
6642.98472  
6604.221909  
6602.524898  
6611.143598  
6669.325793  
6662.280442  
6634.294345  
6584.616288  
6583.322253  
6622.552332  
6640.220951  
6666.984942  
6622.685623  
6571.676763  
6538.735525  
6618.005676  
6662.436228  
6627.328364  
6613.929317  
6618.693539  
6596.104827  
6656.703402  
6664.18621  
6603.679244  
6616.98943  
6591.097111  
6658.482638  
6655.772357  
6604.426155  
6650.322283  
6629.469498  
6620.936869  
6659.507457  
6686.478643  
6661.326096  
6656.012843  
6656.094  
6649.353123  
6645.339264  
6649.62882  
6629.80573  
6642.103389  
6605.480986  
6611.446084  
6636.406732  
6656.700034  
6692.950454  
6623.513845  
6625.958625  
6640.624472  
6622.42073  
6651.596902  
6639.343917  
6604.344888  
6583.296342  
6627.358623  
6644.247138  
6621.968957  
6631.123401  
6604.374301  
6611.972459  
6570.331991  
6599.824441  
6586.735807  
6631.684093  
6601.472689  
6619.747375  
6641.689856  
6640.191906  
6631.942  
6602.533772  
6599.446008  
6721.563603  
6679.452865  
6608.959659  
6645.256633  
6647.972752  
6631.747504  
6633.452037  
6700.884482  
6632.86913  
6600.896101  
6649.225998  
6625.573114  
6718.926539  
6655.579962  
6620.38211  
6646.546398  
6583.461755  
6625.005836  
6685.492381  
6671.77768  
6685.048181  
6647.190436  
6610.257657  
6629.432946  
6647.882013  
6659.558794  
6666.72906  
6654.198586  
6634.29883  
6615.166259  
6605.852568  
6599.526185  
6542.495673  
6604.608533  
6636.542741  
6578.73071  
6547.655929  
6569.294965  
6547.479105  
6556.507979  
6575.912339  
6606.286294  
6614.45914  
6624.535744  
6621.96059  
6633.543318  
6626.268133  
6605.388071  
6613.663024  
6625.47896  
6667.562698  
6619.637182  
6558.854233  
6603.565368  
6570.314611  
6615.839732  
6611.460347  
6604.032524  
6589.537629  
6577.210032  
6584.01518  
6576.003656  
6617.084584  
6651.669128  
6619.958584  
6637.621646  
6679.594915  
6658.450219  
6621.341055  
6628.131863  
6610.402456  
6589.449477  
6658.436106  
6604.49445  
6617.880218  
6614.467579  
6626.459377  
6652.776695  
6647.877696  
6589.672631  
6620.722862  
6651.507649  
6685.478489  
6639.87572  
6631.369277  
6614.444118  
6615.149344  
6595.395132  
6618.617469  
6612.166908  
6661.74261  
6634.471402  
6673.703121  
6648.65513  
6628.980817  
6661.129012  
6653.122866  
6630.499405  
6657.830537  
6653.637881  
6671.231278  
6656.38817  
6655.626511  
6605.035886  
6586.720339  
6633.202908  
6656.036066  
6652.333991  
6677.327045  
6651.096084  
6649.78122  
6650.36389  
6650.520084  
6670.625046  
6662.605613  
6609.256501  
6613.48691  
6592.340725  
6660.80381  
6660.859672  
6600.137049  
6611.674893  
6657.622651  
6666.288456  
6622.291688  
6627.65733  
6631.134198  
6663.437583  
6620.699314  
6648.944021  
6578.886557  
6603.660785  
6604.591997  
6619.372576  
6607.095104  
6622.157309  
6640.562077  
6647.275404  
6659.847626  
6617.276836  
6612.945624  
6608.497122  
6622.102387  
6596.501982  
6616.64891  
6582.326586  
6615.066261  
6644.032173  
6606.618005  
6623.154239  
6650.523799  
6673.853243  
6661.797917  
6635.555213  
6590.120173  
6594.482338  
6632.412813  
6628.135823  
6637.269295  
6609.985448  
6645.768958  
6640.913517  
6600.979495  
6592.573833  
6584.707484  
6607.508596  
6616.212887  
6637.851419  
6629.798705  
6642.289229  
6667.53524  
6658.641729  
6664.402832  
6649.36575  
6625.703525  
6608.600549  
6639.881296  
6604.758999  
6609.521634  
6611.744026  
6627.517407  
6669.633053  
6665.596324  
6579.23276  
6618.119113  
6639.75373  
6607.287597  
6596.997703  
6632.612166  
6633.521568  
6623.963116  
6635.686878  
6634.923637  
6620.721201  
6631.310763  
6632.309678  
6644.92375  
6631.900287  
6618.633233  
6654.855278  
6623.387125  
6638.262497  
6617.653108  
6636.6876  
6624.597474  
6691.940914  
6682.010057  
6663.089139  
6624.524341  
6609.799775  
6636.801567  
6588.482447  
6618.302395  
6643.607318  
6624.102004  
6662.509922  
6658.180905  
6628.085421  
6638.984466  
6625.685376  
6578.968415  
6628.122478  
6621.302702  
6610.545107  
6635.890898  
6601.249868  
6641.909529  
6630.692676  
6618.248938  
6602.414904  
6682.443534  
6638.956477  
6628.319953  
6615.574202  
6601.810962  
6640.241239  
6656.499092  
6645.281348  
6635.840397  
6663.472944  
6664.989313  
6647.581987  
6636.11865  
6598.281162  
6655.479586  
6623.817239  
6631.041174  
6660.668173  
6624.88285  
6623.017823  
6596.441281  
6638.879204  
6663.240915  
6655.55074  
6628.528164  
6624.724088  
6628.662984  
6653.208382  
6673.847313  
6649.331515  
6602.306083  
6603.48205  
6662.82263  
6624.694243  
6621.315876  
6612.591142  
6604.131951  
6593.563301  
6619.871975  
6648.26462  
6639.636074  
6637.973848  
6588.086101  
6632.267994  
6657.473728  
6642.186764  
6619.438621  
6608.59691  
6616.859959  
6635.794305  
6630.488064  
6608.774789  
6596.223697  
6607.850225  
6640.303967  
6631.857986  
6629.835291  
6673.915855  
6610.536169  
6627.30774  
6629.443565  
6623.222761  
6620.037147  
6666.925823  
6645.168233  
6673.450374  
6621.04329  
6658.111502  
6616.606474  
6658.724978  
6655.234938  
6632.177181  
6570.871312  
6639.000146  
6629.510052  
6607.939861  
6593.314247  
6606.28485  
6658.360635  
6575.253157  
6591.910552  
6622.27361  
6612.35207  
6607.721047  
6593.508935  
6574.150093  
6602.632592  
6639.010029  
6644.937305  
6604.960016  
6600.483802  
6648.914611  
6629.297602  
6663.93738  
6504.821099  
6671.390555  
6633.962666  
6685.496156  
6674.783397  
6612.219821  
6654.329727  
6647.406708  
6641.179642  
6605.312195  
6600.822866  
6599.352688  
6657.241028  
6619.175746  
6592.177632  
6650.394451  
6616.352305  
6654.402581  
6663.164402  
6650.606058  
6607.307731  
6608.00722  
6604.814194  
6643.798435  
6663.990465  
6652.146498  
6622.74644  
6616.676516  
6627.479608  
6625.986819  
