7595.107687  
7609.532464  
7610.923047  
7669.712598  
7643.438965  
7636.139258  
7662.724372  
7672.459068  
7756.843848  
7763.098563  
7727.792188  
7698.944029  
7626.40678  
7745.310198  
7683.998103  
7720.792662  
7669.282854  
7700.1887  
7639.551158  
7688.838993  
7714.526479  
7664.7982  
7668.24435  
7687.050098  
7695.805329  
7699.358691  
7646.13817  
7689.560421  
7705.16921  
7707.483412  
7678.395285  
7673.382743  
7722.945996  
7647.941727  
7706.97394  
7735.968178  
7665.917118  
7650.352874  
7634.760003  
7636.790862  
7679.930734  
7704.917411  
7680.774037  
7711.784891  
7683.66589  
7653.486551  
7636.805273  
7686.058022  
7659.426604  
7690.912193  
7662.649819  
7636.529395  
7644.223158  
7613.282771  
7646.346624  
7763.809319  
7665.652358  
7691.813811  
7688.480957  
7707.631599  
7708.89993  
7689.723968  
7649.40918  
7653.070299  
7653.141713  
7684.957157  
7645.19022  
7638.744573  
7664.499163  
7677.293066  
7683.127274  
7708.106445  
7638.054701  
7659.616071  
7663.220661  
7636.411914  
7649.420299  
7663.487598  
7682.934724  
7648.877107  
7629.505985  
7725.536482  
7693.372573  
7651.259905  
7671.083998  
7662.313225  
7678.663198  
7651.366211  
7717.649554  
7682.405831  
7674.182003  
7676.816197  
7707.216811  
7665.501939  
7681.900907  
7636.989174  
7667.327999  
7678.080385  
7681.071108  
7641.056041  
7729.355008  
7662.516769  
7676.224051  
7670.307017  
7696.440053  
7658.492508  
7671.278334  
7644.780469  
7703.406292  
7687.964969  
7715.754381  
7654.362109  
7681.78577  
7696.564537  
7675.45512  
7669.399149  
7672.35978  
7681.639035  
7718.717969  
7689.959249  
7665.236761  
7681.392997  
7674.485017  
7647.261356  
7671.199023  
7715.196373  
7676.194169  
7658.532603  
7736.79774  
7690.589021  
7680.447168  
7661.015402  
7703.407254  
7737.40505  
7680.716002  
7710.707478  
7656.518011  
7808.920047  
7717.363811  
7675.658343  
7677.790193  
7670.449777  
7657.741518  
7728.025614  
7728.49555  
7655.007157  
7638.818415  
7650.656124  
7675.346247  
7666.22959  
7666.696945  
7654.132073  
7692.287207  
7649.193722  
7626.487821  
7694.2393  
7624.736244  
7651.532282  
7667.199986  
7748.34714  
7703.064718  
7648.221805  
7648.339621  
7665.633189  
7683.067271  
7649.675279  
7630.348228  
7677.747628  
7682.858915  
7645.125851  
7653.150837  
7632.351744  
7723.883691  
7662.806961  
7642.884738  
7670.95067  
7661.313351  
7670.305106  
7660.583119  
7690.466253  
7624.077539  
7653.744643  
7684.138002  
7731.137137  
7661.297824  
7685.68418  
7695.897586  
7693.642871  
7663.749609  
7660.298549  
7760.73863  
7712.173047  
7692.623479  
7661.21091  
7712.778278  
7738.221819  
7703.90625  
7685.336328  
7670.913825  
7670.26031  
7686.264872  
7707.687626  
7682.60007  
7717.681515  
7740.957017  
7639.942006  
7613.84202  
7662.874065  
7644.700656  
7682.131055  
7648.559319  
7668.981348  
7662.38623  
7726.890081  
7674.6363  
7682.139076  
7610.037444  
7666.867955  
7682.441155  
7715.689481  
7655.412891  
7707.886496  
7721.006878  
7670.530776  
7693.476353  
7703.466727  
7682.988211  
7633.014355  
7664.038044  
7663.335045  
7705.511635  
7697.784891  
7704.932282  
7703.04714  
7709.321484  
7681.825684  
7677.288058  
7700.337444  
7718.185379  
7677.640374  
7690.681557  
7729.573256  
7702.374456  
7806.264802  
7759.817648  
7726.478069  
7719.752204  
7681.588281  
7687.607757  
7716.543192  
7681.407631  
7695.436663  
7653.768862  
7699.737179  
7726.734361  
7701.6613  
7672.797224  
7640.074484  
7657.344392  
7689.290611  
7673.170605  
7692.537919  
7686.944699  
7666.806669  
7637.601535  
7647.579367  
7678.35957  
7653.186956  
7712.617201  
7671.371387  
7703.291811  
7715.649344  
7666.528306  
7661.45219  
7622.054353  
7651.026144  
7684.0512  
7622.703627  
7662.285965  
7651.714969  
7710.136356  
7649.239062  
7666.17606  
7616.766253  
7638.87666  
7667.064858  
7644.662333  
7639.948424  
7637.325405  
7682.854883  
7621.725377  
7627.482171  
7650.221108  
7697.008984  
7664.06363  
7649.288351  
7693.031975  
7682.730273  
7687.982882  
7689.45067  
7652.719461  
7667.452609  
7664.500684  
7696.934961  
7666.344127  
7659.387416  
7671.596415  
7683.0631  
7684.475279  
7693.006515  
7629.967634  
7649.386649  
7638.139118  
7681.41084  
7612.683859  
7644.361761  
7654.990332  
7685.558147  
7657.7488  
7668.640904  
7644.953557  
7654.168401  
7642.735561  
7670.79714  
7670.780134  
7699.827902  
7696.415402  
7694.779395  
7677.633105  
7661.311077  
7705.877302  
7662.682589  
7670.192969  
7616.012137  
7628.273661  
7604.830176  
7678.450335  
7723.304771  
7700.291867  
7670.950405  
7675.683273  
7720.583343  
7680.713239  
7694.72493  
7691.72666  
7685.08736  
7691.659333  
7701.907157  
7716.656222  
7713.814314  
7727.71522  
7723.261426  
7762.288225  
7692.3381  
7644.709668  
7684.326088  
7694.940346  
7697.086747  
7683.809947  
7658.886189  
7706.120857  
7671.167034  
7659.06296  
7694.795354  
7694.726381  
7682.725321  
7652.925935  
7621.280315  
7666.309487  
7672.073047  
7680.130762  
7695.501339  
7668.345912  
7686.093401  
7620.836426  
7661.867299  
7647.466476  
7691.782268  
7635.341908  
7674.637793  
7673.135812  
7602.586593  
7639.076786  
7672.780734  
7736.855413  
7633.228934  
7685.808789  
7684.265346  
7721.772838  
7718.433273  
7756.393862  
7701.979116  
7672.854701  
7698.492467  
7694.860826  
7675.195982  
7711.584068  
7693.136998  
7683.896498  
7624.153167  
7682.422294  
7705.625614  
7714.251939  
7707.326869  
7662.387235  
7646.15558  
7682.066895  
7646.85505  
7666.267146  
7654.092718  
7654.706055  
7665.207645  
7618.837974  
7686.685812  
7687.228655  
7694.235435  
7645.578362  
7668.221666  
7657.642383  
7689.591853  
7673.106766  
7650.311496  
7689.573633  
7639.073968  
7621.029422  
7636.702525  
7637.612207  
7623.187709  
7684.111314  
7698.108398  
7699.270619  
7684.168318  
7664.278306  
7611.25918  
7692.57228  
7700.278334  
7660.63736  
7672.560142  
7648.632645  
7695.095215  
7662.039481  
7670.592606  
7692.564886  
7674.109501  
7712.025432  
7671.332743  
7702.442606  
7640.077372  
7627.223326  
7685.460268  
7658.694601  
7674.182003  
7711.37281  
7705.239927  
7686.269252  
7678.803404  
7699.081557  
7657.872363  
7665.292048  
7706.844057  
7695.789104  
7631.688895  
7770.244448  
7691.386482  
7721.734668  
7669.055176  
7700.016518  
7699.899581  
7671.685645  
7759.923368  
7667.605078  
7678.550321  
7668.874344  
7685.305259  
7672.985672  
7678.341002  
7733.463672  
7725.386091  
7687.178334  
7716.983315  
7695.548647  
7667.259459  
7686.092522  
7717.322907  
7676.236886  
7672.64615  
7651.000056  
7713.483789  
7704.830622  
7651.200921  
7636.101995  
7663.167146  
7664.111063  
7685.071456  
7673.605831  
7667.415737  
7673.141044  
7660.153739  
7679.321777  
7648.78704  
7671.750991  
7634.368429  
7673.741197  
7660.669085  
7682.185505  
7689.963881  
7671.745689  
7671.435965  
7707.740876  
7649.466922  
7719.878083  
7664.200781  
7690.939593  
7651.882227  
7642.634849  
7687.40406  
7677.389621  
7651.639272  
7659.458915  
7693.637486  
7680.138853  
7723.768373  
7675.662277  
7636.03245  
7682.371024  
7755.235951  
7732.890346  
7686.736914  
7703.363518  
7705.016267  
7762.824888  
7776.666364  
7659.231627  
7640.154911  
7681.765123  
7691.348968  
7751.304632  
7689.416769  
7707.390165  
7724.09375  
7703.755497  
7734.117815  
7698.72433  
7710.56317  
7725.059584  
7643.137765  
7630.306696  
7600.4119  
7638.553027  
7685.229841  
7574.657436  
7638.527204  
7563.599414  
7679.938518  
7657.082171  
7676.443234  
7666.78877  
7709.487444  
7641.763546  
7658.206529  
7644.523563  
7740.378725  
7683.224721  
7672.232492  
7648.622489  
7654.565527  
7689.781682  
7627.293359  
7682.001144  
7692.912932  
7678.660575  
7647.691364  
7665.33457  
7668.436761  
7664.102972  
7695.559403  
7661.169364  
7696.775056  
7702.99615  
7699.799191  
7733.117243  
7693.420452  
7724.959347  
7579.637528  
7666.909682  
7586.423926  
7650.195605  
7614.625837  
7642.012347  
7574.848172  
7652.93457  
7712.410533  
7684.735854  
7681.629827  
7675.087919  
7660.924679  
7690.021429  
7696.287263  
7684.09933  
7691.846289  
7710.927748  
7680.287849  
7689.293987  
7655.551897  
7697.008831  
7681.127148  
7634.391448  
7639.172796  
7721.608664  
7738.955664  
7668.619964  
7698.492732  
7673.363714  
7669.582896  
7688.179785  
7661.112737  
7691.435561  
7655.071987  
7668.004171  
7606.27041  
7646.1625  
7670.397573  
7685.134096  
7695.016364  
7683.777776  
7673.227637  
7665.870578  
7707.769978  
7702.190039  
7694.884515  
7690.442522  
7692.390458  
7738.726018  
7738.988198  
7650.671331  
7661.133343  
7679.913574  
7688.291323  
7666.354855  
7663.951688  
7775.408203  
7692.984821  
7678.959208  
7704.484152  
7664.105776  
7690.259835  
7655.611454  
7719.134222  
7705.579855  
7664.365444  
7642.270145  
7623.194964  
7688.404994  
7699.851228  
7699.364188  
7667.028069  
7601.86709  
7718.368848  
7700.456627  
7688.148605  
7696.566099  
7656.060519  
7664.642243  
7682.36815  
7663.609975  
7683.802232  
7730.479074  
7660.725642  
7648.911063  
7692.281682  
7661.016392  
7683.2988  
7672.103516  
7616.873103  
7643.741769  
7696.717355  
7682.727539  
7679.886147  
7657.959654  
7684.614272  
7636.69548  
7671.308231  
7651.855552  
7650.817397  
7634.84029  
7683.731515  
7650.148214  
7633.501925  
7647.797921  
7677.441908  
7637.744406  
7671.0649  
7705.204171  
7680.732017  
7729.405552  
7694.181975  
7653.813825  
7674.544741  
7658.48178  
7677.86635  
7675.572503  
7718.324609  
7669.68697  
7608.484947  
7631.817369  
7629.860379  
7664.005273  
7653.798786  
7681.860561  
7677.443862  
7721.584877  
7664.888225  
7628.138839  
7669.37281  
7707.424456  
7686.799428  
7688.572838  
7701.594238  
7706.353585  
7646.002832  
7719.96861  
7649.532422  
7680.190988  
7654.970898  
7657.797168  
7618.467006  
7676.340876  
7673.44714  
7695.968499  
7682.954171  
7675.112249  
7683.812458  
7682.757994  
7694.391462  
7684.125195  
7705.416811  
7657.777288  
7685.684194  
7736.286858  
7712.34435  
7693.862109  
7682.196749  
7723.617732  
7774.370647  
7677.427162  
7681.39608  
7718.063881  
7662.638881  
7687.7893  
7701.52885  
7671.643234  
7665.553795  
7664.996331  
7692.7137  
7704.779785  
7711.098437  
7681.64947  
7616.871164  
7649.682673  
7641.541448  
7634.401786  
7705.681013  
7648.844169  
7698.700474  
7666.383636  
7674.309166  
7678.754925  
7720.54269  
7656.785463  
7621.438951  
7662.52214  
7647.889314  
7667.213323  
7702.459766  
7644.641629  
7660.209389  
7674.269936  
7664.385477  
7677.495061  
7662.65565  
7632.825321  
7619.67267  
7696.794643  
7694.02168  
7671.381222  
7656.671345  
7682.004381  
7636.140025  
7671.091643  
7679.695173  
7663.34329  
7642.003223  
7673.376744  
7675.024819  
7688.943736  
7739.701074  
7654.021484  
7656.201521  
7686.897084  
7694.79142  
7647.632045  
7690.213756  
7667.225419  
7700.224289  
7701.415709  
7635.189565  
7654.957645  
7638.940346  
7653.682966  
7722.498424  
7690.883273  
7655.291602  
7682.016044  
7668.712193  
7681.041406  
7655.425419  
7666.129241  
7673.633329  
7676.485798  
7662.567676  
7716.066253  
7713.772963  
7672.776172  
7706.232533  
7684.026437  
7687.782394  
7720.309961  
7729.992522  
7651.535631  
7682.753446  
7663.853474  
7690.346568  
7656.469838  
7738.157464  
7736.09269  
7698.740806  
7710.867536  
7745.859891  
7701.356166  
7740.929269  
7698.975195  
7650.870703  
7702.27168  
7676.924456  
7681.016155  
7700.745033  
7697.097531  
7695.728627  
7644.951632  
7681.206069  
7734.251953  
7665.800042  
7695.123996  
7672.374358  
7696.891922  
7661.904395  
7688.776576  
7664.814132  
7693.167229  
7655.86815  
7610.855148  
7588.462486  
7669.102762  
7616.707715  
7620.530441  
7592.645745  
7658.191127  
7691.548619  
7635.997852  
7625.845661  
7605.652567  
7708.621219  
7688.419992  
7699.047112  
7682.815639  
7723.071136  
7743.363895  
7659.348884  
7709.097782  
7726.219587  
7727.23856  
7785.164104  
7760.017229  
7792.103599  
7710.596875  
7703.98178  
7751.268262  
7701.911105  
7592.98192  
7638.168764  
7707.407715  
7654.942271  
7678.61243  
7653.586537  
7710.469099  
7636.06635  
7666.62048  
7672.746875  
7566.609528  
7705.477902  
7697.532757  
7656.84502  
7696.014244  
7695.921582  
7664.055427  
7675.105078  
7613.917062  
7618.384668  
7702.929743  
7651.176116  
7630.946387  
7711.042815  
7598.838518  
7683.326869  
7617.712765  
7645.593373  
7734.190011  
7727.528976  
7615.127818  
7710.915765  
7668.440374  
7696.442662  
7715.17493  
7691.545299  
7647.113086  
7668.965778  
7683.691336  
7681.308217  
7727.474609  
7746.949219  
7633.787388  
7636.146359  
7656.888379  
7715.0488  
7733.653181  
7734.637598  
7660.670647  
7696.746945  
7699.799316  
7713.300223  
7677.114021  
7712.599107  
7712.845229  
7622.65046  
7736.743597  
7667.684752  
7742.669908  
7718.21264  
7680.045703  
7655.909682  
7721.38704  
7673.536105  
7635.760714  
7712.041364  
7658.410366  
7640.906306  
7687.934235  
7642.603976  
7638.817759  
7590.438588  
7574.992871  
7619.155678  
7618.853544  
7673.948047  
7652.501046  
7690.195312  
7682.44993  
7643.321094  
7627.492829  
7712.06483  
7722.898019  
7632.215137  
7675.325391  
7655.49103  
7750.220396  
7679.07885  
7560.295271  
7585.219796  
7679.078725  
7720.373605  
7699.681557  
7770.118597  
7749.213198  
7655.522531  
7616.918652  
7651.174749  
7679.942592  
7732.51642  
7705.379632  
7734.825405  
7722.15579  
7770.829353  
7751.991741  
7794.207659  
7718.413323  
7703.336789  
7636.929464  
7601.810366  
7659.166741  
7617.661691  
7618.690179  
7665.813504  
7625.890081  
7635.436384  
7729.789467  
7669.960031  
7600.716183  
7650.53418  
7658.531599  
7596.91469  
7600.61536  
7623.51084  
7617.382464  
7644.230734  
7639.390304  
7641.562081  
7644.165304  
7634.50957  
7669.071456  
7658.183231  
7586.401325  
7594.383175  
7683.161077  
7673.470954  
7725.829911  
7645.224791  
7693.140653  
7711.722879  
7669.565625  
7784.172015  
7731.456655  
7697.90505  
7684.48284  
7680.090053  
7675.609668  
7772.114621  
7897.840304  
7857.869266  
7784.137514  
7705.923786  
7685.450335  
7713.197586  
7686.808803  
7682.251855  
7727.187221  
7702.116197  
7758.760393  
7682.578669  
7703.880831  
7722.160742  
7709.749372  
7694.850265  
7663.025126  
7656.146205  
7609.72613  
7633.552553  
7687.304339  
7708.997098  
7628.89216  
7659.230818  
7658.025516  
7704.900028  
7653.618401  
7602.906669  
7677.594587  
7638.208384  
7621.184347  
7634.01409  
7625.227386  
7631.131055  
7714.918011  
7662.433608  
7582.125153  
7556.150907  
7559.739997  
7646.596624  
7644.375223  
7620.96995  
7622.182547  
7675.757199  
7660.851995  
7689.472796  
7680.160672  
7625.445312  
7634.50692  
7675.870159  
7713.092146  
7679.518945  
7663.843304  
7652.209389  
7691.930776  
7645.582868  
7701.942885  
7693.085868  
7624.826228  
7625.530594  
7618.245243  
7653.927609  
7645.791811  
7703.25692  
7704.735645  
7634.38139  
7706.284277  
7683.824874  
7664.890695  
7723.006473  
7659.85339  
7663.625209  
7654.01582  
7702.016992  
7698.018415  
7699.329506  
7708.543387  
7695.782966  
7683.497963  
7674.896973  
7667.830678  
7663.743834  
7650.08983  
7641.421373  
7638.73252  
7624.960463  
7642.384235  
7626.299065  
7688.539607  
7668.28757  
7694.585547  
7644.436412  
7656.399372  
7685.429869  
7712.745926  
7680.898758  
7604.049749  
7688.667773  
7709.003069  
7694.066532  
7667.758594  
7690.240904  
7716.448786  
7710.350279  
7684.215206  
7699.304925  
7733.649902  
7732.60611  
7750.042718  
7710.695787  
7709.085882  
7698.336789  
7698.620675  
7722.187207  
7700.507199  
7651.366629  
7686.217383  
7659.215918  
7697.735393  
7671.270982  
7753.68983  
7652.064188  
7692.871177  
7686.119322  
7582.874289  
7652.434556  
7644.068973  
7651.535156  
7685.93019  
7686.548479  
7688.394908  
7623.442174  
7689.160017  
7714.47228  
7680.14361  
7649.429939  
7695.299177  
7625.883664  
7723.113937  
7747.56363  
7665.29894  
7708.49502  
7652.002539  
7713.34361  
7706.103641  
7713.290458  
7657.32154  
7648.099358  
7683.35014  
7657.781864  
7696.74481  
7714.785045  
7716.40113  
7671.070857  
7687.819155  
7694.41808  
7698.98856  
7729.667676  
7651.082659  
7674.77267  
7707.526618  
7677.266908  
7657.704799  
7675.574833  
7646.440011  
7641.169713  
7682.907143  
7686.432478  
7728.472935  
7681.284724  
7656.804032  
7655.848465  
7661.122182  
7706.531571  
7679.200195  
7674.938309  
7694.059891  
7690.843136  
7657.23969  
7627.024386  
7672.540081  
7706.265025  
7672.189565  
7650.025544  
7666.953502  
7739.0012  
7691.482241  
7712.133859  
7757.60918  
7713.841211  
7678.82846  
7680.587193  
7687.841769  
7706.198912  
7667.17899  
7674.952358  
7653.76543  
7719.046568  
7709.31137  
7665.530762  
7678.476479  
7648.211719  
7710.926283  
7619.436677  
7650.002372  
7586.474037  
7632.705594  
7679.51476  
7733.483608  
7728.14947  
7631.288267  
7676.810379  
7646.75618  
7676.677734  
7713.522028  
7702.463142  
7663.097447  
7595.842857  
7619.159528  
7711.311523  
7675.637151  
7681.609849  
7723.459417  
7690.043945  
7666.796498  
7748.640653  
7753.402358  
7626.613867  
7661.828864  
7648.030818  
7710.052372  
7668.985937  
7659.889244  
7710.943108  
7673.946443  
7663.220299  
7743.327037  
7773.444252  
7707.65332  
7673.618624  
7718.868903  
7713.92779  
7675.714509  
7711.204116  
7668.921401  
7686.622126  
7645.854255  
7663.796359  
7704.728976  
7730.760407  
7701.38916  
7648.033677  
7658.419169  
7660.532757  
7596.448591  
7634.266797  
7687.002706  
7685.019713  
7656.175377  
7641.607157  
7657.996931  
7647.542578  
7697.862305  
7658.437263  
7670.859933  
7641.504478  
7691.730985  
7690.36183  
7659.479116  
7658.42839  
7692.170759  
7687.136454  
7722.151911  
7684.379715  
7705.392411  
7693.478251  
7762.802762  
7714.038853  
7654.957757  
7635.104046  
7709.578544  
7699.490402  
7700.596959  
7759.43284  
7697.844169  
7730.857017  
7750.00406  
7713.186049  
7734.061133  
7656.862165  
7661.612486  
7627.1262  
7645.291853  
7711.796219  
7731.126242  
7733.331543  
7792.912681  
7673.28245  
7686.709724  
7670.054994  
7743.088393  
7771.572503  
7661.966727  
7686.142927  
7720.623368  
7619.923563  
7579.616825  
7601.454227  
7541.483636  
7614.051855  
7628.059054  
7582.026423  
7626.223312  
7636.629422  
7571.341853  
7591.026814  
7606.625767  
7607.265485  
7653.135645  
7659.242243  
7673.324833  
7646.412807  
7666.066881  
7631.98231  
7638.231194  
7640.519406  
7703.29142  
7610.990109  
7592.25399  
7668.259054  
7591.604701  
7655.457924  
7676.323214  
7661.302316  
7678.34329  
7608.762402  
7640.915723  
7687.475572  
7699.68185  
7707.434961  
7712.612946  
7681.857073  
7698.077065  
7715.398061  
7641.23591  
7689.490067  
7702.157994  
7625.319573  
7710.825014  
7664.412514  
7686.878906  
7652.183454  
7671.240778  
7700.20385  
7719.931097  
7699.089104  
7704.899205  
7683.060268  
7713.58111  
7670.067146  
7634.535686  
7665.572042  
7689.143248  
7689.027665  
7678.466225  
7717.276018  
7690.57147  
7658.523354  
7661.976395  
7677.174819  
7699.901576  
7703.86296  
7673.788756  
7635.01416  
7716.930678  
7715.272517  
7708.858608  
7684.630273  
7704.317104  
7659.380455  
7636.166044  
7665.568666  
7677.389104  
7677.007199  
7727.299289  
7693.760059  
7686.126214  
7670.172656  
7765.04555  
7724.266699  
7669.142453  
7653.129953  
7677.337165  
7644.326842  
7728.64248  
7717.157268  
7680.606738  
7681.108315  
7766.292662  
7772.758873  
7741.219629  
7683.707589  
7691.672628  
7680.945536  
7713.79142  
7695.224163  
7621.096582  
7634.733147  
7669.425823  
7629.39601  
7612.518429  
7648.072963  
7719.191616  
7722.433217  
7693.174414  
7670.876172  
7639.056097  
7634.445103  
7634.040234  
7662.23139  
7662.123298  
7605.711775  
7689.050795  
7667.011468  
7664.687765  
7692.838142  
7715.641713  
7772.471164  
7717.556069  
7676.041908  
7619.001521  
7674.196108  
7731.664607  
7636.470564  
7622.67327  
7653.575112  
7674.657436  
7711.193262  
7677.652609  
7671.19029  
7654.660282  
7649.82493  
7651.79495  
7706.955706  
7686.424079  
7683.304088  
7735.510924  
7716.512835  
7715.953306  
7659.746931  
7633.09389  
7636.29654  
7612.575893  
7666.427386  
7640.815904  
7682.159696  
7643.644768  
7747.978669  
7690.273256  
7614.454367  
7666.059668  
7695.660951  
7662.159752  
7661.775502  
7642.754408  
7644.732575  
7646.987165  
7688.839202  
7681.026549  
7645.866616  
7628.180371  
7705.414314  
7675.708036  
7678.332924  
7660.009682  
7711.507896  
7689.771261  
7667.013351  
7649.799637  
7677.721275  
7726.232478  
7789.947866  
7776.217578  
7705.296136  
7671.413909  
7632.224316  
7613.29089  
7611.913309  
7653.269768  
7702.73817  
7718.74421  
7744.978013  
7693.351214  
7708.932045  
7740.089746  
7643.069224  
7651.331989  
7674.502595  
7651.701981  
7662.986426  
7665.955887  
7676.26409  
7737.924205  
7655.56635  
7673.740025  
7651.186565  
7723.961454  
7646.730776  
7675.317299  
7698.723465  
7670.833984  
7670.170759  
7714.251018  
7748.632073  
7730.114872  
7773.760045  
7702.085882  
7730.438142  
7692.873047  
7620.687179  
7732.922893  
7659.109835  
7652.437347  
7659.101074  
7644.04428  
7615.602372  
7603.698438  
7693.330287  
7736.673131  
7678.512472  
7676.958496  
7655.812068  
7703.18517  
7661.087012  
7718.207966  
7655.604688  
7657.493276  
7669.123424  
7717.732757  
7671.5899  
7642.394768  
7689.633943  
7668.088351  
7657.404018  
7733.825237  
7650.52673  
7680.135338  
7672.841881  
7637.006878  
7692.158147  
7681.946038  
7663.3101  
7671.850405  
7628.520968  
7636.212207  
7700.371415  
7658.423019  
7630.692397  
7661.659222  
7617.194336  
7690.371624  
7650.299205  
7716.439844  
7705.939621  
7644.397517  
7661.991629  
7705.711537  
7661.636677  
7717.518359  
7706.863156  
7697.576576  
7743.558092  
7666.062081  
7667.142676  
7663.823103  
7726.617411  
7637.790165  
7704.012193  
7676.265123  
7684.970703  
7634.74262  
7644.41243  
7635.350684  
7703.672545  
7726.018248  
7665.997531  
7654.568178  
7709.171498  
7696.576367  
7714.766908  
7600.021903  
7652.855329  
7699.612667  
7621.237193  
7683.762081  
7712.163435  
7709.884612  
7760.293736  
7714.976576  
7696.397363  
7399.509054  
7574.935728  
7592.464872  
7683.627665  
7644.963909  
7620.033943  
7678.262584  
7715.692425  
7666.435128  
7701.882994  
7697.434235  
7677.488797  
7714.865834  
7652.135142  
7639.322489  
7677.899372  
7656.626967  
7759.435617  
7729.486454  
7639.084012  
7666.894545  
7655.633496  
7667.201158  
7677.859473  
7721.424512  
7722.576981  
7671.815946  
7748.585421  
7657.021456  
7671.218624  
