9935.313973  
9869.685358  
9820.986748  
9886.005462  
9925.808151  
9889.353565  
9897.045731  
9847.380022  
9970.080495  
9932.191777  
9855.442754  
9910.403541  
9975.191451  
9857.678127  
9829.577181  
9804.166243  
9765.981562  
9725.50504  
9697.093607  
9769.062017  
9832.610226  
9887.925121  
9835.227877  
9834.382659  
9803.887592  
9834.638972  
9849.370964  
9845.049928  
9807.936904  
9842.663909  
9839.26111  
9838.952927  
9842.335993  
9863.06148  
9852.609088  
9811.262622  
9903.127083  
9909.234402  
9897.961912  
9906.407203  
9909.417269  
9950.643672  
9909.691932  
9899.702374  
9952.087162  
9863.028275  
9870.99431  
9878.810957  
9835.270948  
9920.428251  
9852.33557  
9880.214449  
9941.145591  
9963.836511  
9875.729427  
9865.586427  
9887.867675  
9819.437559  
9902.738324  
9911.347401  
9866.115381  
9827.99667  
9885.283814  
9859.978214  
9813.377816  
9806.671062  
9870.364151  
9903.533605  
9882.539214  
9848.533801  
9844.194753  
9773.875912  
9849.44213  
9868.815665  
9795.453942  
9813.924861  
9826.127192  
9893.918892  
9893.379787  
9968.253503  
9954.731493  
9897.907967  
9851.520928  
9923.352391  
9879.682472  
9807.994103  
9772.643332  
9862.965636  
9856.145361  
9838.268978  
9892.129667  
9863.599022  
9805.875699  
9855.624493  
9879.351584  
9799.641156  
9807.2933  
9874.773751  
9947.217452  
9913.337742  
9819.759119  
9897.6119  
9905.413524  
9894.661245  
9894.163148  
9899.760072  
9856.380995  
9746.898081  
9756.83919  
9828.249601  
9802.080318  
9804.35018  
9857.137303  
9900.49158  
9910.636983  
9905.083332  
9833.715537  
9800.057646  
9847.72187  
9878.959648  
9870.677477  
9854.600471  
9920.996523  
9924.727486  
9849.264475  
9847.351527  
9885.205977  
9894.711708  
9897.147285  
9873.232117  
9892.358435  
9873.459411  
9932.067119  
9876.659484  
9832.873164  
9856.220766  
9832.780154  
9789.997832  
9824.636556  
9813.460232  
9795.413326  
9886.411063  
9850.74921  
9846.825001  
9893.366612  
9870.379345  
9854.792206  
9869.200329  
9907.660416  
9881.954299  
9931.298448  
9901.988101  
9905.952015  
9805.535308  
9832.882032  
9836.918549  
9815.289285  
9795.189726  
9777.631236  
9798.655664  
9826.351703  
9818.061222  
9833.902003  
9887.859302  
9927.603916  
9887.365302  
9821.03068  
9853.096673  
9832.343058  
9862.708634  
9816.825713  
9849.673057  
9898.830423  
9900.615586  
9870.070009  
9875.146022  
9867.953353  
9943.921297  
9933.442362  
9803.909284  
9819.863944  
9890.96767  
9849.687687  
9785.887454  
9855.704948  
9812.101109  
9861.475169  
9960.393977  
9924.471513  
9900.357984  
9831.472698  
9848.163604  
9876.839164  
9826.146511  
9805.821742  
9841.946848  
9827.526707  
9795.052311  
9868.369484  
9880.754274  
9880.166248  
9867.019826  
9881.060046  
9850.233659  
9857.848863  
9841.597992  
9874.263528  
9912.198902  
9933.929527  
9897.466112  
9844.199759  
9830.04911  
9835.748967  
9862.890341  
9857.8274  
9819.540318  
9824.081212  
9868.306809  
9890.203839  
9901.64103  
9928.282646  
9881.136705  
9793.169707  
9843.227476  
9885.890572  
9806.389533  
9867.486283  
9915.842494  
9884.92163  
9930.004659  
9891.100274  
9856.872727  
9836.096367  
9904.641748  
9888.563371  
9912.648905  
9874.736886  
9791.433737  
9807.027805  
9818.778064  
9808.346683  
9872.297771  
9890.675818  
9816.048903  
9799.683262  
9831.266203  
9929.361161  
9929.289269  
9888.825464  
9887.452527  
9837.562381  
9846.999114  
9818.94473  
9846.032802  
9879.210986  
9867.851279  
9887.387584  
9882.001304  
9905.638591  
9895.273148  
9886.627587  
9894.681548  
9925.782917  
9895.98705  
9885.598615  
9870.526528  
9894.724447  
9893.307627  
9967.673517  
9950.139612  
9909.051854  
9901.211579  
9875.640867  
9821.538916  
9841.43311  
9844.717257  
9764.929983  
9778.760536  
9846.659848  
9886.289432  
9836.354606  
9801.958828  
9860.945562  
9855.940994  
9865.026681  
9862.758974  
9938.932178  
9933.188424  
9882.246605  
9835.017446  
9859.781536  
9812.519818  
9780.884024  
9786.787315  
9716.670253  
9687.742144  
9798.08872  
9782.904248  
9795.600525  
9884.237745  
9902.506828  
9830.796102  
9849.470693  
9892.237799  
9849.785125  
9812.972341  
9835.278678  
9920.930655  
9919.968549  
9881.375211  
9878.832786  
9908.364593  
9870.892365  
9861.86699  
9841.317239  
9814.768012  
9835.427174  
9864.01007  
9917.473995  
9949.124789  
9938.869041  
9957.965677  
9938.86143  
9899.280057  
9865.239072  
9826.626954  
9844.393999  
9841.970462  
9810.302117  
9811.406773  
9869.228586  
9886.983513  
9828.949618  
9857.472432  
9954.581524  
9976.428274  
9886.627755  
9841.066972  
9810.617317  
9834.236895  
9834.084556  
9855.457766  
9864.175339  
9920.686807  
9912.339102  
9939.638237  
9842.497919  
9782.86866  
9818.333209  
9826.086247  
9834.394825  
9781.984512  
9737.751185  
9871.20276  
9895.355965  
9891.092933  
9882.447217  
9899.177002  
9884.58349  
9857.801459  
9856.699852  
9835.414632  
9855.230176  
9886.13788  
9902.240319  
9877.985161  
9884.408145  
9913.698441  
9897.499059  
9889.909584  
9852.527635  
9829.531502  
9873.734154  
9872.216749  
9875.589854  
9838.271186  
9817.914892  
9798.822207  
9858.480243  
9831.03187  
9777.573061  
9860.633294  
9902.981016  
9832.32985  
9842.031469  
9839.160925  
9842.044689  
9917.404789  
9865.256987  
9871.271341  
9811.625142  
9872.32959  
9905.18244  
9823.975087  
9841.02947  
9934.784265  
9939.431537  
9868.059265  
9851.785746  
9864.598642  
9843.058198  
9862.057701  
9928.665467  
9873.695177  
9864.265744  
9878.986958  
9870.964095  
9846.900368  
9835.831811  
9865.960297  
9880.320891  
9847.336802  
9848.258289  
9828.458712  
9864.430259  
9917.79949  
9916.576197  
9837.710735  
9842.404992  
9854.855382  
9841.316399  
9803.068909  
9802.814496  
9818.917334  
9830.043026  
9855.721261  
9881.630856  
9871.427201  
9824.591166  
9793.555519  
9801.007483  
9819.331192  
9875.565817  
9874.837722  
9846.537464  
9853.178306  
9909.62559  
9881.78231  
9849.866579  
9832.629349  
9868.169924  
9866.206783  
9847.340768  
9856.860654  
9903.53686  
9901.531438  
9866.965483  
9842.418599  
9896.467013  
9895.289916  
9898.642017  
9885.94067  
9860.547415  
9823.663251  
9838.835021  
9888.716629  
9913.175751  
9915.175001  
9933.438634  
9911.203431  
9894.037653  
9848.311247  
9867.592816  
9846.515342  
9839.276103  
9850.398274  
9875.219981  
9864.969602  
9870.255702  
9871.193323  
9859.891174  
9869.427664  
9857.213375  
9878.528753  
9894.10513  
9851.431117  
9867.002022  
9858.769344  
9808.691913  
9752.238725  
9756.795373  
9774.491371  
9866.180229  
9897.070361  
9836.866148  
9840.318883  
9860.714139  
9848.083103  
9900.765848  
9917.497518  
9903.997582  
9865.218383  
9841.021673  
9835.54556  
9852.90003  
9841.353468  
9859.137729  
9888.728336  
9925.204943  
9914.851339  
9904.111021  
9870.658508  
9842.184494  
9875.299625  
9870.038702  
9910.885702  
9935.337558  
9912.102633  
9948.95029  
9900.564128  
9891.369793  
9885.463924  
9833.561137  
9737.267952  
9721.405684  
9736.399213  
9703.408794  
9735.718792  
9732.813043  
9789.819507  
9792.015515  
9827.592281  
9801.148069  
9865.293429  
9891.874593  
9949.391157  
9928.256356  
9887.871375  
9822.950886  
9887.641736  
9961.380863  
9984.479721  
9880.637849  
9891.754129  
9894.089424  
9889.514467  
9837.351307  
9850.797708  
9881.094195  
9826.029506  
9825.046347  
9831.415189  
9827.072629  
9841.661707  
9884.99468  
9901.938738  
9884.640259  
9881.303999  
9876.732626  
9840.802758  
9822.132359  
9811.015078  
9826.260536  
9865.047338  
9843.392302  
9822.244764  
9868.282738  
9858.689445  
9857.938714  
9855.2841  
9898.826393  
9930.212411  
9900.265624  
9862.808225  
9900.263492  
9890.129936  
9880.435964  
9876.240214  
9868.82704  
9848.209335  
9869.892686  
9855.375134  
9866.939121  
9898.432745  
9954.567415  
9904.083855  
9899.339569  
9891.738969  
9842.270598  
9805.729384  
9819.132598  
9833.387539  
9801.893823  
9878.612738  
9900.601715  
9886.048661  
9886.579467  
9880.422149  
9824.50662  
9838.862153  
9839.502078  
9837.791405  
9865.538472  
9942.077195  
9870.26001  
9897.483418  
9910.198155  
9855.433331  
9844.535373  
9810.001895  
9859.210014  
9972.006338  
9922.272942  
9887.297024  
9844.273976  
9815.147533  
9792.754426  
9821.527098  
9828.146554  
9868.202522  
9857.671983  
9850.841527  
9841.044552  
9800.681738  
9803.283346  
9811.978305  
9844.663382  
9839.441628  
9832.328071  
9814.521602  
9827.910082  
9845.28818  
9816.924277  
9849.802665  
9861.575367  
9879.36693  
9900.691845  
9891.536236  
9875.077185  
9857.710576  
9848.081404  
9890.059746  
9890.594876  
9875.177697  
9906.152245  
9890.783756  
9911.462734  
9949.80336  
9882.234445  
9852.804572  
9876.398568  
9903.483335  
9836.088413  
9832.60041  
9907.116321  
9880.793413  
9915.681469  
9938.423995  
9901.017996  
9880.732437  
9860.226846  
9831.5905  
9838.102621  
9847.122465  
9886.270758  
9876.126783  
9936.01475  
9930.235774  
9919.038634  
9857.320715  
9778.853025  
9743.716945  
9743.488912  
9821.074495  
9859.651511  
9868.366682  
9840.68667  
9864.880329  
9853.131711  
9961.913529  
9893.256137  
9852.632034  
9854.387445  
9868.838415  
9856.298887  
9852.735263  
9839.200953  
9827.224222  
9813.028698  
9785.104139  
9832.735641  
9859.191042  
9839.428015  
9814.261413  
9845.657826  
9817.844021  
9846.957092  
9849.216155  
9831.022934  
9825.195911  
9822.055588  
9801.428121  
9800.680752  
9871.784977  
9993.827728  
9947.456492  
9908.241374  
9907.578778  
9893.421612  
9896.296915  
9896.534136  
9909.924276  
9910.484407  
9878.336727  
9841.569327  
9826.714147  
9831.301161  
9870.351739  
9864.680581  
9856.747204  
9809.780239  
9891.722539  
9905.47132  
9872.273422  
9852.040542  
9856.772792  
9807.756917  
9877.870523  
9892.355574  
9890.193492  
9876.025544  
9861.319428  
9822.913708  
9890.281118  
9867.765301  
9847.888032  
9859.417431  
9836.572991  
9843.153769  
9891.868512  
9903.290353  
9893.507874  
9880.764707  
9882.753804  
9893.101964  
9902.81085  
9930.687788  
9903.477578  
9904.957125  
9896.975394  
9882.481468  
9830.066561  
9803.065677  
9864.458147  
9904.82577  
9866.273984  
9866.799388  
9821.910794  
9789.564727  
9787.890101  
9831.631005  
9823.361044  
9808.21197  
9831.808555  
9838.42279  
9838.636393  
9827.513461  
9869.508784  
9831.30338  
9875.937209  
9891.756138  
9838.492368  
9805.981756  
9806.43322  
9832.296526  
9920.62267  
9894.571784  
9854.898725  
9829.797465  
9873.335799  
9895.908174  
9855.331997  
9866.174498  
9844.802025  
9833.162564  
9847.895603  
9917.688198  
9867.926694  
9862.800916  
9863.976632  
9845.902796  
9797.931674  
9808.072009  
9850.925414  
9895.516277  
9910.957338  
9889.393384  
9824.937071  
9759.908283  
9772.558543  
9831.573402  
9859.981039  
9812.7756  
9899.740797  
9882.360718  
9875.779446  
9878.925039  
9818.778101  
9791.992722  
9800.613195  
9834.244466  
9848.273941  
9802.638931  
9848.248396  
9840.236627  
9879.719836  
9849.413446  
9828.900049  
9825.260308  
9802.854104  
9903.717043  
9937.686787  
9861.834105  
9791.89531  
9835.605558  
9871.043162  
9893.187865  
9914.053307  
9858.453829  
9875.510377  
9844.539098  
9794.445871  
9825.820537  
9908.875068  
9959.654287  
9878.000089  
9804.044187  
9866.800151  
9901.666168  
9918.661001  
9957.399969  
9943.740561  
9922.16707  
9918.253651  
9927.296325  
9926.119617  
9944.291586  
9959.230622  
9894.679628  
9866.244714  
9921.051439  
9972.963064  
9970.776024  
9975.211077  
9880.354982  
9898.751395  
9890.676998  
9920.657626  
9873.685107  
9844.036875  
9801.095425  
9760.505631  
9767.15365  
9796.415981  
9848.565026  
9841.389081  
9827.164064  
9811.224162  
9831.611404  
9820.271491  
9858.151653  
9936.35955  
9888.605566  
9838.937175  
9840.395394  
9801.680736  
9793.79223  
9766.608707  
9781.763963  
9737.084756  
9752.619482  
9832.229929  
9891.405774  
9826.291322  
9884.341843  
9894.769124  
9891.465811  
9874.242264  
9902.385808  
9916.437474  
9916.216943  
9876.678415  
9812.659861  
9837.086385  
9851.770306  
9876.48667  
9881.784466  
9937.662953  
9895.124983  
9871.470195  
9823.217052  
9851.781592  
9860.07401  
9867.976341  
9810.934067  
9907.668036  
9932.62297  
9918.792942  
9872.276795  
9852.385704  
9853.584323  
9857.764961  
9917.785502  
9942.484061  
9905.754497  
9885.810927  
9921.873728  
9862.343926  
9829.497114  
9830.142929  
9954.779983  
9930.974606  
9803.424966  
9877.41781  
9940.820822  
9917.967494  
9908.398431  
9905.977286  
9909.647206  
9854.911798  
9798.545958  
9794.32201  
9769.693977  
9776.521794  
9842.712727  
9841.25436  
9907.098264  
9899.781833  
9843.136919  
9777.650974  
9812.352203  
9874.633805  
9920.357465  
9933.416926  
9883.013221  
9805.392245  
9830.875992  
9825.68655  
9832.202823  
9824.957439  
9824.939989  
9842.252068  
9859.125745  
9865.238318  
9875.422473  
9830.192105  
9851.866675  
9799.84432  
9829.779188  
9856.602717  
9863.562635  
9850.56067  
9872.750546  
9849.931391  
9887.0189  
9924.937361  
9884.367216  
9883.257633  
9852.031157  
9830.589502  
9865.560412  
9835.129169  
9835.040295  
9837.588676  
9841.541948  
9832.101143  
9779.483868  
9805.118358  
9781.483379  
9824.50352  
9892.372442  
9957.325101  
9986.167835  
9981.364274  
9936.667601  
9917.918362  
9890.075628  
9920.334642  
9880.604579  
9819.478644  
9775.879383  
9771.005939  
9789.801618  
9851.371412  
9902.266234  
9833.622376  
9829.108659  
9910.516083  
9932.860668  
9964.889642  
9926.796098  
9854.426713  
9847.544167  
9884.70388  
9804.091495  
9712.856511  
9718.301168  
9761.36628  
9831.124051  
9860.275019  
9844.16284  
9845.126083  
9828.944728  
9860.829172  
9898.037427  
9849.090189  
9844.206333  
9875.805854  
9895.039363  
9897.100772  
9903.646679  
9889.242624  
9858.738045  
9881.254208  
9904.990712  
9883.536695  
9855.020745  
9836.225536  
9825.512786  
9829.449924  
9839.161128  
9884.868443  
9902.913007  
9904.383805  
9849.218724  
9802.573081  
9815.01176  
9839.629964  
9816.049463  
9741.832157  
9827.681055  
9904.409664  
9888.153912  
9814.911604  
9844.355051  
9890.329195  
9903.63315  
9920.694728  
9944.940607  
9947.526434  
9886.105902  
9809.721896  
9789.243063  
9772.555732  
9797.564266  
9840.032285  
9832.631032  
9838.469232  
9856.642069  
9898.7561  
9876.770967  
9849.721244  
9843.184513  
9864.459869  
9871.178989  
9839.138736  
9855.196452  
9873.87243  
9866.565366  
9885.612457  
9903.802619  
9898.025881  
9875.869254  
9868.86005  
9843.449099  
9826.705272  
9848.287915  
9867.16262  
9861.952054  
9887.61491  
9884.823577  
9865.118282  
9854.704561  
9857.936054  
9964.183486  
9958.730026  
9887.95408  
9897.979531  
9857.707362  
9879.311497  
9848.014696  
9833.030616  
9860.776292  
9844.433005  
9857.314004  
9849.706876  
9820.880319  
9836.832941  
9913.376111  
9854.753651  
9820.16206  
9842.830022  
9856.216951  
9821.246001  
9843.927026  
9862.463132  
9907.58607  
9941.828059  
9909.39727  
9895.59991  
9913.191272  
9875.797215  
9889.156317  
9923.824277  
9915.849209  
9903.074591  
9875.769886  
9914.239722  
9901.44571  
9906.182512  
9911.169032  
9876.750019  
9854.6232  
9822.225688  
9780.856174  
9872.275391  
9893.351446  
9782.121966  
9764.134998  
9778.588725  
9753.368778  
9767.981193  
9807.620431  
9878.630148  
9865.289528  
9850.041171  
9846.492873  
9815.931657  
9926.945903  
9857.677065  
9841.735053  
9797.86303  
9853.079466  
9871.359001  
9828.843643  
9800.169285  
9827.756102  
9802.892252  
9834.064144  
9834.310865  
9840.027758  
9817.083743  
9852.869945  
9894.752098  
9929.418807  
9909.250118  
9868.205414  
9932.729787  
9873.787627  
9896.180434  
9917.660229  
9898.894927  
9883.335378  
9919.956976  
9924.101308  
9957.084311  
9918.486322  
9907.647456  
9858.705935  
9894.107293  
9893.880081  
9925.264095  
9924.010169  
9862.369068  
9839.005344  
9880.854241  
9870.372321  
9858.09701  
9885.092412  
9896.97663  
9864.706896  
9907.403581  
9906.739646  
9945.066412  
9806.242401  
9682.185193  
9696.748889  
9712.825618  
9708.439252  
9771.664778  
9821.39044  
9860.647543  
9887.656652  
9882.158917  
9911.704514  
9908.432404  
9878.461659  
9897.109747  
9887.976839  
9815.159455  
9887.15317  
9917.726173  
9853.294354  
9805.22278  
9790.789701  
9830.72679  
9894.017406  
9854.569519  
9846.802283  
9867.721089  
9885.588555  
9908.76032  
9885.870209  
9881.9743  
9891.733208  
9942.45716  
9897.286218  
9802.427649  
9818.795577  
9815.683736  
9797.311364  
9795.059557  
9784.993255  
9834.414781  
9866.499694  
9901.293022  
9869.660636  
9876.434042  
9853.298734  
9846.206989  
9891.59097  
9905.618631  
9920.361704  
9851.561863  
9844.282371  
9868.543486  
9869.122268  
9898.394235  
9942.198041  
9866.774117  
9861.184719  
9895.311997  
9890.70968  
9835.178571  
9881.880517  
9852.458003  
9863.298177  
9882.136678  
9908.170461  
9855.687272  
9869.441821  
9852.882012  
9870.583648  
9857.657739  
9920.858126  
9937.315133  
9895.679356  
9855.691869  
9877.710063  
9872.758781  
9877.719492  
9848.45369  
9838.156102  
9848.393454  
9847.260582  
9788.240501  
9769.411364  
9806.800002  
9815.549117  
9825.985407  
9841.388715  
9850.76628  
9823.528075  
9871.577479  
9860.175351  
9895.614319  
9856.144656  
9842.370748  
9883.868015  
9845.456689  
9828.783496  
9825.420196  
9828.974341  
9853.753854  
9884.347323  
9875.108542  
9854.514988  
9875.927274  
9908.812889  
9912.322971  
9822.442569  
9892.906718  
9931.831898  
9872.424019  
9858.184341  
9854.38381  
9863.686744  
9863.837121  
9855.855815  
9885.990454  
9856.68371  
9895.315088  
9888.501935  
9893.026486  
9886.124652  
9854.451278  
9870.979259  
9885.050398  
9878.900286  
9890.133594  
9845.846179  
9842.669677  
9807.948291  
9831.005698  
9816.335797  
9810.566112  
9809.199637  
9824.868225  
9843.26202  
9883.696724  
9919.850918  
9884.963499  
9855.471633  
9822.663267  
9814.128643  
9832.465899  
9836.653181  
9898.768228  
9863.986772  
9877.829084  
9906.290114  
9880.750171  
9834.679722  
9792.474309  
9840.573609  
9885.324957  
9877.373225  
9942.960682  
9956.133637  
9874.478406  
9850.054966  
9833.762112  
9837.600298  
9855.608367  
9866.258397  
9842.28387  
9866.456814  
9862.044738  
9903.755513  
9887.772709  
9842.634688  
9846.710307  
9839.417668  
9857.813393  
9833.318511  
9873.221982  
9879.663842  
9844.657192  
9844.358848  
9849.619052  
9836.880087  
9850.084253  
9860.312737  
9833.210247  
9856.134634  
9848.070848  
9829.670657  
9841.303137  
9849.927671  
9859.226043  
9847.862397  
9814.847831  
9832.040067  
9822.994507  
9868.975863  
9899.788677  
9868.631584  
9883.38118  
9893.685688  
9889.389538  
9915.587273  
9892.783614  
9856.06662  
9852.84367  
9857.556953  
9868.365005  
9887.044813  
9880.193077  
9834.53513  
9826.024476  
9844.174645  
9839.957458  
9869.43788  
9839.947634  
9836.792768  
9826.137738  
9838.049756  
9857.503521  
9902.715058  
9895.075409  
9917.914744  
9929.613348  
9932.225392  
9885.156668  
9927.744086  
9871.274392  
9870.925315  
9882.263496  
9855.321223  
9844.402263  
9818.853134  
9819.589908  
9827.959383  
9809.810248  
9863.789206  
9873.364752  
9833.722033  
9879.843177  
9908.406103  
9906.729344  
9915.495477  
9892.248411  
9914.840656  
9964.241626  
9991.294364  
9933.244481  
9794.981564  
9805.815436  
9795.946684  
9808.709896  
9845.936701  
9818.82963  
9813.16405  
9836.321386  
9889.979073  
9843.553626  
9819.635078  
9807.553365  
9743.439815  
9808.386361  
9916.356088  
9934.777225  
9849.712266  
9821.179003  
9837.521585  
9850.964305  
9854.302286  
9900.25914  
9917.553732  
9916.436704  
9892.540952  
9875.92001  
9838.907291  
9892.591783  
9885.062625  
9827.086752  
9782.351229  
9848.757815  
9837.176085  
9830.960575  
9823.573108  
9820.418566  
9801.899378  
9783.441511  
9849.737958  
9867.030477  
9841.58303  
9847.083178  
9888.436444  
9845.160046  
9827.160912  
9889.490689  
9965.380205  
9932.496592  
9757.287432  
9704.414693  
9678.662413  
9767.753509  
9830.268187  
9851.464424  
9818.400879  
9817.860233  
9865.268853  
9908.097679  
9903.62117  
9895.901145  
9897.740009  
9873.875175  
9814.809796  
9827.701854  
9869.494828  
9860.041802  
9881.816945  
9890.268432  
9894.54083  
9886.489153  
9944.868046  
9860.769837  
9821.926583  
9843.193954  
9877.367571  
9944.7983  
9952.310777  
9927.396907  
9888.611923  
9916.353305  
9936.02781  
10024.21077  
9944.772896  
9846.43743  
9848.249417  
9821.959747  
9835.534936  
9838.322937  
9868.152402  
9871.043377  
9854.306688  
9843.79044  
9876.110578  
9819.774877  
9808.233748  
9856.764727  
9892.34443  
9883.847637  
9882.265742  
9899.30627  
9902.632095  
9943.335821  
9928.575999  
9925.592009  
9893.603513  
9894.276406  
9904.579387  
9904.320486  
9940.533835  
9929.27492  
9880.708717  
9808.491762  
9870.641954  
9950.421286  
9853.334279  
9809.251286  
9840.483282  
9849.183979  
9876.65857  
9860.805318  
9876.803597  
9811.555099  
9837.915873  
9807.349025  
9803.820193  
9872.395052  
9880.111064  
9908.077198  
9897.690252  
9850.445938  
9828.377328  
9843.578726  
9808.956036  
9811.979325  
9779.280168  
9794.317474  
9848.76369  
9892.48166  
9854.199759  
9854.050626  
9810.167403  
9833.853128  
9836.626338  
9869.177477  
9848.897777  
9834.500831  
9808.35358  
9825.438776  
9847.40493  
9883.478533  
9930.919672  
9901.124677  
9881.293761  
9909.193297  
9937.468848  
9927.540771  
9891.255686  
9873.944727  
9901.551033  
9881.891798  
9876.669609  
9841.810051  
9827.074949  
9850.612958  
9885.370645  
9928.676774  
9955.985563  
9960.724815  
9876.684254  
9816.940129  
9785.754394  
9843.716931  
9859.799206  
9830.097533  
9897.297416  
9806.672968  
9812.475507  
9848.443249  
9822.958821  
9801.23913  
9782.994819  
9787.770597  
9787.441566  
9810.487533  
9829.461905  
9803.934511  
9809.227922  
9849.946723  
9898.656251  
9938.362159  
9935.849578  
9883.409913  
9881.066143  
9839.952816  
9831.339153  
9917.750198  
9889.045769  
9842.10237  
9847.016026  
9838.141208  
9803.99837  
9859.360682  
9916.381796  
9911.822135  
9861.995101  
9874.313702  
9852.668482  
9884.770703  
9984.140513  
9963.743353  
9806.483478  
9786.9628  
9783.990238  
9806.305161  
9841.736928  
9885.505207  
9873.023259  
9858.317231  
9798.668344  
9817.438968  
9804.24089  
9809.803964  
9799.288425  
9813.459207  
9791.692979  
9810.064317  
9841.300908  
9832.807216  
9842.48007  
9865.99  
9868.150897  
9963.20774  
9998.307972  
9983.045986  
9931.647288  
9842.192386  
9851.247016  
9835.704691  
9889.485284  
