7914.242527  
7871.567063  
7857.298385  
7904.844588  
7914.013915  
7916.620155  
7889.878784  
7860.442334  
7957.273795  
7927.158728  
7851.705177  
7872.545572  
7943.411177  
7831.624756  
7794.359225  
7783.614249  
7746.974357  
7718.313796  
7716.571524  
7768.941438  
7791.349074  
7840.800118  
7845.261915  
7858.513825  
7847.018639  
7844.514852  
7860.547045  
7855.682596  
7845.867084  
7848.572429  
7851.745852  
7862.921877  
7882.843421  
7928.044601  
7883.18525  
7857.584729  
7923.886673  
7912.10091  
7890.874341  
7871.239854  
7861.286939  
7893.575827  
7877.152965  
7903.293682  
7916.524814  
7855.681056  
7849.470839  
7876.848405  
7841.00773  
7910.665561  
7844.109119  
7845.954433  
7912.982838  
7953.977818  
7878.862081  
7871.546746  
7873.568655  
7817.550375  
7901.216573  
7900.265557  
7854.41273  
7832.334992  
7889.717346  
7885.957163  
7823.976753  
7813.210867  
7869.411652  
7898.683037  
7878.516597  
7865.107412  
7867.77152  
7807.83089  
7847.761313  
7887.895118  
7859.267088  
7861.140366  
7831.26566  
7844.310391  
7860.731558  
7954.652432  
7953.406232  
7911.526545  
7846.420663  
7898.153916  
7883.81215  
7849.122737  
7804.460959  
7866.554475  
7866.428895  
7851.572759  
7855.297322  
7829.512881  
7813.038552  
7834.291063  
7868.202569  
7821.948711  
7805.974254  
7836.61323  
7927.346174  
7883.370668  
7844.447289  
7867.158333  
7883.035389  
7880.15986  
7880.426817  
7888.448032  
7844.54001  
7782.682909  
7807.302938  
7893.815458  
7839.130055  
7807.950142  
7833.556189  
7891.305089  
7921.946595  
7903.746065  
7877.630547  
7856.671683  
7878.194368  
7876.012916  
7848.64522  
7818.342145  
7873.660605  
7887.433447  
7842.010821  
7834.874697  
7883.826643  
7877.309514  
7889.088735  
7880.519098  
7900.723279  
7873.367102  
7896.559708  
7869.165831  
7824.074394  
7865.952711  
7864.773271  
7824.331298  
7813.457178  
7805.56872  
7802.252868  
7879.173471  
7841.721114  
7834.427124  
7863.451547  
7866.36108  
7831.115961  
7838.401806  
7853.13128  
7857.21772  
7864.520964  
7880.546869  
7889.697094  
7825.906885  
7847.307422  
7876.40604  
7876.198311  
7847.309736  
7810.022409  
7818.640608  
7834.537348  
7840.38854  
7845.905875  
7862.161424  
7893.257788  
7866.348675  
7826.500258  
7845.802255  
7845.220371  
7886.092454  
7822.38489  
7826.133606  
7870.578605  
7874.166981  
7843.588756  
7908.771212  
7889.587045  
7952.7388  
7941.221952  
7838.625494  
7835.681459  
7846.919857  
7838.394158  
7780.455695  
7830.431077  
7816.538843  
7829.725713  
7916.124812  
7900.259797  
7853.509558  
7807.388159  
7842.040057  
7882.756706  
7844.16576  
7818.421274  
7865.092735  
7851.033902  
7843.428489  
7873.789299  
7884.443229  
7878.954235  
7865.484964  
7876.951283  
7869.332971  
7885.465217  
7843.842627  
7856.597068  
7905.859673  
7929.142895  
7927.604573  
7868.980428  
7858.906729  
7891.745401  
7892.799625  
7884.681039  
7862.879634  
7853.081224  
7870.114665  
7833.300436  
7840.361758  
7858.873864  
7852.470569  
7810.209733  
7900.965216  
7906.326973  
7823.841658  
7837.411561  
7850.734989  
7823.1385  
7909.3466  
7881.919767  
7873.671867  
7841.112584  
7899.564412  
7864.172888  
7910.868181  
7862.650566  
7810.867799  
7826.173654  
7799.876945  
7788.689883  
7828.352785  
7859.488387  
7797.901223  
7770.46952  
7822.501923  
7890.570336  
7895.493103  
7852.300099  
7847.737791  
7813.709553  
7835.76376  
7797.198803  
7817.728895  
7838.581407  
7852.39976  
7885.341663  
7897.417074  
7924.912471  
7889.064218  
7886.702634  
7902.652292  
7919.422576  
7870.517701  
7865.806503  
7868.321137  
7859.495782  
7889.907565  
7991.555962  
7982.669781  
7963.1677  
7926.804728  
7914.748629  
7884.282212  
7878.815188  
7875.713182  
7802.732066  
7780.527851  
7817.50098  
7870.144146  
7850.175271  
7843.889333  
7905.131821  
7891.378185  
7867.937744  
7861.581138  
7867.98322  
7868.27416  
7866.425003  
7836.980629  
7853.139092  
7798.55769  
7817.514332  
7800.63195  
7750.250735  
7717.680524  
7795.949727  
7792.803818  
7837.011534  
7898.196951  
7901.614857  
7859.217057  
7878.251182  
7902.440892  
7851.483414  
7818.8354  
7828.674579  
7897.235245  
7882.104168  
7845.540919  
7860.260074  
7870.492746  
7883.340731  
7926.273758  
7909.449193  
7867.595956  
7866.542884  
7857.388297  
7941.852602  
7916.022637  
7937.354242  
7952.398857  
7952.541435  
7889.841888  
7829.606922  
7800.247193  
7800.500588  
7824.244213  
7751.598721  
7771.917304  
7865.901822  
7861.395774  
7779.421182  
7822.757152  
7922.521061  
7962.246192  
7905.53692  
7880.846882  
7850.776127  
7863.875747  
7835.973891  
7832.25265  
7864.284021  
7868.474106  
7889.738199  
7919.331843  
7840.358142  
7812.177342  
7839.698569  
7864.09971  
7889.882194  
7846.906296  
7828.698292  
7894.198021  
7860.331911  
7863.167001  
7866.542194  
7893.890766  
7901.518284  
7889.576034  
7876.795998  
7857.417273  
7869.184285  
7875.46999  
7871.110015  
7829.228806  
7837.891676  
7850.275187  
7855.038532  
7869.370272  
7840.24243  
7824.779313  
7855.854579  
7881.388027  
7871.288976  
7834.163516  
7798.695597  
7801.715067  
7822.30881  
7825.943681  
7793.074306  
7876.313487  
7895.096324  
7844.75484  
7862.589129  
7851.039215  
7850.457785  
7897.464877  
7849.644604  
7869.039667  
7812.216321  
7840.452312  
7875.871292  
7837.737845  
7890.884273  
7949.68558  
7943.673727  
7890.098655  
7856.301038  
7880.31084  
7828.847248  
7810.807101  
7860.612388  
7827.120739  
7850.622071  
7832.193323  
7837.126987  
7824.773713  
7852.224478  
7890.10805  
7852.289113  
7848.866339  
7861.079517  
7830.652371  
7831.879229  
7853.457083  
7900.544122  
7865.366163  
7873.53339  
7878.395798  
7854.232809  
7846.166486  
7830.259903  
7847.531222  
7838.848178  
7856.20124  
7893.916461  
7895.731462  
7872.887204  
7828.968059  
7833.686471  
7839.568059  
7891.076001  
7867.465978  
7860.196211  
7863.192389  
7896.735061  
7893.695304  
7859.087706  
7822.031039  
7856.044653  
7847.059132  
7841.816891  
7835.238459  
7842.176644  
7860.557254  
7844.602625  
7834.710964  
7888.34896  
7913.411313  
7903.620738  
7903.494968  
7873.884285  
7821.167027  
7809.993103  
7844.520925  
7878.140998  
7902.111522  
7895.009172  
7881.122164  
7883.785649  
7850.987681  
7874.249265  
7872.372538  
7861.450758  
7855.044325  
7859.65083  
7853.688297  
7856.924431  
7826.787224  
7829.733585  
7844.317327  
7859.704486  
7882.599081  
7906.123031  
7890.524308  
7903.238451  
7918.097457  
7905.52367  
7827.523963  
7796.405416  
7787.889778  
7846.010205  
7895.367888  
7827.302968  
7849.882645  
7858.784734  
7888.58551  
7903.553303  
7859.274433  
7818.943501  
7815.127853  
7837.240181  
7847.517136  
7857.840809  
7870.106022  
7871.31324  
7870.71823  
7873.717739  
7863.174822  
7862.458418  
7872.811414  
7855.641445  
7883.760223  
7878.665839  
7912.480894  
7912.892408  
7897.887621  
7897.457522  
7859.069438  
7879.191009  
7857.850425  
7813.43606  
7757.736969  
7740.049779  
7767.489661  
7785.572586  
7789.201603  
7775.379923  
7835.929431  
7828.988129  
7849.078347  
7817.579833  
7879.234632  
7875.736703  
7931.054687  
7923.875465  
7866.269076  
7801.013581  
7848.725363  
7885.617438  
7894.92828  
7852.263469  
7848.353373  
7861.598443  
7869.511133  
7852.328119  
7869.724437  
7884.240651  
7853.005021  
7849.508099  
7838.462344  
7828.188718  
7855.888561  
7868.70642  
7889.05456  
7873.429724  
7874.241578  
7861.879564  
7838.699017  
7836.17732  
7861.399176  
7859.318575  
7865.067043  
7848.324305  
7857.191131  
7896.80679  
7893.642544  
7875.521867  
7874.113935  
7896.457517  
7932.75094  
7924.955281  
7899.210094  
7928.967925  
7932.86497  
7914.377762  
7916.499519  
7904.922985  
7863.120849  
7849.21414  
7855.986374  
7878.423405  
7887.52675  
7909.986939  
7905.449912  
7908.61083  
7898.562793  
7840.758121  
7829.533632  
7826.231705  
7822.258543  
7829.315587  
7857.228336  
7852.258574  
7855.186037  
7829.915583  
7839.667025  
7790.343456  
7818.235349  
7825.112831  
7818.459596  
7781.946177  
7849.777928  
7822.450443  
7851.223092  
7848.831856  
7834.765902  
7826.224046  
7813.888917  
7851.692916  
7959.023322  
7891.032771  
7856.443328  
7830.795258  
7814.439733  
7826.234784  
7870.275654  
7836.567496  
7886.268784  
7909.579004  
7904.805234  
7867.60955  
7820.456277  
7812.85334  
7833.084842  
7862.458174  
7856.519779  
7822.424109  
7816.744487  
7830.716682  
7854.087115  
7851.903413  
7851.908186  
7856.870857  
7878.215847  
7907.043863  
7903.19974  
7902.944351  
7897.491102  
7898.582575  
7915.610886  
7913.876266  
7860.519241  
7860.378437  
7845.205306  
7884.455278  
7919.057545  
7888.333199  
7864.075559  
7868.43687  
7872.005248  
7799.91994  
7830.836365  
7904.532903  
7876.264982  
7874.968464  
7868.159122  
7854.026854  
7860.382763  
7863.418224  
7828.789661  
7835.987507  
7849.682179  
7860.674121  
7853.615627  
7912.398193  
7900.135795  
7891.278598  
7860.279678  
7804.519637  
7797.929692  
7785.498082  
7850.041796  
7873.872838  
7883.662209  
7833.971104  
7819.674819  
7817.7376  
7906.256386  
7893.029241  
7876.93671  
7880.84144  
7885.49309  
7872.530135  
7868.19148  
7862.895041  
7842.025616  
7848.439265  
7859.925274  
7884.035894  
7873.847982  
7880.287513  
7832.071719  
7845.667156  
7824.757514  
7828.842026  
7829.936924  
7833.372853  
7834.885959  
7833.435374  
7808.842888  
7784.331747  
7872.868313  
7979.290972  
7946.757358  
7887.269288  
7875.485872  
7861.461252  
7852.146399  
7876.774921  
7887.886414  
7903.605397  
7882.609643  
7837.883115  
7831.980581  
7820.592826  
7854.623041  
7838.901796  
7839.061971  
7836.609779  
7914.073087  
7925.901229  
7883.678465  
7814.072841  
7828.08776  
7846.74407  
7888.692783  
7881.933329  
7875.665584  
7877.689527  
7837.590434  
7813.975051  
7877.977296  
7884.075376  
7872.84937  
7850.295786  
7855.944476  
7830.092711  
7874.942664  
7883.398192  
7884.056968  
7890.781062  
7852.712209  
7850.902225  
7865.419681  
7873.092798  
7880.730933  
7893.204269  
7867.082591  
7864.194754  
7836.503053  
7834.522489  
7888.606952  
7900.764433  
7887.215467  
7878.901629  
7819.846829  
7788.364818  
7790.941599  
7844.653992  
7861.549053  
7841.935715  
7855.292128  
7842.973053  
7825.973889  
7797.522767  
7831.695849  
7847.475153  
7894.036473  
7890.921874  
7850.403986  
7813.348262  
7804.883414  
7809.358928  
7875.373284  
7882.676785  
7871.872683  
7847.909602  
7859.334986  
7885.266631  
7848.451614  
7846.690952  
7861.674701  
7826.599206  
7831.738663  
7898.170079  
7872.445558  
7879.419277  
7899.033805  
7865.748405  
7821.473311  
7832.17  
7854.766478  
7912.994292  
7955.348388  
7935.805688  
7867.531451  
7782.94642  
7801.085946  
7844.691558  
7831.141608  
7794.926417  
7852.835219  
7854.1887  
7872.58014  
7894.324517  
7882.625978  
7860.27053  
7852.183004  
7862.913367  
7870.982151  
7828.857887  
7854.363745  
7878.601164  
7874.874168  
7833.579981  
7807.918149  
7812.798945  
7800.252047  
7848.885846  
7902.252192  
7815.480189  
7752.455123  
7812.727338  
7852.780409  
7843.366654  
7808.67512  
7833.894589  
7874.507824  
7839.221707  
7790.208817  
7812.668115  
7880.034613  
7941.676942  
7863.491649  
7804.283235  
7829.33112  
7881.198533  
7911.454065  
7931.267003  
7917.308349  
7887.94417  
7897.177537  
7909.925  
7917.372247  
7913.423105  
7895.346554  
7875.504476  
7903.325149  
7938.712134  
7918.657437  
7923.611178  
7953.639222  
7881.724504  
7888.627557  
7897.79671  
7943.831652  
7877.28799  
7861.038518  
7803.412055  
7760.972379  
7779.673844  
7847.086601  
7876.092332  
7868.989022  
7829.372442  
7820.610241  
7816.531226  
7819.915275  
7838.263128  
7913.454426  
7905.398258  
7864.507426  
7813.426025  
7774.365802  
7805.466566  
7831.318347  
7855.012873  
7784.197413  
7777.685065  
7856.233168  
7886.549494  
7827.846809  
7885.004617  
7892.48807  
7897.118611  
7873.745005  
7883.750848  
7898.323872  
7888.629052  
7838.996352  
7776.049999  
7810.313966  
7865.021794  
7894.200864  
7918.647566  
7937.36363  
7883.423516  
7860.363621  
7868.820118  
7877.569785  
7888.99694  
7879.916195  
7843.637135  
7909.799324  
7940.208116  
7933.491812  
7878.893507  
7832.59112  
7830.00378  
7806.588807  
7868.393153  
7895.489054  
7918.101383  
7921.920423  
7942.931386  
7902.290326  
7880.760861  
7900.157563  
7915.464417  
7869.051535  
7747.975462  
7823.330027  
7898.236583  
7910.522925  
7895.589957  
7889.603351  
7902.45206  
7866.27755  
7818.846136  
7789.943848  
7766.306996  
7770.863592  
7810.629021  
7791.13146  
7853.971289  
7866.926831  
7836.532218  
7771.778177  
7805.35219  
7825.545238  
7881.151116  
7926.317474  
7908.700215  
7883.823469  
7881.783753  
7859.037845  
7863.851326  
7867.568209  
7859.410652  
7868.587838  
7882.468884  
7888.660695  
7880.545053  
7829.990529  
7846.787514  
7811.056669  
7862.889469  
7880.159386  
7869.384576  
7852.627246  
7861.939572  
7836.609276  
7881.97921  
7893.921151  
7877.670272  
7835.351401  
7815.545104  
7843.080101  
7875.35021  
7859.060623  
7835.84792  
7818.754399  
7834.375302  
7834.780554  
7818.947968  
7830.392301  
7825.53026  
7841.582658  
7904.220013  
7939.719277  
7943.585973  
7927.387613  
7898.010462  
7891.991015  
7885.296142  
7886.886213  
7873.014415  
7851.098093  
7824.448791  
7800.992757  
7790.259938  
7826.977556  
7864.123961  
7830.279499  
7841.585041  
7893.894718  
7889.748063  
7859.471699  
7871.498251  
7860.002999  
7876.433908  
7881.178621  
7771.304886  
7667.937744  
7688.545914  
7755.964858  
7806.714134  
7823.764766  
7820.832649  
7808.14478  
7815.864699  
7871.262416  
7881.963254  
7868.044853  
7881.001895  
7879.129693  
7889.891017  
7883.811006  
7905.710596  
7891.612268  
7875.057883  
7872.914684  
7877.936704  
7881.907885  
7889.45547  
7877.334201  
7891.013261  
7876.121543  
7873.35986  
7868.474751  
7912.334132  
7887.040379  
7851.43576  
7817.504212  
7813.607412  
7867.600743  
7822.52294  
7799.479174  
7844.610773  
7875.202985  
7889.731921  
7772.393285  
7829.60354  
7884.718616  
7867.407649  
7889.902909  
7916.094123  
7923.60376  
7895.03743  
7848.303361  
7823.005988  
7778.281045  
7808.318597  
7841.727523  
7852.507156  
7854.185304  
7888.804397  
7909.13847  
7894.005366  
7863.079809  
7866.528444  
7861.054571  
7890.036881  
7867.406674  
7866.895238  
7877.204818  
7869.050072  
7896.798945  
7890.631551  
7884.623793  
7841.122692  
7854.384332  
7887.67444  
7805.760715  
7855.970587  
7869.043003  
7885.441816  
7888.120226  
7897.23097  
7893.31212  
7839.355211  
7856.377122  
7951.289384  
7932.746793  
7877.038548  
7876.780674  
7856.458561  
7853.402273  
7834.019896  
7848.117457  
7883.165336  
7841.316856  
7834.518296  
7850.57355  
7813.881875  
7828.282939  
7837.401688  
7804.897169  
7839.035147  
7853.982361  
7857.097691  
7816.599023  
7828.986335  
7834.008657  
7911.160881  
7924.346858  
7916.20411  
7891.168851  
7905.947316  
7895.46618  
7892.347552  
7885.559562  
7903.857938  
7880.861488  
7872.196389  
7897.637449  
7882.560291  
7876.664919  
7865.151049  
7865.069154  
7852.94617  
7822.840676  
7810.025096  
7882.227668  
7902.561061  
7843.246433  
7804.31129  
7793.529954  
7791.035692  
7806.374993  
7864.41488  
7922.321934  
7903.634656  
7872.136104  
7836.781889  
7827.908561  
7934.591309  
7891.839477  
7908.517271  
7849.54567  
7909.718557  
7885.606263  
7855.428952  
7811.045769  
7838.264284  
7821.125316  
7841.377054  
7876.360578  
7871.687799  
7837.913594  
7841.696998  
7874.320017  
7911.109046  
7852.122712  
7849.178336  
7912.743407  
7825.269736  
7851.857402  
7876.142304  
7878.3334  
7883.867344  
7904.838184  
7886.961736  
7896.077504  
7867.181479  
7865.419437  
7845.065438  
7876.203503  
7838.986712  
7869.382276  
7885.250693  
7863.919132  
7853.118344  
7865.963557  
7842.600291  
7834.276438  
7878.440703  
7851.981964  
7875.249935  
7911.215371  
7882.374381  
7866.090501  
7761.833843  
7698.547181  
7710.776216  
7725.259546  
7745.097204  
7777.628176  
7822.781173  
7861.103362  
7865.827641  
7871.340304  
7911.604556  
7903.983439  
7880.942658  
7906.538321  
7898.652161  
7840.090802  
7882.931501  
7888.951447  
7848.475908  
7836.5413  
7806.442117  
7872.970415  
7897.803653  
7909.720578  
7869.889555  
7883.562144  
7843.1537  
7868.149829  
7852.916315  
7853.04576  
7844.32166  
7897.340335  
7879.713966  
7834.330904  
7850.413898  
7858.783  
7834.360249  
7805.911723  
7789.583254  
7845.981566  
7888.522878  
7946.775924  
7911.121519  
7894.038802  
7849.163724  
7863.081826  
7903.454683  
7892.059594  
7893.056423  
7864.233685  
7837.286848  
7860.769502  
7862.289731  
7894.116378  
7920.019731  
7862.059884  
7868.326722  
7892.549984  
7886.446709  
7838.432958  
7878.825846  
7870.485187  
7892.348516  
7888.780914  
7884.158547  
7870.23604  
7842.317162  
7815.07453  
7812.964031  
7828.527466  
7878.223508  
7891.488433  
7888.016156  
7863.51672  
7866.68946  
7858.642688  
7864.879157  
7864.110382  
7856.293367  
7869.344473  
7862.710856  
7804.572751  
7798.151884  
7841.276218  
7866.779561  
7871.252441  
7850.914168  
7858.607997  
7835.763046  
7882.729535  
7861.099342  
7862.811368  
7830.671108  
7847.20202  
7884.656765  
7863.296633  
7870.743044  
7861.839576  
7833.704611  
7810.75976  
7856.801414  
7873.580172  
7869.209729  
7881.056801  
7896.306796  
7889.558265  
7831.757337  
7892.680072  
7896.706327  
7860.398656  
7831.710326  
7860.827393  
7899.528017  
7881.079002  
7848.001801  
7848.510658  
7816.296633  
7824.178089  
7815.73972  
7814.155144  
7839.902416  
7838.513875  
7862.035075  
7862.354295  
7900.120799  
7922.849972  
7899.330819  
7888.231308  
7858.928554  
7850.097556  
7840.703779  
7840.867797  
7821.823304  
7857.332836  
7890.174874  
7887.238485  
7888.379971  
7889.10124  
7884.340826  
7834.428157  
7840.511478  
7829.674121  
7831.302236  
7915.614574  
7920.00181  
7897.61767  
7880.864187  
7869.943083  
7822.188294  
7774.69887  
7822.757979  
7876.696578  
7885.13267  
7936.795608  
7880.897405  
7829.33136  
7820.088836  
7814.91525  
7824.277347  
7861.56587  
7846.38962  
7826.49761  
7860.272203  
7860.697457  
7902.671998  
7892.922401  
7838.668462  
7840.062728  
7833.315286  
7826.445142  
7808.904151  
7872.060324  
7879.177124  
7871.566206  
7841.615187  
7827.051838  
7842.54099  
7867.401229  
7892.441437  
7880.952382  
7874.394321  
7866.731786  
7844.051148  
7851.284911  
7864.784465  
7856.830478  
7857.124932  
7816.304452  
7843.204931  
7865.410937  
7889.092015  
7892.033541  
7892.63065  
7873.652882  
7838.085231  
7836.989773  
7855.702446  
7850.670005  
7847.104984  
7862.868627  
7869.847742  
7885.968825  
7916.227199  
7908.993118  
7848.283134  
7828.387311  
7839.487241  
7855.225501  
7898.740577  
7874.938816  
7854.482681  
7819.029961  
7844.616138  
7856.594388  
7893.86791  
7862.094066  
7839.934049  
7880.636503  
7884.443852  
7889.471429  
7916.893436  
7892.426473  
7914.481233  
7920.202262  
7896.426734  
7829.238585  
7791.952652  
7813.464319  
7836.431136  
7810.356347  
7855.0344  
7854.531668  
7825.906244  
7868.52913  
7876.267187  
7891.729613  
7885.067927  
7859.713354  
7831.694628  
7909.241966  
7995.980915  
7924.526534  
7793.970082  
7753.243321  
7738.728532  
7782.836844  
7847.660415  
7862.472155  
7842.327142  
7856.362925  
7888.898041  
7862.166776  
7837.455611  
7811.534209  
7778.76849  
7829.564247  
7889.058735  
7895.296682  
7855.952072  
7835.76411  
7835.63818  
7849.089086  
7839.788989  
7846.775151  
7849.329446  
7859.767262  
7853.205414  
7886.064052  
7861.201262  
7883.782296  
7882.873458  
7836.762653  
7806.952698  
7866.723791  
7846.638084  
7782.049496  
7843.218762  
7855.320838  
7796.376582  
7810.249947  
7870.681259  
7906.190793  
7927.331002  
7840.96623  
7785.625134  
7791.689739  
7768.886403  
7825.114032  
7929.840377  
7912.525332  
7780.923389  
7734.811521  
7729.181863  
7772.775029  
7833.214648  
7865.31405  
7815.59898  
7830.184301  
7872.921032  
7915.274751  
7909.492982  
7904.049515  
7870.892833  
7885.637306  
7869.324523  
7884.865685  
7909.931333  
7904.554472  
7863.004975  
7866.846639  
7893.677859  
7876.736509  
7926.8024  
7857.095146  
7831.06931  
7902.852727  
7933.277263  
7989.781534  
7991.688747  
7938.979511  
7919.12925  
7918.609308  
7895.802602  
7984.856746  
7907.173742  
7834.2085  
7827.652689  
7822.992844  
7829.33127  
7855.408229  
7878.733903  
7841.488739  
7842.342701  
7844.184288  
7893.492975  
7830.139011  
7808.465462  
7851.941371  
7859.283906  
7871.484247  
7882.533284  
7887.829385  
7875.445372  
7874.448253  
7898.261194  
7913.324475  
7919.613661  
7904.549305  
7913.775502  
7908.638693  
7958.945757  
7966.656259  
7915.393166  
7817.584182  
7881.047623  
7943.763064  
7850.367577  
7790.811528  
7824.977667  
7845.840348  
7867.078419  
7897.542618  
7849.511735  
7826.187517  
7790.255978  
7770.303627  
7809.09547  
7870.587376  
7877.921793  
7897.111694  
7923.639327  
7883.841067  
7900.962268  
7898.401433  
7838.671303  
7808.879934  
7799.613608  
7819.726306  
7846.994917  
7850.2069  
7841.684928  
7867.985201  
7829.441149  
7832.649451  
7854.696816  
7880.782794  
7874.892091  
7868.151934  
7813.726019  
7820.546466  
7842.260495  
7865.78984  
7917.008616  
7903.74294  
7884.367693  
7877.283855  
7896.602187  
7894.245149  
7847.706008  
7857.086974  
7885.722835  
7865.323972  
7845.329014  
7795.614493  
7782.361331  
7792.222983  
7815.040331  
7872.056787  
7945.464208  
7972.445959  
7888.222414  
7822.160537  
7809.49754  
7863.088388  
7861.921752  
7878.511863  
7894.50298  
7838.351392  
7827.833203  
7846.609796  
7857.497862  
7838.662628  
7810.257911  
7794.913703  
7799.866291  
7820.841031  
7821.27753  
7785.852884  
7775.927248  
7783.361214  
7819.987044  
7839.579167  
7894.377661  
7859.0855  
7873.138587  
7853.47869  
7827.841743  
7904.412943  
7896.40724  
7849.805968  
7848.35911  
7830.872114  
7747.047294  
7784.773609  
7821.83293  
7853.165626  
7836.243194  
7864.395301  
7825.120718  
7871.24505  
8012.306626  
7998.263391  
7860.395393  
7828.974971  
7823.394653  
7880.898093  
7879.143722  
7891.916773  
7912.805354  
7886.734177  
7818.850253  
7831.930278  
7824.125787  
7844.646953  
7843.024063  
7835.644943  
7806.336183  
7833.890868  
7857.202355  
7852.406201  
7862.497655  
7845.255153  
7840.430684  
7938.7051  
7948.368713  
7918.747318  
7874.145495  
7823.346243  
7848.363799  
7832.532998  
7847.255131  
