8957.932434  
8890.396904  
8655.703453  
8323.312775  
8655.552956  
8848.760605  
8850.715523  
8709.716225  
8861.100777  
8905.015862  
8805.303993  
8589.389641  
8756.880592  
9219.50354  
9176.926781  
8889.685356  
8961.90699  
8765.37748  
8722.819542  
8805.995605  
8821.787262  
8731.393829  
8465.679619  
8553.453789  
8565.24984  
8803.494759  
8739.821884  
8979.350151  
8957.884392  
8987.698448  
8944.238602  
8934.724442  
8749.904068  
8618.052277  
8714.014488  
8666.99482  
8686.632416  
8778.118156  
8799.194756  
8951.333939  
9011.158195  
9013.120956  
8723.20372  
8479.33577  
9043.340843  
8809.934456  
8786.664696  
9039.79953  
8668.942619  
8749.026466  
8683.805016  
8832.122475  
8769.840797  
8714.186981  
8879.398109  
8729.268837  
9051.395821  
8709.134087  
8748.371284  
8773.49501  
9055.760017  
8850.179199  
8665.756538  
8669.297379  
9097.96888  
8718.906235  
8630.513084  
8639.392113  
8848.26667  
8434.623795  
8811.242622  
8712.348106  
8816.258102  
8757.596848  
8795.573364  
8999.485397  
8701.492722  
8914.455864  
8647.378128  
8454.817986  
8759.353119  
9215.56694  
8929.000969  
8807.046791  
8834.681679  
9178.191742  
8850.744194  
8592.093605  
8749.741081  
8865.342232  
8801.117004  
9162.17067  
8873.928406  
8753.559364  
8940.040291  
8830.016716  
8719.486855  
8825.248268  
8909.1791  
8775.814049  
8667.412125  
8634.438873  
8663.109917  
8559.227394  
8663.60009  
8823.813011  
9105.806595  
8753.406799  
8736.851562  
8819.326271  
8996.49369  
8726.1745  
8702.680183  
8603.296028  
8403.595795  
8843.640884  
8697.81945  
8500.07328  
8538.024017  
8846.953957  
8838.470215  
8753.672783  
8764.003799  
9118.634476  
8847.917542  
8634.271492  
8566.780167  
8969.763794  
8820.007256  
8812.515259  
8715.937019  
8779.501091  
8940.535683  
8985.35199  
8868.927361  
8639.805504  
9104.302696  
9001.110283  
8946.63147  
8642.326385  
8467.661499  
8433.210777  
8904.087784  
8827.000473  
8766.708092  
9036.801437  
8749.863747  
8728.20797  
8786.424866  
8640.524292  
8633.352112  
8821.059029  
8965.089737  
9174.56057  
8771.148468  
8529.235138  
8778.667946  
8699.525787  
8842.810379  
8815.093033  
8899.141251  
8826.371513  
8885.445137  
8814.044853  
8845.721222  
8773.162735  
8791.395485  
8646.578606  
8483.173225  
8599.402504  
8960.744553  
8880.34272  
8928.507057  
8898.233818  
8943.592949  
8857.253555  
8691.591141  
8942.445351  
9046.114647  
8902.769058  
8856.778198  
8824.106552  
8762.53775  
8933.849052  
8824.33577  
8546.340599  
8913.203522  
8511.48661  
8763.716019  
9048.844841  
8796.944542  
8843.230347  
8851.81884  
8792.982925  
8662.627586  
8654.618996  
8843.471924  
8759.161407  
8752.769958  
8878.491158  
8894.148766  
9014.869453  
8950.009483  
8954.033752  
8906.459656  
8885.240883  
8855.381584  
8618.193146  
8514.011284  
8771.821037  
9002.665268  
8983.320984  
8455.846169  
8441.861229  
8618.173714  
8654.693291  
8731.864777  
8762.358406  
8850.801147  
8887.130409  
8936.616745  
8916.501549  
8813.081322  
8279.815361  
8939.03067  
8898.843414  
8928.265709  
8814.473152  
8769.369865  
8425.359665  
8777.530777  
8807.947449  
8545.892204  
8471.274948  
8920.657219  
8889.19136  
8710.419418  
8750.449753  
8632.506523  
8982.122528  
8723.960922  
8786.235527  
8714.058563  
9020.003799  
8768.498154  
8793.32444  
8845.760208  
8829.410278  
9032.929253  
8850.850403  
8815.990509  
8857.997124  
8731.996559  
8682.843681  
8988.578033  
8819.884995  
8769.496323  
8784.404755  
8803.054306  
8942.542427  
8789.507271  
8701.871956  
8718.274513  
8700.139153  
8675.564201  
8930.968056  
8791.190643  
8752.446228  
8699.838326  
8681.023079  
8840.923424  
8930.125931  
8836.092583  
9109.291519  
8513.109329  
8849.686783  
8949.926384  
8783.963959  
8757.714745  
8776.893257  
8777.850517  
8696.094948  
8764.747124  
8761.928604  
8788.379654  
8632.953049  
8671.907158  
8749.714729  
8822.395309  
9075.179825  
8876.602554  
8783.330009  
9127.089424  
9157.399933  
9063.245605  
8859.429398  
8802.083733  
8780.304619  
8392.402229  
8562.349213  
9020.722206  
8841.705338  
8929.146111  
8898.51355  
8949.773376  
8876.524246  
8861.572876  
8711.575569  
9040.256653  
8932.127884  
8522.260078  
8789.253952  
8758.822746  
8784.224197  
9105.416916  
8895.532776  
8774.540817  
8620.261681  
8313.002983  
8824.246887  
8717.309395  
8811.931252  
8820.663666  
9075.531075  
9120.149109  
9038.372986  
8979.367989  
9097.690956  
8655.569679  
8607.188782  
8272.018242  
8646.785133  
8443.813057  
8616.469032  
8454.575714  
8497.508781  
8791.36219  
9028.438873  
9086.804306  
9073.695274  
8911.387962  
8484.092148  
8449.935493  
8867.801041  
8972.556015  
8943.003601  
8852.889893  
8753.547897  
8772.818161  
8799.350861  
8836.300209  
8677.863976  
8491.038513  
8711.213448  
9038.321152  
8909.993309  
8799.594864  
8750.19886  
8652.556595  
8831.183968  
8914.177361  
8776.167007  
8608.504189  
8572.334137  
8943.320618  
8898.405655  
8920.528389  
8975.659912  
8974.694618  
8927.163162  
9040.705055  
9002.783829  
8674.621254  
8610.195534  
8738.131866  
8780.704102  
8711.41732  
8592.720024  
8669.262947  
8830.165794  
8749.637505  
8498.954163  
8732.392784  
8831.778481  
8669.920471  
8844.234871  
8742.611549  
8905.899437  
8969.277382  
8851.628838  
8825.983849  
8698.738045  
8901.853706  
8837.136833  
8784.444122  
8425.772232  
8935.561119  
8842.726944  
8767.922699  
8670.760834  
8849.456802  
8717.714447  
8663.797066  
8705.638939  
8876.674408  
9027.246307  
8864.501656  
8830.280968  
8594.040855  
8469.517387  
8878.330368  
8777.202873  
8785.47126  
8698.946632  
8976.151184  
8808.214706  
8655.290283  
8722.843887  
8848.706398  
8917.402473  
8927.695702  
8826.798981  
8833.279945  
8719.149002  
8825.469574  
8743.87571  
8761.633751  
8844.792984  
8811.642609  
9044.008347  
8791.710594  
8727.12426  
8748.701172  
8992.355988  
8947.882233  
8834.915291  
8851.710358  
8878.313911  
8940.951538  
8734.204453  
8670.515282  
8907.831398  
8871.099007  
8671.632332  
8817.588898  
8840.016327  
8992.247978  
8703.901817  
8666.389297  
8645.15625  
8888.77121  
8909.989273  
8838.469002  
9050.878944  
8828.296425  
8675.22084  
8696.266129  
8836.931091  
8863.755966  
8769.541389  
8731.401695  
8699.163452  
8773.609154  
8712.057465  
8785.89093  
8855.523979  
8810.393211  
8665.585083  
8687.48304  
8758.657204  
8679.069168  
8711.825729  
8789.374748  
8789.117767  
8735.977829  
8905.987114  
8866.891869  
8829.252693  
8918.895874  
8890.718758  
8952.887619  
8766.371925  
8831.752991  
8824.565643  
8710.629784  
8561.961296  
8826.099976  
8797.330399  
8754.824837  
8960.268417  
8855.879333  
8763.500374  
8650.713753  
8524.68251  
8927.796455  
8835.521164  
8786.549088  
8864.710861  
8762.220612  
8607.004021  
8846.926598  
8950.612495  
8813.024254  
8762.942177  
8509.683945  
8250.4599  
8762.015274  
8815.293617  
8810.57074  
8850.568016  
8738.983665  
9264.368584  
8806.530167  
8902.775352  
8919.678101  
8942.549477  
8926.623558  
8846.886909  
8829.962486  
8807.493523  
8744.462799  
8784.247482  
8793.493454  
8500.891716  
8446.706436  
8693.518921  
9083.577545  
8932.550095  
8974.992332  
8347.92881  
8714.408287  
8727.798973  
8796.103218  
8712.558807  
8662.896873  
8713.777657  
8822.863907  
8818.695152  
8885.287369  
8853.328308  
8783.816772  
8790.592918  
8750.759117  
8805.825859  
8772.555878  
8890.529419  
8693.333359  
8838.890533  
8935.279938  
8875.801262  
8926.414658  
8836.429558  
8691.660423  
8865.970634  
8850.485519  
8789.752129  
8810.108498  
8667.026054  
9054.174286  
8801.811546  
8730.968468  
8735.617523  
8935.549194  
8919.146439  
8761.030472  
8658.597893  
8932.373665  
8821.469147  
8716.972458  
8976.683319  
8758.755638  
8624.973389  
8678.711784  
8876.336662  
8711.115448  
8964.562035  
8975.032349  
8893.504044  
9022.059433  
8835.579796  
8843.657951  
8806.419067  
8700.96888  
8726.690536  
8948.722633  
8673.226616  
8979.625076  
8772.740387  
8976.611  
8655.471626  
8845.963524  
8683.339844  
8568.712181  
8626.801781  
8522.152603  
8728.466026  
8808.688805  
8812.909508  
8982.860947  
8819.951241  
8774.990562  
8744.570831  
8916.011559  
8871.606033  
8812.395226  
8984.254189  
8789.98629  
8637.91819  
8881.980087  
8724.651329  
8798.45623  
8923.524086  
8915.195038  
8724.936111  
8902.453285  
8699.407326  
8604.43853  
8473.406174  
8859.867332  
8772.06385  
8646.324394  
9026.486351  
8825.009689  
8736.039032  
8855.411453  
8778.547447  
8695.050896  
8804.68187  
8796.564514  
8796.220215  
8628.899834  
8857.603729  
8833.649994  
8728.216171  
8784.735237  
8809.736549  
8657.003036  
8505.873894  
8761.53952  
8759.98481  
8715.4468  
8910.71254  
8923.589729  
8767.83049  
8807.082924  
8855.83535  
8853.362022  
8817.648949  
8865.476883  
8718.058479  
9030.124054  
8862.085976  
8654.926346  
8522.151848  
8558.105026  
8643.022415  
8748.796204  
8740.75029  
9102.221603  
9052.053963  
8931.146973  
9129.037567  
8807.121071  
8618.003204  
8964.835388  
8796.267418  
8751.370255  
8792.337288  
8779.829536  
8794.606888  
9021.725815  
8722.360283  
8664.347481  
8944.60685  
8979.060608  
8867.214821  
8930.014465  
8913.613762  
8725.678413  
8568.00042  
8666.432571  
8947.537064  
9037.793495  
8930.888725  
8906.759872  
8950.866142  
8810.689545  
8702.489746  
8609.272034  
8998.436134  
8904.934128  
8736.829849  
8560.859009  
8620.438789  
8724.027985  
8584.177147  
9034.998489  
8858.852142  
8702.291328  
8622.407425  
8605.625572  
8954.730598  
8828.497421  
8876.025261  
8764.692398  
8868.447067  
8854.002327  
8748.415848  
8893.202057  
8741.473427  
8579.048767  
8620.106133  
8947.245506  
8924.140289  
8863.481522  
8820.579399  
8847.252861  
8724.546577  
8890.123077  
8710.741287  
8706.888847  
8717.538628  
8587.899078  
8682.566833  
8780.015907  
9060.017502  
8872.257309  
8804.318657  
8860.069679  
8639.439766  
8733.288742  
8832.623062  
8759.822578  
8931.765305  
8839.315674  
8655.468422  
8938.078812  
8734.236252  
8699.559959  
8918.603752  
8808.937958  
8850.169701  
8655.593758  
8680.757812  
8844.787666  
8750.91613  
8787.752747  
8799.367111  
8953.578682  
8775.669731  
8626.410858  
8813.576447  
8846.417328  
8758.601212  
8788.404068  
8715.541039  
8916.969536  
8613.252594  
8584.759003  
8752.771423  
8877.192238  
8808.93206  
9062.106789  
8914.046516  
8701.816696  
8804.717072  
8871.040901  
8677.804031  
8951.267578  
8686.767632  
8770.122528  
8777.384171  
8828.143471  
8783.282288  
8884.578941  
8630.719917  
8714.426994  
8907.498314  
8820.469437  
8815.001175  
8879.144264  
8841.614258  
8641.082169  
8716.496529  
8850.660858  
8853.399117  
8943.92379  
9167.509598  
8803.12886  
8535.917297  
8638.960136  
8801.656395  
8642.885696  
8904.75705  
8847.292503  
8789.163269  
8770.743446  
8977.337135  
8922.397049  
8786.810905  
9015.641327  
8789.185112  
8744.305756  
8835.960121  
8817.468842  
8822.182129  
8923.42878  
8822.522713  
8697.728012  
8544.421936  
8733.737068  
9142.107178  
8957.295662  
8811.397949  
8455.3759  
8609.136047  
8833.467514  
8681.484398  
8771.105721  
8759.003891  
9137.975319  
8908.91684  
8609.894905  
8098.806656  
8892.049164  
8782.895882  
8859.68158  
8632.622055  
8489.499557  
8522.90081  
8987.400467  
8854.394791  
8839.909882  
8751.972176  
8634.168114  
9029.791557  
8986.611847  
8952.250969  
8731.57914  
8643.972694  
8829.498627  
8702.374908  
8737.736885  
8959.209892  
9033.58596  
8913.895828  
8730.387848  
8736.35688  
8853.278381  
8840.226517  
9032.704514  
8729.27681  
8518.62384  
8600.325302  
8772.939758  
8949.777672  
9174.653679  
8886.233948  
9079.649017  
8700.583153  
8399.990181  
8629.114944  
8927.008339  
8863.505615  
9277.584007  
8760.377563  
8982.680138  
9029.457321  
8920.123428  
8773.927986  
8733.016411  
8347.16729  
8677.110321  
8872.192337  
8771.953964  
8659.866806  
8676.368706  
8906.404961  
8845.938744  
8814.758453  
8883.34948  
8877.011559  
8927.646729  
8772.492638  
8618.146843  
8813.625221  
8702.539314  
8929.571411  
8883.97213  
8796.922745  
9006.138031  
8804.270706  
8660.571419  
9010.763191  
8697.927795  
8629.770363  
8931.032852  
8989.758041  
8805.521866  
8909.833817  
8873.622345  
8617.652847  
8404.908379  
8808.385651  
8725.668205  
8978.066864  
8933.782166  
8744.013947  
8949.477615  
8871.478058  
8625.970665  
8674.661621  
8732.728119  
8293.983719  
8584.39093  
8544.285423  
8820.141991  
8761.163582  
8658.21006  
8743.792328  
8854.820602  
8739.929222  
8895.723915  
8625.141235  
8768.370247  
8667.664963  
8631.976128  
8721.415413  
8685.480606  
8907.084282  
8513.69809  
8813.549591  
8642.913391  
8742.348946  
8880.209023  
8739.76754  
8951.847038  
8928.617096  
8807.625534  
8866.704872  
8833.699585  
8703.701416  
8841.605263  
8819.631973  
8783.634277  
8951.440628  
8820.325119  
8856.917343  
8767.704277  
8707.847855  
8776.015846  
8681.474503  
8873.412964  
8835.426376  
8695.041695  
9011.527405  
8902.276665  
8977.52726  
8886.105759  
8704.43586  
8896.883614  
8810.067329  
8727.447708  
8880.152306  
8776.166786  
8814.152779  
8852.386719  
8737.098114  
8809.907639  
8729.467346  
8631.410355  
8555.198357  
8923.492805  
8700.008148  
8721.974869  
8770.231636  
8751.050636  
8798.97599  
8992.935738  
8934.951836  
8902.739632  
9082.464737  
8856.024353  
8654.209671  
8699.506851  
8957.007095  
8676.320061  
8653.153008  
8578.529541  
8603.114189  
8935.446815  
8984.599373  
8710.78083  
8938.321503  
9088.152428  
9230.716118  
8724.926109  
8571.147514  
8733.627907  
8649.768021  
8940.404266  
9041.413773  
8916.620758  
8440.011353  
8555.948799  
8665.238579  
8831.442337  
8955.524467  
9040.376122  
8852.599251  
8507.49025  
8700.401848  
8832.753654  
9075.685577  
9034.819427  
9032.384666  
9144.581314  
9040.009933  
8993.764709  
8886.418251  
8627.865059  
8735.339264  
8714.854652  
8526.302246  
8817.643341  
8955.382584  
8849.744316  
8557.5998  
8902.340981  
8854.229591  
8884.215393  
8551.018898  
8854.500694  
8794.803825  
8651.240417  
8428.012627  
8768.07782  
8693.688255  
8658.089554  
8675.628235  
9029.567284  
9044.082596  
9034.81913  
9035.368721  
8671.569473  
8943.98513  
8757.737381  
8964.121605  
8641.3004  
8941.901138  
8593.302574  
8908.08448  
8724.415688  
8868.43222  
8791.552582  
8827.722275  
8744.227783  
8800.769859  
8843.610382  
8680.183479  
8673.318985  
8780.80925  
9058.843323  
8908.90509  
8788.067917  
8931.875587  
8786.456856  
8962.232521  
8651.06707  
8886.809517  
8862.641319  
8846.9786  
8939.640228  
8609.767456  
8598.958717  
9059.415207  
8715.870186  
8981.18692  
8918.255135  
8806.561966  
8876.467766  
8667.064957  
8607.24633  
8743.990257  
8740.44104  
8622.823555  
8745.946762  
8589.127075  
8606.634796  
8505.529922  
8842.023369  
8822.706551  
8789.603676  
8741.461815  
8627.862015  
8868.120239  
8703.053932  
8804.453087  
8732.160889  
8698.463013  
8931.986153  
8739.016739  
8781.832985  
8820.546013  
8757.952011  
8775.286263  
8633.227158  
8752.946938  
8630.07859  
8900.088593  
8914.956917  
8797.496216  
9024.090973  
9098.729561  
8759.611053  
8842.536957  
8913.197556  
8719.777771  
9077.596031  
8897.051788  
8530.126495  
8917.57975  
8531.132782  
8700.623581  
8855.716309  
8934.882927  
8790.922592  
8675.510277  
8780.849251  
8870.115891  
8694.521759  
8857.485062  
8859.775345  
8978.878456  
8993.159973  
8855.856781  
8984.302734  
8788.934334  
9006.135071  
8929.293381  
8947.23481  
8853.392868  
8786.781471  
8624.240044  
8797.840973  
8986.847305  
8794.046783  
8702.166298  
8794.958344  
8646.124336  
8536.127045  
8778.976631  
8708.965668  
8538.435745  
8798.822067  
8772.323181  
8710.468727  
9004.28846  
8766.620987  
8664.198814  
8824.659821  
8733.400192  
8696.045288  
8849.201523  
8769.083626  
8560.111877  
8787.855362  
8658.235542  
8491.355568  
8390.712921  
8345.255875  
8905.614761  
8792.037056  
8867.591476  
9133.47422  
9060.244522  
8976.680153  
8832.669243  
8896.402229  
8761.237671  
8591.832489  
8483.226646  
8831.258888  
8813.197327  
8698.758057  
8835.456009  
8764.704002  
8818.444664  
8853.875824  
8764.479477  
8728.737053  
8765.811409  
8784.867378  
9086.800331  
8828.308678  
8606.225052  
8839.272621  
8674.195656  
8874.558891  
8686.868195  
8848.567131  
8875.694389  
8943.967773  
8951.723679  
8810.12912  
8992.374588  
9176.685379  
8741.439934  
8734.429436  
8755.130447  
8943.481529  
8793.252068  
8580.965485  
8414.362526  
8803.636322  
8883.213509  
8857.228355  
8856.356697  
8964.139206  
8771.176193  
8761.918617  
8667.503403  
9038.32074  
8895.77005  
8781.354637  
8866.051132  
8830.367668  
8743.8853  
8850.395882  
8759.715645  
8616.761467  
8725.290558  
8974.860405  
8822.445518  
8759.998619  
8598.905571  
8814.852875  
8951.985703  
8864.798264  
8911.991959  
8842.796448  
9011.368088  
8742.640213  
8538.446793  
8569.032341  
8814.809723  
8790.46022  
8823.573029  
8728.500015  
8809.507599  
8713.506401  
8704.262863  
8912.72094  
8847.885155  
8785.414352  
9085.834839  
8763.123039  
8619.10154  
8869.36087  
8798.184929  
8810.463005  
8842.76931  
8665.331009  
8900.226311  
8929.508377  
8786.419746  
8952.798721  
8763.122627  
8655.447067  
8952.396378  
8792.380478  
8769.395813  
8983.996216  
8818.243271  
8648.978104  
8825.645828  
8895.54319  
8751.010986  
8819.659691  
9048.453041  
8819.811172  
8606.297729  
8792.538719  
8849.199219  
8950.546127  
8753.370392  
8678.695839  
8987.355209  
8849.091728  
8744.121849  
8847.38662  
8618.89579  
8546.283676  
8683.146423  
8845.728645  
8751.152992  
8684.780624  
8863.577515  
8740.879906  
8715.380798  
8841.614578  
8912.829674  
8865.03746  
8865.41732  
8766.16507  
8718.67897  
8763.035561  
8817.594139  
8678.895638  
8683.49453  
8980.914108  
8898.465027  
8870.553223  
8978.768669  
8901.48912  
8642.053482  
8481.124634  
8662.066505  
8777.861603  
8817.475327  
9029.845718  
8881.293175  
8853.375465  
8786.207779  
8469.291862  
8639.631042  
8665.456581  
8809.602417  
9018.809052  
8970.36454  
8821.675896  
8783.577721  
8849.389839  
8739.294296  
8877.185524  
8687.178665  
8708.561478  
8724.050407  
8658.255959  
8876.748878  
8829.276024  
8731.853111  
8838.841873  
8776.834595  
8644.95575  
8787.23214  
8768.954102  
8865.553436  
8843.442741  
8889.542076  
8723.203056  
8612.888725  
8895.733665  
8899.000961  
8823.227234  
8789.554626  
8969.81041  
8762.161095  
8659.128967  
8929.925659  
8825.821793  
8975.337868  
8751.715897  
8625.683273  
8684.181328  
8899.804245  
8802.40937  
8737.691612  
8935.612869  
8819.956146  
8697.439491  
8868.338699  
8793.942482  
8757.410576  
8845.01754  
8757.28109  
8780.872261  
8867.311157  
8805.31282  
8849.575325  
8748.417587  
8669.024986  
8866.528397  
8862.710159  
8786.867172  
8870.964172  
8615.519325  
8899.749237  
8687.712456  
8770.45665  
8775.48571  
8685.289268  
9027.912102  
8656.032074  
8959.722092  
8889.946991  
8842.200325  
8838.66497  
8945.201942  
8812.639603  
9075.268066  
8757.413353  
8663.640099  
8910.884407  
8712.213173  
8932.371017  
8514.05748  
8502.218262  
8838.887932  
8666.172424  
8696.951691  
8856.289551  
8597.853867  
8619.858551  
8543.305206  
8989.47332  
8863.924782  
8904.920128  
8859.286407  
8601.577477  
8719.047554  
8631.632164  
8682.718513  
8473.170921  
8750.554192  
8959.280373  
8821.240639  
8890.332123  
8696.249649  
8645.878914  
8856.340668  
8755.166054  
9122.056244  
8803.590973  
8867.675537  
8822.854843  
8755.65596  
8662.236298  
8789.769516  
8679.143791  
8652.098671  
9005.938972  
8789.558899  
8704.331871  
8782.972565  
8703.181458  
8768.816696  
8939.557053  
8875.370193  
8877.365356  
8584.588814  
8655.49247  
8875.431984  
8572.750511  
8353.482193  
8693.792763  
9009.158295  
8989.734207  
8977.879303  
8717.779266  
8764.960785  
8904.495026  
8664.500671  
8718.094368  
9253.510666  
9152.053726  
8962.74057  
8975.137558  
8715.13044  
8468.560661  
8751.00042  
8695.177658  
8720.218239  
8800.058571  
8866.850655  
8881.124168  
8938.409821  
8866.385674  
8691.526619  
8712.594124  
8859.191582  
8860.189896  
8743.982437  
8709.791405  
8560.979881  
8695.758659  
8962.917572  
8714.977448  
8942.157265  
8787.885818  
8665.793884  
8733.364502  
8697.096077  
9074.660545  
8945.662048  
8745.038368  
8631.978714  
9027.627113  
9118.906143  
8954.419662  
8881.876808  
8760.784348  
8819.243958  
8776.613167  
8670.677681  
8904.278786  
8831.635117  
8818.47802  
8871.26799  
9070.464546  
8740.293884  
8765.620178  
8859.051598  
8852.158157  
8886.254097  
8942.665787  
8712.221809  
8896.352676  
8827.678658  
8675.39637  
8843.787399  
8945.34819  
8827.09948  
8785.741791  
8508.013885  
8772.672287  
9037.568169  
8828.829231  
8971.39109  
8981.503487  
9045.662529  
8803.903625  
8628.904778  
8514.801094  
8682.718536  
8965.857269  
8820.647919  
8788.862991  
8989.828033  
8832.595299  
8617.541466  
8876.046127  
8796.092789  
8766.285706  
8816.15358  
8873.830917  
8858.78019  
8855.717735  
8905.616074  
8760.518173  
8864.308212  
8689.112328  
8671.035347  
8840.767776  
8791.638214  
8788.144806  
8894.738991  
8670.157036  
8749.885239  
8802.330368  
8760.470535  
8873.895775  
8847.723679  
8570.918388  
8810.121506  
8715.806564  
8671.188408  
8891.963905  
8679.454018  
8834.225037  
8797.200935  
8718.582703  
8745.980301  
8606.924622  
8822.181129  
8677.061554  
8866.453697  
8653.486145  
8785.420219  
8872.263229  
8559.602821  
8819.8293  
8773.139809  
8758.904282  
8799.799568  
9208.590851  
8718.970184  
8653.976402  
8919.400452  
8579.833885  
8891.84819  
8876.608521  
8922.843391  
8794.549187  
8974.853302  
8795.711967  
8908.203819  
8687.502106  
8856.365273  
8725.467857  
8817.666031  
8651.916496  
8797.049873  
8529.685089  
8529.386772  
8919.883972  
8836.23381  
8886.867599  
8918.540237  
9047.574013  
8852.861282  
8863.167496  
8825.739761  
8857.337044  
8750.930779  
8846.613022  
8605.407768  
8290.768013  
8808.965446  
8937.132965  
8912.563942  
8890.088982  
9045.877831  
8938.355713  
8936.871544  
8847.846779  
8940.092728  
8872.214088  
8564.062836  
8426.27272  
8339.961082  
8544.003975  
8744.528328  
9230.287521  
8899.307762  
8839.276413  
8696.150986  
8843.962975  
8714.453896  
8645.318169  
8899.956924  
8712.946976  
8639.668304  
8919.110359  
8718.968948  
8947.817955  
8752.856453  
8650.726715  
8731.90918  
8959.949707  
8874.959389  
8784.491241  
8962.559738  
8885.488419  
8762.486313  
