8688.223915  
8703.133679  
8427.424165  
8203.221253  
8561.720889  
8688.478344  
8724.362587  
8527.73344  
8779.687837  
8654.16453  
8676.582086  
8414.042989  
8679.572678  
8915.688642  
8852.305547  
8670.132833  
8728.21419  
8562.274325  
8517.870605  
8660.001747  
8704.257971  
8508.295355  
8315.223234  
8377.876788  
8372.956942  
8594.859375  
8551.456371  
8770.745131  
8742.02634  
8758.960367  
8692.541511  
8610.81305  
8472.848715  
8350.429192  
8533.059742  
8525.505784  
8616.285878  
8657.225352  
8595.678505  
8739.213626  
8779.870874  
8743.225077  
8472.769366  
8398.357236  
8879.113467  
8697.088358  
8635.81739  
8815.622215  
8464.443057  
8526.819336  
8451.530473  
8705.529001  
8644.664097  
8527.548691  
8745.598124  
8541.691248  
8832.188765  
8562.709562  
8623.775342  
8651.707141  
8802.744017  
8611.112305  
8448.041525  
8525.160115  
8942.144765  
8532.426675  
8539.329329  
8564.913609  
8564.874237  
8214.769366  
8601.61595  
8452.152701  
8700.432205  
8596.23357  
8582.796676  
8786.183216  
8505.00947  
8794.793911  
8545.765721  
8267.414681  
8592.669269  
8968.666827  
8661.998322  
8529.030892  
8570.683374  
8903.369354  
8627.244436  
8337.191386  
8553.635783  
8700.825237  
8599.626816  
8920.5919  
8631.044571  
8641.415342  
8690.197527  
8712.210649  
8561.951419  
8714.1398  
8672.728103  
8555.682411  
8544.892468  
8506.128397  
8528.507689  
8407.513569  
8478.312679  
8679.956804  
8856.869381  
8602.771085  
8554.979781  
8720.529751  
8800.194797  
8535.6507  
8560.101927  
8492.39275  
8294.032227  
8750.859664  
8515.355283  
8328.301084  
8329.247868  
8669.960876  
8612.837519  
8611.208964  
8669.966068  
8863.589094  
8609.46124  
8472.671958  
8344.697252  
8679.79019  
8673.380192  
8629.417989  
8582.193215  
8632.425561  
8777.399462  
8695.243762  
8575.803298  
8371.766423  
8782.77493  
8750.127579  
8693.432693  
8442.484017  
8287.608928  
8334.751437  
8752.288079  
8636.983116  
8585.463688  
8801.358777  
8590.099348  
8620.121293  
8607.185595  
8451.95318  
8524.452258  
8720.709342  
8717.154936  
8894.467003  
8465.653465  
8346.468028  
8582.121073  
8496.28092  
8661.372414  
8632.946633  
8728.66213  
8644.57012  
8700.968434  
8684.267131  
8660.716818  
8594.805753  
8609.465305  
8450.744773  
8339.841061  
8454.556097  
8741.020721  
8699.74216  
8804.831832  
8669.517991  
8720.312328  
8673.987545  
8556.476411  
8786.935231  
8789.843227  
8677.774744  
8690.152722  
8692.196777  
8578.362951  
8769.306366  
8660.778919  
8367.970462  
8721.490723  
8312.353371  
8559.650164  
8793.803326  
8626.257751  
8718.508782  
8707.093949  
8590.96005  
8436.262812  
8452.250165  
8624.898417  
8577.732532  
8661.511341  
8694.258452  
8694.946977  
8815.021966  
8744.640494  
8731.57893  
8702.318751  
8690.129016  
8655.160541  
8338.621389  
8341.978213  
8538.151285  
8798.171139  
8687.203421  
8269.041937  
8329.972182  
8455.103859  
8471.420912  
8597.841549  
8621.00676  
8671.006602  
8691.901195  
8755.780679  
8670.781498  
8583.280218  
8161.082403  
8741.826921  
8685.640852  
8718.446399  
8617.928869  
8538.542756  
8239.120042  
8594.836343  
8588.130667  
8365.826571  
8338.981603  
8771.865324  
8622.699508  
8471.28801  
8559.659936  
8422.574748  
8758.433374  
8620.056097  
8664.374347  
8558.473818  
8798.432301  
8607.769043  
8678.442892  
8725.550052  
8609.691943  
8738.007042  
8610.964596  
8591.165514  
8677.188862  
8577.381554  
8598.617978  
8797.863563  
8735.196709  
8611.150968  
8582.963069  
8561.09996  
8733.279324  
8616.890116  
8562.765013  
8574.339514  
8511.288003  
8431.583035  
8731.682934  
8671.96243  
8647.180403  
8479.5527  
8472.917749  
8679.851941  
8737.216907  
8566.865117  
8811.735778  
8333.161545  
8644.214507  
8755.859705  
8564.041655  
8658.396897  
8618.628556  
8581.493295  
8569.419062  
8642.937864  
8626.062926  
8587.134876  
8464.139408  
8562.80182  
8673.574735  
8586.77092  
8874.497476  
8669.806902  
8568.180499  
8817.963881  
8764.073098  
8690.375942  
8639.998281  
8666.275308  
8507.18596  
8216.574913  
8461.417618  
8828.702011  
8608.207533  
8791.558759  
8750.339053  
8616.370365  
8645.195622  
8732.266416  
8561.869595  
8838.180987  
8632.382709  
8331.033437  
8628.464961  
8562.423305  
8585.866617  
8853.488907  
8636.392193  
8558.215339  
8409.618714  
8239.298546  
8743.299124  
8580.137014  
8630.630687  
8598.617696  
8829.5342  
8818.88742  
8767.498831  
8742.549619  
8820.184632  
8526.245227  
8497.821413  
8168.98443  
8560.723248  
8352.793402  
8543.374285  
8335.664331  
8437.702589  
8681.691695  
8793.3506  
8856.511306  
8850.249917  
8674.505942  
8310.32155  
8390.765673  
8764.646017  
8762.76284  
8689.301847  
8520.933188  
8603.817548  
8668.165307  
8693.002538  
8690.454095  
8455.278499  
8364.964211  
8597.424138  
8859.759883  
8741.313367  
8658.681778  
8608.743982  
8507.211054  
8607.335869  
8755.859389  
8605.488144  
8478.027358  
8382.542281  
8704.557328  
8722.333414  
8705.53627  
8812.058786  
8724.032667  
8690.196241  
8740.461653  
8753.105228  
8437.678044  
8437.749615  
8546.564384  
8554.845566  
8453.819838  
8355.183195  
8505.101597  
8614.759539  
8594.050678  
8288.595249  
8637.780672  
8576.787364  
8413.615386  
8619.433876  
8560.238467  
8755.465078  
8799.329748  
8635.10824  
8593.327568  
8467.999801  
8649.117758  
8594.981872  
8538.75817  
8271.576055  
8710.809075  
8639.411566  
8590.163478  
8498.921813  
8717.204384  
8563.357745  
8476.776367  
8504.217725  
8670.348475  
8814.157268  
8686.01088  
8613.182287  
8410.610372  
8326.210917  
8779.71668  
8638.370241  
8563.388837  
8491.766271  
8736.920933  
8688.51099  
8487.135618  
8568.457994  
8611.331027  
8732.093778  
8675.025191  
8610.424695  
8612.844259  
8472.63414  
8619.629271  
8660.170548  
8649.009387  
8701.082224  
8616.996871  
8830.907907  
8616.73692  
8574.810086  
8663.145095  
8748.160479  
8769.645666  
8663.579473  
8648.319343  
8637.168987  
8751.51612  
8552.468255  
8456.686675  
8725.933401  
8657.686097  
8436.891663  
8627.369374  
8662.526794  
8723.534558  
8418.939109  
8503.520487  
8490.884284  
8686.196915  
8706.973041  
8626.272261  
8786.66715  
8625.362174  
8535.632228  
8565.019015  
8618.073304  
8665.442376  
8611.887131  
8544.253789  
8489.136244  
8628.530033  
8584.916566  
8564.712114  
8643.554804  
8627.032392  
8483.470614  
8498.469596  
8619.149373  
8547.937933  
8598.145088  
8599.198675  
8678.29257  
8565.21232  
8693.425795  
8712.320677  
8670.587856  
8721.170376  
8681.072245  
8730.39275  
8614.570519  
8764.731858  
8663.26819  
8489.770508  
8343.984086  
8664.073572  
8633.732945  
8590.193022  
8702.462334  
8672.317899  
8600.910906  
8500.798003  
8410.163168  
8673.200003  
8692.152688  
8597.256176  
8702.140873  
8535.241802  
8415.319212  
8595.038547  
8760.498308  
8646.927645  
8574.314928  
8338.650982  
8164.430554  
8645.041669  
8663.991266  
8636.987153  
8725.614753  
8518.406415  
9036.147289  
8627.581103  
8667.202011  
8723.257923  
8690.924502  
8633.898059  
8608.605269  
8620.872469  
8599.393142  
8517.102443  
8635.43129  
8570.387606  
8303.367855  
8364.236149  
8627.072609  
8897.664365  
8634.771732  
8669.476645  
8199.929048  
8680.334129  
8551.193772  
8584.841357  
8444.066351  
8413.360489  
8428.239134  
8533.037969  
8543.600531  
8647.071351  
8659.883658  
8643.069749  
8651.248528  
8635.516622  
8657.780734  
8616.980001  
8712.782378  
8539.791889  
8580.174736  
8675.37055  
8643.537962  
8679.35302  
8611.225386  
8467.805747  
8699.649565  
8677.703648  
8617.600909  
8618.350772  
8467.889607  
8839.9987  
8657.910046  
8627.232525  
8630.455793  
8726.15451  
8757.130385  
8604.010735  
8457.154276  
8772.265955  
8652.495117  
8541.427459  
8767.416112  
8599.786257  
8437.837155  
8479.423966  
8649.688772  
8592.831371  
8726.545575  
8767.751444  
8682.201296  
8752.782158  
8676.568676  
8603.967423  
8660.352243  
8493.98945  
8535.42085  
8762.639676  
8463.829645  
8731.301551  
8566.859595  
8776.091439  
8554.993068  
8630.304619  
8543.375536  
8413.117325  
8477.635832  
8307.900232  
8549.631224  
8636.776917  
8603.326997  
8778.04801  
8639.296187  
8653.134876  
8528.066874  
8633.753095  
8691.614217  
8595.6962  
8770.337726  
8619.231542  
8501.19807  
8692.456213  
8637.24641  
8590.031161  
8674.858495  
8701.364127  
8520.284207  
8692.345029  
8563.907825  
8463.345105  
8335.593324  
8732.183264  
8566.058518  
8457.480654  
8762.884105  
8666.435973  
8504.011946  
8615.880653  
8657.512241  
8536.773369  
8591.208909  
8656.458283  
8590.850029  
8475.589692  
8683.459088  
8677.824858  
8555.192802  
8597.776092  
8628.660287  
8447.913994  
8326.523912  
8532.256004  
8567.990908  
8581.592031  
8680.932108  
8765.617174  
8560.219788  
8663.733103  
8643.56565  
8706.835924  
8656.527323  
8648.474692  
8542.161257  
8825.755206  
8641.34624  
8489.250316  
8365.904228  
8421.04704  
8482.986741  
8649.324858  
8526.341838  
8810.820505  
8812.205979  
8676.448648  
8860.368205  
8651.321887  
8494.267193  
8766.858701  
8623.055692  
8493.374787  
8640.996637  
8585.253067  
8690.756788  
8741.90103  
8559.3053  
8498.822252  
8733.982614  
8759.967058  
8652.485971  
8698.784441  
8703.477257  
8561.080725  
8419.605675  
8472.655033  
8704.913141  
8783.046607  
8703.442685  
8675.64013  
8699.097876  
8654.116417  
8536.395783  
8458.350868  
8712.567541  
8699.564632  
8539.772124  
8386.803855  
8491.008108  
8661.983048  
8363.769215  
8839.650432  
8696.797425  
8581.965401  
8478.446647  
8405.540562  
8739.194061  
8661.352498  
8660.251169  
8543.31891  
8652.219843  
8649.573675  
8555.574074  
8661.567403  
8584.822011  
8417.913719  
8448.160019  
8771.045582  
8673.929392  
8683.427315  
8566.330993  
8636.004168  
8580.581715  
8707.535507  
8564.695168  
8549.763775  
8542.741287  
8430.534386  
8537.374422  
8533.64482  
8837.695141  
8664.027578  
8529.020405  
8715.5477  
8493.43499  
8545.288622  
8687.349245  
8576.211495  
8716.267207  
8650.45884  
8452.133349  
8716.1888  
8606.533808  
8510.532288  
8688.991211  
8638.647186  
8679.635391  
8505.188772  
8551.631355  
8669.745791  
8597.627861  
8572.029593  
8580.034792  
8705.140343  
8591.866658  
8470.42759  
8631.100854  
8678.141093  
8530.379388  
8662.491348  
8507.576708  
8709.087444  
8516.291146  
8468.620103  
8557.729678  
8714.282165  
8577.768912  
8777.541311  
8688.250915  
8574.589754  
8742.398823  
8620.502765  
8455.74978  
8785.828551  
8627.442314  
8605.509456  
8544.366348  
8681.377084  
8563.990042  
8675.298113  
8402.302968  
8535.238185  
8665.495984  
8710.951248  
8620.176503  
8623.652337  
8684.970442  
8493.037983  
8523.248315  
8699.303683  
8705.986149  
8693.168588  
8891.497125  
8515.650989  
8414.127655  
8481.900624  
8691.916036  
8426.726549  
8742.01927  
8699.954961  
8601.080621  
8559.954335  
8745.176146  
8675.503026  
8535.718681  
8807.955958  
8611.922432  
8528.887572  
8665.836625  
8636.155328  
8600.453895  
8650.680568  
8615.578393  
8514.666126  
8438.338427  
8609.509566  
8874.16039  
8647.109265  
8573.783155  
8317.789276  
8494.133053  
8688.741314  
8565.496665  
8524.942905  
8640.621362  
8912.52299  
8604.725373  
8371.542907  
8059.564776  
8800.97932  
8543.487112  
8652.466866  
8445.823565  
8364.485207  
8354.749801  
8775.047398  
8712.881898  
8622.604829  
8574.089534  
8500.194645  
8775.19893  
8751.029544  
8737.989155  
8568.003913  
8459.508356  
8631.507386  
8633.985145  
8619.675685  
8757.301964  
8747.163973  
8728.427803  
8586.730414  
8619.02744  
8658.747497  
8682.798415  
8752.096597  
8569.278981  
8348.065918  
8352.036263  
8534.107972  
8720.488845  
8944.477532  
8635.871933  
8849.240014  
8496.603048  
8249.421139  
8513.996843  
8694.445423  
8744.300988  
9047.441117  
8567.41528  
8757.052397  
8758.757448  
8658.396567  
8542.512998  
8527.536174  
8154.345696  
8530.533114  
8682.132647  
8599.393713  
8489.01024  
8522.392764  
8681.073799  
8688.0612  
8659.723399  
8677.190368  
8643.833689  
8740.737587  
8674.482484  
8448.933635  
8678.781869  
8556.743907  
8704.182837  
8646.424213  
8625.180513  
8772.122841  
8608.669791  
8561.606322  
8817.54191  
8484.134277  
8470.410926  
8700.454212  
8772.510309  
8587.008033  
8674.435657  
8674.645542  
8442.69937  
8334.616624  
8648.592698  
8517.378714  
8741.358625  
8757.580725  
8562.504401  
8716.145735  
8727.637083  
8428.081192  
8493.612889  
8502.227099  
8160.015178  
8449.262001  
8383.495544  
8641.896835  
8660.2807  
8531.959012  
8577.989024  
8689.374257  
8504.019868  
8705.0418  
8460.633989  
8622.319927  
8558.121321  
8524.659214  
8548.065065  
8492.270343  
8814.645914  
8346.615537  
8652.91746  
8523.190829  
8534.656924  
8705.96615  
8509.699006  
8706.452513  
8720.565911  
8565.473557  
8604.948029  
8619.32873  
8547.844128  
8638.072582  
8655.827747  
8556.446901  
8718.958414  
8641.495268  
8607.266079  
8627.228894  
8529.534709  
8597.493095  
8492.654778  
8657.617724  
8742.529476  
8512.633287  
8783.837478  
8675.165328  
8730.704191  
8708.181902  
8523.037336  
8685.633431  
8645.425073  
8516.143623  
8682.461632  
8609.229135  
8577.24901  
8667.850895  
8562.261526  
8587.282433  
8604.195058  
8511.845125  
8425.300499  
8775.943105  
8543.087856  
8585.051971  
8645.522722  
8573.997875  
8577.097945  
8769.043877  
8638.767661  
8623.474183  
8764.616342  
8682.68728  
8555.332272  
8558.924798  
8873.655019  
8533.255804  
8533.765295  
8424.675025  
8479.542185  
8691.336893  
8837.250571  
8448.117332  
8722.637166  
8900.508493  
8948.829555  
8421.318504  
8497.640102  
8501.10443  
8501.472711  
8754.558078  
8727.089823  
8608.517943  
8216.363013  
8415.143348  
8489.340043  
8664.915981  
8807.323992  
8755.428236  
8569.235345  
8364.434914  
8557.145336  
8660.101844  
8862.102429  
8776.719548  
8758.039516  
8821.432741  
8798.294846  
8670.417419  
8619.571812  
8333.091893  
8473.97637  
8462.842044  
8417.954906  
8596.37161  
8776.981287  
8569.302865  
8385.225503  
8711.423945  
8602.824872  
8698.24271  
8361.305279  
8722.021526  
8620.573153  
8423.557968  
8344.053876  
8689.286752  
8600.270522  
8530.673608  
8548.936035  
8773.599685  
8787.504821  
8756.853309  
8853.349039  
8488.594981  
8746.14929  
8576.495165  
8770.532247  
8469.867408  
8784.970187  
8451.847161  
8729.239079  
8552.943868  
8707.743377  
8650.842677  
8654.566901  
8610.220586  
8571.973915  
8654.435065  
8574.529489  
8507.325745  
8604.240172  
8771.702822  
8731.736019  
8597.037859  
8768.576461  
8608.469355  
8780.585092  
8477.772956  
8711.210188  
8706.422666  
8596.680313  
8747.217712  
8440.808869  
8476.364024  
8889.43717  
8540.578751  
8753.439398  
8676.510907  
8555.197156  
8680.700292  
8531.729176  
8451.739815  
8555.581295  
8569.713998  
8432.348426  
8556.430279  
8391.947438  
8474.697561  
8300.098234  
8641.796751  
8633.432315  
8580.245537  
8577.413148  
8442.314336  
8710.713179  
8534.602085  
8609.887915  
8606.639889  
8522.430568  
8705.082506  
8571.453792  
8567.990482  
8649.528815  
8579.245152  
8626.841123  
8435.894359  
8613.530665  
8420.927948  
8698.120303  
8722.785328  
8584.918223  
8868.60835  
8774.403499  
8614.695141  
8698.547068  
8671.878253  
8537.3469  
8911.283836  
8655.473124  
8372.707912  
8729.846707  
8337.208359  
8511.731714  
8662.0884  
8656.53973  
8596.483674  
8440.02209  
8544.535129  
8661.829108  
8545.479128  
8745.405521  
8712.615867  
8711.671208  
8681.354382  
8606.694563  
8731.52427  
8552.884154  
8807.597897  
8746.953648  
8666.847168  
8676.185327  
8551.576811  
8449.118157  
8634.549757  
8799.399669  
8582.638211  
8555.575464  
8703.138204  
8515.65984  
8434.11075  
8613.982903  
8578.405886  
8414.997751  
8636.348468  
8650.15482  
8542.859939  
8803.993652  
8635.735716  
8464.048649  
8656.763211  
8593.980648  
8558.645357  
8651.531443  
8587.569412  
8397.656972  
8613.189666  
8579.396381  
8374.348777  
8360.690168  
8291.408685  
8683.412838  
8695.857958  
8639.143789  
8839.079507  
8784.498239  
8664.593303  
8559.08058  
8682.124966  
8571.629649  
8452.267083  
8335.968179  
8606.732938  
8661.966852  
8495.477195  
8632.610647  
8618.917756  
8669.011843  
8657.434433  
8608.357731  
8574.366575  
8586.246809  
8556.235462  
8835.746575  
8614.067954  
8484.755516  
8755.182672  
8481.095456  
8713.54933  
8466.676923  
8709.977236  
8670.756189  
8728.198504  
8747.640831  
8623.627716  
8770.499979  
8870.615564  
8557.5747  
8539.489162  
8554.882297  
8769.890144  
8568.725737  
8419.897887  
8272.262785  
8596.633878  
8707.881382  
8638.948799  
8604.497084  
8756.667611  
8614.23247  
8591.175994  
8474.8445  
8806.553209  
8658.215078  
8560.404228  
8620.427212  
8650.362305  
8537.033409  
8650.927349  
8551.577871  
8465.001245  
8594.591893  
8741.273114  
8646.466309  
8620.344335  
8438.727849  
8564.746781  
8740.540981  
8662.399455  
8661.050087  
8575.506196  
8775.960332  
8573.409372  
8399.85366  
8494.798814  
8611.59461  
8673.771759  
8620.78222  
8520.515852  
8681.99368  
8560.458359  
8538.406422  
8753.7511  
8657.985448  
8508.378473  
8855.861844  
8535.676173  
8444.832526  
8663.919702  
8638.211185  
8613.547143  
8694.756196  
8474.043354  
8681.442967  
8757.475373  
8600.30662  
8760.919103  
8619.335752  
8487.009821  
8715.739402  
8580.729224  
8576.000103  
8765.828778  
8672.2415  
8526.995915  
8603.040603  
8683.782454  
8605.048993  
8696.010962  
8810.174839  
8616.922006  
8445.56162  
8584.606383  
8590.160294  
8724.79671  
8613.459204  
8520.433883  
8743.583957  
8656.946709  
8534.100723  
8617.989904  
8513.401608  
8395.124099  
8498.247387  
8669.254615  
8575.159214  
8453.629738  
8661.165266  
8617.202974  
8573.166353  
8614.944412  
8714.313353  
8640.866809  
8630.458888  
8624.074411  
8547.269304  
8603.023967  
8698.7095  
8529.280769  
8495.521821  
8764.017833  
8723.972869  
8623.839789  
8717.153389  
8711.363962  
8460.773293  
8307.80096  
8465.98236  
8524.496004  
8581.263156  
8807.998831  
8641.010618  
8668.85016  
8613.375103  
8339.898252  
8461.210724  
8470.215428  
8667.762104  
8873.546806  
8669.239361  
8640.14689  
8552.640955  
8673.689976  
8603.788168  
8676.399187  
8530.444267  
8517.641712  
8629.683449  
8541.876485  
8709.599334  
8635.115351  
8543.95589  
8600.053677  
8593.054577  
8482.827884  
8595.795837  
8618.025927  
8668.049041  
8619.374601  
8706.786511  
8557.653657  
8444.219967  
8644.295066  
8690.12392  
8605.994959  
8577.565457  
8781.202761  
8596.634786  
8495.025398  
8723.335023  
8574.203242  
8706.496548  
8635.230785  
8466.419324  
8504.895982  
8665.185148  
8603.642613  
8522.45252  
8708.998102  
8622.292549  
8506.926586  
8665.638534  
8598.572747  
8530.690987  
8644.069453  
8628.56664  
8630.192018  
8645.463276  
8615.680733  
8601.723874  
8599.297687  
8488.85474  
8650.985111  
8684.382517  
8549.138569  
8697.476219  
8434.491177  
8761.297941  
8540.407364  
8612.831227  
8622.069535  
8511.005516  
8909.487834  
8511.155102  
8727.905714  
8669.054791  
8646.845284  
8617.982587  
8738.032343  
8575.180217  
8804.986197  
8548.396099  
8487.161339  
8699.926159  
8547.833524  
8706.190822  
8417.899641  
8380.267062  
8664.137125  
8504.328593  
8511.761471  
8697.719988  
8506.547081  
8447.938085  
8446.238329  
8856.230125  
8576.074521  
8648.543299  
8646.925403  
8517.058284  
8610.431537  
8475.829844  
8546.304185  
8335.441922  
8529.964761  
8742.470971  
8583.393981  
8648.113075  
8573.10082  
8529.894064  
8711.7254  
8574.446984  
8907.43675  
8583.265432  
8614.920335  
8643.628047  
8548.887785  
8478.814329  
8675.166174  
8550.753191  
8495.673553  
8767.021044  
8588.800747  
8516.87022  
8548.606576  
8554.536944  
8578.969417  
8718.128136  
8622.753803  
8611.107277  
8331.641911  
8513.069212  
8656.525989  
8329.977876  
8228.453324  
8573.071578  
8784.777151  
8739.509869  
8719.411298  
8544.159998  
8683.199301  
8757.251265  
8421.811929  
8510.583634  
8985.380894  
8874.910624  
8727.504587  
8797.419489  
8481.385728  
8310.80314  
8611.313394  
8609.550437  
8593.291291  
8684.489746  
8704.879938  
8704.792116  
8705.439116  
8586.440698  
8474.553945  
8484.915259  
8608.771491  
8682.854884  
8566.052659  
8511.060464  
8396.487318  
8596.533086  
8725.379181  
8445.827025  
8729.427157  
8671.615723  
8537.136265  
8589.346466  
8518.348633  
8814.69794  
8701.599726  
8552.856982  
8559.143403  
8878.367965  
8842.696805  
8721.653774  
8662.597257  
8504.404166  
8632.414159  
8640.608694  
8526.161126  
8735.668622  
8675.962203  
8623.713021  
8735.199453  
8808.116637  
8517.031381  
8540.532385  
8704.857594  
8614.879676  
8677.592113  
8827.960098  
8531.124883  
8716.080401  
8675.210098  
8508.764697  
8608.434784  
8746.282467  
8619.072781  
8576.666428  
8306.445374  
8601.56706  
8823.074838  
8699.10071  
8755.903265  
8755.197444  
8772.268397  
8649.305788  
8460.210133  
8432.207306  
8565.967292  
8693.117098  
8447.564962  
8591.140102  
8710.572637  
8583.748116  
8469.185891  
8708.04814  
8707.764421  
8621.328868  
8609.844197  
8697.03636  
8632.176476  
8666.857614  
8690.482271  
8542.494588  
8696.112243  
8504.489045  
8514.281759  
8679.390673  
8570.989196  
8577.033244  
8676.766416  
8477.843619  
8562.947816  
8645.013294  
8572.630295  
8652.550554  
8622.18217  
8438.108419  
8625.58067  
8570.477883  
8537.740716  
8700.87674  
8543.560451  
8602.986651  
8649.062452  
8505.724279  
8592.005584  
8410.833799  
8662.580759  
8517.313023  
8687.972161  
8460.89592  
8671.001004  
8638.866837  
8407.845586  
8637.057411  
8645.631802  
8548.463902  
8597.337444  
8998.840208  
8526.658712  
8499.371898  
8791.330505  
8389.813731  
8702.997944  
8591.498508  
8812.396285  
8621.753679  
8777.71558  
8591.410253  
8695.567555  
8538.687954  
8694.121341  
8597.148059  
8575.79444  
8502.887613  
8562.454012  
8373.88731  
8396.298835  
8784.538622  
8645.790892  
8665.794633  
8692.715408  
8774.043856  
8693.911642  
8614.157323  
8549.518465  
8698.521553  
8568.660493  
8646.794124  
8396.468874  
8141.512014  
8649.911552  
8699.971074  
8725.756664  
8651.565244  
8901.355888  
8767.659909  
8672.260804  
8592.519029  
8654.488123  
8702.193112  
8419.349774  
8323.253143  
8184.787529  
8431.516175  
8618.799199  
8961.417604  
8711.031388  
8561.450938  
8462.694219  
8670.01634  
8557.315856  
8485.243535  
8710.445581  
8572.743205  
8472.1104  
8718.295135  
8568.56684  
8775.462739  
8592.500942  
8506.742717  
8535.776271  
8747.910266  
8713.822286  
8582.267358  
8748.597869  
8655.895088  
8541.871149  
