10024.78988  
9843.562308  
9775.881435  
9558.168126  
9596.550258  
9732.285121  
9725.021694  
9731.876761  
9785.965663  
9861.592477  
9674.991211  
9607.990112  
9675.819702  
9971.16898  
10008.39111  
9994.010097  
9860.425555  
9740.037946  
9692.02049  
9719.842564  
9737.391218  
9774.852696  
9626.343401  
9717.928711  
9650.251151  
9735.072981  
9700.924927  
9851.468977  
9864.75361  
9848.035819  
9755.713309  
9785.501273  
9738.484689  
9810.413382  
9611.551357  
9756.33524  
9728.384382  
9723.564174  
9799.188825  
9832.255511  
9880.744228  
9816.512573  
9692.621722  
9604.934431  
9834.119367  
9779.381505  
9767.962838  
9858.130022  
9674.919678  
9833.414376  
9693.770735  
9731.17695  
9741.421718  
9794.12983  
9725.45445  
9814.023682  
9847.682181  
9721.920462  
9749.030779  
9712.467564  
9889.513079  
9788.047294  
9790.649379  
9695.875384  
9796.973999  
9746.459787  
9654.681083  
9688.696167  
9895.714634  
9686.775077  
9779.30671  
9733.417655  
9756.041975  
9730.692976  
9825.165562  
9873.48005  
9767.142578  
9759.482788  
9707.810774  
9696.379918  
9791.425991  
9957.534511  
9762.615827  
9891.025338  
9744.385847  
9962.681449  
9839.229004  
9808.409441  
9717.081386  
9785.452968  
9767.054391  
9811.354422  
9843.666626  
9671.27002  
9900.526576  
9664.643014  
9677.880144  
9693.347185  
9856.234637  
9739.628348  
9736.07891  
9776.786272  
9746.880545  
9712.97944  
9706.752703  
9773.080305  
9832.57387  
9724.844692  
9854.856968  
9830.569737  
9775.486625  
9719.036168  
9720.567069  
9670.165719  
9534.784773  
9645.596401  
9795.56386  
9641.313163  
9764.595738  
9765.213989  
9734.873483  
9714.893816  
9716.078631  
9959.91122  
9915.71153  
9701.366908  
9737.985055  
9929.542045  
9684.780692  
9693.495762  
9691.170637  
9747.99571  
9809.462926  
9923.021048  
9930.919521  
9778.741961  
10011.46725  
9849.174543  
9785.454206  
9592.766479  
9672.881138  
9535.351632  
9692.316284  
9808.039376  
9771.96446  
9876.445661  
9720.669137  
9715.448015  
9723.553066  
9788.465838  
9613.63433  
9782.188198  
9821.938634  
9939.275652  
9869.8942  
9639.840193  
9734.780029  
9687.908378  
9763.620292  
9738.466622  
9786.056205  
9758.601894  
9835.507272  
9704.975412  
9742.244681  
9749.022775  
9865.053031  
9700.017369  
9663.45091  
9698.786621  
9700.128209  
9844.732335  
9836.984079  
9931.400635  
9768.034807  
9748.645839  
9696.530291  
9797.834037  
9927.640416  
9815.111677  
9799.30045  
9804.903547  
9755.348249  
9831.006487  
9781.992135  
9680.052333  
9802.855539  
9709.128209  
9769.456839  
9915.977574  
9730.037842  
9796.249651  
9805.920445  
9762.473371  
9746.851545  
9684.000698  
9751.246477  
9730.199864  
9756.615182  
9829.31318  
9816.170585  
9902.457153  
9803.989607  
9824.186733  
9773.742083  
9816.28397  
9740.222883  
9803.17177  
9645.830078  
9816.202183  
9786.747855  
9868.364554  
9567.179757  
9527.767299  
9673.555019  
9676.905779  
9648.257812  
9739.69669  
9788.267229  
9809.086722  
9805.089059  
9863.476039  
9752.24421  
9606.59028  
9818.816633  
9846.050589  
9895.515381  
9759.030552  
9827.909668  
9639.589844  
9713.005877  
9768.854161  
9724.080758  
9509.339007  
9702.87582  
9924.436227  
9728.961164  
9803.589582  
9685.165894  
9772.748884  
9664.258702  
9715.978551  
9681.213745  
9839.024728  
9769.05256  
9755.921265  
9719.711827  
9778.66837  
9978.012224  
9899.682303  
9851.282471  
9784.878575  
9783.861973  
9700.180769  
9914.625209  
9755.566581  
9739.941389  
9764.99149  
9841.69022  
9780.617083  
9725.769514  
9662.848424  
9738.182844  
9711.95677  
9758.104004  
9724.056972  
9659.365583  
9703.619786  
9816.189767  
9670.572597  
9867.380214  
9845.083112  
9824.384748  
10053.13321  
9666.542969  
9810.81822  
9677.168108  
9807.363194  
9753.21453  
9817.362566  
9757.412929  
9716.697632  
9770.34579  
9781.176479  
9700.328247  
9653.629028  
9586.245361  
9673.465349  
9820.681135  
9923.718593  
9806.705898  
9698.50129  
9950.488438  
9891.540405  
9933.810041  
9868.445121  
9881.961914  
9873.650739  
9657.091413  
9491.541016  
9847.291364  
9800.415719  
9832.686035  
9809.726336  
9935.839809  
9792.405587  
9803.796631  
9751.316197  
9933.068935  
9925.005929  
9710.356585  
9742.770072  
9753.022949  
9769.802891  
9923.794189  
9806.629499  
9752.753278  
9696.726719  
9414.551444  
9699.721872  
9808.346906  
9869.454904  
9795.333479  
9866.725586  
9962.056798  
9977.448207  
9936.574829  
9950.538714  
9540.135411  
9673.675607  
9520.971645  
9540.869019  
9528.476597  
9611.973441  
9569.746704  
9510.958688  
9637.397792  
9895.567801  
9920.686959  
9957.79466  
9904.21017  
9594.918422  
9505.994507  
9762.958357  
9829.41633  
9847.641479  
9817.752511  
9821.724243  
9774.573748  
9798.064837  
9813.365653  
9729.716832  
9526.282976  
9669.565151  
9889.953439  
9790.615374  
9762.324498  
9713.610683  
9701.763707  
9866.398176  
9788.39073  
9742.833827  
9604.238107  
9728.518903  
9832.742205  
9734.040353  
9775.266166  
9830.266305  
9864.246652  
9892.702654  
9999.300572  
9883.415859  
9755.921561  
9682.705287  
9776.293143  
9779.397879  
9772.381923  
9718.370152  
9602.674613  
9599.148071  
9689.245588  
9715.76498  
9703.228062  
9809.918091  
9814.408901  
9748.142526  
9746.965489  
9860.527047  
9792.458391  
9778.61145  
9775.471837  
9878.644374  
9876.153024  
9833.05242  
9905.26355  
9616.538365  
9863.180246  
9794.243809  
9811.698922  
9696.656738  
9644.662633  
9706.957293  
9819.922346  
9790.124581  
9876.936576  
9869.911918  
9770.524763  
9784.750087  
9647.580479  
9542.702741  
9614.749564  
9773.04745  
9804.309012  
9783.479039  
9885.813145  
9708.425293  
9644.835763  
9781.674979  
9919.881801  
9742.313267  
9729.828735  
9779.994437  
9732.991159  
9736.584595  
9759.847011  
9725.250541  
9742.061279  
9812.133911  
9789.978498  
9812.465053  
9698.120483  
9703.701712  
9715.613438  
9967.019043  
9841.162231  
9750.159825  
9798.362409  
9875.892003  
9820.254918  
9706.365147  
9658.392857  
9834.807495  
9759.638986  
9688.38984  
9822.654541  
9787.587385  
9936.043544  
9858.656145  
9653.249442  
9741.114118  
9836.737078  
9813.690186  
9813.083705  
9837.3524  
9776.529279  
9664.876308  
9731.645944  
9887.271903  
9708.908726  
9748.136108  
9721.857474  
9729.226562  
9687.498919  
9697.992327  
9784.684518  
9833.47379  
9767.371425  
9689.787284  
9709.721331  
9696.60151  
9702.162563  
9695.278338  
9777.978446  
9719.136893  
9690.979632  
9845.96746  
9794.149867  
9755.135795  
9853.160854  
9872.796962  
9778.58742  
9732.695679  
9777.330253  
9835.812692  
9750.623901  
9731.15632  
9801.763567  
9750.629482  
9764.902274  
9895.515747  
9727.383545  
9699.467739  
9694.818848  
9543.401001  
9924.02213  
9749.487392  
9729.467843  
9830.095982  
9757.601859  
9721.809971  
9862.896554  
9808.357195  
9702.47869  
9733.987898  
9639.544102  
9414.588082  
9672.380685  
9796.942784  
9724.276175  
9723.163731  
9800.138515  
10080.98296  
9755.153774  
9892.069005  
9837.740653  
9788.699899  
9806.472028  
9767.971139  
9688.84933  
9729.340838  
9806.934117  
9699.039359  
9728.7451  
9702.854771  
9458.785191  
9641.783221  
9932.844064  
9887.908796  
9935.334699  
9640.742083  
9654.370728  
9829.594744  
9800.264683  
9847.941145  
9794.554025  
9809.957746  
9903.474819  
9802.529576  
9776.574533  
9727.087943  
9664.155762  
9724.63637  
9721.96861  
9747.675363  
9712.033936  
9850.878784  
9724.042568  
9869.420515  
9876.615252  
9706.617623  
9866.193516  
9768.870204  
9677.110805  
9756.665196  
9732.767317  
9730.260184  
9792.507289  
9751.350813  
9847.882063  
9734.318516  
9691.224051  
9770.863525  
9776.229998  
9782.480085  
9746.226998  
9698.091012  
9764.750575  
9807.436802  
9655.386126  
9968.877755  
9751.911708  
9678.695958  
9841.282349  
9865.662092  
9662.204956  
10033.5286  
9841.954817  
9822.021118  
9890.751587  
9784.883545  
9821.551008  
9768.666138  
9731.898717  
9810.444196  
9814.077427  
9733.463431  
9889.23638  
9715.090402  
9895.005545  
9702.091553  
9747.017822  
9685.652797  
9621.544155  
9536.635359  
9635.909773  
9721.150827  
9756.939192  
9765.794608  
9868.536028  
9746.063738  
9710.068359  
9814.741996  
9920.473563  
9875.525861  
9823.966448  
9847.029192  
9747.341518  
9599.791696  
9865.041626  
9729.387905  
9747.833932  
9912.506086  
9824.605643  
9681.677961  
9837.500541  
9667.465088  
9659.159476  
9576.896833  
9700.037789  
9775.429565  
9653.931362  
9967.106253  
9724.622977  
9729.199445  
9872.681327  
9728.694877  
9711.191441  
9797.939087  
9721.21453  
9742.35226  
9695.613804  
9851.036516  
9824.936576  
9731.968401  
9844.936087  
9743.88773  
9797.581264  
9727.311471  
9700.11942  
9721.343384  
9750.860735  
9873.480608  
9644.721854  
9754.814192  
9764.516078  
9843.243548  
9828.424979  
9774.858625  
9871.332921  
9758.119873  
9837.968558  
9766.793178  
9672.041173  
9576.159982  
9583.608555  
9646.691284  
9748.703282  
9827.397391  
9956.103934  
9841.853603  
9912.47004  
9928.22658  
9785.909494  
9664.058908  
9914.190587  
9731.12629  
9772.041661  
9732.902047  
9734.575806  
9713.754046  
10055.92053  
9782.155814  
9697.675537  
9938.258179  
9858.884801  
9820.501482  
9930.923689  
9821.136771  
9678.199951  
9563.27839  
9704.396781  
9960.032087  
9892.50579  
9861.352173  
9902.057774  
9847.599348  
9737.008336  
9731.452672  
9638.457188  
9951.307338  
9793.955409  
9669.813215  
9584.799473  
9557.316354  
9583.3573  
9774.296701  
9812.841867  
9707.510655  
9664.192627  
9611.081491  
9772.554199  
9815.509504  
9725.315011  
9815.26348  
9776.348022  
9744.854771  
9759.499948  
9692.204851  
9868.881348  
9703.117519  
9623.772304  
9697.607701  
9863.447771  
9872.639021  
9739.50211  
9876.534982  
9847.635882  
9709.674787  
9856.591221  
9757.789568  
9698.939226  
9735.296875  
9561.375453  
9654.151071  
9846.762242  
9995.242135  
9783.193534  
9768.367693  
9734.648978  
9644.976318  
9786.430333  
9805.536237  
9708.253069  
9917.935285  
9802.986084  
9692.064436  
9859.501883  
9702.206543  
9732.758615  
9802.796474  
9741.296352  
9793.150565  
9686.607213  
9709.052595  
9826.498256  
9764.852033  
9818.9838  
9710.631993  
9895.845215  
9762.501273  
9661.143328  
9774.376221  
9755.416818  
9753.21582  
9733.251465  
9736.186523  
9841.999477  
9601.179217  
9563.724766  
9781.686785  
9835.056815  
9790.54262  
9981.89713  
9862.573783  
9627.923009  
9723.839495  
9910.946603  
9662.112357  
9846.102923  
9695.768677  
9711.075317  
9855.282593  
9770.068011  
9759.076939  
9613.594448  
9825.923357  
9752.93314  
9930.950492  
9769.122454  
9780.256923  
9804.398106  
9740.686087  
9625.348511  
9751.327253  
9809.535958  
9844.771537  
9844.315569  
9934.728812  
9886.621373  
9688.177944  
9689.577148  
9602.626744  
9730.670236  
9765.635219  
9772.361764  
9762.453003  
9779.420218  
9896.272757  
9872.571062  
9760.937552  
9872.663191  
9768.175049  
9787.081595  
9750.607282  
9767.067819  
9828.165423  
9858.38222  
9759.840803  
9707.782192  
9648.463379  
9685.103934  
9945.56754  
9893.823992  
9845.262277  
9597.002895  
9685.403512  
9760.701451  
9611.271205  
9875.904907  
9626.684378  
9851.738334  
9833.754307  
9668.419155  
9223.672886  
9738.286848  
9782.837158  
9933.953788  
9688.932844  
9558.208008  
9685.078055  
9888.052595  
9718.959734  
9782.958583  
9715.278687  
9676.412528  
9979.429025  
9842.779192  
9764.754342  
9610.790126  
9673.998605  
9840.391654  
9671.385236  
9712.956595  
9866.253383  
9955.990775  
9906.631016  
9697.102661  
9750.869611  
9782.635655  
9801.259574  
9930.615444  
9718.319092  
9601.887852  
9778.264561  
9766.740426  
9961.927298  
9913.641288  
9783.745954  
9809.076608  
9837.536795  
9465.408133  
9489.182356  
9898.545445  
9811.801182  
10046.30995  
9759.318883  
9889.948277  
9871.676113  
9862.408936  
9731.13058  
9828.376901  
9627.619734  
9716.500419  
9756.048549  
9808.581822  
9765.761039  
9721.120239  
9876.999529  
9789.922433  
9734.272391  
9874.253819  
9807.33735  
9743.227557  
9766.282732  
9682.718855  
9791.547538  
9678.434448  
9919.793318  
9811.838344  
9754.374843  
9881.293876  
9763.224173  
9650.857404  
9791.607736  
9761.306414  
9673.49489  
9897.623779  
9832.201189  
9820.688285  
9826.641305  
9799.469064  
9612.084926  
9482.138759  
9755.901664  
9748.878366  
9972.47311  
9850.249564  
9710.506487  
9860.599243  
9789.167132  
9659.79548  
9603.789272  
9839.452846  
9492.121896  
9633.272025  
9692.5994  
9848.189069  
9725.959734  
9670.892473  
9762.978516  
9763.325056  
9788.101144  
9707.349295  
9703.318045  
9769.608329  
9692.954102  
9535.769723  
9716.008702  
9688.697301  
9719.592425  
9569.473615  
9791.230573  
9675.007063  
9722.438477  
9848.429356  
9757.877563  
9958.075753  
9859.908064  
9790.858503  
9762.06733  
9807.405308  
9719.032366  
9854.269322  
9769.344151  
9703.119524  
9922.776995  
9783.517718  
9825.477539  
9752.944528  
9775.130633  
9821.608939  
9746.156093  
9926.434762  
9723.014927  
9702.235212  
9931.019235  
9840.392613  
9872.483712  
9794.81107  
9655.570592  
9841.59879  
9740.423148  
9726.300764  
9821.953265  
9778.106864  
9825.49428  
9763.168562  
9710.393903  
9848.273699  
9728.23087  
9667.566982  
9559.617693  
9834.863386  
9750.354213  
9655.872035  
9787.103376  
9706.268572  
9847.725255  
9827.111328  
9839.596488  
9876.290859  
9958.067017  
9824.654541  
9684.278739  
9752.614275  
9772.458566  
9672.529925  
9625.701957  
9702.354893  
9632.489083  
9834.537999  
9841.863892  
9748.375837  
9968.855242  
10024.0588  
10013.68182  
9685.982997  
9430.24081  
9733.383719  
9722.135638  
9848.982753  
9890.179775  
9841.590332  
9650.617902  
9620.140363  
9638.685059  
9722.336286  
9807.811489  
9872.393171  
9825.116961  
9560.778006  
9623.498239  
9803.141828  
9869.042498  
9836.743373  
9889.561715  
9945.545009  
9853.245884  
9834.264997  
9749.387852  
9734.322562  
9799.339582  
9804.378697  
9681.712263  
9729.773472  
9768.289185  
9828.623954  
9631.953108  
9705.196498  
9850.635951  
9870.223319  
9688.024466  
9717.915231  
9737.784023  
9659.514387  
9409.210066  
9571.970878  
9676.610142  
9673.025792  
9676.942976  
9978.134853  
9913.40189  
9893.916399  
9807.325701  
9698.311436  
9962.780762  
9734.725377  
9906.699132  
9665.949358  
9777.442557  
9659.209229  
9834.665998  
9730.514125  
9851.480713  
9780.563651  
9906.461757  
9770.738055  
9793.133981  
9879.208374  
9708.950945  
9774.253854  
9794.189  
9981.616403  
9901.97311  
9797.915231  
9725.944632  
9770.507098  
9830.551287  
9674.480225  
9874.311907  
9786.355678  
9838.225464  
9769.129063  
9660.941232  
9591.513497  
9917.73366  
9800.423235  
10011.39948  
9850.350708  
9836.758807  
9796.736293  
9664.490583  
9633.832066  
9747.879639  
9682.252284  
9648.992955  
9816.656477  
9621.077096  
9609.827166  
9634.93811  
9826.065447  
9831.347586  
9770.558873  
9741.682966  
9697.833409  
9826.132638  
9702.867501  
9708.415248  
9763.649449  
9719.031703  
9954.706508  
9749.74142  
9819.937448  
9809.71249  
9705.679722  
9586.940953  
9729.396572  
9708.132516  
9705.176985  
9921.233939  
9859.159703  
9751.065883  
9873.104876  
10003.8192  
9750.332188  
9787.500279  
9988.021362  
9744.409127  
9825.896066  
9788.021659  
9566.104824  
9759.20255  
9504.474243  
9680.178606  
9826.944318  
9911.460763  
9746.194249  
9837.395525  
9804.941581  
9711.281477  
9673.27839  
9698.871826  
9829.892055  
9925.718698  
10024.94142  
9803.152361  
9828.454799  
9842.117972  
9881.20888  
9882.860142  
9910.472674  
9731.151175  
9753.454102  
9702.410784  
9773.535156  
9782.285627  
9844.855399  
9725.257202  
9665.526036  
9630.223075  
9573.231201  
9802.733939  
9684.147653  
9553.573469  
9843.925049  
9740.992519  
9690.197789  
9893.414498  
9767.389893  
9665.992048  
9796.47719  
9739.703613  
9622.004116  
9882.525408  
9766.78329  
9569.80739  
9696.887835  
9653.624529  
9527.580218  
9393.925711  
9325.996826  
9940.315482  
9770.077096  
9867.489136  
9954.31597  
9957.935861  
9937.338484  
9818.295689  
9802.732875  
9704.399222  
9669.504238  
9589.401036  
9872.330235  
9761.335624  
9684.620501  
9833.005493  
9754.113403  
9772.477626  
9784.996477  
9754.643991  
9677.918788  
9765.130807  
9792.773734  
10009.88424  
9856.306553  
9530.106131  
9745.365531  
9730.023228  
9737.603934  
9725.048968  
9788.849871  
9850.076381  
9897.906041  
9862.409406  
9734.918736  
9853.184588  
9998.357962  
9771.587437  
9736.340506  
9781.881086  
9785.109602  
9755.309378  
9571.585484  
9437.233869  
9860.763899  
9810.783883  
9785.207781  
9823.789812  
9827.236154  
9736.568638  
9765.518712  
9793.202951  
9877.81876  
9782.52764  
9749.011056  
9824.089739  
9771.52914  
9796.299735  
9779.89563  
9788.184849  
9660.121338  
9720.977853  
9913.334229  
9819.76144  
9733.500366  
9631.821568  
9890.198992  
9863.02002  
9816.51702  
9837.441842  
9787.287929  
9859.359776  
9702.633022  
9550.805629  
9558.802107  
9858.736014  
9681.401018  
9748.16987  
9760.987008  
9797.373483  
9722.022095  
9785.304792  
9820.59361  
9784.548322  
9781.845145  
9880.324254  
9774.127407  
9659.149397  
9830.917568  
9778.786499  
9786.254674  
9826.262695  
9667.536028  
9871.741106  
9850.517003  
9773.558838  
9790.398821  
9722.63072  
9686.868321  
9826.663818  
9787.442034  
9724.308629  
9954.301496  
9749.043527  
9594.370553  
9854.284668  
9817.935634  
9663.171439  
9774.920515  
9927.603516  
9850.780971  
9713.067051  
9690.511858  
9908.873465  
9847.070016  
9777.377424  
9635.19118  
9843.573818  
9785.770333  
9726.10294  
9765.974069  
9648.051374  
9578.644444  
9702.659912  
9770.421422  
9701.581002  
9738.606271  
9777.366926  
9704.378993  
9712.28915  
9832.17545  
9800.458531  
9789.175903  
9821.419625  
9728.497192  
9731.543318  
9804.418283  
9793.8381  
9705.741193  
9687.225377  
9955.302246  
9800.648961  
9825.713675  
9891.210379  
9823.36642  
9653.850987  
9683.88351  
9685.505371  
9842.575614  
9893.123204  
9830.618321  
9833.569475  
9786.292742  
9741.893869  
9563.209385  
9684.251256  
9728.176653  
9713.353638  
9795.960188  
10012.58245  
9726.058001  
9765.831648  
9849.133475  
9716.11867  
9812.513288  
9679.940063  
9781.024414  
9731.70745  
9653.633004  
9781.182251  
9790.768415  
9735.452114  
9756.707415  
9777.641915  
9646.830584  
9786.182896  
9769.71439  
9794.558472  
9852.511719  
9825.858102  
9756.357718  
9593.518188  
9939.950771  
9806.782732  
9807.003714  
9768.950788  
9800.395804  
9712.20595  
9655.804025  
9835.623099  
9773.369716  
9918.343244  
9721.941127  
9645.742031  
9635.976161  
9870.148821  
9788.399187  
9778.228411  
9910.343558  
9738.479109  
9652.800711  
9907.973127  
9799.883423  
9765.868984  
9781.966361  
9735.683419  
9709.474557  
9839.024606  
9773.22597  
9833.376901  
9744.279436  
9685.239798  
9837.252058  
9869.862497  
9770.954398  
9739.367432  
9639.065116  
9770.513306  
9688.927996  
9837.146502  
9712.085031  
9685.913522  
9764.766427  
9788.087873  
9933.288696  
9848.950387  
9788.387608  
9839.991664  
9837.314174  
9792.490775  
9863.126604  
9751.427124  
9645.574637  
9868.07108  
9716.989764  
9811.081857  
9606.956281  
9497.329032  
9830.662842  
9708.729161  
9765.582328  
9775.114781  
9533.520455  
9710.57237  
9574.980713  
9829.3991  
9946.103219  
9887.182338  
9735.792289  
9606.531372  
9696.888811  
9675.238142  
9640.286621  
9530.061436  
9824.872733  
9846.370222  
9787.01702  
9784.748622  
9658.081927  
9656.226458  
9818.440726  
9783.414237  
9896.286604  
9781.929129  
9784.948574  
9801.301461  
9728.045898  
9768.975848  
9779.797625  
9727.78969  
9685.099557  
9926.483398  
9786.941424  
9695.828509  
9835.841064  
9658.995919  
9712.266915  
9874.311855  
9822.184065  
9637.516741  
9715.555629  
9588.753906  
9699.231463  
9760.653373  
9533.760986  
9676.358032  
10033.71892  
9845.938407  
9817.926653  
9599.479579  
9687.764317  
9825.744716  
9782.801322  
9817.333758  
9972.819039  
10047.14068  
9928.691389  
9795.043422  
9725.693917  
9576.838257  
9627.378924  
9709.413731  
9717.223424  
9797.250628  
9742.03139  
9787.077794  
9833.677909  
9773.870553  
9673.333409  
9920.591553  
9943.815029  
9758.037912  
9641.836461  
9672.029384  
9606.087158  
9670.499948  
9806.995239  
9852.929792  
9819.703945  
9783.702114  
9719.052298  
9734.536098  
9780.193063  
10009.32955  
9877.412319  
9720.788156  
9513.305786  
9847.661639  
10008.30233  
9846.764457  
9820.859113  
9740.71596  
9814.624721  
9737.75987  
9643.93117  
9848.02567  
9816.72386  
9841.858677  
9812.052002  
9936.043509  
9781.05528  
9763.287563  
9828.548898  
9799.075544  
9791.934658  
9780.841884  
9672.340384  
9883.738595  
9847.731672  
9689.206316  
9916.889875  
9856.246861  
9793.309867  
9854.549194  
9740.220267  
9774.971749  
9939.858625  
9649.006138  
9797.562029  
9862.708775  
9884.88855  
9743.799997  
9619.51137  
9482.935669  
9651.419033  
9882.604841  
9893.583566  
9866.913295  
9908.483451  
9738.350429  
9628.290423  
9769.283168  
9762.972935  
9742.936035  
9810.974819  
9820.66251  
9840.628278  
9856.561593  
9815.115862  
9715.47025  
9800.172642  
9653.964547  
9721.355608  
9810.017491  
9770.530326  
9801.344604  
9818.315098  
9660.181379  
9782.584891  
9777.51409  
9691.943621  
9824.480434  
9788.581281  
9611.351004  
9800.028442  
9720.988491  
9620.584002  
9898.044468  
9701.855504  
9788.880075  
9760.81264  
9739.1619  
9739.467791  
9630.669416  
9895.054252  
9689.185791  
9874.945592  
9652.333583  
9638.519758  
9805.319563  
9618.853219  
9791.732579  
9727.793422  
9747.399257  
9819.977992  
9925.096575  
9785.248082  
9621.397984  
9665.264927  
9650.424944  
9813.217651  
9903.480608  
9793.964233  
9675.609392  
9949.938389  
9789.279297  
9856.535889  
9681.660941  
9796.434309  
9720.094849  
9803.805001  
9736.562116  
9770.500017  
9587.813843  
9537.444266  
9788.45949  
9803.398002  
9808.63072  
9871.92688  
9822.218977  
9702.560948  
9922.608381  
9851.305891  
9757.252546  
9752.263532  
9796.695679  
9680.4857  
9401.568778  
9716.631644  
9905.088379  
9807.648682  
9830.491385  
9844.992135  
9805.886021  
9923.433105  
9823.096453  
10037.77311  
9787.733276  
9597.784441  
9388.76552  
9610.685529  
9534.226615  
9687.884853  
10015.71345  
9894.227731  
9876.604405  
9760.54187  
9798.234794  
9691.124895  
9633.114136  
9862.379429  
9699.859706  
9654.276332  
9808.39631  
9719.751256  
9833.857527  
9717.175049  
9626.422137  
9864.258248  
9850.715227  
9821.99006  
9786.51409  
9816.12786  
9839.306588  
9739.236642  
