7313.845966  
7291.517636  
7276.555996  
7316.317419  
7385.344842  
7431.108732  
7399.50407  
7367.019862  
7422.406905  
7334.695875  
7346.138395  
7224.024263  
7372.886669  
7256.831204  
7271.064333  
7231.370917  
7201.703652  
7188.590172  
7216.783402  
7290.553123  
7324.595822  
7302.078935  
7269.094919  
7260.209143  
7255.549427  
7294.941898  
7294.783754  
7282.855446  
7278.498186  
7307.294922  
7330.4895  
7306.722353  
7306.913787  
7368.084109  
7314.505361  
7295.024138  
7330.073442  
7296.177673  
7292.859598  
7363.658643  
7404.830963  
7353.66725  
7319.069858  
7348.556472  
7313.387473  
7327.473652  
7323.955031  
7349.297473  
7286.304066  
7335.2175  
7284.385556  
7340.383834  
7368.560012  
7396.789477  
7337.502548  
7325.342077  
7303.344204  
7300.130502  
7311.905656  
7327.643174  
7359.309864  
7346.750291  
7381.215852  
7345.171129  
7329.900174  
7260.185262  
7280.279717  
7289.821455  
7261.257488  
7246.271834  
7307.450119  
7309.510619  
7383.562624  
7382.214964  
7360.497607  
7335.109198  
7288.255352  
7318.810887  
7283.652002  
7307.428006  
7367.216303  
7427.337853  
7375.530112  
7417.894292  
7340.379057  
7290.147013  
7226.442248  
7271.055422  
7260.563499  
7280.711534  
7325.258935  
7321.522487  
7333.499855  
7323.635512  
7318.741548  
7278.089787  
7261.699841  
7195.247534  
7315.841274  
7282.392961  
7293.391555  
7292.471496  
7303.155913  
7339.345432  
7375.772105  
7331.214157  
7323.85358  
7258.400431  
7280.251817  
7330.125642  
7312.031585  
7237.349076  
7279.945682  
7331.031191  
7306.607347  
7295.056759  
7242.649084  
7259.825547  
7305.324207  
7369.548896  
7328.482609  
7320.752072  
7323.404017  
7335.2933  
7291.765518  
7273.663619  
7306.557896  
7328.540756  
7324.644732  
7334.140222  
7346.966725  
7345.203047  
7351.678336  
7360.556771  
7294.848606  
7266.173284  
7281.395797  
7258.196465  
7274.087777  
7262.853453  
7245.593011  
7301.719928  
7287.952001  
7329.527031  
7313.910929  
7357.198071  
7326.156595  
7326.193549  
7302.184971  
7269.05137  
7296.644431  
7343.907637  
7372.424548  
7326.003364  
7319.771227  
7235.187985  
7264.742423  
7256.59269  
7282.103011  
7291.473517  
7324.160913  
7306.369341  
7304.836697  
7290.311962  
7334.551107  
7280.314172  
7276.043966  
7297.339981  
7313.139549  
7355.745137  
7318.119363  
7312.439142  
7364.843307  
7369.215567  
7367.065179  
7390.135516  
7343.975785  
7356.894826  
7319.643639  
7222.264349  
7252.754843  
7275.87719  
7267.070949  
7239.48243  
7272.504645  
7279.510882  
7299.739263  
7339.204765  
7355.695596  
7323.575624  
7282.319179  
7329.904831  
7353.460596  
7305.880363  
7301.454517  
7330.443829  
7316.322547  
7315.693085  
7347.344943  
7309.13601  
7338.562392  
7358.206857  
7372.611849  
7360.366252  
7354.672456  
7303.978284  
7339.705132  
7306.428153  
7341.595155  
7373.455934  
7316.663608  
7303.531461  
7273.005737  
7312.275379  
7307.514097  
7276.917095  
7287.342749  
7313.320221  
7274.758551  
7286.332128  
7290.289086  
7279.194637  
7258.340951  
7266.275003  
7313.972689  
7305.397711  
7304.478758  
7289.2958  
7317.332644  
7324.582613  
7280.304164  
7324.989331  
7324.339854  
7338.759998  
7320.810664  
7336.060226  
7289.790392  
7301.009986  
7277.813272  
7292.664965  
7280.089688  
7317.193517  
7304.334357  
7267.287204  
7252.570115  
7295.18179  
7327.103568  
7311.669612  
7363.073739  
7361.423357  
7240.67342  
7235.684289  
7219.447502  
7249.172593  
7282.649726  
7279.39987  
7300.538874  
7333.649662  
7355.650575  
7348.939383  
7343.775431  
7369.321437  
7329.197324  
7299.105916  
7306.41149  
7331.962131  
7385.994746  
7392.457617  
7396.867411  
7411.601  
7405.008482  
7414.468772  
7366.067382  
7402.856013  
7324.124848  
7302.236827  
7243.514562  
7231.007335  
7286.232187  
7324.090225  
7233.172275  
7268.699431  
7316.138422  
7341.512194  
7316.063013  
7311.782327  
7339.236118  
7275.021982  
7306.683653  
7311.594565  
7318.862236  
7277.959005  
7342.346758  
7301.598458  
7232.860873  
7221.978104  
7271.095802  
7242.766844  
7276.757876  
7319.292922  
7329.635771  
7276.051654  
7349.287034  
7329.196001  
7308.602374  
7287.56169  
7360.656566  
7354.580978  
7334.378154  
7247.919376  
7255.278109  
7290.067376  
7306.628275  
7347.798476  
7350.477828  
7359.308995  
7327.651118  
7336.262946  
7423.170292  
7374.206605  
7385.797206  
7336.92051  
7342.761289  
7274.611844  
7338.371735  
7370.456206  
7309.183411  
7286.152533  
7164.369295  
7271.375663  
7235.000784  
7285.343426  
7240.026082  
7298.086059  
7330.837043  
7350.128365  
7363.310464  
7361.81279  
7273.039043  
7295.07992  
7294.392969  
7313.392525  
7387.376527  
7274.353121  
7324.709084  
7310.236734  
7258.244845  
7266.780827  
7320.895599  
7350.135899  
7328.284939  
7243.244617  
7263.959754  
7318.611991  
7300.256233  
7294.370552  
7304.607588  
7313.741282  
7318.392851  
7296.583664  
7288.349907  
7243.824959  
7296.252691  
7282.988869  
7323.845247  
7330.711719  
7349.015477  
7377.080159  
7353.712024  
7370.119682  
7367.516225  
7363.163883  
7295.2588  
7306.623514  
7294.200916  
7281.864582  
7249.696048  
7237.146731  
7237.226522  
7249.007614  
7258.327502  
7333.015186  
7366.240414  
7332.38278  
7285.084629  
7269.100772  
7263.34777  
7374.189031  
7286.850549  
7300.927734  
7295.229234  
7338.327751  
7320.947287  
7303.930491  
7327.353139  
7335.612574  
7341.091628  
7365.869326  
7313.65502  
7262.379843  
7258.126675  
7318.137399  
7337.940921  
7305.308608  
7310.378613  
7383.190239  
7356.842503  
7335.125745  
7343.388453  
7339.533336  
7286.087996  
7304.717737  
7299.237248  
7269.734473  
7266.489993  
7266.3172  
7296.520642  
7282.248295  
7293.470382  
7352.985783  
7329.653674  
7311.359924  
7268.951587  
7271.111335  
7273.453363  
7300.609242  
7291.259944  
7318.044491  
7314.767169  
7302.848408  
7316.076495  
7332.095611  
7371.731083  
7383.906454  
7312.078631  
7264.953254  
7308.923758  
7328.308119  
7314.516357  
7278.951713  
7277.596054  
7304.408204  
7315.788201  
7314.306007  
7328.125617  
7338.220634  
7349.135179  
7307.492789  
7332.197266  
7343.3336  
7332.843492  
7270.516031  
7245.651173  
7274.378981  
7268.219088  
7286.100551  
7303.626744  
7336.201824  
7327.219736  
7352.513541  
7375.230275  
7346.39305  
7316.702181  
7304.633074  
7288.972049  
7323.481614  
7293.077965  
7269.453358  
7256.886102  
7263.727961  
7291.453198  
7318.738827  
7379.873231  
7350.157381  
7333.781391  
7367.405225  
7348.106735  
7349.2374  
7328.968498  
7289.563258  
7279.7524  
7272.360548  
7306.380409  
7334.041741  
7282.024632  
7272.726592  
7280.473491  
7277.90319  
7293.63375  
7308.661213  
7283.876235  
7280.927514  
7270.47339  
7244.344458  
7262.337752  
7278.53695  
7269.72532  
7331.158091  
7374.742448  
7352.165397  
7306.448233  
7321.788879  
7293.162241  
7320.278074  
7300.359837  
7328.758858  
7338.042129  
7365.383891  
7402.627674  
7367.634026  
7321.016452  
7332.347692  
7258.545905  
7252.192943  
7257.845522  
7223.612954  
7275.647677  
7268.739348  
7280.336766  
7324.624956  
7274.054824  
7295.09938  
7235.241307  
7263.965886  
7302.495342  
7350.851143  
7362.954069  
7337.019246  
7234.094901  
7251.738725  
7358.137139  
7362.335323  
7343.330156  
7342.349227  
7348.138506  
7322.333357  
7320.380478  
7333.03991  
7342.915217  
7310.792851  
7310.996453  
7309.847201  
7287.620737  
7336.561432  
7335.361929  
7380.823467  
7319.94374  
7300.722419  
7274.853204  
7293.220188  
7284.260528  
7282.873541  
7290.631478  
7317.559726  
7286.828608  
7290.463387  
7314.310691  
7324.880485  
7315.328205  
7365.112128  
7340.497536  
7401.56224  
7388.791133  
7369.427656  
7376.119485  
7362.789891  
7310.098873  
7310.613071  
7293.365162  
7254.354129  
7269.669293  
7278.31045  
7333.543769  
7373.17065  
7390.728306  
7382.933163  
7336.395889  
7327.154469  
7308.060232  
7298.528225  
7277.727127  
7282.082472  
7269.716383  
7317.169215  
7328.684157  
7296.360769  
7293.934039  
7282.970432  
7283.6354  
7278.659818  
7281.014559  
7283.916052  
7256.674436  
7269.113783  
7214.992133  
7275.405552  
7315.933364  
7274.283696  
7270.227774  
7308.080029  
7323.37958  
7442.03804  
7375.961717  
7380.120339  
7334.772624  
7283.679489  
7300.711282  
7337.784604  
7322.908608  
7369.95904  
7330.04851  
7355.99182  
7315.740342  
7267.946999  
7262.824143  
7259.031641  
7294.339418  
7281.081451  
7283.654538  
7285.139572  
7288.218725  
7287.819309  
7277.563222  
7277.048519  
7302.027985  
7329.428268  
7331.456201  
7340.132022  
7355.480727  
7318.029006  
7283.347171  
7385.650363  
7367.027431  
7275.181386  
7303.527408  
7290.522364  
7307.166941  
7277.23383  
7293.539209  
7297.005078  
7324.116242  
7319.095986  
7262.702531  
7288.422125  
7357.912225  
7360.356818  
7358.002474  
7280.286429  
7278.146956  
7311.779235  
7342.160183  
7298.382559  
7301.314208  
7297.608225  
7311.804519  
7283.040882  
7376.277464  
7321.771488  
7342.532291  
7291.947263  
7254.718481  
7258.496294  
7269.287399  
7323.922552  
7320.330281  
7307.417679  
7298.059291  
7290.740589  
7292.550159  
7395.931755  
7343.960036  
7310.897087  
7310.880273  
7369.592173  
7391.673113  
7393.051501  
7396.515709  
7376.869838  
7354.368302  
7285.039493  
7280.730495  
7312.020097  
7312.933445  
7312.580419  
7302.758678  
7300.398329  
7279.435806  
7239.218723  
7267.916663  
7276.666853  
7273.917819  
7186.30956  
7129.984739  
7213.276467  
7380.275767  
7351.479152  
7319.153513  
7319.99147  
7315.041573  
7297.681629  
7351.822077  
7337.761821  
7342.445541  
7329.308466  
7303.193331  
7302.309029  
7311.906365  
7314.062774  
7314.65795  
7292.303076  
7294.597536  
7333.53012  
7378.317878  
7337.022594  
7303.828011  
7334.718091  
7347.081421  
7349.155717  
7330.43734  
7268.85505  
7310.490322  
7311.936488  
7299.612922  
7358.961813  
7335.57689  
7318.0088  
7308.17065  
7307.000517  
7306.667687  
7335.234066  
7326.131923  
7319.846355  
7301.163264  
7316.088388  
7305.056672  
7286.802196  
7297.829764  
7287.753122  
7269.142004  
7282.729492  
7340.127472  
7282.093935  
7315.69776  
7364.490898  
7362.186405  
7332.59803  
7295.549635  
7287.913157  
7253.092777  
7274.506542  
7260.796733  
7294.707958  
7264.595374  
7287.642254  
7318.799682  
7261.751744  
7259.090682  
7281.934593  
7322.801063  
7341.628891  
7373.837281  
7295.958925  
7285.895586  
7252.913402  
7277.55283  
7369.740195  
7333.726295  
7306.42485  
7306.333413  
7282.387077  
7306.229809  
7339.96412  
7334.5537  
7310.406357  
7299.4876  
7281.680847  
7393.336383  
7337.338329  
7332.196564  
7333.868541  
7271.083568  
7300.382472  
7294.720002  
7314.421986  
7374.979684  
7375.78022  
7326.645177  
7255.432331  
7257.797613  
7216.033878  
7254.498001  
7269.308607  
7284.947043  
7282.689132  
7302.793505  
7313.294673  
7350.763855  
7350.358443  
7380.635969  
7382.115582  
7386.631786  
7326.355596  
7272.20762  
7285.718787  
7292.036551  
7255.898409  
7264.100893  
7289.158211  
7295.334686  
7273.051618  
7243.176226  
7327.833825  
7290.91845  
7257.865802  
7304.278861  
7303.411161  
7301.946782  
7177.352878  
7246.889516  
7269.565174  
7276.61958  
7251.093922  
7190.916364  
7266.369415  
7378.207942  
7313.528104  
7305.451401  
7299.143585  
7333.163437  
7341.534355  
7422.969484  
7342.067005  
7340.336289  
7328.063392  
7342.302394  
7347.796251  
7334.81804  
7357.499191  
7297.777763  
7318.206114  
7374.50265  
7287.319691  
7353.867798  
7407.372181  
7330.626961  
7308.926915  
7329.300292  
7367.939617  
7306.196708  
7294.921061  
7245.624561  
7255.675515  
7214.561497  
7296.29615  
7370.545635  
7376.658149  
7334.613232  
7312.480488  
7309.278003  
7319.408561  
7296.138891  
7346.035775  
7324.260833  
7323.891203  
7333.263447  
7278.600014  
7319.634478  
7330.090461  
7283.244876  
7236.387698  
7301.052356  
7258.624297  
7252.544675  
7293.216085  
7339.936204  
7329.166957  
7317.566705  
7319.578606  
7300.56959  
7323.409201  
7318.368177  
7314.411121  
7287.982488  
7307.162724  
7321.268672  
7332.018995  
7363.740054  
7360.270771  
7343.350396  
7295.776131  
7313.881381  
7338.713633  
7317.959814  
7309.330857  
7278.591396  
7296.463361  
7348.807211  
7335.888274  
7288.242999  
7272.87219  
7272.759006  
7222.798022  
7289.928449  
7307.453772  
7351.049081  
7371.550824  
7361.07169  
7302.837685  
7326.0435  
7334.940137  
7365.318384  
7306.828102  
7260.63106  
7311.290049  
7345.574422  
7370.224472  
7362.955477  
7354.510923  
7365.41994  
7330.122681  
7321.123928  
7278.622274  
7241.224786  
7218.007752  
7249.345726  
7267.619667  
7315.749706  
7359.002145  
7307.971499  
7298.512909  
7282.902455  
7338.78009  
7343.583166  
7339.43584  
7357.787432  
7332.860834  
7381.245667  
7365.06034  
7325.139722  
7305.171392  
7281.652704  
7309.340209  
7340.894537  
7353.400969  
7288.672113  
7272.110782  
7263.311065  
7264.252111  
7306.891364  
7338.56277  
7323.501724  
7287.131254  
7294.317446  
7300.763863  
7370.557624  
7458.353873  
7410.613923  
7341.828692  
7238.576413  
7211.760144  
7230.954818  
7277.514186  
7295.445338  
7327.518394  
7328.577597  
7309.10595  
7303.408353  
7281.291811  
7298.595019  
7297.62451  
7317.426634  
7335.644849  
7321.127308  
7306.251206  
7321.800982  
7352.429559  
7364.384735  
7359.787534  
7352.079839  
7279.280463  
7277.397003  
7258.750495  
7268.829582  
7293.754095  
7273.297725  
7294.153995  
7276.054677  
7312.688318  
7355.318739  
7291.314172  
7322.612934  
7334.518695  
7272.090336  
7307.049793  
7234.752349  
7198.696604  
7179.780469  
7250.691829  
7304.696191  
7293.376231  
7329.461737  
7280.409429  
7271.018389  
7303.889465  
7284.717106  
7312.681658  
7326.851077  
7316.089811  
7319.187326  
7325.547108  
7288.019746  
7299.728247  
7310.999136  
7325.252874  
7349.946532  
7363.502959  
7374.4594  
7323.376571  
7336.167957  
7314.251788  
7296.164283  
7334.799444  
7380.76673  
7374.715118  
7337.065298  
7296.444611  
7270.471562  
7281.837577  
7228.310006  
7186.436234  
7257.757818  
7299.040291  
7274.735666  
7162.641234  
7250.57209  
7317.986651  
7344.972284  
7388.948173  
7347.243058  
7357.900188  
7329.509799  
7307.424082  
7269.775536  
7294.782478  
7285.937466  
7305.946333  
7275.714884  
7283.417502  
7279.8817  
7336.709991  
7324.33692  
7308.794072  
7295.453548  
7303.832538  
7306.076783  
7316.98459  
7353.302873  
7330.223632  
7353.605631  
7308.317961  
7327.708378  
7323.977965  
7284.711328  
7294.98326  
7289.126782  
7296.705323  
7326.256769  
7362.468788  
7350.693484  
7361.14767  
7347.485924  
7329.599046  
7315.257798  
7295.399386  
7392.955926  
7395.974578  
7310.656001  
7303.100564  
7331.769981  
7322.565127  
7321.604102  
7364.375605  
7322.679554  
7315.034549  
7281.447058  
7272.067321  
7271.796438  
7310.327114  
7336.488868  
7288.854336  
7269.741123  
7284.772997  
7303.376786  
7281.681454  
7306.893652  
7309.333189  
7334.107225  
7340.452982  
7342.230648  
7303.872009  
7352.175152  
7319.36353  
7353.805225  
7350.53144  
7351.365  
7350.140631  
7315.949404  
7307.090527  
7290.994788  
7282.608201  
7337.533081  
7322.682834  
7345.23046  
7301.374929  
7321.698907  
7372.476613  
7325.874527  
7288.210952  
7249.557653  
7265.763038  
7216.92533  
7228.011744  
7271.073866  
7324.738336  
7313.738441  
7343.133228  
7296.067549  
7295.050365  
7344.366355  
7297.388456  
7324.920352  
7271.323658  
7366.224637  
7335.489829  
7288.896146  
7294.372993  
7295.515707  
7275.856865  
7301.919879  
7312.835427  
7283.687334  
7349.367434  
7374.973631  
7387.904497  
7384.618516  
7260.458578  
7322.966115  
7305.332014  
7281.730993  
7285.349866  
7286.353186  
7301.35306  
7293.596696  
7318.074831  
7304.938015  
7368.923016  
7352.191825  
7342.958341  
7351.91478  
7352.469962  
7315.880935  
7316.768517  
7301.78612  
7348.069556  
7349.761943  
7419.976315  
7308.025476  
7287.315686  
7326.940305  
7263.185316  
7319.126571  
7308.881747  
7327.748585  
7323.40693  
7306.100885  
7224.604745  
7200.952906  
7185.312672  
7222.234135  
7239.614428  
7276.559353  
7295.104981  
7299.091878  
7287.611935  
7305.129017  
7326.358334  
7292.018905  
7337.575861  
7281.803368  
7256.309423  
7291.355007  
7292.062572  
7279.474925  
7317.120038  
7268.93229  
7309.182833  
7371.20033  
7367.505605  
7330.378948  
7314.631903  
7329.855958  
7325.023585  
7343.193906  
7337.432521  
7344.091669  
7407.814459  
7355.876353  
7321.793385  
7267.376217  
7253.001997  
7269.431286  
7232.961679  
7214.055369  
7297.063244  
7343.334359  
7392.345368  
7346.843652  
7330.904918  
7323.811627  
7363.539142  
7357.20083  
7326.746362  
7371.648886  
7323.457959  
7278.119026  
7286.140922  
7253.300093  
7293.750484  
7329.229005  
7327.712045  
7335.764378  
7333.397892  
7301.240104  
7312.73736  
7330.015312  
7301.333563  
7331.706965  
7346.248593  
7386.093895  
7323.030175  
7299.024838  
7310.312627  
7266.020854  
7272.763479  
7341.592437  
7341.08476  
7357.964124  
7321.107792  
7319.715467  
7336.379796  
7350.324131  
7302.57395  
7309.623233  
7322.842393  
7264.119605  
7270.036946  
7251.136045  
7302.012667  
7349.99407  
7339.068518  
7286.864288  
7280.297697  
7276.628794  
7349.278428  
7303.422131  
7309.147097  
7298.865217  
7261.537438  
7269.944263  
7238.943203  
7223.07589  
7212.575028  
7280.243809  
7266.903153  
7284.184784  
7337.068189  
7325.540087  
7322.905534  
7352.362192  
7382.948054  
7284.859019  
7297.528113  
7358.545058  
7296.171567  
7276.328606  
7297.715367  
7307.174136  
7314.877404  
7312.830983  
7288.810037  
7286.802649  
7291.021594  
7311.517409  
7313.346423  
7301.102294  
7299.909826  
7332.731752  
7330.082976  
7396.342668  
7379.094611  
7353.887363  
7337.034223  
7329.309229  
7295.311239  
7322.941959  
7297.545598  
7290.902819  
7317.741362  
7315.354506  
7307.643922  
7351.199895  
7334.442408  
7325.341223  
7282.4691  
7253.316967  
7250.864366  
7258.387194  
7354.177344  
7319.728986  
7310.554501  
7293.330783  
7286.004551  
7270.104369  
7272.658488  
7275.894991  
7291.467253  
7328.966468  
7368.814877  
7367.937829  
7303.16309  
7319.111322  
7314.31331  
7341.485632  
7295.617568  
7318.848959  
7301.543123  
7324.278717  
7334.242947  
7325.269024  
7359.040931  
7288.775408  
7282.288726  
7267.866007  
7303.400933  
7297.902665  
7350.44011  
7359.553457  
7348.669676  
7297.144994  
7303.045469  
7320.45728  
7308.874429  
7367.758712  
7292.402394  
7295.330278  
7283.440114  
7302.826502  
7285.093156  
7325.144169  
7320.250641  
7277.452982  
7291.769577  
7281.503068  
7287.099166  
7299.720004  
7378.649578  
7395.307921  
7341.534286  
7341.444791  
7377.722169  
7346.922498  
7332.58638  
7271.927531  
7253.46399  
7297.603927  
7324.778418  
7291.579678  
7326.815371  
7274.774022  
7269.248854  
7315.1014  
7314.785048  
7346.821867  
7267.210317  
7268.05776  
7266.456565  
7252.843467  
7253.634534  
7278.902675  
7258.383419  
7281.134998  
7325.190808  
7347.04236  
7325.064376  
7342.613827  
7365.35036  
7347.43019  
7347.902157  
7347.501239  
7289.861631  
7299.433877  
7292.344953  
7285.060126  
7315.554119  
7334.509871  
7307.81999  
7271.19578  
7278.609805  
7276.733085  
7305.166547  
7346.074786  
7373.756741  
7231.073369  
7425.209062  
7409.909047  
7407.307094  
7273.345049  
7252.443096  
7253.905218  
7276.451883  
7318.198704  
7318.079044  
7324.958868  
7347.222326  
7338.021997  
7298.574029  
7278.368929  
7265.268804  
7217.820819  
7306.186048  
7336.041125  
7339.390523  
7341.555854  
7226.186375  
7256.050269  
7276.935707  
7242.902568  
7282.334161  
7286.387312  
7255.005211  
7252.551846  
7309.938698  
7293.653143  
7306.565202  
7319.196694  
7226.11926  
7237.733192  
7361.322803  
7313.643441  
7226.02552  
7311.599391  
7342.567327  
7300.306867  
7271.186864  
7266.893474  
7321.423871  
7386.381206  
7324.732844  
7238.428784  
7266.108995  
7200.303854  
7264.986008  
7320.333475  
7308.083331  
7278.630227  
7316.753171  
7272.378404  
7276.154033  
7313.821303  
7319.667023  
7274.199483  
7297.525332  
7308.803463  
7333.600748  
7308.012454  
7346.353136  
7304.39614  
7303.318333  
7278.394682  
7348.854889  
7364.905747  
7374.22175  
7331.119502  
7352.563546  
7331.321346  
7391.305339  
7402.989619  
7250.015352  
7328.548347  
7361.939678  
7398.97108  
7397.197887  
7395.576381  
7389.71804  
7380.516668  
7357.301457  
7276.042494  
7437.897292  
7317.008507  
7327.057045  
7300.653956  
7293.692571  
7280.874944  
7333.611918  
7338.546619  
7322.587388  
7342.071828  
7300.328899  
7286.200799  
7263.019075  
7281.984784  
7310.977221  
7324.136019  
7274.956532  
7302.266322  
7272.111731  
7250.631918  
7300.258313  
7350.282916  
7320.232648  
7351.385019  
7345.947395  
7322.652252  
7300.513387  
7340.443527  
7356.127559  
7321.273621  
7255.668602  
7260.276381  
7371.505117  
7291.969026  
7272.317101  
7320.322637  
7310.054918  
7342.087847  
7363.499037  
7237.39654  
7304.407606  
7345.937609  
7323.427048  
7357.397626  
7342.520576  
7382.277026  
7362.61413  
7321.943368  
7360.239121  
7355.174422  
7377.85114  
7301.982757  
7253.985019  
7262.429018  
7252.762218  
7278.554362  
7309.331354  
7300.804426  
7306.278028  
7328.241246  
7316.222884  
7338.886759  
7362.120493  
7316.699501  
7292.09001  
7291.659185  
7268.075985  
7317.776438  
7293.083101  
7328.989251  
7345.217137  
7280.189603  
7287.16125  
7313.87113  
7330.549205  
7341.000531  
7330.560369  
7341.260539  
7298.641848  
7339.543311  
7259.859504  
7296.306648  
7287.50932  
7261.262008  
7326.368962  
7386.497623  
7396.032669  
7363.364176  
7328.030194  
7252.802942  
7306.813504  
7327.361781  
7324.867018  
7339.623179  
7238.410534  
7292.566257  
7266.545009  
7296.581785  
7281.711936  
7282.832449  
7252.172573  
7269.604187  
7226.707828  
7255.797599  
7235.813201  
7255.363953  
7231.23325  
7256.564131  
7314.49007  
7351.018472  
7343.751241  
7335.370117  
7326.337191  
7354.273452  
7418.102747  
7402.792308  
7334.065732  
7256.241558  
7235.697647  
7153.900787  
7222.591017  
7268.932499  
7278.235379  
7288.974034  
7290.995742  
7259.271658  
7312.18803  
7429.48688  
7349.776918  
7265.377809  
7260.522262  
7299.890414  
7326.381111  
7279.432998  
7284.677115  
7325.9936  
7371.719196  
7285.561145  
7320.727196  
7286.686994  
7290.768422  
7291.447171  
7294.75441  
7276.826126  
7270.633193  
7289.143206  
7304.847445  
7284.262658  
7310.262627  
7329.747704  
7332.071967  
7382.739246  
7357.615284  
7342.246366  
7294.153049  
7317.625541  
7335.881526  
7338.800868  
